AmbientTemp_13
6.79
6.8
7.44
7.02
6.6
7.13
6.6
7.6
7.71
7.28
7.62
7.74
7.63
7.48
7.66
7.54
7.46
7.38
7.68
8.41
7.78
7.71
7.82
8.56
8.09
8.72
8.86
8.9
9.07
9.57
9.8
9.55
9.2
9.34
9.56
9.77
10.12
9.07
9.45
9.57
10.14
9.96
9.98
9.95
10.08
9.97
10.02
9.66
10.29
10.44
10.13
10.06
10.04
10.17
10.23
10.02
10.49
10.32
10.54
10.24
10.33
10.62
10.42
10.28
10.56
10.46
10.64
10.42
10.32
10.43
10.72
10.82
10.5
10.72
10.94
11.57
10.76
10.92
10.78
10.7
10.83
10.52
11.06
11.2
11.25
11.28
11.08
11.09
11.52
11.34
11.86
11.29
11.66
11.32
10.76
11.29
11.39
11.67
11.12
11.37
11.32
11.64
11.68
11.55
11.4
11.82
11.6
11.4
11.78
12.08
11.82
11.54
12.0
11.93
11.56
11.37
11.56
11.69
11.38
11.91
11.72
11.66
12.48
12.3
12.52
12.34
12.51
12.51
12.42
12.52
12.03
12.0
11.92
12.03
11.82
11.86
12.39
12.35
12.4
12.77
12.0
11.98
12.2
12.23
12.73
12.48
13.16
13.06
12.62
12.24
12.08
12.29
12.43
12.24
12.32
12.24
12.64
12.46
12.28
12.68
12.84
12.43
12.79
12.29
12.66
12.58
11.87
12.14
12.22
12.36
12.36
12.46
12.31
12.23
12.4
11.98
11.94
12.0
12.2
11.9
12.0
12.04
12.07
12.14
12.4
12.22
12.06
12.37
12.72
12.49
12.21
12.28
12.36
12.54
12.04
12.02
11.79
11.84
11.96
11.91
11.95
12.15
11.9
12.21
12.04
11.88
11.9
11.86
11.88
11.9
11.85
12.04
11.76
12.14
12.08
12.15
11.98
12.28
11.38
11.24
10.5
10.62
10.3
10.72
10.8
10.63
10.42
10.09
10.13
10.02
10.02
10.13
10.02
9.76
9.69
9.7
9.66
9.8
9.73
9.9
9.88
10.01
10.02
9.78
9.81
9.75
9.55
9.46
9.54
9.52
9.56
9.52
10.16
10.55
10.49
10.55
10.56
10.63
10.62
10.36
10.14
10.28
10.16
10.31
9.99
9.84
9.9
9.64
9.54
9.44
9.24
9.22
9.11
9.11
9.06
9.24
8.88
8.92
8.94
8.82
8.76
8.47
8.53
8.74
8.73
8.54
8.36
8.13
8.04
8.09
8.11
8.13
8.38
8.36
8.2
8.04
8.16
8.25
8.0
8.0
7.94
7.8
8.18
8.1
8.06
8.06
7.95
8.1
7.65
8.08
8.16
7.81
7.84
7.51
7.26
7.8
7.75
7.78
7.7
7.64
7.85
7.88
8.11
7.8
8.16
8.22
8.0
7.88
7.93
7.63
7.96
7.94
7.87
7.48
7.31
7.22
7.36
7.3
7.38
7.28
7.18
7.3
7.74
7.48
7.29
7.44
7.48
7.26
7.1
7.21
7.3
7.12
6.91
6.91
7.09
7.0
6.9
7.09
6.92
6.5
6.91
6.96
6.92
6.52
6.28
7.04
6.56
6.51
6.74
6.72
6.82
6.74
6.66
6.47
6.62
6.7
6.64
6.48
6.57
6.73
6.62
6.7
6.3
6.3
6.56
6.6
6.58
6.56
6.4
6.36
6.01
6.08
6.12
6.3
6.55
6.7
6.56
6.44
6.9
6.72
6.56
6.73
6.85
6.59
6.47
6.54
6.84
6.09
6.23
6.7
6.3
5.64
6.06
6.79
6.46
6.42
6.52
6.7
6.39
6.37
6.55
5.9
5.82
5.88
6.4
6.14
6.16
5.86
5.89
6.52
6.52
6.49
6.68
6.58
6.89
6.71
6.2
5.88
6.8
7.22
7.0
7.07
6.58
6.2
6.55
6.49
6.57
6.44
6.6
6.74
6.56
6.82
6.56
6.06
6.78
7.1
6.08
6.18
6.33
6.06
5.74
5.55
5.84
6.39
6.32
6.57
6.31
6.56
6.5
6.56
6.15
6.33
6.52
6.44
6.44
6.52
6.7
6.34
6.38
6.5
6.22
6.44
6.52
6.29
6.16
6.28
6.5
6.39
6.3
6.66
6.44
6.24
6.09
6.09
6.05
6.4
6.4
6.43
5.99
6.29
6.0
6.1
6.24
6.26
6.28
6.53
6.06
6.39
6.17
6.37
6.14
5.63
6.08
6.24
6.03
6.04
5.84
5.82
6.0
5.96
6.27
6.28
5.47
6.2
5.76
6.34
5.55
5.58
6.71
5.98
5.52
5.86
5.89
5.34
5.32
5.08
5.28
5.6
5.32
5.22
5.05
5.13
5.2
5.24
5.75
5.98
6.08
6.15
6.02
5.18
5.83
6.22
4.99
5.4
5.12
5.49
5.85
5.57
5.54
5.24
5.4
5.45
5.6
5.82
6.04
5.86
5.92
5.5
5.42
5.48
5.46
4.92
5.46
5.16
5.31
5.38
5.34
5.42
5.3
5.02
5.37
5.28
5.1
5.0
4.96
5.08
5.07
4.98
4.86
4.79
4.9
4.88
5.1
5.0
5.56
4.98
4.95
4.8
4.48
4.92
4.73
4.73
4.82
4.26
4.04
4.94
4.9
4.63
4.37
4.42
4.26
4.24
4.03
4.14
4.11
4.2
4.34
4.07
4.0
4.0
3.76
3.94
4.32
4.28
4.22
4.3
4.24
3.96
3.94
4.1
4.29
4.14
4.2
4.32
4.3
4.31
4.82
4.46
4.3
4.35
4.54
4.3
4.28
4.1
4.61
4.06
4.08
4.69
4.88
4.18
4.18
4.24
4.02
4.28
4.57
4.56
4.78
4.41
4.12
4.04
4.04
4.15
3.94
3.92
3.78
3.88
4.12
4.04
3.75
4.06
4.1
4.04
4.46
4.78
4.52
4.57
3.79
3.83
3.6
3.69
3.88
3.8
3.74
4.02
3.92
3.94
4.06
4.14
4.34
4.58
4.55
4.5
4.22
4.26
4.56
4.52
4.48
5.07
4.92
4.94
5.4
5.56
5.46
5.24
4.96
4.9
5.58
6.05
6.27
6.1
5.93
5.92
6.21
6.18
6.2
6.49
6.62
7.05
7.1
6.5
7.22
7.6
6.91
7.24
7.81
8.01
7.32
7.34
6.71
6.31
6.15
6.37
6.38
6.39
6.5
6.64
6.52
6.47
6.44
6.48
6.74
7.01
7.66
8.58
9.51
9.55
9.93
10.75
10.44
10.71
11.48
11.72
11.4
10.66
10.85
9.53
9.78
10.37
9.92
9.71
9.8
10.0
9.99
9.8
10.34
10.74
10.37
10.78
9.9
9.28
9.29
9.58
9.82
9.74
10.1
10.34
10.32
10.69
10.35
10.38
10.34
10.74
10.56
10.76
10.93
10.67
10.6
11.21
10.93
10.8
11.34
11.11
11.23
10.92
11.02
10.99
11.06
11.16
11.07
10.94
10.72
10.91
11.25
10.83
11.1
11.15
11.29
11.21
11.1
10.9
10.87
11.69
11.3
11.63
11.42
11.5
11.62
11.63
11.64
12.21
12.24
12.16
12.31
12.21
12.93
13.39
11.42
11.9
11.72
12.1
12.28
12.68
13.46
12.37
12.56
12.3
12.44
11.76
12.07
11.15
11.12
11.17
10.82
10.5
10.4
10.34
10.24
10.3
10.17
10.22
10.55
9.93
9.78
10.48
10.2
9.98
10.14
10.59
10.42
10.06
10.1
10.42
10.26
10.55
10.08
10.32
10.32
10.5
10.2
10.0
10.0
9.93
9.87
9.68
9.81
10.14
10.14
10.16
10.07
10.48
10.57
10.12
10.49
10.22
10.38
10.45
10.58
10.64
10.54
10.42
10.18
9.92
10.24
9.73
9.74
9.66
9.88
9.94
9.54
9.76
9.82
9.79
9.9
10.55
10.55
10.73
10.43
10.69
10.74
10.56
10.29
10.3
9.72
9.78
9.6
9.7
9.62
9.67
9.8
10.14
9.88
9.85
10.13
10.17
10.54
10.02
9.95
10.18
9.74
10.02
9.86
9.73
9.7
9.82
9.76
9.76
9.41
9.24
9.36
9.12
9.29
9.36
9.02
9.16
9.26
9.06
8.94
8.8
8.78
8.7
8.54
8.51
8.38
8.24
8.06
8.06
7.84
7.79
7.78
7.68
7.59
7.63
7.64
7.82
7.85
7.94
7.95
7.96
8.04
7.95
8.06
8.04
7.98
7.8
7.84
7.82
7.8
7.69
7.7
7.64
7.54
7.5
7.48
7.48
7.47
7.42
7.36
7.37
7.3
7.28
7.32
7.29
7.28
7.21
7.2
7.08
7.02
7.16
7.11
7.04
7.0
6.85
6.8
6.67
6.55
6.57
6.59
6.52
6.53
6.52
6.43
6.34
6.23
6.12
6.38
6.42
6.46
6.36
6.14
6.0
5.92
6.06
6.18
6.25
6.29
6.43
6.56
6.42
6.34
6.26
6.2
6.38
6.4
6.34
6.4
6.42
6.46
6.56
6.54
6.4
6.38
6.06
6.65
6.62
6.64
6.7
6.8
6.57
6.36
6.68
6.58
6.41
6.4
6.05
6.06
6.16
5.97
6.11
6.18
6.18
6.1
6.11
6.09
6.1
6.08
6.27
6.06
6.3
6.18
5.84
6.01
5.84
5.88
6.19
6.2
6.1
6.24
6.24
6.16
5.76
5.72
6.11
5.97
5.78
5.78
5.64
5.74
5.72
5.98
6.02
6.04
5.91
6.14
5.98
5.88
5.72
6.33
6.23
6.04
6.06
7.02
7.16
7.21
7.34
7.27
7.21
7.04
6.93
7.21
7.21
7.21
7.2
7.07
7.06
7.14
6.97
6.85
6.63
6.84
6.68
6.66
6.7
6.62
6.92
6.77
6.77
6.88
6.68
6.62
6.89
6.69
6.78
6.58
6.58
6.49
6.72
6.4
6.47
6.2
6.36
6.46
6.38
6.42
6.53
6.64
6.53
6.46
6.41
6.66
6.98
7.02
6.8
6.96
6.94
7.24
6.94
7.01
6.45
6.41
6.56
6.59
6.5
6.47
6.36
6.38
6.5
6.46
6.66
6.71
6.75
6.58
6.69
6.82
6.7
6.58
6.48
6.6
6.66
6.54
6.84
7.02
6.86
6.79
6.84
6.81
6.72
6.54
6.26
6.45
6.32
6.3
6.36
6.27
6.55
6.5
6.45
6.38
6.46
6.18
6.29
6.46
6.32
6.22
6.52
7.12
6.6
6.92
7.1
7.78
8.11
7.4
7.5
7.79
7.88
7.26
6.87
7.54
7.49
7.5
7.49
7.38
6.83
6.84
7.28
6.94
7.41
7.21
7.0
6.44
6.84
6.69
6.63
6.74
6.42
6.38
7.1
7.28
7.3
7.56
7.61
7.66
6.97
7.21
7.21
6.94
7.03
7.22
7.3
7.69
7.88
7.21
7.17
7.56
7.12
6.92
7.5
7.76
7.92
7.94
8.06
8.02
8.14
8.16
7.94
7.96
8.03
7.94
7.53
7.22
7.66
7.74
8.16
7.92
7.92
7.88
7.6
7.94
7.94
7.61
7.88
7.75
7.7
7.9
8.0
7.88
7.94
8.13
7.94
7.99
7.98
7.95
7.82
7.86
7.78
7.72
7.87
7.24
7.0
7.21
7.76
7.22
7.48
7.7
7.52
7.82
7.92
7.87
6.99
7.3
7.12
7.72
7.88
7.96
8.1
7.97
7.29
7.21
7.19
7.06
6.96
7.74
7.86
8.14
8.25
8.26
8.0
8.18
8.16
8.02
7.96
7.95
7.89
7.8
7.93
7.18
6.62
6.39
6.34
6.32
6.34
6.49
6.54
6.42
6.62
6.65
6.73
6.6
6.69
6.48
6.38
6.49
6.7
6.47
6.68
7.37
7.12
7.19
7.4
6.69
6.65
6.57
6.38
6.34
6.36
6.78
6.51
7.21
7.1
7.6
7.21
6.88
6.84
6.45
6.36
6.69
6.36
6.48
6.31
6.71
6.74
6.61
6.55
6.56
6.56
6.55
6.59
6.56
6.69
6.58
6.7
6.87
7.02
6.95
6.93
7.16
6.94
6.82
6.78
6.7
6.88
7.07
7.1
7.1
7.4
7.88
7.19
7.17
7.16
7.12
7.08
7.1
7.1
7.04
7.1
7.12
7.1
7.08
7.16
7.13
7.16
7.12
7.18
7.1
7.16
7.19
7.21
7.21
7.26
7.24
7.21
7.18
7.18
7.14
7.19
7.2
7.2
7.32
7.4
7.38
7.21
7.21
7.35
7.36
7.58
7.67
7.21
7.21
7.16
7.28
7.21
7.39
7.24
7.46
7.78
7.34
7.62
7.83
7.68
8.33
7.81
7.97
8.16
8.46
8.53
8.6
8.87
8.62
8.39
8.82
8.28
8.24
8.24
8.7
8.76
8.59
8.58
8.24
8.08
8.44
8.52
8.6
8.78
8.8
9.24
9.13
9.42
9.49
9.59
9.6
10.04
9.33
9.3
9.42
9.65
9.66
9.16
8.96
9.06
9.53
9.48
9.31
9.13
9.24
9.26
8.98
9.36
9.69
9.45
9.38
10.05
10.18
10.0
10.12
10.1
10.5
10.58
10.59
10.42
10.28
10.3
10.94
11.0
11.22
10.82
11.21
10.68
10.76
11.33
11.54
11.38
10.78
9.8
9.54
9.64
10.22
10.21
9.87
9.98
9.7
9.77
10.19
10.5
10.34
11.0
11.06
10.48
10.87
10.36
10.15
10.26
10.0
10.18
10.3
10.06
10.11
10.3
10.14
10.21
10.13
10.05
10.18
10.17
9.96
9.7
9.63
9.64
9.7
9.75
9.55
9.45
9.54
9.67
9.54
9.5
9.64
9.64
9.71
9.74
9.66
9.82
10.0
9.94
9.72
9.88
9.94
9.86
10.05
9.82
9.92
9.94
10.12
10.18
10.34
10.22
10.19
10.42
10.56
10.45
10.54
10.92
11.27
10.81
10.8
11.13
10.64
10.28
10.26
10.26
10.44
10.52
10.17
10.14
10.14
10.0
9.96
10.08
9.96
9.7
9.9
10.2
10.1
9.72
9.92
9.89
9.82
9.91
9.9
10.08
10.32
10.15
10.31
10.02
9.89
9.97
9.75
9.69
9.76
9.79
9.74
10.0
10.12
10.04
9.94
9.99
10.22
9.76
9.9
9.92
9.77
9.91
9.78
9.67
9.51
9.58
9.55
9.7
9.8
9.7
9.72
9.69
9.82
9.54
9.4
9.48
9.52
9.41
9.54
9.7
9.56
9.44
9.55
9.6
9.62
9.68
9.65
9.66
9.55
9.58
9.48
9.43
9.54
9.54
9.51
9.44
9.46
9.4
9.52
9.39
9.42
9.36
9.24
9.28
9.33
9.4
9.39
9.37
9.34
9.38
9.26
9.2
9.22
9.15
9.08
9.14
9.08
8.92
8.79
8.86
8.8
8.84
8.79
8.8
8.81
8.73
8.77
8.7
8.62
8.57
8.47
8.28
8.39
8.36
8.44
8.34
8.36
8.34
8.32
8.19
8.14
8.08
8.1
7.94
7.88
7.78
7.68
7.93
7.78
7.92
7.9
7.8
7.73
7.72
7.66
7.71
7.6
7.31
7.47
7.68
7.55
7.4
7.62
7.55
7.57
7.42
7.47
7.33
7.45
7.41
7.41
7.48
7.51
7.44
7.52
7.58
7.43
7.54
7.52
7.51
7.34
7.42
7.29
7.1
7.12
7.21
7.23
7.21
7.2
7.14
7.21
7.21
7.21
7.26
7.46
7.28
7.23
7.18
7.32
7.21
7.21
7.2
7.5
7.86
7.94
7.48
7.2
7.21
7.15
7.21
7.38
7.21
7.21
7.21
7.21
7.2
7.2
7.2
7.18
7.13
7.16
7.21
7.26
7.21
7.17
7.18
7.18
7.22
7.21
7.2
7.2
7.04
6.96
6.82
6.89
6.73
6.46
6.22
6.12
6.16
6.15
6.56
6.38
6.45
6.43
6.36
6.27
6.36
6.42
6.55
6.56
6.65
6.66
6.7
6.87
6.5
6.59
6.61
6.68
6.91
7.01
7.0
7.44
7.3
7.2
7.26
7.29
7.26
7.32
7.38
7.2
7.2
7.21
7.21
7.21
7.21
7.21
7.12
7.21
7.23
7.23
7.21
7.3
7.16
7.23
7.22
7.15
7.21
7.29
7.22
7.18
7.44
7.16
7.14
7.22
7.3
7.21
7.16
7.06
7.21
7.22
7.27
7.24
7.16
7.21
7.21
7.05
7.06
7.35
7.21
6.66
7.0
6.92
7.02
7.06
7.07
7.08
7.14
7.1
7.3
7.21
7.25
7.52
7.36
7.21
7.34
7.31
7.21
7.21
7.15
6.84
7.34
7.54
7.33
7.15
7.26
6.72
6.5
6.22
6.32
6.62
6.58
6.2
5.87
5.92
6.12
6.04
5.97
5.91
6.6
6.59
6.06
6.62
6.52
6.63
6.58
6.66
6.64
6.62
6.47
6.34
6.33
6.12
6.53
6.72
6.86
6.66
6.58
6.66
6.64
6.42
6.34
6.16
6.34
6.25
5.89
5.56
5.78
5.4
5.59
5.39
5.56
5.46
5.1
5.23
5.35
5.48
5.29
5.36
5.0
5.5
5.36
5.7
6.07
6.4
6.36
6.03
6.26
5.61
5.54
5.62
5.18
5.2
5.27
5.38
5.55
5.64
5.0
5.96
5.6
5.64
5.84
5.97
5.61
5.52
5.9
5.86
5.68
6.24
6.04
6.3
6.28
6.27
6.27
6.29
6.36
6.44
6.62
6.82
6.36
6.4
6.76
6.63
6.39
6.28
6.23
6.27
6.15
6.32
6.41
6.35
6.54
6.34
6.24
6.2
6.03
6.2
6.16
6.47
6.28
6.46
6.36
6.28
6.31
5.9
6.3
6.32
6.6
6.16
6.12
6.47
5.74
6.76
6.58
6.15
6.26
6.25
5.86
6.54
6.2
6.02
6.34
6.28
6.3
6.58
6.58
5.96
6.23
5.84
6.75
6.24
6.64
6.47
6.08
6.13
6.38
6.48
6.0
6.23
6.13
6.7
6.41
6.49
6.01
6.1
6.45
6.44
6.22
6.08
5.72
6.35
6.44
6.64
6.06
6.25
6.06
6.14
6.47
6.7
6.2
6.0
5.95
6.24
6.18
6.15
5.76
5.72
6.21
6.35
6.42
5.9
5.65
4.87
5.29
5.94
5.66
6.02
6.4
5.63
5.09
5.88
5.42
6.14
5.96
5.6
5.5
5.64
6.04
5.44
5.5
5.76
5.8
6.06
5.8
6.14
5.74
6.44
5.84
5.97
6.24
6.33
6.18
6.66
6.06
5.82
5.9
6.72
6.7
6.02
6.78
6.8
6.74
6.91
7.21
6.38
6.52
6.46
7.07
7.06
7.2
7.02
7.24
7.2
7.42
7.52
7.4
7.58
7.24
7.4
7.26
7.72
7.72
7.5
7.42
7.4
7.7
6.96
7.72
7.78
7.81
7.67
7.9
8.03
7.69
8.03
7.96
7.6
7.83
7.45
7.77
7.56
8.37
8.17
7.49
7.94
8.05
8.44
8.58
8.6
8.72
8.12
8.53
9.24
8.9
8.82
8.59
8.76
8.72
9.03
8.98
8.81
8.97
9.22
9.24
9.33
9.28
9.55
9.66
9.92
9.56
9.52
9.76
9.65
9.43
9.51
9.69
9.56
9.76
9.96
9.8
9.99
9.89
9.76
9.61
9.9
9.88
10.04
10.42
10.08
9.96
10.0
9.74
10.3
10.09
10.06
10.97
10.58
10.6
10.42
10.16
10.16
9.86
10.8
10.87
10.76
10.52
10.48
10.4
10.62
10.61
10.56
10.33
11.16
10.68
11.17
11.11
10.59
11.45
11.87
10.92
11.46
10.75
10.67
11.02
11.27
10.94
11.49
11.14
11.4
11.5
11.44
10.92
10.58
10.93
10.96
10.89
11.54
11.73
11.59
11.53
12.46
11.53
11.5
11.08
11.51
11.41
10.92
11.14
10.68
10.92
11.01
11.22
11.5
11.54
11.29
11.72
11.02
11.55
11.22
10.7
10.97
11.94
11.16
11.14
11.12
11.6
11.83
11.64
10.8
11.26
11.26
11.2
10.96
11.3
11.51
11.58
11.15
11.11
11.22
11.37
11.97
12.19
12.11
12.54
12.54
11.68
11.56
12.41
12.07
11.38
11.31
11.7
11.54
11.16
10.9
10.52
10.7
10.52
10.84
10.9
10.64
11.21
11.74
11.12
11.02
10.74
10.88
11.16
11.0
10.45
10.42
10.61
10.48
10.53
9.55
9.08
8.94
8.83
8.7
8.62
8.59
8.58
8.7
8.81
8.66
8.75
8.66
8.58
8.72
8.78
8.6
8.74
8.56
8.64
8.5
8.41
8.5
8.34
8.52
8.3
8.39
8.56
8.52
8.58
8.27
8.2
8.26
8.22
8.22
8.3
8.24
8.28
8.26
8.06
8.02
7.81
7.58
7.38
7.44
7.41
7.35
7.36
7.41
7.37
7.37
7.45
7.51
7.54
7.52
7.52
7.55
7.54
7.66
7.74
7.8
7.82
7.88
7.94
7.89
7.88
7.86
7.53
7.39
7.42
7.36
7.25
7.19
7.1
7.06
7.58
7.75
7.74
7.8
7.62
7.51
7.62
7.62
7.54
7.18
7.26
7.5
7.45
7.74
7.58
7.52
7.38
7.39
7.74
7.31
7.16
7.08
7.28
6.99
7.0
7.08
6.84
7.24
7.21
7.38
7.14
7.41
7.38
7.02
7.11
7.16
7.21
6.92
7.1
6.69
6.77
6.88
7.02
7.08
7.13
7.11
7.21
7.21
7.21
7.0
7.23
7.23
7.35
7.28
7.2
7.14
7.12
7.14
7.12
7.2
7.16
7.21
7.08
7.12
7.08
7.11
7.08
7.01
6.88
7.08
7.1
7.08
6.88
6.84
7.2
7.14
7.02
7.02
7.12
7.11
6.92
7.0
7.08
7.06
7.04
6.76
6.98
7.16
7.2
7.16
6.99
6.86
7.01
7.0
6.74
6.7
6.83
6.74
6.68
6.9
6.82
6.51
6.45
6.92
6.94
6.94
6.83
6.87
6.92
6.92
6.78
6.82
6.68
6.86
6.86
6.81
6.54
6.63
6.59
6.64
6.56
6.39
6.3
6.58
6.57
6.62
6.76
6.45
6.45
6.55
6.42
6.38
6.33
6.28
6.5
6.38
6.37
6.74
6.71
6.32
6.52
6.53
6.61
6.42
6.5
6.53
6.56
6.44
6.58
6.72
6.82
6.42
6.32
6.52
6.34
6.72
6.7
6.36
6.37
6.33
6.39
6.48
6.34
6.22
6.31
6.2
6.16
6.49
5.95
6.16
6.08
6.04
6.13
6.0
6.04
6.0
5.99
6.16
6.04
6.05
6.06
6.16
6.14
5.94
6.04
6.02
6.03
6.06
6.04
6.0
6.01
6.02
6.14
6.24
6.14
6.23
6.18
6.2
6.17
6.16
6.09
6.16
6.03
6.0
5.9
5.94
5.96
5.94
5.92
5.92
5.83
6.0
6.01
6.02
5.96
5.99
6.08
6.08
5.86
5.96
5.9
5.9
5.8
5.84
5.68
5.58
5.6
5.68
5.65
5.61
5.61
5.54
5.7
5.7
5.7
5.59
5.57
5.57
5.52
5.49
5.42
5.46
5.46
5.47
5.53
5.52
5.28
5.55
5.57
5.68
5.58
5.2
5.1
5.22
5.19
5.1
5.2
5.14
5.17
5.26
5.38
5.58
5.48
5.48
5.54
5.58
5.4
5.47
5.78
5.82
5.29
5.44
5.54
5.58
5.62
5.6
5.54
5.53
5.59
5.58
5.57
5.63
5.54
5.5
5.46
5.48
5.36
5.35
4.89
4.5
4.4
4.44
4.38
4.37
4.32
4.36
4.36
4.3
4.36
4.32
4.37
4.33
4.39
4.4
4.39
4.42
4.42
4.35
4.4
4.39
4.4
4.38
4.43
4.41
4.36
4.38
4.44
4.34
4.38
4.45
4.4
4.37
4.32
4.42
4.32
4.34
4.38
4.38
4.37
4.44
4.42
4.4
4.36
4.36
4.38
4.36
4.4
4.39
4.48
4.49
4.5
4.5
4.46
4.44
4.22
4.11
4.1
4.08
3.92
3.78
3.8
3.8
3.88
3.88
3.91
3.78
3.62
3.64
3.51
3.52
3.56
3.6
3.56
3.62
3.58
3.63
3.62
3.71
3.57
3.58
3.56
3.4
3.49
3.46
3.48
3.45
3.53
3.67
3.54
3.68
3.6
3.78
3.76
3.68
3.8
3.8
3.7
3.76
3.83
4.08
4.01
4.24
4.26
4.49
4.68
4.7
4.51
4.46
4.72
4.5
3.82
3.53
3.64
3.27
3.2
3.48
3.2
2.9
3.28
3.26
3.03
3.13
3.29
2.68
3.14
3.18
3.2
3.16
2.94
2.76
2.8
2.67
2.78
2.68
2.98
2.96
2.94
2.92
3.25
3.21
2.91
2.72
2.86
2.75
2.94
2.95
3.05
3.16
2.94
3.32
2.92
2.92
2.98
3.07
3.02
3.26
3.46
3.48
3.58
3.3
3.24
3.3
3.38
3.44
3.2
3.62
2.81
2.94
2.76
2.73
2.49
2.83
2.82
2.59
2.62
2.66
2.57
2.11
2.2
2.02
2.23
2.36
2.2
2.23
2.18
2.07
2.18
2.29
2.08
2.3
2.5
2.23
2.36
1.86
2.38
1.99
1.94
1.98
1.86
2.08
2.11
1.98
1.74
1.88
2.16
2.04
1.62
1.92
1.9
1.47
1.44
1.5
1.76
1.54
1.36
1.5
1.46
1.6
1.57
1.75
1.94
1.39
1.36
1.33
1.36
1.18
1.11
1.12
1.2
1.2
1.13
1.12
0.72
0.94
0.85
0.88
0.84
0.91
1.26
1.36
0.96
1.18
0.88
1.16
0.9
1.06
0.92
1.04
1.1
1.0
0.94
1.1
1.11
1.04
0.86
1.08
0.96
1.02
0.92
0.98
0.79
0.97
0.97
1.0
1.04
0.72
0.74
0.68
0.92
0.96
0.8
0.68
0.64
0.58
0.58
0.67
0.8
0.68
0.67
0.98
0.54
0.4
0.48
0.58
0.48
0.5
0.68
0.54
0.38
0.44
0.54
0.32
0.57
0.57
1.49
1.36
1.6
1.92
1.78
1.84
2.16
0.54
0.45
0.69
0.64
0.51
0.5
0.36
0.44
0.42
0.47
0.3
0.36
0.48
0.34
0.5
1.71
0.22
0.28
0.23
0.14
0.26
0.12
0.18
0.34
0.29
0.38
0.13
0.26
0.22
0.26
0.28
0.04
0.24
0.18
0.2
0.32
0.18
0.16
0.12
0.06
0.14
0.2
0.15
0.12
0.2
0.22
0.22
0.12
0.12
0.22
0.14
0.08
0.2
0.2
0.14
0.14
0.1
0.06
0.12
0.22
0.15
0.11
0.03
0.06
0.08
0.08
0.1
0.06
0.0
0.04
0.09
0.08
0.09
-0.02
0.07
0.12
0.1
0.02
0.08
0.1
0.14
-0.04
0.0
0.0
0.31
0.69
0.78
0.1
0.13
-0.05
0.0
0.97
0.1
0.08
0.01
1.11
-0.12
0.04
-0.14
-0.3
-0.43
-0.46
-0.52
-0.54
-0.44
-0.42
-0.48
-0.51
-0.52
-0.62
-0.12
-0.3
-0.38
-0.39
-0.41
-0.38
-0.36
-0.37
-0.41
-0.38
-0.37
-0.42
-0.4
-0.38
-0.3
-0.16
-0.3
-0.38
-0.4
-0.39
-0.4
-0.4
-0.36
-0.34
-0.38
-0.38
-0.31
-0.31
-0.31
-0.38
-0.4
-0.38
-0.4
-0.34
-0.36
-0.38
-0.32
-0.25
-0.3
-0.24
-0.28
-0.26
-0.35
-0.34
-0.32
-0.34
-0.29
-0.26
-0.25
-0.28
-0.28
-0.22
-0.24
-0.22
-0.21
-0.22
-0.22
-0.26
-0.27
-0.31
-0.3
-0.36
-0.34
-0.4
-0.41
-0.38
-0.38
-0.38
-0.4
-0.41
-0.54
-0.5
-0.5
-0.5
-0.48
-0.51
-0.51
-0.48
-0.52
-0.49
-0.51
-0.5
-0.48
-0.48
-0.5
-0.52
-0.52
-0.52
-0.5
-0.51
-0.52
-0.55
-0.54
-0.56
-0.58
-0.58
-0.58
-0.6
-0.82
-0.82
-0.84
-0.86
-0.87
-0.87
-0.86
-0.86
-0.86
-0.86
-0.9
-0.9
-0.94
-0.94
-0.96
-0.9
-0.96
-0.96
-0.98
-1.0
-1.0
-1.04
-1.08
-1.12
-1.12
-1.12
-1.11
-1.15
-1.16
-1.14
-1.12
-1.14
-1.1
-1.2
-1.25
-1.14
-1.14
-1.14
-1.14
-1.19
-1.26
-1.24
-1.24
-1.24
-1.38
-1.38
-1.36
-1.24
-1.36
-1.4
-1.37
-1.36
-1.44
-1.41
-1.41
-1.46
-1.46
-1.44
-1.44
-1.5
-1.52
-1.51
-1.53
-1.52
-1.52
-1.46
-1.47
-1.52
-1.52
-1.52
-1.44
-1.48
-1.41
-1.5
-1.47
-1.5
-1.49
-1.4
-1.41
-1.44
-1.41
-1.42
-1.48
-1.52
-1.5
-1.42
-1.4
-1.51
-1.53
-1.52
-1.48
-1.52
-1.53
-1.57
-1.51
-1.58
-1.6
-1.62
-1.6
-1.62
-1.7
-1.49
-1.66
-1.62
-1.61
-1.64
-1.62
-1.66
-1.65
-1.68
-1.71
-1.74
-1.76
-1.78
-1.8
-1.84
-1.78
-1.8
-1.78
-1.84
-1.82
-1.82
-1.82
-1.84
-1.79
-1.72
-1.8
-1.76
-1.7
-1.73
-1.82
-1.8
-1.8
-1.75
-1.72
-1.8
-1.82
-1.76
-1.84
-1.82
-1.84
-1.89
-1.89
-1.91
-1.9
-1.91
-1.98
-1.96
-1.91
-1.91
-1.87
-1.91
-1.88
-1.94
-1.92
-1.96
-1.95
-1.92
-2.0
-1.96
-2.0
-1.98
-2.04
-2.04
-2.0
-2.09
-2.11
-2.11
-2.1
-2.06
-2.06
-2.08
-2.05
-2.07
-2.08
-2.1
-2.16
-2.13
-2.12
-2.14
-2.16
-2.08
-2.13
-2.12
-2.24
-2.2
-2.17
-2.11
-2.14
-2.11
-2.12
-2.06
-2.18
-2.12
-2.21
-2.2
-2.18
-2.28
-2.24
-2.26
-2.34
-2.27
-2.26
-2.26
-2.2
-2.2
-2.32
-2.32
-2.3
-2.21
-2.23
-2.34
-2.36
-2.38
-2.34
-2.42
-2.3
-2.37
-2.38
-2.44
-2.34
-2.36
-2.35
-2.35
-2.35
-2.46
-2.37
-2.44
-2.44
-2.48
-2.5
-2.48
-2.5
-2.46
-2.42
-2.43
-2.42
-2.42
-2.44
-2.48
-2.56
-2.53
-2.6
-2.54
-2.59
-2.52
-2.54
-2.58
-2.58
-2.62
-2.6
-2.58
-2.61
-2.51
-2.48
-2.48
-2.48
-2.53
-2.53
-2.48
-2.42
-2.52
-2.48
-2.55
-2.5
-2.49
-2.52
-2.51
-2.5
-2.5
-2.45
-2.52
-2.5
-2.5
-2.52
-2.47
-2.42
-2.48
-2.54
-2.54
-2.48
-2.48
-2.48
-2.46
-2.57
-2.6
-2.59
-2.58
-2.52
-2.46
-2.41
-2.49
-2.44
-2.47
-2.46
-2.42
-2.6
-2.62
-2.54
-2.52
-2.48
-2.56
-2.52
-2.47
-2.54
-2.54
-2.5
-2.56
-2.48
-2.41
-2.44
-2.41
-2.42
-2.4
-2.42
-2.41
-2.4
-2.3
-2.24
-2.26
-2.36
-2.31
-2.38
-2.3
-2.24
-2.2
-2.26
-2.25
-2.23
-2.18
-2.16
-2.16
-2.19
-2.17
-2.18
-2.1
-2.24
-2.18
-2.18
-2.13
12.62
13.52
13.65
13.76
13.76
13.72
12.94
13.15
13.37
13.24
13.57
12.66
13.0
13.03
12.56
12.47
12.68
12.95
12.64
12.15
12.31
12.58
12.14
12.28
12.52
12.7
12.24
12.1
12.0
12.06
11.97
11.76
11.52
11.89
12.02
12.01
12.04
12.12
11.77
11.77
11.84
11.56
11.72
11.87
12.03
12.1
12.06
12.28
12.36
12.03
12.01
11.66
11.93
12.32
10.02
10.08
10.26
9.6
9.54
9.34
9.74
9.61
9.44
8.86
8.59
8.56
8.36
8.45
8.24
8.24
8.34
8.12
7.6
7.9
7.86
7.75
7.53
7.76
7.61
7.61
7.52
7.38
7.33
7.49
7.7
7.42
7.15
7.4
7.46
7.22
7.07
7.21
7.46
7.52
7.7
7.66
7.1
7.22
7.21
7.87
7.5
7.39
7.44
7.26
7.21
6.91
7.3
7.16
6.92
6.83
7.46
7.21
7.13
7.2
7.14
7.09
7.21
7.82
7.28
7.54
7.44
7.76
7.56
7.26
6.81
7.06
7.68
7.36
7.34
7.0
7.42
7.4
7.24
7.02
7.21
7.08
6.87
6.72
6.86
6.87
6.68
6.86
6.55
6.58
6.96
6.74
6.62
6.62
6.64
6.85
7.08
6.9
7.0
6.84
7.42
6.79
6.98
6.88
7.46
7.02
7.61
7.82
7.08
7.74
7.71
7.21
7.72
7.36
7.4
7.22
7.14
7.29
7.16
7.92
8.18
7.76
7.36
8.18
8.51
8.88
8.02
7.89
7.36
8.27
8.34
8.22
7.71
8.06
8.14
8.31
8.13
7.76
8.2
7.52
7.5
7.6
7.94
7.69
8.01
7.36
8.15
7.68
7.77
8.14
7.77
8.36
7.48
7.2
7.78
7.46
7.86
8.01
7.42
7.82
8.1
7.57
7.32
7.76
7.48
8.0
7.22
7.08
6.73
7.62
7.33
7.93
8.34
8.36
8.16
8.33
8.04
8.06
6.9
7.29
7.21
7.35
8.16
8.0
7.67
8.18
8.14
7.21
8.07
7.36
7.21
8.26
7.86
8.5
7.71
7.44
7.83
8.14
7.74
8.09
7.07
7.94
8.58
7.42
7.23
7.58
7.71
7.07
7.08
6.98
6.91
7.37
7.24
7.2
6.93
6.96
7.21
7.46
8.04
8.2
8.28
7.56
6.85
6.81
6.92
6.58
7.44
7.59
7.41
7.04
8.02
7.77
6.91
7.34
7.11
7.51
7.99
8.29
8.03
7.22
6.98
6.74
6.83
7.21
7.0
7.84
8.08
7.71
7.54
7.78
6.95
6.73
6.55
6.64
6.18
6.63
6.96
6.26
6.37
6.97
7.2
6.56
7.35
6.38
6.3
6.2
6.4
6.46
6.28
5.99
6.28
6.72
6.56
6.54
6.5
6.58
6.56
6.84
6.46
6.6
6.88
7.1
6.66
6.3
6.66
6.78
6.76
6.32
7.12
6.85
6.76
6.34
6.72
7.26
6.57
7.23
7.87
8.25
8.2
7.98
8.18
7.35
7.8
7.52
7.8
7.84
8.32
8.15
8.08
8.6
8.11
9.04
8.76
8.28
7.94
7.82
7.58
7.5
7.63
8.18
8.02
8.28
8.27
9.88
8.46
9.08
8.76
8.37
8.83
9.0
8.58
8.3
9.19
8.3
9.42
8.5
8.3
8.86
8.86
9.35
9.6
9.26
8.89
9.05
9.9
9.44
8.8
9.52
9.4
9.5
9.05
9.32
9.24
9.32
8.66
9.13
9.22
9.16
8.58
8.97
8.87
8.62
9.02
8.66
8.9
8.9
9.74
9.88
9.81
9.96
10.21
10.39
10.06
10.38
11.36
10.26
10.44
10.48
10.49
10.72
11.28
10.6
9.63
10.12
10.24
10.37
10.14
10.46
11.1
10.53
10.67
11.52
11.25
11.59
11.68
12.19
11.78
11.05
11.92
11.62
11.76
11.48
11.5
11.44
11.38
11.38
11.42
11.56
11.59
11.86
11.9
12.82
13.68
13.85
12.12
11.85
11.97
11.67
12.54
12.94
13.7
13.7
13.75
12.96
12.52
12.94
14.09
12.94
12.52
12.53
13.21
13.76
13.37
13.52
13.71
13.56
13.7
13.68
13.86
13.12
13.06
13.3
13.42
13.24
13.9
13.3
13.56
13.76
13.99
13.33
13.71
13.98
13.73
13.43
14.16
14.5
14.38
13.95
13.56
13.87
14.6
15.28
14.84
14.08
13.92
14.1
14.24
14.3
14.32
15.01
14.14
14.34
14.03
14.6
14.32
13.87
14.24
14.66
14.66
14.36
14.83
14.6
14.48
15.01
15.27
14.78
14.34
14.56
14.46
14.35
15.21
15.17
14.85
14.74
15.01
15.58
14.58
14.17
14.26
14.7
14.39
14.22
14.22
14.51
14.93
14.49
14.4
14.2
14.24
14.06
13.68
13.64
13.65
13.5
13.73
13.57
13.35
13.86
14.08
14.53
14.69
14.18
13.56
13.51
13.82
13.62
13.52
13.38
13.48
13.38
13.54
13.58
13.37
13.28
13.38
13.2
13.12
13.06
12.94
12.86
12.97
12.7
12.67
12.46
12.41
12.38
12.5
12.22
12.19
12.18
12.21
12.56
12.24
12.18
12.0
12.38
12.38
12.35
12.48
12.29
12.05
12.06
12.04
12.18
12.3
12.66
12.24
12.86
12.68
13.0
12.3
11.98
11.93
12.11
11.78
12.04
11.88
12.1
12.0
12.13
11.99
11.89
11.72
11.84
11.82
11.71
11.68
12.29
12.34
12.03
12.23
12.4
12.06
12.42
12.48
12.6
12.31
12.32
12.32
11.86
11.97
12.06
11.06
11.31
11.15
10.83
11.29
11.29
11.2
10.37
10.16
9.73
9.71
9.46
9.61
9.28
9.38
9.28
9.38
9.44
9.24
9.19
8.84
8.84
8.5
8.51
8.28
8.19
8.15
8.14
8.07
7.58
7.55
7.76
7.74
7.6
7.59
7.42
7.44
7.76
7.58
7.36
7.27
7.2
7.15
7.05
7.06
6.94
6.84
6.91
6.86
6.83
6.72
6.72
6.74
6.69
6.61
6.98
6.78
6.94
6.74
6.59
6.54
6.46
6.38
6.77
6.72
6.64
6.8
6.68
6.61
6.72
6.59
6.54
6.6
6.72
6.66
6.65
6.38
6.48
6.41
6.55
6.38
6.47
6.5
6.3
6.36
6.32
6.33
6.33
6.28
6.22
6.32
6.2
6.28
6.4
6.21
6.04
5.86
5.91
6.04
5.84
6.06
6.04
6.02
5.85
5.99
5.87
5.7
5.68
5.66
5.72
5.96
5.66
5.59
5.48
5.58
5.78
5.92
5.53
5.76
5.74
5.84
5.91
5.87
5.65
5.72
6.0
5.8
5.8
5.9
6.07
6.04
6.24
6.13
5.98
6.34
5.88
5.64
5.72
5.86
5.91
5.72
5.63
5.84
5.58
5.48
5.88
5.3
5.92
6.02
5.56
5.84
6.35
6.3
6.32
5.41
5.62
6.31
5.99
5.5
5.79
6.04
5.48
5.59
5.92
6.15
5.82
5.72
5.7
6.22
6.17
5.86
5.52
6.16
6.3
6.16
5.48
6.44
6.28
5.56
5.4
6.24
6.43
5.75
5.4
5.45
5.47
5.56
5.44
5.36
5.36
5.41
5.39
5.4
5.32
5.34
5.33
5.24
5.3
5.32
5.34
5.4
5.36
5.38
5.44
5.6
5.5
5.44
5.46
5.51
5.49
5.47
5.46
5.5
5.55
5.52
5.56
5.59
5.58
5.57
5.61
5.68
5.66
5.66
5.82
5.7
5.8
5.76
6.16
6.36
6.34
6.18
5.94
5.84
5.68
5.74
5.71
5.8
5.78
5.81
5.8
5.84
6.04
6.84
6.98
6.92
5.86
5.86
5.94
6.26
5.98
6.18
6.96
6.17
6.04
6.09
6.14
6.15
6.28
6.33
6.42
6.39
6.33
6.24
6.3
6.36
6.09
6.24
6.65
6.58
6.92
6.72
7.2
6.86
6.88
6.79
6.78
6.8
6.65
6.87
6.76
7.06
6.92
7.09
7.17
7.02
7.27
8.34
7.54
7.14
7.96
8.56
7.7
7.91
7.56
7.4
7.36
7.36
7.52
7.68
7.42
7.46
7.82
7.77
7.58
7.53
7.4
7.59
7.77
8.26
8.28
7.94
7.64
7.77
7.74
8.11
7.58
7.72
7.76
8.15
8.0
7.16
7.14
7.08
7.21
8.03
8.02
7.26
7.54
8.0
8.2
8.08
8.1
8.02
8.24
8.08
8.18
7.72
7.78
7.82
7.6
7.64
7.54
7.77
7.96
7.48
7.7
7.6
7.25
7.28
7.21
7.21
7.22
7.46
7.34
7.36
7.44
7.64
7.34
7.3
7.36
7.42
7.32
7.44
7.27
7.39
7.28
7.1
7.26
7.39
7.32
7.06
7.32
7.4
7.34
7.21
7.21
7.32
7.36
7.48
7.24
7.24
7.26
7.24
7.08
7.05
7.03
6.83
7.04
7.08
7.0
6.84
6.82
6.82
7.08
7.12
7.26
7.1
7.12
7.21
7.18
7.21
7.14
7.0
7.06
7.35
7.28
7.39
7.41
7.62
7.82
7.63
7.59
7.74
7.7
7.92
7.95
7.98
7.75
7.66
7.77
7.72
7.8
7.88
7.95
8.04
8.08
7.74
7.7
7.55
8.1
8.08
8.07
7.97
8.08
8.43
8.44
8.26
8.1
8.34
7.26
6.9
6.78
7.02
6.96
6.65
6.8
6.62
6.68
6.77
6.98
7.1
7.78
8.46
8.98
9.08
9.08
9.09
9.08
8.81
8.83
8.61
8.61
8.66
8.72
8.87
9.28
9.4
9.52
7.77
7.92
8.22
7.96
8.26
8.32
8.08
8.25
8.76
9.24
9.42
9.66
9.95
10.28
10.44
10.44
10.01
10.04
10.1
10.23
9.88
9.92
10.08
10.22
7.73
7.42
7.5
7.88
7.7
7.84
8.04
8.21
8.32
8.41
8.38
8.65
8.68
8.73
8.44
9.53
9.94
9.66
10.03
10.76
10.56
9.94
10.57
10.03
10.06
10.32
10.58
10.91
10.18
10.24
10.75
10.01
10.32
11.26
10.94
9.76
9.88
10.24
10.73
10.67
10.9
10.34
10.24
10.74
10.64
10.44
10.16
10.23
10.25
10.15
10.26
10.2
10.16
10.43
10.64
10.67
10.68
10.82
11.03
11.27
10.26
10.0
9.96
9.93
9.56
9.64
9.16
8.78
8.03
8.02
7.72
8.2
8.34
8.54
8.8
9.28
9.36
9.53
9.26
9.55
10.02
10.36
10.78
10.35
10.82
10.75
10.93
11.23
11.16
11.03
11.12
10.96
11.0
11.28
10.36
9.62
9.1
9.14
8.86
9.28
9.35
9.34
9.52
9.2
9.24
9.2
9.42
9.32
9.45
9.75
9.88
9.95
9.9
9.74
9.72
9.68
10.11
9.82
9.66
9.37
9.53
9.72
10.09
10.28
10.42
10.48
9.88
9.68
9.7
9.89
10.16
10.22
10.42
10.02
9.66
9.66
9.56
9.73
9.97
9.8
10.09
10.1
9.83
10.04
10.06
10.1
10.18
10.42
10.22
10.2
10.06
10.16
10.16
10.09
10.08
9.98
9.96
10.05
10.12
10.11
10.29
10.55
10.42
10.38
10.08
10.32
9.87
9.81
9.82
9.76
9.84
9.85
9.94
9.95
10.36
10.46
10.61
10.41
10.57
10.52
10.34
10.29
10.29
10.12
10.18
10.12
10.08
10.02
10.06
10.02
10.05
10.06
9.88
9.8
9.87
9.89
10.02
10.0
10.15
10.25
10.2
10.21
10.38
10.05
10.14
10.12
10.31
10.0
10.13
9.79
10.03
9.02
9.28
9.62
9.4
9.01
8.94
8.96
8.99
9.06
9.2
9.04
9.3
9.16
9.76
9.55
9.8
10.09
10.02
10.08
9.96
10.04
10.16
9.99
9.88
10.0
9.87
9.86
10.46
10.06
9.53
9.88
10.01
9.95
9.62
10.04
9.95
10.52
10.19
10.28
10.4
10.47
10.54
10.25
10.49
9.62
10.28
9.75
9.78
9.88
9.55
9.11
9.12
9.85
9.82
9.41
9.58
9.6
9.37
9.72
9.58
9.16
8.79
9.3
9.22
9.15
9.16
8.53
8.32
8.52
8.78
8.63
8.54
8.69
8.36
8.52
8.5
8.4
8.54
8.32
8.44
8.3
8.02
8.09
8.0
8.02
8.06
8.05
8.06
8.06
8.14
8.19
8.32
8.56
8.48
8.68
8.78
8.8
8.72
8.75
8.64
8.8
8.81
8.58
8.68
8.7
8.77
8.71
8.72
8.67
8.78
8.6
8.62
8.73
8.66
8.5
8.46
8.46
8.36
8.32
8.34
8.46
8.5
8.56
8.51
8.58
8.54
8.52
8.5
8.56
8.58
8.57
8.43
8.42
8.56
8.37
8.48
8.29
8.51
8.36
8.46
8.27
8.44
8.28
8.45
8.54
8.42
8.35
8.38
8.32
8.5
8.26
8.26
8.16
8.14
8.16
8.29
8.4
8.45
8.22
8.24
8.15
8.3
8.2
8.12
8.23
8.24
8.25
8.28
8.38
8.06
8.21
8.2
8.2
8.25
7.98
7.98
7.94
8.04
8.01
8.09
7.94
7.9
8.1
8.21
7.66
7.98
7.86
7.94
7.78
7.94
8.14
8.12
8.06
8.28
8.2
8.06
7.82
7.7
7.9
7.53
7.74
7.64
7.78
7.89
8.26
7.78
7.69
7.6
7.68
7.74
7.84
7.66
7.76
7.91
7.74
7.89
7.5
7.66
7.63
7.66
7.46
7.58
7.36
7.38
7.56
7.38
7.31
7.32
7.26
7.31
7.26
7.48
7.64
7.38
7.72
7.76
7.49
7.32
7.61
7.34
7.42
7.43
7.38
7.35
7.21
7.31
7.35
7.61
7.52
7.49
7.83
8.08
7.25
7.48
7.4
7.02
7.0
6.97
6.72
6.78
6.84
6.86
6.58
6.8
6.62
6.62
6.81
6.71
6.81
6.61
6.92
7.15
7.12
6.86
7.12
6.8
6.85
7.02
7.15
7.44
7.2
7.46
7.16
7.78
7.78
7.44
7.98
8.16
7.6
6.81
7.46
8.05
7.52
7.48
7.52
8.16
8.48
8.79
8.17
8.34
8.76
8.9
9.35
9.74
8.73
8.38
8.69
8.02
8.64
8.68
8.52
8.45
9.26
9.45
8.6
10.04
9.21
8.9
9.99
9.07
9.08
9.84
10.06
10.06
9.32
9.12
9.7
8.26
8.38
9.49
9.52
8.76
8.91
8.55
9.78
9.3
8.19
7.99
8.46
8.18
7.87
8.02
8.13
8.2
7.64
7.52
7.54
7.4
7.82
7.58
8.86
8.36
7.77
7.68
8.5
8.94
8.23
9.31
8.09
10.31
10.06
9.12
9.73
10.58
10.32
9.04
8.81
8.98
8.43
8.62
8.9
7.84
8.22
8.23
7.64
7.7
7.69
7.92
7.96
8.37
8.54
8.34
10.88
11.3
10.69
11.32
11.96
11.5
10.16
11.15
11.15
10.86
8.83
8.51
10.28
8.73
7.36
9.12
8.52
8.69
9.86
9.88
8.89
8.1
8.52
8.55
8.94
8.61
8.37
9.58
8.97
8.32
9.22
9.66
9.94
8.84
8.93
8.7
7.94
8.52
8.55
8.3
8.14
8.47
8.25
8.1
8.24
8.21
8.63
9.2
9.48
10.35
10.18
9.81
8.59
9.61
9.25
9.2
9.16
9.72
9.62
9.26
9.04
9.62
9.54
9.76
10.82
10.66
9.67
10.42
10.4
10.24
9.72
9.72
10.47
10.78
10.29
9.84
9.28
9.02
10.24
10.22
10.03
10.1
10.33
10.86
10.98
10.46
10.5
10.8
10.48
10.98
9.98
10.93
10.82
11.03
9.07
8.8
8.74
9.0
8.94
8.94
8.8
8.38
8.39
8.98
9.27
10.02
10.28
10.63
10.92
11.28
11.5
11.56
11.2
11.97
10.5
11.08
10.94
11.95
11.8
10.98
10.9
11.16
11.42
11.54
11.91
11.64
11.22
11.22
11.5
11.94
11.74
12.04
11.97
12.38
12.61
12.54
12.66
12.66
12.45
12.34
12.78
12.62
12.33
12.42
12.42
12.8
13.48
12.95
12.88
12.88
12.68
12.6
12.48
12.79
12.72
12.64
12.97
12.9
12.74
12.74
12.74
12.22
12.27
12.6
12.6
12.58
12.79
12.91
13.02
12.98
12.73
12.96
12.57
12.62
12.72
12.68
12.72
12.65
12.6
12.62
12.74
12.82
12.74
12.88
12.92
12.87
12.94
12.92
12.88
12.81
13.11
12.94
13.04
13.08
13.02
12.94
13.03
12.86
13.12
13.45
13.4
13.38
13.09
12.98
13.18
13.14
13.25
12.94
12.92
12.8
12.87
12.52
12.76
12.9
12.97
13.12
13.16
13.1
13.05
13.2
13.21
13.33
13.38
13.2
13.32
13.21
13.1
12.88
12.82
12.74
13.12
13.34
13.4
13.42
13.58
12.48
12.12
11.92
11.83
12.0
11.91
11.75
11.81
11.92
12.14
11.94
11.83
11.78
11.66
11.87
11.96
11.9
11.81
11.8
11.95
12.01
11.64
11.41
11.57
11.96
12.52
12.45
12.08
12.27
12.22
12.1
12.01
12.74
12.93
12.72
13.64
12.2
12.7
12.32
12.04
11.93
11.58
11.61
11.6
11.58
11.5
11.76
11.64
11.79
11.9
11.87
11.87
11.76
11.8
11.63
11.82
11.84
11.99
11.76
11.68
11.74
11.56
11.46
11.19
11.02
11.14
11.4
11.5
11.16
11.12
11.12
11.0
11.2
10.93
11.12
10.97
10.78
10.97
11.04
10.94
10.97
10.97
11.06
11.13
10.98
10.84
10.82
11.11
11.18
11.02
11.15
10.93
10.98
11.18
11.21
11.09
11.46
11.7
11.79
12.1
11.86
11.7
11.85
11.76
11.78
11.78
11.79
11.48
11.34
10.87
10.94
10.71
10.62
10.36
10.63
10.73
10.54
10.26
10.23
10.62
10.28
10.27
10.28
10.21
10.24
10.12
10.1
10.06
10.04
9.65
9.88
10.1
10.16
9.93
10.05
10.22
10.13
10.02
10.07
10.19
10.22
9.9
10.08
10.0
10.02
10.08
10.1
10.16
10.01
10.08
9.85
9.85
9.68
9.96
10.12
10.08
10.08
10.0
9.8
9.86
9.92
9.92
9.92
10.01
10.06
10.18
9.92
9.87
10.02
10.05
10.02
10.04
9.84
9.97
9.83
10.69
10.92
9.7
9.66
10.3
9.96
9.76
10.4
9.98
9.82
9.78
10.28
10.07
10.19
10.19
10.34
10.24
10.18
10.33
10.11
10.32
9.76
9.89
9.29
10.38
9.96
9.96
9.98
9.3
9.4
9.32
9.17
9.22
9.2
9.28
9.33
9.47
9.48
9.78
9.35
9.01
9.33
9.14
9.33
9.39
9.56
9.68
9.75
10.05
9.87
10.12
9.75
9.38
9.78
9.66
9.55
9.47
9.42
9.55
9.54
9.46
9.37
9.52
9.48
9.53
10.09
10.15
10.4
9.94
10.12
9.96
10.24
9.88
9.77
10.19
9.86
9.88
10.26
10.33
10.26
9.64
9.52
9.46
9.5
9.74
10.16
9.56
8.56
8.33
8.3
8.24
8.26
8.26
8.33
8.36
8.38
8.72
8.64
8.24
8.36
8.38
8.53
8.54
8.16
8.11
8.29
8.24
8.32
8.26
8.23
8.24
8.2
8.27
8.2
8.27
8.2
8.24
8.22
8.2
8.36
8.26
8.16
8.08
7.98
7.88
7.9
7.9
7.9
7.9
7.88
8.06
7.82
7.84
7.8
7.79
7.46
7.42
7.43
7.44
7.43
7.56
7.61
7.65
7.64
7.72
7.76
7.68
7.58
7.5
7.62
7.78
7.75
7.83
7.68
7.69
7.7
7.72
7.66
7.72
7.68
7.67
7.54
7.53
7.43
7.47
7.44
7.46
7.44
7.46
7.46
7.54
7.63
7.59
7.7
7.6
7.62
7.75
-1.12
-1.0
-1.22
-0.98
-1.12
-0.83
-1.14
-1.26
-1.03
-1.07
-0.86
-0.8
-1.12
-1.05
-1.2
-1.04
-0.88
-0.8
-1.05
-1.13
-1.06
-1.25
-1.1
-1.04
-0.82
-1.19
-0.92
-0.8
-1.06
-1.24
-1.22
-1.2
-0.86
-1.14
-1.13
-1.2
-0.94
-0.7
-0.82
-0.98
-0.78
-0.82
-0.64
-0.78
-0.82
-0.82
-0.7
-0.92
-0.88
-0.94
-0.58
-0.59
-0.6
-0.63
-0.63
-0.82
-0.71
-0.74
-0.73
-0.56
-0.88
-0.73
-0.7
-1.0
-0.62
-0.43
-0.66
-0.58
-0.56
-0.55
-0.56
-0.56
-0.34
-0.48
-0.66
-0.34
-0.66
-0.42
-0.64
-0.38
-0.5
-0.6
-0.94
-0.76
-0.98
-0.96
-0.78
-0.78
-1.16
-1.19
-1.28
-1.18
-1.5
-1.54
-1.32
-1.39
-1.18
-2.23
-2.14
-2.12
-2.04
-1.89
-1.88
-2.02
-2.18
-2.02
-2.2
-2.09
-1.95
-2.17
-2.04
-2.11
-2.2
-2.2
-2.32
-2.46
-2.5
-2.6
-2.66
-2.68
-2.54
-2.94
-2.86
-2.81
-2.71
-2.95
-2.96
-3.1
-3.06
-3.18
-3.3
-3.2
-3.42
-3.41
-3.42
-3.41
-3.6
-3.44
-3.22
-3.3
-3.42
-3.48
-3.41
-3.38
-3.37
-3.55
-3.54
-3.64
-3.49
-3.69
-3.5
-3.7
-3.48
-3.62
-3.74
-3.58
-3.68
-3.84
-3.68
-3.94
-3.98
-3.82
-3.97
-3.74
-3.87
-3.99
-4.23
-4.38
-4.47
-4.5
-4.46
-4.49
-4.5
-4.58
-4.65
-4.68
-4.66
-4.46
-4.52
-4.45
-4.54
-4.36
-4.42
-4.26
-4.24
-4.19
-4.18
-4.19
-4.3
-4.23
-4.21
-4.24
-4.1
-4.08
-4.22
-4.21
-4.28
-4.2
-4.14
-4.06
-4.06
-4.14
-4.06
-4.16
-4.0
-4.06
-4.04
-4.11
-4.08
-4.0
-3.97
-3.96
-3.96
-3.97
-3.9
-3.88
-3.83
-3.88
-4.22
-4.25
-3.98
-3.98
-4.15
-4.1
-4.43
-4.48
-4.48
-4.5
-4.5
-4.6
-4.34
-4.38
-4.36
-4.1
-4.0
-3.94
-3.88
-3.7
-3.8
-3.99
-3.94
-3.9
-3.75
-3.86
-4.06
-3.8
-3.96
-4.32
-4.32
-4.49
-4.43
-4.42
-4.14
-4.22
-4.26
-4.18
-4.14
-4.22
-4.3
-4.32
-4.1
-4.13
-4.14
-4.0
-3.98
-4.07
-4.02
-4.03
-4.02
-4.0
-3.92
-3.86
-4.0
-3.8
-3.82
-3.76
-3.86
-3.82
-3.88
-3.94
-3.78
-4.1
-3.8
-3.58
-3.83
-4.01
-3.96
-4.16
-4.34
-4.31
-4.34
-4.21
-4.22
-4.12
-4.05
-4.0
-3.97
-4.0
-3.87
-3.98
-4.16
-4.34
-4.44
-4.5
-4.5
-4.59
-4.54
-4.44
-4.45
-4.6
-4.6
-4.82
-5.0
-4.96
-5.2
-5.36
-5.4
-5.38
-5.02
-4.83
-4.72
-4.7
-4.7
-4.68
-4.61
-4.54
-4.54
-4.5
-4.54
-4.6
-4.76
-4.56
-4.49
-4.55
-4.58
-4.49
-4.31
-4.4
-4.22
-4.16
-4.08
-4.05
-3.85
-4.15
-3.94
-4.36
-4.37
-4.42
-4.4
-4.4
-4.14
-4.12
-4.11
-4.24
-4.24
-4.53
-4.38
-4.38
-4.42
-4.5
-4.6
-4.68
-4.76
-4.87
-5.06
-5.12
-5.22
-5.61
-6.08
-6.84
-6.9
-6.95
-7.09
-7.38
-7.5
-7.4
-7.4
-7.42
-7.46
-7.38
-7.31
-7.3
-7.28
-7.34
-7.2
-7.08
-7.22
-7.26
-7.22
-7.17
-7.16
-7.04
-7.26
-7.26
-7.26
-7.26
-7.3
-7.3
-7.16
-7.3
-7.34
-7.42
-7.28
-7.38
-6.84
-6.84
-7.0
-7.18
-7.38
-7.44
-7.38
-7.4
-6.96
-7.32
-7.46
-7.38
-7.29
-7.3
-7.44
-7.45
-7.46
-7.48
-7.44
-7.48
-7.32
-7.37
-7.38
-7.17
-6.84
-6.94
-7.06
-7.11
-7.14
-6.58
-6.43
-6.44
-6.34
-6.48
-6.34
-6.38
-6.26
-6.34
-6.44
-6.54
-6.52
-6.68
-6.84
-6.95
-7.57
-7.84
-8.09
-8.36
-8.35
-8.36
-8.22
-8.13
-8.19
-8.08
-8.11
-8.19
-8.12
-8.3
-8.24
-8.22
-8.22
-7.92
-8.05
-7.64
-8.04
-7.76
-7.66
-7.54
-7.82
-7.61
-7.7
-7.86
-7.52
-7.55
-7.76
-7.96
-8.04
-7.9
-7.82
-7.9
-7.9
-8.02
-7.93
-7.86
-7.95
-7.94
-8.02
-7.82
-7.82
-7.9
-7.84
-7.82
-8.08
-7.89
-7.98
-8.0
-8.07
-8.08
-7.93
-8.06
-7.88
-7.87
-8.04
-7.98
-7.86
-7.81
-7.9
-8.0
-7.96
-7.86
-8.04
-8.14
-8.1
-8.04
-7.86
-7.92
-8.07
-8.09
-8.12
-7.96
-8.14
-7.96
-8.0
-8.34
-8.2
-8.08
-8.23
-8.24
-8.18
-8.08
-7.98
-8.18
-8.1
-8.14
-8.37
-8.21
-8.22
-8.24
-8.48
-8.4
-8.36
-8.23
-8.24
-8.34
-8.24
-8.22
-8.24
-8.3
-8.22
-8.22
-8.37
-8.42
-8.42
-8.4
-8.46
-8.38
-8.4
-8.43
-8.42
-8.42
-8.3
-8.4
-8.3
-8.44
-8.4
-8.46
-8.62
-8.36
-8.52
-8.68
-8.51
-8.44
-8.5
-8.57
-8.54
-8.34
-8.51
-8.43
-8.58
-8.42
-8.52
-8.51
-8.42
-8.47
-8.47
-8.54
-8.6
-8.68
-8.53
-8.6
-8.64
-8.58
-8.64
-8.5
-8.4
-8.5
-8.64
-8.62
-8.36
-8.44
-8.52
-8.5
-8.53
-8.58
-8.56
-8.54
-8.52
-8.48
-8.58
-8.62
-8.74
-8.74
-8.64
-8.58
-8.55
-8.31
-8.5
-8.24
-8.4
-8.24
-8.3
-8.26
-8.3
-8.4
-8.37
-8.46
-6.94
-6.84
-6.84
-6.84
-7.16
-7.12
-7.1
-6.84
-6.96
-7.26
-6.84
-6.96
-6.56
-6.84
-7.12
-7.06
-7.14
-6.87
-6.89
-6.78
-6.92
-6.57
-6.82
-6.81
-6.72
-6.32
-6.44
-6.84
-6.32
-6.0
-6.26
-6.18
-6.02
-6.19
-6.28
-6.1
-5.82
-5.97
-5.92
-5.84
-5.73
-5.91
-6.1
-5.76
-5.7
-5.12
-5.26
-5.44
-5.48
-5.24
-5.2
-5.26
-5.46
-5.46
-5.1
-5.08
-4.9
-4.72
-5.32
-4.89
-4.89
-5.08
-5.18
-4.98
-5.02
-4.9
-5.15
-5.06
-5.28
-5.04
-5.46
-4.91
-4.82
-5.1
-5.12
-4.52
-4.92
-4.98
-4.8
-5.08
-4.73
-4.5
-4.62
-4.61
-4.48
-4.69
-4.49
-4.48
-4.74
-5.03
-4.66
-4.71
-4.54
-4.77
-4.66
-4.64
-4.28
-4.64
-4.82
-4.64
-4.6
-4.67
-4.6
-4.62
-4.78
-4.59
-4.66
-4.69
-4.46
-4.6
-4.46
-4.6
-4.68
-4.84
-4.43
-4.79
-4.9
-4.64
-4.8
-4.67
-4.44
-4.75
-4.4
-4.3
-4.52
-4.74
-4.76
-4.76
-4.61
-4.74
-4.69
-4.82
-5.02
-4.84
-4.88
-5.07
-5.02
-4.98
-5.09
-5.14
-5.24
-5.22
-5.44
-5.44
-5.6
-5.58
-5.56
-5.62
-5.74
-5.72
-5.58
-5.76
-5.77
-5.74
-5.74
-5.74
-5.86
-5.88
-5.9
-5.89
-5.94
-5.96
-5.93
-5.96
-6.06
-6.0
-6.02
-6.02
-6.09
-6.08
-6.05
-6.04
-6.02
-6.04
-6.1
-6.15
-6.2
-6.26
-6.28
-6.3
-6.34
-6.36
-6.42
-6.49
-6.53
-6.48
-6.44
-6.46
-6.44
-6.55
-6.55
-6.62
-6.68
-6.54
-6.54
-6.54
-6.72
-6.72
-6.78
-6.76
-6.83
-6.81
-6.84
-6.84
-6.84
-6.84
-6.84
-6.84
-6.84
-6.84
-6.88
-6.86
-6.88
-6.86
-6.88
-6.98
-7.01
-7.0
-7.02
-7.0
-7.0
-7.08
-7.12
-7.12
-6.97
-6.84
-6.84
-6.84
-6.84
-6.84
-6.62
-6.62
-6.51
-6.62
-6.72
-6.78
-6.84
-6.74
-6.83
-6.84
-6.84
-6.9
-6.76
-6.72
-6.84
-6.9
-6.96
-7.02
-7.02
-7.07
-7.16
-7.32
-7.34
-7.32
-7.28
-7.28
-7.36
-7.4
-7.43
-7.4
-7.46
-7.56
-7.5
-7.54
-7.6
-7.7
-7.67
-7.77
-7.8
-7.74
-7.66
-7.62
-7.56
-7.62
-7.72
-7.76
-7.76
-7.75
-7.88
-8.02
-8.1
-8.1
-8.1
-8.2
-8.16
-8.21
-8.26
-8.19
-8.2
-8.16
-8.28
-8.24
-8.25
-8.32
-8.34
-8.36
-8.43
-8.32
-8.4
-8.38
-8.34
-8.38
-8.44
-8.5
-8.52
-8.56
-8.52
-8.51
-8.32
-8.34
-8.22
-8.14
-7.98
-7.86
-7.78
-7.54
-7.48
-7.48
-7.54
-7.46
-7.36
-7.42
-7.34
-7.44
-7.48
-7.37
-7.32
-7.18
-7.28
-7.16
-7.2
-7.18
-7.38
-7.35
-7.28
-7.26
-7.28
-7.28
-7.22
-7.17
-7.24
-7.24
-7.25
-7.36
-7.5
-7.25
-7.28
-7.22
-7.26
-7.35
-7.4
-7.28
-7.36
-7.27
-7.18
-7.08
-7.24
-7.14
-7.23
-7.36
-7.29
-7.28
-7.2
-7.16
-7.23
-7.39
-7.12
-7.3
-7.31
-7.32
-7.36
-7.44
-7.44
-7.4
-7.48
-7.5
-7.26
-7.38
-7.34
-7.38
-7.32
-7.36
-7.6
-7.56
-7.6
-7.74
-7.71
-7.7
-7.6
-7.62
-7.66
-7.74
-7.61
-7.36
-7.91
-6.04
-6.07
-5.98
-5.8
-5.92
-5.8
-5.47
-5.51
-5.68
-5.56
-5.66
-5.6
-5.52
-5.73
-5.46
-5.32
-5.22
-4.96
-5.06
-5.16
-4.84
-4.93
-5.05
-5.22
-5.4
-5.22
-5.16
-5.48
-5.34
-5.2
-5.27
-5.28
-5.24
-4.7
-5.36
-5.04
-4.97
-4.79
-5.07
-4.88
-5.07
-4.82
-5.02
-5.16
-4.99
-4.96
-5.18
-4.92
-4.58
-4.84
-5.04
-5.52
-5.5
-5.6
-5.42
-5.0
-5.3
-5.18
-5.26
-4.98
-5.4
-5.17
-5.16
-5.33
-4.77
-5.57
-5.08
-5.18
-5.28
-4.97
-5.3
-5.78
-5.61
-5.6
-5.64
-5.34
-5.4
-5.28
-5.4
-5.33
-5.62
-6.12
-5.76
-5.54
-5.55
-6.01
-5.84
-6.22
-5.62
-5.54
-5.96
-5.52
-5.56
-5.7
-5.24
-5.88
-6.18
-5.8
-5.92
-5.48
-5.51
-5.44
-5.22
-5.4
-5.62
-5.92
-5.39
-5.7
-5.8
-5.8
-5.9
-6.06
-5.9
-6.05
-5.68
-5.76
-5.94
-6.06
-6.04
-5.8
-6.1
-6.28
-6.31
-6.2
-6.24
-6.1
-5.86
-5.94
-5.9
-5.98
-6.0
-6.1
-6.3
-6.16
-6.28
-6.33
-6.14
-6.06
-6.12
-6.18
-6.31
-6.63
-6.48
-6.54
-6.28
-6.32
-6.29
-6.52
-6.44
-6.5
-6.58
-6.26
-6.31
-6.44
-6.18
-6.28
-6.22
-6.2
-6.54
-6.4
-6.44
-6.35
-6.42
-6.36
-6.34
-6.49
-6.36
-6.44
-6.39
-6.5
-6.6
-6.52
-6.3
-6.44
-6.42
-6.34
-6.42
-6.38
-6.5
-6.5
-6.58
-6.43
-6.34
-6.4
-6.29
-6.2
-6.39
-6.38
-6.22
-6.09
-6.3
-6.31
-6.38
-6.4
-6.56
-6.66
-6.64
-6.53
-6.69
-6.8
-6.62
-6.61
-6.74
-6.72
-6.74
-6.74
-6.84
-6.79
-6.84
-6.84
-6.97
-7.06
-7.12
-7.1
-7.12
-7.16
-7.07
-7.12
-7.14
-7.14
-7.14
-7.2
-7.28
-7.24
-7.18
-7.21
-7.14
-7.23
-7.24
-7.2
-7.14
-7.12
-7.32
-7.18
-7.12
-7.13
-7.22
-7.29
-7.24
-7.3
-7.28
-7.26
-7.18
-7.26
-7.3
-7.24
-7.18
-7.08
-7.22
-7.32
-7.36
-7.16
-7.28
-7.26
-7.3
-7.36
-7.3
-7.24
-7.24
-7.14
-7.18
-7.24
-7.26
-7.28
-7.2
-7.32
-7.31
-7.34
-7.31
-7.26
-7.34
-7.34
-7.3
-7.3
-7.3
-7.21
-7.22
-7.19
-7.25
-7.27
-7.22
-7.29
-7.3
-7.36
-7.32
-7.38
-7.25
-7.26
-7.18
-7.15
-7.06
-7.24
-7.3
-7.35
-7.15
-7.32
-7.19
-7.3
-7.26
-7.24
-7.38
-7.28
-7.19
-7.32
-7.32
-7.41
-7.34
-7.28
-7.4
-7.38
-7.33
-7.36
-7.27
-7.45
-7.28
-7.35
-7.25
-7.31
-7.3
-7.28
-7.42
-7.42
-7.46
-7.42
-7.42
-7.32
-7.46
-7.4
-7.48
-7.42
-7.45
-7.48
-7.52
-7.48
-7.44
-7.46
-7.5
-7.52
-7.47
-7.47
-7.5
-7.46
-7.52
-7.56
-7.52
-7.61
-7.6
-7.66
-7.69
-7.68
-7.64
-7.64
-7.66
-7.68
-7.68
-7.71
-7.72
-7.72
-7.7
-7.74
-7.76
-7.76
-7.71
-7.74
-7.78
-7.74
-7.83
-7.85
-7.88
-7.9
-7.9
-7.88
-7.94
-7.94
-7.96
-8.04
-8.01
-7.96
-7.98
-8.06
-8.1
-8.06
-8.15
-8.1
-8.16
-8.2
-8.17
-8.18
-8.18
-8.3
-8.28
-8.34
-8.32
-8.34
-8.3
-8.4
-8.37
-8.44
-8.44
-8.38
-8.44
-8.54
-8.48
-8.44
-8.5
-8.48
-8.56
-8.56
-8.63
-8.58
-8.56
-8.6
-8.65
-8.68
-8.82
-8.8
-8.78
-8.79
-8.74
-8.78
-8.82
-8.8
-8.84
-8.87
-8.84
-8.86
-8.98
-8.96
-8.96
-9.06
-9.06
-9.06
-9.04
-9.12
-9.1
-9.12
-9.08
-9.12
-9.12
-9.12
-9.12
-9.2
-9.18
-9.2
-9.2
-9.21
-9.24
-9.22
-9.21
-9.2
-9.2
-9.17
-9.1
-9.1
-9.13
-9.18
-9.18
-9.18
-9.18
-9.25
-9.25
-9.2
-9.26
-9.26
-9.22
-9.26
-9.26
-9.2
-9.22
-9.24
-9.31
-9.32
-9.26
-9.24
-9.31
-9.32
-9.3
-9.32
-9.32
-9.34
-9.32
-9.34
-9.38
-5.46
-5.98
-5.62
-6.07
-6.28
-6.14
-5.8
-5.43
-5.54
-5.3
-4.84
-4.73
-4.32
-5.28
-5.39
-4.52
-4.61
-3.8
-4.24
-3.03
-3.47
-3.81
-3.14
-3.2
-2.87
-2.46
-3.14
-3.08
-3.16
-2.7
-2.72
-2.91
-2.42
-2.48
-3.22
-4.2
-4.59
-4.92
-4.88
-4.5
-4.78
-4.68
-4.76
-4.32
-3.54
-3.5
-3.22
-3.3
-3.98
-3.36
-3.82
-3.26
-3.39
-3.04
-3.44
-2.86
-3.62
-3.28
-3.05
-3.32
-3.27
-3.26
-3.66
-3.75
-3.74
-3.66
-3.38
-3.04
-3.2
-3.78
-3.83
-3.54
-3.62
-3.06
-3.12
-3.34
-3.44
-3.2
-3.54
-3.56
-3.36
-3.34
-2.98
-3.16
-3.38
-3.45
-3.32
-3.36
-3.36
-3.31
-3.1
-3.34
-2.82
-3.22
-3.42
-3.26
-3.38
-3.48
-3.55
-3.44
-3.33
-3.36
-3.72
-3.82
-3.75
-3.58
-3.9
-3.26
-2.72
-3.08
-2.7
-2.99
-3.42
-3.66
-3.66
-3.64
-3.38
-2.98
-2.87
-2.72
-3.04
-3.26
-3.07
-2.9
-2.96
-3.05
-2.34
-2.22
-1.86
-2.08
-2.04
-2.2
-2.31
-2.12
-2.34
-2.82
-2.88
-2.97
-2.9
-2.95
-2.94
-3.76
-3.72
-3.87
-3.88
-3.84
-3.73
-3.66
-3.64
-3.56
-3.54
-3.57
-3.7
-3.78
-3.73
-3.76
-3.8
-3.79
-3.85
-3.95
-4.02
-4.29
-3.98
-3.9
-3.82
-3.82
-3.85
-3.8
-3.74
-3.66
-3.72
-3.76
-3.98
-3.98
-3.96
-3.74
-3.77
-3.81
-3.92
-4.0
-4.04
-3.9
-4.03
-4.42
-4.98
-5.04
-5.04
-5.06
-4.99
-4.95
-5.0
-5.03
-5.06
-4.96
-4.9
-5.01
-4.95
-4.96
-5.01
-5.08
-5.12
-5.02
-4.98
-4.5
-4.5
-4.5
-4.61
-4.6
-4.5
-4.31
-4.38
-4.1
-3.91
-3.92
-4.14
-4.08
-4.02
-4.06
-4.04
-4.22
-4.56
-4.54
-4.74
-3.84
-3.33
-3.6
-3.55
-3.5
-3.44
-3.46
-3.71
