0.4543269230769229
0.44951923076923106
0.4503205128205128
0.44631410256410264
0.45512820512820507
0.4407051282051282
0.4423076923076923
0.4511217948717947
0.4455128205128205
0.43269230769230793
0.42948717948717974
0.42948717948717974
0.42147435897435903
0.41826923076923084
0.4198717948717947
0.42948717948717974
0.43269230769230793
0.4375
0.43349358974358965
0.4391025641025641
0.4358974358974359
0.4342948717948716
0.43269230769230793
0.4375
0.4391025641025641
0.43830128205128216
0.4270833333333335
0.4262820512820513
0.4375
0.42227564102564097
