0.5416666666666667
0.53125
0.5288461538461537
0.5384615384615385
0.5336538461538463
0.5336538461538463
0.5056089743589742
0.4919871794871795
0.5016025641025643
0.4823717948717947
0.49599358974358987
0.5016025641025643
0.47435897435897423
0.4855769230769229
0.4935897435897436
0.47756410256410264
0.46794871794871784
0.45673076923076916
0.45512820512820507
0.44871794871794846
0.4358974358974359
0.43349358974358965
0.42307692307692313
0.41185897435897445
0.3974358974358976
0.3974358974358976
0.37980769230769207
0.37580128205128216
0.375
0.3669871794871795
