-0.1298076923076923
-0.13461538461538458
-0.09615384615384615
-0.12099358974358976
-0.1282051282051282
-0.10737179487179482
-0.13301282051282048
-0.0921474358974359
-0.04166666666666663
-0.022435897435897356
-0.08413461538461542
-0.03846153846153855
-0.0889423076923076
-0.08653846153846156
-0.08012820512820518
-0.06410256410256421
-0.08253205128205121
-0.05689102564102555
-0.012820512820512886
-0.07852564102564108
-0.04807692307692302
-0.07852564102564108
-0.12419871794871784
-0.10256410256410253
-0.08173076923076916
-0.059294871794871806
-0.05528846153846145
-0.14022435897435892
-0.12740384615384615
-0.12259615384615374
