0.6426282051282051
0.6466346153846154
0.6185897435897438
0.5929487179487181
0.5849358974358976
0.5801282051282051
0.5721153846153846
0.5769230769230769
0.5665064102564104
0.5705128205128205
0.5969551282051282
0.5472756410256412
0.5352564102564101
0.5913461538461537
0.5689102564102562
0.5512820512820511
0.5641025641025643
0.6001602564102562
0.5865384615384615
0.5576923076923077
0.5608974358974359
0.5865384615384615
0.5737179487179487
0.5969551282051282
0.5592948717948718
0.5785256410256412
0.5785256410256412
0.5929487179487181
0.5689102564102562
0.5528846153846156
