0.43269230769230793
0.4246794871794872
0.4358974358974359
0.41826923076923084
0.4278846153846154
0.4166666666666665
0.39423076923076916
0.3998397435897434
0.3926282051282053
0.39423076923076916
0.3974358974358976
0.3966346153846154
0.3974358974358976
0.3974358974358976
0.40384615384615397
0.4078525641025641
0.41826923076923084
0.4375
0.4310897435897434
0.4471153846153848
0.45512820512820507
0.45673076923076916
0.4503205128205128
0.45272435897435903
0.4439102564102566
0.45673076923076916
0.4575320512820513
0.4391025641025641
0.4471153846153848
0.44871794871794846
