-0.5913461538461537
-0.6201923076923076
-0.6346153846153846
-0.6201923076923076
-0.6169871794871794
-0.6225961538461537
-0.6169871794871794
-0.6185897435897436
-0.6314102564102564
-0.6161858974358974
-0.6217948717948718
-0.624198717948718
-0.6057692307692307
-0.6169871794871794
-0.6057692307692307
-0.6169871794871794
-0.6233974358974359
-0.6362179487179487
-0.6033653846153846
-0.6322115384615384
-0.641025641025641
-0.6201923076923076
-0.6330128205128205
-0.6225961538461537
-0.6041666666666666
-0.6290064102564101
-0.6009615384615384
-0.5929487179487178
-0.610576923076923
-0.6282051282051282
