-0.19310897435897434
-0.19711538461538458
-0.2075320512820512
-0.20833333333333326
-0.21955128205128205
-0.21314102564102566
-0.21474358974358976
-0.2107371794871794
-0.22435897435897423
-0.21955128205128205
-0.20993589743589736
-0.22115384615384615
-0.20833333333333326
-0.11137820512820518
-0.23076923076923073
-0.22596153846153844
-0.22996794871794868
-0.23717948717948711
-0.22756410256410253
-0.23878205128205132
-0.23397435897435892
-0.22115384615384615
-0.2251602564102564
-0.21794871794871784
-0.23798076923076916
-0.22756410256410253
-0.23076923076923073
-0.22756410256410253
-0.22596153846153844
-0.2451923076923077
