0.262820512820513
0.2684294871794872
0.26682692307692313
0.2612179487179489
0.25400641025641013
0.2612179487179489
0.26602564102564097
0.2764423076923077
0.27724358974358987
0.2844551282051282
0.28525641025641013
0.28846153846153855
0.30208333333333326
0.27243589743589736
0.2796474358974359
0.2812500000000002
0.28685897435897445
0.30528846153846145
0.31330128205128216
0.3125000000000002
0.34775641025641013
0.33653846153846145
0.3285256410256412
0.33333333333333326
0.3357371794871795
0.33333333333333326
0.33814102564102577
0.34294871794871806
0.3285256410256412
0.3285256410256412
