0.6474358974358976
0.6346153846153844
0.6450320512820513
0.6274038461538463
0.6314102564102564
0.6474358974358976
0.6498397435897438
0.6402243589743588
0.6698717948717952
0.6891025641025639
0.6963141025641026
0.721153846153846
0.7019230769230771
0.6891025641025639
0.7011217948717949
0.6939102564102564
0.6955128205128205
0.6955128205128205
0.6963141025641026
0.6714743589743588
0.6602564102564101
0.6225961538461537
0.6282051282051282
0.6097756410256412
0.6025641025641024
0.5817307692307694
0.6033653846153846
0.6113782051282051
0.5961538461538463
0.5737179487179487
