-0.6626602564102564
-0.6618589743589743
-0.6754807692307692
-0.6306089743589742
-0.6947115384615384
-0.6554487179487178
-0.6634615384615383
-0.6714743589743589
-0.6466346153846153
-0.673076923076923
-0.7115384615384615
-0.6979166666666666
-0.6971153846153846
-0.7003205128205128
-0.6762820512820512
-0.6810897435897436
-0.6714743589743589
-0.6810897435897436
-0.6754807692307692
-0.6987179487179487
-0.7387820512820512
-0.7099358974358974
-0.6923076923076923
-0.6931089743589742
-0.7299679487179487
-0.7163461538461537
-0.7467948717948717
-0.6987179487179487
-0.6923076923076923
-0.7259615384615383
