0.5480769230769231
0.5256410256410255
0.5552884615384615
0.6137820512820513
0.5977564102564104
0.5480769230769231
0.5985576923076925
0.5552884615384615
0.5576923076923077
0.5785256410256412
0.5993589743589745
0.6258012820512819
0.5673076923076925
0.5721153846153846
0.6129807692307694
0.5536858974358974
0.5785256410256412
0.6538461538461537
0.6282051282051282
0.5336538461538463
0.5432692307692308
0.5721153846153846
0.6113782051282051
0.6065705128205128
0.625
0.5801282051282051
0.5721153846153846
0.6121794871794872
0.604166666666667
0.5881410256410255
