0.25400641025641013
0.25400641025641013
0.25560897435897445
0.2612179487179489
0.26762820512820507
0.28205128205128194
0.29807692307692335
0.2612179487179489
0.26442307692307687
0.29326923076923084
0.2828525641025641
0.2636217948717947
0.2548076923076923
0.25080128205128216
0.25400641025641013
0.24439102564102577
0.2580128205128205
0.26522435897435903
0.26041666666666674
0.27564102564102577
0.2596153846153846
0.2516025641025641
0.2483974358974359
0.23477564102564097
0.2483974358974359
0.2451923076923077
0.2700320512820513
0.2548076923076923
0.26923076923076916
0.2612179487179489
