-0.40865384615384615
-0.3317307692307693
-0.3012820512820512
-0.3237179487179487
-0.32692307692307687
-0.27884615384615385
-0.27403846153846156
-0.2564102564102564
-0.21634615384615374
-0.19150641025641024
-0.1842948717948717
-0.20833333333333326
-0.19711538461538458
-0.2532051282051282
-0.22916666666666663
-0.22355769230769218
-0.20833333333333326
-0.22115384615384615
-0.20032051282051277
-0.21474358974358976
-0.23397435897435892
-0.20192307692307687
-0.1923076923076923
-0.19711538461538458
-0.20352564102564097
-0.1891025641025641
-0.17067307692307687
-0.21634615384615374
-0.20993589743589736
-0.1858974358974359
