0.5064102564102564
0.5256410256410255
0.5488782051282048
0.5753205128205128
0.5881410256410255
0.5881410256410255
0.5536858974358974
0.5560897435897436
0.5608974358974359
0.5713141025641024
0.5432692307692308
0.546474358974359
0.5592948717948718
0.5705128205128205
0.37099358974358965
0.34615384615384626
0.35256410256410264
0.3830128205128205
0.3685897435897436
0.37980769230769207
0.3958333333333335
0.4094551282051284
0.41826923076923084
0.42548076923076916
0.42307692307692313
0.44471153846153855
0.4471153846153848
0.4511217948717947
0.4278846153846154
0.515224358974359
