0.3173076923076923
0.3157051282051282
0.29326923076923084
0.3108974358974359
0.3253205128205128
0.3285256410256412
0.3253205128205128
0.31169871794871806
0.3012820512820513
0.31330128205128216
0.3125000000000002
0.29166666666666674
0.28846153846153855
0.29887820512820507
0.29166666666666674
0.28685897435897445
0.3044871794871795
0.29807692307692335
0.2732371794871795
0.2684294871794872
0.3060897435897436
0.3076923076923077
0.3076923076923077
0.29887820512820507
0.30208333333333326
0.3060897435897436
0.3060897435897436
0.29487179487179493
0.29807692307692335
0.28685897435897445
