0.7628205128205128
0.7708333333333335
0.7676282051282053
0.7708333333333335
0.765224358974359
0.7612179487179487
0.7628205128205128
0.7724358974358974
0.778846153846154
0.7724358974358974
0.7836538461538463
0.7868589743589745
0.7828525641025641
0.7884615384615383
0.7868589743589745
0.7836538461538463
0.7780448717948718
0.8020833333333335
0.7884615384615383
0.796474358974359
0.7996794871794872
0.7948717948717947
0.7884615384615383
0.7956730769230769
0.7820512820512822
0.8028846153846154
0.8293269230769229
0.8253205128205128
0.8237179487179487
0.8004807692307692
