-0.8365384615384615
-0.8333333333333333
-0.8333333333333333
-0.8333333333333333
-0.8261217948717948
-0.8269230769230769
-0.8245192307692307
-0.829326923076923
-0.8309294871794871
-0.8269230769230769
-0.8325320512820512
-0.8333333333333333
-0.8381410256410255
-0.8349358974358974
-0.8397435897435896
-0.829326923076923
-0.8301282051282051
-0.8237179487179487
-0.8213141025641025
-0.814102564102564
-0.828525641025641
-0.8333333333333333
-0.8373397435897435
-0.8213141025641025
-0.8349358974358974
-0.8245192307692307
-0.8333333333333333
-0.8301282051282051
-0.828525641025641
-0.8397435897435896
