-0.9086538461538461
-0.9166666666666666
-0.9086538461538461
-0.907051282051282
-0.9086538461538461
-0.9134615384615384
-0.907051282051282
-0.907051282051282
-0.9190705128205127
-0.923076923076923
-0.923076923076923
-0.9214743589743589
-0.9262820512820513
-0.9198717948717949
-0.9214743589743589
-0.9238782051282051
-0.923076923076923
-0.923076923076923
-0.9134615384615384
-0.9214743589743589
-0.9134615384615384
-0.9246794871794871
-0.9214743589743589
-0.9262820512820513
-0.939102564102564
-0.9182692307692306
-0.9310897435897435
-0.9439102564102563
-0.9302884615384615
-0.9246794871794871
