-0.8173076923076923
-0.7964743589743589
-0.8060897435897435
-0.8301282051282051
-0.7964743589743589
-0.8060897435897435
-0.7740384615384615
-0.7964743589743589
-0.8189102564102564
-0.814102564102564
-0.8205128205128205
-0.7988782051282051
-0.8004807692307692
-0.7916666666666666
-0.8028846153846153
-0.7748397435897436
-0.7948717948717948
-0.7940705128205128
-0.7868589743589742
-0.7548076923076923
-0.7644230769230769
-0.7964743589743589
-0.7548076923076923
-0.7291666666666666
-0.75
-0.7435897435897435
-0.7307692307692306
-0.7443910256410255
-0.7516025641025641
-0.7371794871794871
