-0.8333333333333333
-0.8333333333333333
-0.8221153846153846
-0.8333333333333333
-0.8365384615384615
-0.8429487179487178
-0.8317307692307692
-0.8397435897435896
-0.7964743589743589
-0.7964743589743589
-0.8092948717948718
-0.8237179487179487
-0.8397435897435896
-0.844551282051282
-0.8397435897435896
-0.8413461538461539
-0.8060897435897435
-0.8349358974358974
-0.846153846153846
-0.8397435897435896
-0.8325320512820512
-0.8333333333333333
-0.844551282051282
-0.8453525641025641
-0.846153846153846
-0.8477564102564102
-0.844551282051282
-0.8477564102564102
-0.8349358974358974
-0.8389423076923077
