-0.5761217948717948
-0.5769230769230769
-0.5641025641025641
-0.5488782051282051
-0.5448717948717948
-0.5432692307692307
-0.5368589743589742
-0.5400641025641026
-0.5176282051282051
-0.5096153846153846
-0.5560897435897436
-0.5649038461538461
-0.5568910256410255
-0.5400641025641026
-0.5512820512820512
-0.5400641025641026
-0.5320512820512819
-0.5384615384615384
-0.5288461538461537
-0.5320512820512819
-0.5120192307692307
-0.5256410256410255
-0.5048076923076923
-0.5048076923076923
-0.49599358974358965
-0.5112179487179487
-0.5040064102564101
-0.5408653846153846
-0.5400641025641026
-0.5496794871794871
