0.3012820512820513
0.3012820512820513
0.2972756410256412
0.27564102564102577
0.2828525641025641
0.2796474358974359
0.28365384615384603
0.27724358974358987
0.2636217948717947
0.2564102564102564
0.27884615384615397
0.2780448717948718
0.28205128205128194
0.29326923076923084
0.2684294871794872
0.2684294871794872
0.2764423076923077
0.26602564102564097
0.262820512820513
0.25881410256410264
0.2548076923076923
0.27243589743589736
0.262820512820513
0.2620192307692306
0.29166666666666674
0.2892628205128205
0.2580128205128205
0.27403846153846145
0.2748397435897436
0.2812500000000002
