-0.04567307692307698
-0.03525641025641024
-0.04807692307692302
-0.05288461538461542
-0.0608974358974359
-0.07532051282051277
-0.06891025641025639
-0.07211538461538447
-0.07852564102564108
-0.07772435897435892
-0.06490384615384603
-0.059294871794871806
-0.06410256410256421
-0.0657051282051282
-0.06971153846153844
-0.07051282051282048
-0.03846153846153855
-0.043269230769230727
-0.03846153846153855
-0.03044871794871784
-0.03605769230769229
-0.043269230769230727
-0.043269230769230727
-0.03846153846153855
-0.033653846153846145
-0.022435897435897356
-0.04807692307692302
-0.027243589743589758
-0.048878205128205066
-0.04647435897435903
