0.5368589743589742
0.5168269230769229
0.4887820512820511
0.4999999999999998
0.5176282051282053
0.534455128205128
0.5625
0.4783653846153848
0.5088141025641024
0.5184294871794874
0.5641025641025643
0.5496794871794874
0.5512820512820511
0.5488782051282048
0.5592948717948718
0.5504807692307694
0.5544871794871793
0.5256410256410255
0.5761217948717949
0.5881410256410255
0.5633012820512822
0.5576923076923077
0.5560897435897436
0.5665064102564104
0.5713141025641024
0.5544871794871793
0.5921474358974359
0.5785256410256412
0.5961538461538463
0.5721153846153846
