-0.7636217948717948
-0.7564102564102564
-0.7612179487179487
-0.752403846153846
-0.7451923076923077
-0.7604166666666665
-0.7596153846153846
-0.7467948717948717
-0.7363782051282051
-0.7532051282051282
-0.7540064102564101
-0.7596153846153846
-0.7612179487179487
-0.7740384615384615
-0.782051282051282
-0.7804487179487178
-0.7716346153846154
-0.7844551282051282
-0.7932692307692307
-0.7788461538461537
-0.7780448717948718
-0.7884615384615384
-0.7868589743589742
-0.7884615384615384
-0.7884615384615384
-0.7964743589743589
-0.7924679487179487
-0.7964743589743589
-0.7964743589743589
-0.8068910256410255
