0.41346153846153855
0.3974358974358976
0.39423076923076916
0.37740384615384626
0.35897435897435903
0.34294871794871806
0.34775641025641013
0.3453525641025641
0.3405448717948718
0.34134615384615397
0.3453525641025641
0.3421474358974359
0.3421474358974359
0.3485576923076925
0.3533653846153846
0.35576923076923084
0.3541666666666665
0.3541666666666665
0.3565705128205128
0.35576923076923084
0.3653846153846152
0.3717948717948718
0.3766025641025641
0.3782051282051284
0.3830128205128205
0.3878205128205128
0.3838141025641024
0.3830128205128205
0.3814102564102566
0.3549679487179487
