-0.31810897435897423
-0.31810897435897423
-0.3173076923076922
-0.3173076923076922
-0.3173076923076922
-0.3173076923076922
-0.3205128205128205
-0.3205128205128205
-0.3237179487179487
-0.3237179487179487
-0.32532051282051266
-0.3205128205128205
-0.32532051282051266
-0.32532051282051266
-0.32692307692307687
-0.32852564102564097
-0.32852564102564097
-0.3317307692307693
-0.33493589743589736
-0.33814102564102555
-0.33814102564102555
-0.33814102564102555
-0.3373397435897435
-0.3405448717948718
-0.34134615384615385
-0.33974358974358976
-0.33814102564102555
-0.33974358974358976
-0.33653846153846145
-0.34455128205128194
