0.3685897435897436
0.34615384615384626
0.32451923076923084
0.34455128205128216
0.34935897435897423
0.3301282051282053
0.31810897435897445
0.32932692307692313
0.34935897435897423
0.3541666666666665
0.3685897435897436
0.3653846153846152
0.3205128205128205
0.3301282051282053
0.32932692307692313
0.3822115384615383
0.35256410256410264
0.34375
0.34775641025641013
0.33333333333333326
0.32932692307692313
0.30528846153846145
0.33653846153846145
0.3253205128205128
0.3060897435897436
0.29887820512820507
0.34935897435897423
0.32932692307692313
0.32291666666666674
0.3285256410256412
