0.3653846153846152
0.37419871794871784
0.3701923076923077
0.3766025641025641
0.3830128205128205
0.38862179487179493
0.3958333333333335
0.39903846153846145
0.3717948717948718
0.3685897435897436
0.3565705128205128
0.40064102564102555
0.39903846153846145
0.39823717948717974
0.39022435897435903
0.39903846153846145
0.4270833333333335
0.4278846153846154
0.41346153846153855
0.40064102564102555
0.4198717948717947
0.33333333333333326
0.3044871794871795
0.29487179487179493
0.3141025641025639
0.3092948717948718
0.2844551282051282
0.2964743589743588
0.28205128205128194
0.28685897435897445
