-0.1842948717948717
-0.19070512820512808
-0.1875
-0.1858974358974359
-0.16506410256410242
-0.15705128205128194
-0.15224358974358976
-0.14583333333333337
-0.13942307692307698
-0.13942307692307698
-0.13942307692307698
-0.13060897435897423
-0.13942307692307698
-0.12339743589743579
-0.12019230769230771
-0.10496794871794857
-0.07852564102564108
-0.04487179487179471
-0.024038461538461564
-0.06891025641025639
-0.05048076923076916
-0.08253205128205121
-0.08173076923076916
-0.09134615384615385
-0.08653846153846156
-0.09294871794871795
-0.07852564102564108
-0.06410256410256421
-0.03685897435897434
-0.0576923076923076
