-0.9166666666666666
-0.9150641025641025
-0.9166666666666666
-0.9134615384615384
-0.9214743589743589
-0.9190705128205127
-0.9246794871794871
-0.9246794871794871
-0.9198717948717949
-0.9246794871794871
-0.9326923076923076
-0.9278846153846154
-0.9246794871794871
-0.9294871794871794
-0.9278846153846154
-0.9342948717948718
-0.9342948717948718
-0.9399038461538461
-0.9358974358974359
-0.9342948717948718
-0.9374999999999999
-0.9415064102564102
-0.9439102564102563
-0.9551282051282051
-0.953525641025641
-0.9519230769230768
-0.9527243589743588
-0.9487179487179487
-0.9519230769230768
-0.9551282051282051
