-0.5176282051282051
-0.5136217948717949
-0.4967948717948717
-0.516025641025641
-0.47435897435897434
-0.5064102564102564
-0.5224358974358974
-0.5096153846153846
-0.5192307692307692
-0.5272435897435898
-0.5328525641025641
-0.5240384615384615
-0.5152243589743589
-0.5176282051282051
-0.546474358974359
-0.5544871794871795
-0.5488782051282051
-0.5352564102564102
-0.5608974358974359
-0.5096153846153846
-0.46634615384615385
-0.4951923076923076
-0.46474358974358976
-0.48798076923076916
-0.5224358974358974
-0.5416666666666666
-0.5416666666666666
-0.5400641025641026
-0.5192307692307692
-0.4871794871794871
