0.3669871794871795
0.36778846153846145
0.3685897435897436
0.3701923076923077
0.3653846153846152
0.3701923076923077
0.3669871794871795
0.36618589743589736
0.35576923076923084
0.3549679487179487
0.3469551282051284
0.3501602564102564
0.34775641025641013
0.34935897435897423
0.34775641025641013
0.34935897435897423
0.34935897435897423
0.35576923076923084
0.3629807692307694
0.35977564102564097
0.3685897435897436
0.36057692307692313
0.3621794871794872
0.37259615384615397
-0.33814102564102555
-0.32852564102564097
-0.34615384615384615
-0.32692307692307687
-0.33814102564102555
-0.31490384615384615
