0.4190705128205128
0.42147435897435903
0.42307692307692313
0.4503205128205128
0.4439102564102566
0.41185897435897445
0.42147435897435903
0.42307692307692313
0.43509615384615374
0.4358974358974359
0.40544871794871784
0.4014423076923077
0.4158653846153848
0.41185897435897445
0.41826923076923084
0.41346153846153855
0.4110576923076923
0.41185897435897445
0.40865384615384603
0.41426282051282026
0.40865384615384603
0.41426282051282026
0.40865384615384603
0.41185897435897445
0.41025641025641035
0.40865384615384603
0.42147435897435903
0.41346153846153855
0.40544871794871784
0.39903846153846145
