0.5713141025641024
0.6025641025641024
0.5753205128205128
0.5745192307692306
0.5753205128205128
0.5697115384615388
0.5721153846153846
0.5625
0.5608974358974359
0.5576923076923077
0.5560897435897436
0.5248397435897436
0.5432692307692308
0.5608974358974359
0.5657051282051282
0.5472756410256412
0.5568910256410255
0.5705128205128205
0.5633012820512822
0.5544871794871793
0.5584935897435899
0.5681089743589742
0.5705128205128205
0.5448717948717949
0.5592948717948718
0.5528846153846156
0.5544871794871793
0.5592948717948718
0.5608974358974359
0.5657051282051282
