-0.5592948717948718
-0.5528846153846153
-0.5504807692307692
-0.5368589743589742
-0.5480769230769231
-0.5376602564102564
-0.5432692307692307
-0.5400641025641026
-0.5432692307692307
-0.5416666666666666
-0.546474358974359
-0.5496794871794871
-0.5416666666666666
-0.5392628205128205
-0.5384615384615384
-0.5312499999999999
-0.546474358974359
-0.5304487179487178
-0.5424679487179487
-0.5432692307692307
-0.5352564102564102
-0.5336538461538461
-0.5432692307692307
-0.5336538461538461
-0.5304487179487178
-0.5368589743589742
-0.5528846153846153
-0.546474358974359
-0.5480769230769231
-0.5384615384615384
