-0.3653846153846153
-0.39262820512820507
-0.3902243589743589
-0.375
-0.3637820512820512
-0.423076923076923
-0.3966346153846153
-0.35256410256410253
-0.39583333333333326
-0.42227564102564097
-0.4310897435897435
-0.4214743589743589
-0.37900641025641024
-0.39903846153846145
-0.3509615384615383
-0.3886217948717948
-0.34455128205128194
-0.3862179487179487
-0.35977564102564097
-0.3798076923076923
-0.33493589743589736
-0.3814102564102564
-0.3878205128205128
-0.40384615384615374
-0.34935897435897434
-0.3221153846153846
-0.3108974358974358
-0.29166666666666674
-0.3092948717948717
-0.27884615384615385
