0.21314102564102555
0.21153846153846168
0.21955128205128216
0.2251602564102564
0.2219551282051282
0.20432692307692313
0.20993589743589758
0.23237179487179493
0.21634615384615374
0.21634615384615374
0.22435897435897445
0.23798076923076938
0.23557692307692313
0.2516025641025641
0.24278846153846168
0.23076923076923084
0.2596153846153846
0.22275641025641035
0.20352564102564097
0.20993589743589758
0.22115384615384626
0.2251602564102564
0.20993589743589758
0.20272435897435903
0.21955128205128216
0.19871794871794868
0.1907051282051282
0.22275641025641035
0.17628205128205132
0.22596153846153855
