0.32932692307692313
0.32932692307692313
0.32932692307692313
0.3285256410256412
0.3285256410256412
0.3285256410256412
0.3269230769230771
0.32291666666666674
0.3253205128205128
0.32932692307692313
0.33333333333333326
0.32932692307692313
0.32612179487179493
0.3269230769230771
0.3269230769230771
0.3301282051282053
0.32932692307692313
0.3285256410256412
0.3285256410256412
0.3157051282051282
0.3092948717948718
0.29807692307692335
0.30368589743589736
0.2908653846153846
0.26923076923076916
0.25
0.24198717948717952
0.2451923076923077
0.24439102564102577
0.27724358974358987
