0.33173076923076916
0.3253205128205128
0.32932692307692313
0.32932692307692313
0.31650641025641013
0.3173076923076923
0.3405448717948718
0.32932692307692313
0.28525641025641013
0.3125000000000002
0.3060897435897436
0.3141025641025639
0.3173076923076923
0.31810897435897445
0.3189102564102564
0.3237179487179487
0.3205128205128205
0.33653846153846145
0.32932692307692313
0.33253205128205154
0.3541666666666665
0.34134615384615397
0.32932692307692313
0.33974358974358965
0.3373397435897436
0.32932692307692313
0.32932692307692313
0.32451923076923084
0.299679487179487
0.33974358974358965
