0.5536858974358974
0.5592948717948718
0.5408653846153846
0.5408653846153846
0.5272435897435899
0.5496794871794874
0.5625
0.5592948717948718
0.5592948717948718
0.5528846153846156
0.5368589743589742
0.5416666666666667
0.546474358974359
0.546474358974359
0.546474358974359
0.5536858974358974
0.5576923076923077
0.5673076923076925
0.546474358974359
0.5424679487179487
0.5544871794871793
0.5568910256410255
0.5544871794871793
0.5560897435897436
0.5400641025641024
0.5504807692307694
0.5392628205128205
0.6081730769230769
0.6266025641025641
0.5288461538461537
