0.5216346153846154
0.4927884615384617
0.4887820512820511
0.4855769230769229
0.5304487179487181
0.5224358974358974
0.4935897435897436
0.47596153846153855
0.5224358974358974
0.5160256410256412
0.5336538461538463
0.6185897435897438
0.6057692307692306
0.5264423076923077
0.5865384615384615
0.5849358974358976
0.5721153846153846
0.5304487179487181
0.5304487179487181
0.5905448717948718
0.6153846153846154
0.5761217948717949
0.5400641025641024
0.4951923076923077
0.47435897435897423
0.5721153846153846
0.5705128205128205
0.5552884615384615
0.5608974358974359
0.5793269230769231
