-0.2499999999999999
-0.2564102564102564
-0.251602564102564
-0.24759615384615385
-0.25240384615384615
-0.24038461538461542
-0.23157051282051266
-0.23717948717948711
-0.23076923076923073
-0.22596153846153844
-0.22275641025641024
-0.22435897435897423
-0.20993589743589736
-0.2091346153846153
-0.20512820512820507
-0.20192307692307687
-0.1987179487179488
-0.20352564102564097
-0.19551282051282048
-0.1987179487179488
-0.19551282051282048
-0.19951923076923073
-0.19551282051282048
-0.1858974358974359
-0.1891025641025641
-0.20192307692307687
-0.1858974358974359
-0.1858974358974359
-0.18189102564102555
-0.17467948717948711
