0.7107371794871795
0.7179487179487181
0.6378205128205128
0.6578525641025641
0.6450320512820513
0.6193910256410255
0.65625
0.65625
0.6490384615384615
0.5825320512820513
0.5657051282051282
0.53125
0.5296474358974361
0.5096153846153848
0.5216346153846154
0.4951923076923077
0.5032051282051282
0.4951923076923077
0.5032051282051282
0.5080128205128205
0.4919871794871795
0.48798076923076916
0.45993589743589736
0.45993589743589736
0.43269230769230793
0.43349358974358965
0.4150641025641024
0.4078525641025641
0.4046474358974359
0.40384615384615397
