-0.17467948717948711
-0.20112179487179482
-0.16346153846153844
-0.13060897435897423
-0.16506410256410242
-0.08333333333333326
-0.14102564102564097
-0.1626602564102564
-0.1939102564102564
-0.14342948717948711
-0.15384615384615385
-0.19471153846153844
-0.19070512820512808
-0.21955128205128205
-0.20272435897435892
-0.14423076923076916
-0.1217948717948718
-0.12339743589743579
-0.12339743589743579
-0.13942307692307698
-0.12499999999999989
-0.19711538461538458
-0.15705128205128194
-0.16346153846153844
-0.13301282051282048
-0.11217948717948723
-0.1875
-0.16185897435897434
-0.15865384615384615
-0.13942307692307698
