-0.8701923076923076
-0.8661858974358974
-0.8685897435897436
-0.8717948717948718
-0.8685897435897436
-0.8758012820512819
-0.877403846153846
-0.8798076923076923
-0.8814102564102564
-0.8814102564102564
-0.8798076923076923
-0.8846153846153846
-0.8846153846153846
-0.8862179487179487
-0.892628205128205
-0.8902243589743589
-0.8862179487179487
-0.8878205128205128
-0.8942307692307692
-0.8974358974358974
-0.8942307692307692
-0.9014423076923077
-0.8974358974358974
-0.9022435897435896
-0.9054487179487178
-0.9030448717948717
-0.9038461538461537
-0.9038461538461537
-0.9134615384615384
-0.9118589743589742
