0.6217948717948718
0.6314102564102564
0.5897435897435899
0.5929487179487181
0.6169871794871795
0.5913461538461537
0.6314102564102564
0.5512820512820511
0.6274038461538463
0.6185897435897438
0.6354166666666665
0.4783653846153848
0.45673076923076916
0.45192307692307687
0.47275641025641035
0.46794871794871784
0.46794871794871784
0.45673076923076916
0.42307692307692313
0.4238782051282053
0.47115384615384603
0.49439102564102555
0.5544871794871793
0.5753205128205128
0.6033653846153846
0.6266025641025641
0.6554487179487178
0.6730769230769231
0.6778846153846154
0.6490384615384615
