-0.9310897435897435
-0.9302884615384615
-0.9150641025641025
-0.9166666666666666
-0.907051282051282
-0.9006410256410257
-0.8878205128205128
-0.8782051282051282
-0.8717948717948718
-0.8525641025641025
-0.8477564102564102
-0.8477564102564102
-0.8525641025641025
-0.846153846153846
-0.8381410256410255
-0.8429487179487178
-0.8365384615384615
-0.844551282051282
-0.8477564102564102
-0.8389423076923077
-0.8349358974358974
-0.8237179487179487
-0.8317307692307692
-0.8221153846153846
-0.8253205128205128
-0.8237179487179487
-0.8397435897435896
-0.8373397435897435
-0.8317307692307692
-0.8301282051282051
