-0.15544871794871795
-0.1762820512820512
-0.16346153846153844
-0.17467948717948711
-0.16506410256410242
-0.16025641025641024
-0.16826923076923073
-0.17307692307692313
-0.16025641025641024
-0.1594551282051282
-0.16506410256410242
-0.17948717948717952
-0.16185897435897434
-0.17147435897435903
-0.16666666666666663
-0.17467948717948711
-0.16987179487179482
-0.18509615384615374
-0.17067307692307687
-0.17067307692307687
-0.16826923076923073
-0.16506410256410242
-0.19070512820512808
-0.1891025641025641
-0.1939102564102564
-0.17467948717948711
-0.17147435897435903
-0.1842948717948717
-0.1939102564102564
-0.19711538461538458
