-0.9831730769230769
-0.9775641025641024
-0.9775641025641024
-0.9799679487179487
-0.9839743589743589
-0.9839743589743589
-0.9839743589743589
-0.9839743589743589
-0.9895833333333333
-0.9895833333333333
-0.9855769230769229
-0.9903846153846153
-0.9903846153846153
-0.9871794871794871
-0.9903846153846153
-0.9903846153846153
-0.9855769230769229
-0.9871794871794871
-0.9887820512820512
-0.9943910256410257
-0.9951923076923076
-0.9903846153846153
-0.9887820512820512
-0.9943910256410257
-0.9951923076923076
-0.9935897435897436
-0.9951923076923076
-0.9951923076923076
-0.9967948717948717
-0.9951923076923076
