0.4623397435897436
0.4423076923076923
0.47435897435897423
0.4455128205128205
0.46474358974358987
0.46474358974358987
0.5320512820512822
0.5432692307692308
0.5376602564102564
0.5496794871794874
0.5697115384615388
0.5841346153846156
0.5576923076923077
0.5833333333333335
0.6618589743589745
0.5737179487179487
0.5881410256410255
0.5913461538461537
0.5921474358974359
0.6105769230769231
0.6554487179487178
0.6009615384615385
0.5232371794871795
0.5625
0.5721153846153846
0.5825320512820513
0.5641025641025643
0.5897435897435899
0.641025641025641
0.5953525641025641
