-0.5432692307692307
-0.5560897435897436
-0.5432692307692307
-0.5641025641025641
-0.5673076923076923
-0.5544871794871795
-0.5665064102564102
-0.5480769230769231
-0.5584935897435896
-0.5681089743589743
-0.5873397435897436
-0.5993589743589742
-0.6065705128205128
-0.6089743589743589
-0.6057692307692307
-0.6081730769230769
-0.6089743589743589
-0.6153846153846154
-0.6209935897435896
-0.6233974358974359
-0.6217948717948718
-0.6057692307692307
-0.610576923076923
-0.6049679487179487
-0.6121794871794871
-0.5977564102564102
-0.6025641025641025
-0.5897435897435896
-0.5881410256410255
-0.5841346153846154
