-0.40544871794871795
-0.36458333333333326
-0.33012820512820507
-0.376602564102564
-0.3830128205128205
-0.34615384615384615
-0.40865384615384615
-0.41506410256410253
-0.42868589743589736
-0.44791666666666663
-0.4326923076923076
-0.4214743589743589
-0.3717948717948718
-0.3830128205128205
-0.40384615384615374
-0.4126602564102564
-0.42708333333333337
-0.3998397435897435
-0.3733974358974359
-0.375
-0.391826923076923
-0.3653846153846153
-0.34294871794871784
-0.35897435897435903
-0.3437499999999999
-0.38221153846153844
-0.360576923076923
-0.3549679487179487
-0.3621794871794871
-0.3782051282051282
