-0.6089743589743589
-0.59375
-0.5993589743589742
-0.5769230769230769
-0.5616987179487178
-0.5625
-0.5801282051282051
-0.5753205128205128
-0.5705128205128205
-0.5737179487179487
-0.5721153846153846
-0.5865384615384615
-0.6137820512820512
-0.6121794871794871
-0.6282051282051282
-0.5560897435897436
-0.5152243589743589
-0.5368589743589742
-0.5328525641025641
-0.5288461538461537
-0.5240384615384615
-0.5256410256410255
-0.5456730769230769
-0.5096153846153846
-0.46875
-0.5032051282051282
-0.4983974358974359
-0.48317307692307687
-0.5288461538461537
-0.4871794871794871
