0.4391025641025641
0.4166666666666665
0.48798076923076916
0.4166666666666665
0.5064102564102564
0.43269230769230793
0.4166666666666665
0.4615384615384617
0.4615384615384617
0.5008012820512819
0.5208333333333333
0.4935897435897436
0.46394230769230793
0.4767628205128205
0.5448717948717949
0.5080128205128205
0.45673076923076916
0.5144230769230766
0.5048076923076923
0.512820512820513
0.4767628205128205
0.4983974358974361
0.4919871794871795
0.4983974358974361
0.4455128205128205
0.4831730769230771
0.4903846153846154
0.4855769230769229
0.4391025641025641
0.4703525641025641
