0.6458333333333333
0.6442307692307694
0.6426282051282051
0.6810897435897436
0.6995192307692308
0.684294871794872
0.6169871794871795
0.6538461538461537
0.6538461538461537
0.6490384615384615
0.6298076923076925
0.6570512820512819
0.6738782051282051
0.6794871794871795
0.6450320512820513
0.6418269230769231
0.6506410256410258
0.6626602564102564
0.7107371794871795
0.7283653846153846
0.7219551282051284
0.7564102564102564
0.7564102564102564
0.6875000000000002
0.6778846153846154
0.7459935897435896
0.7187500000000002
0.6634615384615385
0.6578525641025641
0.6891025641025639
