0.9399038461538463
0.921474358974359
0.9118589743589742
0.9543269230769231
0.9751602564102562
0.9358974358974359
0.9006410256410255
0.9182692307692308
0.9102564102564106
0.9014423076923077
0.9703525641025643
0.9671474358974359
0.9415064102564101
0.9326923076923077
0.9543269230769231
1.0
0.9198717948717949
0.8870192307692308
0.8942307692307692
0.9294871794871793
0.9046474358974361
0.891025641025641
0.891025641025641
0.9142628205128205
0.9479166666666667
0.9126602564102564
0.9054487179487181
0.8894230769230766
0.8926282051282051
0.8782051282051282
