0.6065705128205128
0.674679487179487
0.653044871794872
0.6802884615384615
0.6875000000000002
0.7283653846153846
0.6955128205128205
0.6370192307692306
0.7067307692307692
0.6826923076923077
0.6939102564102564
0.6714743589743588
0.6730769230769231
0.6682692307692308
0.6634615384615385
0.6634615384615385
0.6666666666666667
0.6778846153846154
0.6802884615384615
0.7019230769230771
0.7051282051282051
0.778846153846154
0.8477564102564104
0.8613782051282051
0.7227564102564101
0.7011217948717949
0.7107371794871795
0.6866987179487178
0.7564102564102564
0.7884615384615383
