-0.6610576923076923
-0.6538461538461537
-0.6714743589743589
-0.6522435897435896
-0.6858974358974359
-0.641826923076923
-0.6346153846153846
-0.6570512820512819
-0.658653846153846
-0.610576923076923
-0.6426282051282051
-0.6474358974358974
-0.6330128205128205
-0.6554487179487178
-0.6274038461538461
-0.6089743589743589
-0.6185897435897436
-0.6177884615384615
-0.6073717948717949
-0.624198717948718
-0.6081730769230769
-0.6073717948717949
-0.6282051282051282
-0.6514423076923077
-0.6217948717948718
-0.6258012820512819
-0.6121794871794871
-0.6306089743589742
-0.6217948717948718
-0.6201923076923076
