0.7916666666666665
0.8076923076923077
0.8044871794871797
0.8133012820512822
0.7884615384615383
0.7868589743589745
0.7772435897435896
0.7828525641025641
0.7548076923076921
0.7740384615384615
0.7852564102564104
0.7908653846153846
0.8028846153846154
0.8060897435897434
0.8012820512820513
0.797275641025641
0.8092948717948716
0.810096153846154
0.8197115384615385
0.8237179487179487
0.8092948717948716
0.8189102564102566
0.810096153846154
0.8012820512820513
0.7836538461538463
0.778846153846154
0.7724358974358974
0.8028846153846154
0.8205128205128203
0.8253205128205128
