0.10176282051282048
0.09775641025641035
0.10096153846153855
0.10096153846153855
0.09615384615384603
0.10096153846153855
0.09775641025641035
0.10176282051282048
0.09855769230769229
0.10336538461538458
0.10416666666666674
0.10336538461538458
0.10576923076923084
0.10576923076923084
0.10016025641025639
0.10416666666666674
0.10336538461538458
0.10416666666666674
0.10256410256410264
0.10657051282051277
0.10496794871794868
0.10096153846153855
0.10256410256410264
0.10737179487179493
0.09935897435897445
0.10256410256410264
0.1081730769230771
0.10416666666666674
0.10176282051282048
0.09775641025641035
