-0.5112179487179487
-0.5184294871794872
-0.5336538461538461
-0.5360576923076923
-0.5400641025641026
-0.5400641025641026
-0.5448717948717948
-0.5432692307692307
-0.5448717948717948
-0.5080128205128205
-0.4823717948717948
-0.5040064102564101
-0.5
-0.5152243589743589
-0.5112179487179487
-0.5048076923076923
-0.5056089743589742
-0.5120192307692307
-0.5176282051282051
-0.5256410256410255
-0.502403846153846
-0.5048076923076923
-0.5048076923076923
-0.5048076923076923
-0.5176282051282051
-0.4983974358974359
-0.5048076923076923
-0.5144230769230769
-0.5128205128205128
-0.516025641025641
