-0.2435897435897435
-0.28205128205128205
-0.2844551282051281
-0.26923076923076916
-0.25080128205128194
-0.2948717948717948
-0.23717948717948711
-0.2628205128205128
-0.28525641025641024
-0.13942307692307698
-0.1923076923076923
-0.21474358974358976
-0.22756410256410253
-0.2660256410256411
-0.2467948717948718
-0.17467948717948711
-0.20032051282051277
-0.20673076923076927
-0.2139423076923077
-0.1891025641025641
-0.19070512820512808
-0.1810897435897436
-0.19070512820512808
-0.19711538461538458
-0.17548076923076916
-0.19631410256410253
-0.18990384615384603
-0.1891025641025641
-0.13942307692307698
-0.08253205128205121
