0.32932692307692313
0.32932692307692313
0.32932692307692313
0.32932692307692313
0.32932692307692313
0.3221153846153846
0.32932692307692313
0.330929487179487
0.330929487179487
0.32932692307692313
0.33653846153846145
0.3253205128205128
0.330929487179487
0.3301282051282053
0.32451923076923084
0.32932692307692313
0.3357371794871795
0.3301282051282053
0.3269230769230771
0.34775641025641013
0.3253205128205128
0.3237179487179487
0.3301282051282053
0.33653846153846145
0.32932692307692313
0.3253205128205128
0.3173076923076923
0.32932692307692313
0.3301282051282053
0.3341346153846152
