0.5352564102564101
0.5264423076923077
0.5136217948717949
0.5192307692307692
0.5168269230769229
0.5288461538461537
0.5368589743589742
0.5288461538461537
0.5304487179487181
0.5280448717948718
0.5384615384615385
0.5160256410256412
0.5048076923076923
0.5112179487179487
0.5144230769230766
0.5056089743589742
0.5160256410256412
0.5288461538461537
0.5176282051282053
0.5080128205128205
0.5168269230769229
0.5208333333333333
0.5224358974358974
0.5272435897435899
0.5248397435897436
0.5256410256410255
0.5168269230769229
0.5192307692307692
0.5112179487179487
0.5072115384615385
