-0.33493589743589736
-0.3221153846153846
-0.3309294871794871
-0.31490384615384615
-0.32852564102564097
-0.32852564102564097
-0.3173076923076922
-0.2876602564102564
-0.3076923076923077
-0.3108974358974358
-0.32532051282051266
-0.3141025641025641
-0.3076923076923077
-0.3108974358974358
-0.3108974358974358
-0.32291666666666663
-0.3173076923076922
-0.3012820512820512
-0.32692307692307687
-0.33012820512820507
-0.3421474358974359
-0.34294871794871784
-0.3317307692307693
-0.33012820512820507
-0.33493589743589736
-0.34134615384615385
-0.34775641025641024
-0.360576923076923
-0.3846153846153846
-0.3830128205128205
