-0.8477564102564102
-0.8509615384615383
-0.8477564102564102
-0.844551282051282
-0.846153846153846
-0.8493589743589743
-0.8509615384615383
-0.8469551282051282
-0.8469551282051282
-0.8493589743589743
-0.846153846153846
-0.8509615384615383
-0.8541666666666665
-0.8509615384615383
-0.8581730769230769
-0.8573717948717948
-0.8621794871794871
-0.8645833333333333
-0.8637820512820512
-0.860576923076923
-0.860576923076923
-0.8621794871794871
-0.8637820512820512
-0.8637820512820512
-0.8661858974358974
-0.8669871794871794
-0.8669871794871794
-0.8653846153846153
-0.8685897435897436
-0.8701923076923076
