-0.36939102564102555
-0.375
-0.376602564102564
-0.3782051282051282
-0.376602564102564
-0.3782051282051282
-0.3846153846153846
-0.36778846153846156
-0.3814102564102564
-0.3782051282051282
-0.37740384615384615
-0.3798076923076923
-0.3782051282051282
-0.3814102564102564
-0.38060897435897434
-0.3830128205128205
-0.38541666666666663
-0.3878205128205128
-0.38942307692307687
-0.39102564102564097
-0.39262820512820507
-0.39583333333333326
-0.39102564102564097
-0.39262820512820507
-0.39102564102564097
-0.39583333333333326
-0.39423076923076916
-0.39423076923076916
-0.39423076923076916
-0.39583333333333326
