0.26923076923076916
0.262820512820513
0.26602564102564097
0.2748397435897436
0.28365384615384603
0.2748397435897436
0.26923076923076916
0.26522435897435903
0.28525641025641013
0.3108974358974359
0.3141025641025639
0.2964743589743588
0.3092948717948718
0.3076923076923077
0.33173076923076916
0.3076923076923077
0.31330128205128216
0.2684294871794872
0.26522435897435903
0.27724358974358987
0.2796474358974359
0.27243589743589736
0.2700320512820513
0.2612179487179489
0.262820512820513
0.27243589743589736
0.26923076923076916
0.28525641025641013
0.2892628205128205
0.2924679487179489
