0.3669871794871795
0.34615384615384626
0.34935897435897423
0.3782051282051284
0.37419871794871784
0.35897435897435903
0.3549679487179487
0.34455128205128216
0.35977564102564097
0.37419871794871784
0.41346153846153855
0.4150641025641024
0.3878205128205128
0.3637820512820511
0.37419871794871784
0.3717948717948718
0.4014423076923077
0.35897435897435903
0.3701923076923077
0.3733974358974359
0.4046474358974359
0.3926282051282053
0.3253205128205128
0.3237179487179487
0.3189102564102564
0.32932692307692313
0.3950320512820513
0.39423076923076916
0.33333333333333326
0.35576923076923084
