-0.5128205128205128
-0.5112179487179487
-0.516826923076923
-0.5128205128205128
-0.5104166666666665
-0.5176282051282051
-0.5112179487179487
-0.5128205128205128
-0.5080128205128205
-0.5176282051282051
-0.5112179487179487
-0.5080128205128205
-0.516025641025641
-0.5128205128205128
-0.516826923076923
-0.5192307692307692
-0.5064102564102564
-0.5112179487179487
-0.5128205128205128
-0.5064102564102564
-0.5112179487179487
-0.5064102564102564
-0.5048076923076923
-0.5064102564102564
-0.5112179487179487
-0.5064102564102564
-0.5056089743589742
-0.5128205128205128
-0.5064102564102564
-0.5056089743589742
