0.5801282051282051
0.6121794871794872
0.5977564102564104
0.6137820512820513
0.6274038461538463
0.6065705128205128
0.6009615384615385
0.6498397435897438
0.6274038461538463
0.6169871794871795
0.6602564102564101
0.6418269230769231
0.6514423076923075
0.6266025641025641
0.6346153846153844
0.6322115384615385
0.6378205128205128
0.6458333333333333
0.6386217948717949
0.6282051282051282
0.6105769230769231
0.6258012820512819
0.653044871794872
0.6193910256410255
0.641025641025641
0.6450320512820513
0.65625
0.6498397435897438
0.641025641025641
0.625
