-0.3701923076923076
-0.3653846153846153
-0.36618589743589736
-0.3701923076923076
-0.3701923076923076
-0.3701923076923076
-0.3637820512820512
-0.3669871794871795
-0.36137820512820507
-0.3685897435897435
-0.36618589743589736
-0.3685897435897435
-0.36778846153846156
-0.360576923076923
-0.36137820512820507
-0.3637820512820512
-0.36137820512820507
-0.3621794871794871
-0.3669871794871795
-0.3701923076923076
-0.3685897435897435
-0.3621794871794871
-0.360576923076923
-0.36939102564102555
-0.37099358974358976
-0.3701923076923076
-0.3669871794871795
-0.3701923076923076
-0.37099358974358976
-0.37419871794871795
