0.5176282051282053
0.53125
0.5504807692307694
0.5368589743589742
0.5600961538461537
0.5608974358974359
0.5392628205128205
0.5560897435897436
0.5576923076923077
0.5608974358974359
0.5673076923076925
0.5865384615384615
0.5705128205128205
0.5689102564102562
0.5576923076923077
0.5657051282051282
0.5657051282051282
0.5600961538461537
0.5592948717948718
0.5512820512820511
0.5496794871794874
0.5568910256410255
0.5625
0.5616987179487181
0.5761217948717949
0.5969551282051282
0.5865384615384615
0.5833333333333335
0.5592948717948718
0.5785256410256412
