-0.4967948717948717
-0.5048076923076923
-0.5
-0.500801282051282
-0.5032051282051282
-0.5016025641025641
-0.5016025641025641
-0.5032051282051282
-0.49759615384615374
-0.5
-0.49278846153846145
-0.4967948717948717
-0.49278846153846145
-0.49599358974358965
-0.4919871794871794
-0.4887820512820512
-0.4887820512820512
-0.4871794871794871
-0.4871794871794871
-0.4919871794871794
-0.4887820512820512
-0.4871794871794871
-0.4871794871794871
-0.4951923076923076
-0.4887820512820512
-0.4887820512820512
-0.4887820512820512
-0.485576923076923
-0.4887820512820512
-0.485576923076923
