0.32932692307692313
0.3285256410256412
0.31810897435897445
0.3173076923076923
0.3237179487179487
0.31009615384615397
0.30048076923076916
0.2828525641025641
0.299679487179487
0.28685897435897445
0.28525641025641013
0.28846153846153855
0.28205128205128194
0.3060897435897436
0.29407051282051255
0.29407051282051255
0.3028846153846154
0.28685897435897445
0.28205128205128194
0.30368589743589736
0.2876602564102564
0.29487179487179493
0.27884615384615397
0.27884615384615397
0.2716346153846154
0.29006410256410264
0.26442307692307687
0.2700320512820513
0.2483974358974359
0.2612179487179489
