-0.0576923076923076
-0.048878205128205066
-0.043269230769230727
-0.028846153846153855
-0.024038461538461564
-0.014423076923076872
-0.03846153846153855
-0.027243589743589758
-0.012820512820512886
-0.019230769230769273
-0.020032051282051322
0.0016025641025640969
-0.01522435897435892
-0.01602564102564097
-0.017628205128205066
-0.017628205128205066
-0.009615384615384581
-0.024038461538461564
-0.008012820512820484
-0.02564102564102566
-0.0032051282051280827
-0.04487179487179471
-0.04006410256410253
-0.04166666666666663
-0.034455128205128194
-0.04086538461538458
-0.03205128205128194
-0.044070512820512886
-0.04086538461538458
-0.04006410256410253
