0.6225961538461537
0.6883012820512819
0.6570512820512819
0.6834935897435899
0.6666666666666667
0.6730769230769231
0.6826923076923077
0.6834935897435899
0.684294871794872
0.7299679487179489
0.7323717948717949
0.7259615384615383
0.7379807692307694
0.7299679487179489
0.7876602564102566
0.8245192307692311
0.6666666666666667
0.7051282051282051
0.6907051282051282
0.721153846153846
0.7355769230769231
0.7676282051282053
0.8301282051282053
0.7427884615384615
0.7580128205128205
0.737179487179487
0.7483974358974359
0.6939102564102564
0.7187500000000002
0.6450320512820513
