-0.12499999999999989
-0.13942307692307698
-0.1282051282051282
-0.1314102564102565
-0.12019230769230771
-0.12259615384615374
-0.10817307692307687
-0.09294871794871795
-0.13701923076923073
-0.13942307692307698
-0.14182692307692302
-0.13942307692307698
-0.15384615384615385
-0.1594551282051282
-0.15865384615384615
-0.15224358974358976
-0.15224358974358976
-0.15785256410256399
-0.15865384615384615
-0.19070512820512808
-0.17307692307692313
-0.18028846153846156
-0.1778846153846153
-0.1810897435897436
-0.17548076923076916
-0.14743589743589747
-0.13942307692307698
-0.17147435897435903
-0.15384615384615385
-0.1778846153846153
