0.5016025641025643
0.515224358974359
0.4935897435897436
0.5168269230769229
0.5544871794871793
0.5817307692307694
0.6153846153846154
0.5809294871794872
0.6185897435897438
0.6129807692307694
0.6274038461538463
0.6514423076923075
0.6458333333333333
0.6354166666666665
0.6426282051282051
0.6298076923076925
0.6330128205128207
0.6554487179487178
0.5817307692307694
0.5224358974358974
0.48076923076923084
0.48397435897435925
0.4615384615384617
0.4951923076923077
0.5008012820512819
0.4999999999999998
0.5144230769230766
0.4887820512820511
0.4919871794871795
0.4887820512820511
