-0.5048076923076923
-0.5208333333333333
-0.5096153846153846
-0.5136217948717949
-0.516826923076923
-0.5144230769230769
-0.5184294871794872
-0.5080128205128205
-0.5064102564102564
-0.5048076923076923
-0.5128205128205128
-0.5048076923076923
-0.5040064102564101
-0.5048076923076923
-0.5048076923076923
-0.5048076923076923
-0.5064102564102564
-0.5080128205128205
-0.5048076923076923
-0.5040064102564101
-0.5096153846153846
-0.5096153846153846
-0.5056089743589742
-0.5088141025641025
-0.5048076923076923
-0.5080128205128205
-0.5048076923076923
-0.5048076923076923
-0.5016025641025641
-0.5032051282051282
