-0.5552884615384615
-0.5592948717948718
-0.5865384615384615
-0.5889423076923077
-0.5673076923076923
-0.5673076923076923
-0.5809294871794872
-0.5769230769230769
-0.6033653846153846
-0.6073717948717949
-0.6073717948717949
-0.6089743589743589
-0.6089743589743589
-0.6169871794871794
-0.596153846153846
-0.5993589743589742
-0.5977564102564102
-0.5769230769230769
-0.5689102564102564
-0.5641025641025641
-0.5592948717948718
-0.5448717948717948
-0.5528846153846153
-0.5681089743589743
-0.5641025641025641
-0.5608974358974359
-0.5488782051282051
-0.5576923076923076
-0.5737179487179487
-0.5528846153846153
