-0.06730769230769229
-0.0576923076923076
-0.05368589743589747
-0.0625
-0.05368589743589747
-0.05288461538461542
-0.0560897435897435
-0.05849358974358976
-0.07692307692307687
-0.0625
-0.06810897435897434
-0.07852564102564108
-0.06971153846153844
-0.06410256410256421
-0.0576923076923076
-0.0608974358974359
-0.05048076923076916
-0.0560897435897435
-0.06169871794871795
-0.06730769230769229
-0.05048076923076916
-0.05528846153846145
-0.0625
-0.059294871794871806
-0.05048076923076916
-0.0560897435897435
-0.02564102564102566
-0.03846153846153855
-0.04166666666666663
-0.02564102564102566
