-0.59375
-0.6009615384615384
-0.5865384615384615
-0.5817307692307692
-0.5753205128205128
-0.5729166666666666
-0.5568910256410255
-0.5809294871794872
-0.5641025641025641
-0.5977564102564102
-0.5985576923076923
-0.6025641025641025
-0.6009615384615384
-0.6009615384615384
-0.5801282051282051
-0.578525641025641
-0.577724358974359
-0.5881410256410255
-0.5881410256410255
-0.6113782051282051
-0.5993589743589742
-0.5993589743589742
-0.6025641025641025
-0.6089743589743589
-0.6169871794871794
-0.6233974358974359
-0.6298076923076923
-0.6386217948717948
-0.6538461538461537
-0.658653846153846
