0.26923076923076916
0.2580128205128205
0.25
0.27403846153846145
0.3221153846153846
0.28044871794871784
0.3060897435897436
0.3205128205128205
0.375
0.4014423076923077
0.34455128205128216
0.35256410256410264
0.37580128205128216
0.3830128205128205
0.33333333333333326
0.30208333333333326
0.35576923076923084
0.3517628205128205
0.35256410256410264
0.3517628205128205
0.34294871794871806
0.29887820512820507
0.299679487179487
0.33493589743589736
0.3076923076923077
0.3453525641025641
0.32932692307692313
0.3125000000000002
0.26762820512820507
0.299679487179487
