0.30528846153846145
0.3421474358974359
0.33173076923076916
0.3285256410256412
0.30689102564102577
0.3092948717948718
0.32932692307692313
0.34935897435897423
0.3958333333333335
0.40865384615384603
0.4150641025641024
0.35737179487179493
0.30048076923076916
0.2972756410256412
0.3060897435897436
0.27884615384615397
0.34775641025641013
0.35977564102564097
0.3453525641025641
0.3157051282051282
0.39423076923076916
0.37419871794871784
0.30528846153846145
0.33974358974358965
0.32131410256410264
0.3533653846153846
0.39182692307692313
0.4158653846153848
0.3950320512820513
0.3301282051282053
