0.5528846153846156
0.5472756410256412
0.5424679487179487
0.5272435897435899
0.5376602564102564
0.5641025641025643
0.5641025641025643
0.5657051282051282
0.5584935897435899
0.5913461538461537
0.5985576923076925
0.5625
0.5921474358974359
0.5705128205128205
0.5833333333333335
0.5889423076923075
0.5993589743589745
0.604166666666667
0.5961538461538463
0.5865384615384615
0.5673076923076925
0.546474358974359
0.5721153846153846
0.53125
0.5320512820512822
0.5256410256410255
0.5432692307692308
0.5480769230769231
0.5160256410256412
0.5336538461538463
