0.23237179487179493
0.23557692307692313
0.23237179487179493
0.23157051282051277
0.2451923076923077
0.23557692307692313
0.23637820512820507
0.23717948717948723
0.2451923076923077
0.2435897435897436
0.22756410256410264
0.23557692307692313
0.23397435897435903
0.23477564102564097
0.23717948717948723
0.23557692307692313
0.23237179487179493
0.23317307692307687
0.23397435897435903
0.2435897435897436
0.2516025641025641
0.2435897435897436
0.25080128205128216
0.2467948717948718
0.2483974358974359
0.24599358974358987
0.2451923076923077
0.23958333333333326
0.2451923076923077
0.23477564102564097
