-0.391826923076923
-0.3862179487179487
-0.39262820512820507
-0.38942307692307687
-0.3846153846153846
-0.3870192307692307
-0.39423076923076916
-0.39262820512820507
-0.39262820512820507
-0.3886217948717948
-0.3862179487179487
-0.39262820512820507
-0.39423076923076916
-0.38942307692307687
-0.39583333333333326
-0.39423076923076916
-0.39583333333333326
-0.3998397435897435
-0.3998397435897435
-0.4014423076923077
-0.40064102564102566
-0.4014423076923077
-0.40705128205128205
-0.40544871794871795
-0.4014423076923077
-0.4014423076923077
-0.3982371794871794
-0.4014423076923077
-0.39903846153846145
-0.40384615384615374
