-0.8838141025641024
-0.8782051282051282
-0.8854166666666666
-0.8846153846153846
-0.891025641025641
-0.875
-0.875
-0.8814102564102564
-0.876602564102564
-0.875
-0.8958333333333333
-0.8806089743589742
-0.8878205128205128
-0.8894230769230769
-0.8950320512820512
-0.8958333333333333
-0.8838141025641024
-0.8942307692307692
-0.8798076923076923
-0.8790064102564102
-0.892628205128205
-0.8878205128205128
-0.8782051282051282
-0.8741987179487178
-0.8814102564102564
-0.8894230769230769
-0.8862179487179487
-0.8782051282051282
-0.892628205128205
-0.9006410256410257
