-0.20192307692307687
-0.20192307692307687
-0.19471153846153844
-0.1842948717948717
-0.1939102564102564
-0.19471153846153844
-0.16987179487179482
-0.20512820512820507
-0.21634615384615374
-0.20993589743589736
-0.20192307692307687
-0.20993589743589736
-0.20833333333333326
-0.1939102564102564
-0.20512820512820507
-0.21794871794871784
-0.21314102564102566
-0.20512820512820507
-0.22275641025641024
-0.20272435897435892
-0.20272435897435892
-0.12900641025641024
-0.13942307692307698
-0.12019230769230771
-0.09455128205128205
-0.10576923076923084
-0.10096153846153844
-0.07532051282051277
-0.20512820512820507
-0.2123397435897436
