0.0953525641025641
0.08333333333333326
0.08814102564102577
0.09775641025641035
0.09615384615384603
0.0969551282051282
0.13782051282051277
0.10897435897435903
0.09615384615384603
0.10016025641025639
0.11538461538461542
0.09615384615384603
0.09455128205128194
0.08012820512820507
0.12099358974358987
0.0769230769230771
0.07852564102564097
0.12740384615384603
0.1426282051282053
0.08653846153846145
0.08653846153846145
0.09134615384615397
0.07371794871794868
0.09455128205128194
0.11778846153846168
0.11698717948717952
0.13461538461538458
0.10496794871794868
0.08173076923076916
0.075320512820513
