-0.5016025641025641
-0.46474358974358976
-0.46634615384615385
-0.4815705128205128
-0.4423076923076923
-0.4471153846153846
-0.5064102564102564
-0.5849358974358974
-0.6161858974358974
-0.6426282051282051
-0.6394230769230769
-0.6089743589743589
-0.6314102564102564
-0.6233974358974359
-0.6298076923076923
-0.594551282051282
-0.5320512820512819
-0.5288461538461537
-0.5064102564102564
-0.5128205128205128
-0.5673076923076923
-0.5176282051282051
-0.5544871794871795
-0.5096153846153846
-0.5200320512820513
-0.4919871794871794
-0.5240384615384615
-0.4775641025641024
-0.5384615384615384
-0.5112179487179487
