-0.33333333333333337
-0.31971153846153844
-0.3373397435897435
-0.3485576923076923
-0.34775641025641024
-0.34134615384615385
-0.32852564102564097
-0.3557692307692307
-0.37580128205128205
-0.3565705128205128
-0.3798076923076923
-0.31490384615384615
-0.3108974358974358
-0.32692307692307687
-0.3157051282051282
-0.3309294871794871
-0.3341346153846154
-0.33333333333333337
-0.34294871794871784
-0.34775641025641024
-0.33814102564102555
-0.3141025641025641
-0.32612179487179493
-0.34455128205128194
-0.3557692307692307
-0.33814102564102555
-0.3437499999999999
-0.3509615384615383
-0.35817307692307687
-0.33493589743589736
