-0.5048076923076923
-0.5056089743589742
-0.5048076923076923
-0.5064102564102564
-0.5048076923076923
-0.5032051282051282
-0.5048076923076923
-0.5080128205128205
-0.5080128205128205
-0.5112179487179487
-0.5048076923076923
-0.5112179487179487
-0.5128205128205128
-0.5048076923076923
-0.5056089743589742
-0.5048076923076923
-0.5112179487179487
-0.5064102564102564
-0.5088141025641025
-0.5176282051282051
-0.5096153846153846
-0.5128205128205128
-0.5112179487179487
-0.5192307692307692
-0.5072115384615384
-0.5112179487179487
-0.5152243589743589
-0.5112179487179487
-0.5128205128205128
-0.5144230769230769
