-0.28846153846153844
-0.28846153846153844
-0.28685897435897434
-0.2892628205128205
-0.2892628205128205
-0.28685897435897434
-0.29006410256410253
-0.2876602564102564
-0.2892628205128205
-0.28846153846153844
-0.28685897435897434
-0.28685897435897434
-0.28846153846153844
-0.29006410256410253
-0.29006410256410253
-0.29006410256410253
-0.28846153846153844
-0.2892628205128205
-0.29006410256410253
-0.2924679487179488
-0.29166666666666674
-0.2932692307692307
-0.2948717948717948
-0.2948717948717948
-0.2948717948717948
-0.2964743589743589
-0.3141025641025641
-0.3141025641025641
-0.3157051282051282
-0.3173076923076922
