-0.4062499999999999
-0.375
-0.3846153846153846
-0.3798076923076923
-0.3862179487179487
-0.3533653846153846
-0.391826923076923
-0.39583333333333326
-0.37580128205128205
-0.3814102564102564
-0.4214743589743589
-0.360576923076923
-0.39903846153846145
-0.40064102564102566
-0.36778846153846156
-0.39102564102564097
-0.39102564102564097
-0.34775641025641024
-0.3830128205128205
-0.40865384615384615
-0.40384615384615374
-0.423076923076923
-0.41506410256410253
-0.39583333333333326
-0.3886217948717948
-0.3701923076923076
-0.3830128205128205
-0.3733974358974359
-0.329326923076923
-0.3653846153846153
