0.24198717948717952
0.2748397435897436
0.29006410256410264
0.3012820512820513
0.28525641025641013
0.27884615384615397
0.28525641025641013
0.28365384615384603
0.26602564102564097
0.2596153846153846
0.2451923076923077
0.2596153846153846
0.25240384615384626
0.2235576923076923
0.19711538461538458
0.21474358974358965
0.1842948717948718
0.19951923076923084
0.18349358974358965
0.19711538461538458
0.1891025641025641
0.16025641025641035
0.17067307692307687
0.18028846153846145
0.1907051282051282
0.17548076923076938
0.1810897435897436
0.15224358974358987
0.1923076923076923
0.1810897435897436
