-0.33333333333333337
-0.33333333333333337
-0.31330128205128205
-0.3245192307692307
-0.3237179487179487
-0.329326923076923
-0.3421474358974359
-0.33814102564102555
-0.329326923076923
-0.32692307692307687
-0.3108974358974358
-0.32692307692307687
-0.32532051282051266
-0.3237179487179487
-0.32612179487179493
-0.3237179487179487
-0.33493589743589736
-0.33333333333333337
-0.34775641025641024
-0.34455128205128194
-0.3405448717948718
-0.34615384615384615
-0.345352564102564
-0.34294871794871784
-0.32532051282051266
-0.32852564102564097
-0.3125
-0.2964743589743589
-0.3044871794871794
-0.2948717948717948
