0.5424679487179487
0.5376602564102564
0.5384615384615385
0.5336538461538463
0.5400641025641024
0.5408653846153846
0.5480769230769231
0.5488782051282048
0.5817307692307694
0.5897435897435899
0.6017628205128207
0.5857371794871793
0.5985576923076925
0.5945512820512819
0.5801282051282051
0.5761217948717949
0.5761217948717949
0.5625
0.5673076923076925
0.5625
0.5592948717948718
0.5544871794871793
0.5576923076923077
0.5544871794871793
0.5568910256410255
0.5576923076923077
0.5432692307692308
0.5368589743589742
0.5424679487179487
0.544070512820513
