-0.5
-0.4983974358974359
-0.502403846153846
-0.4983974358974359
-0.5032051282051282
-0.5040064102564101
-0.5048076923076923
-0.5
-0.5032051282051282
-0.5016025641025641
-0.4967948717948717
-0.5
-0.5048076923076923
-0.5032051282051282
-0.5016025641025641
-0.5040064102564101
-0.5048076923076923
-0.5048076923076923
-0.5048076923076923
-0.5
-0.49759615384615374
-0.4983974358974359
-0.5040064102564101
-0.5040064102564101
-0.5032051282051282
-0.5032051282051282
-0.500801282051282
-0.5040064102564101
-0.5056089743589742
-0.5032051282051282
