-0.5224358974358974
-0.5240384615384615
-0.5256410256410255
-0.5256410256410255
-0.5224358974358974
-0.5216346153846154
-0.5200320512820513
-0.5256410256410255
-0.5272435897435898
-0.5192307692307692
-0.5240384615384615
-0.5288461538461537
-0.5176282051282051
-0.5336538461538461
-0.5320512820512819
-0.5256410256410255
-0.5320512820512819
-0.5328525641025641
-0.5272435897435898
-0.5304487179487178
-0.5368589743589742
-0.5304487179487178
-0.5320512820512819
-0.5304487179487178
-0.5368589743589742
-0.5432692307692307
-0.5400641025641026
-0.5424679487179487
-0.5448717948717948
-0.5496794871794871
