0.1891025641025641
0.14583333333333326
0.1891025641025641
0.16506410256410264
0.17708333333333348
0.1826923076923077
0.17948717948717952
0.1858974358974359
0.17628205128205132
0.15384615384615374
0.18189102564102555
0.17467948717948723
0.16025641025641035
0.15224358974358987
0.14903846153846145
0.15865384615384626
0.1578525641025641
0.15064102564102577
0.1410256410256412
0.13541666666666674
0.14423076923076938
0.1426282051282053
0.16025641025641035
0.15224358974358987
0.19711538461538458
0.15064102564102577
0.14823717948717952
0.13621794871794868
0.11057692307692313
0.14583333333333326
