0.6169871794871795
0.6225961538461537
0.6137820512820513
0.5945512820512819
0.5913461538461537
0.5849358974358976
0.6025641025641024
0.6017628205128207
0.5977564102564104
0.5793269230769231
0.6458333333333333
0.6073717948717949
0.6466346153846154
0.6418269230769231
0.6001602564102562
0.6690705128205126
0.7027243589743588
0.6266025641025641
0.6698717948717952
0.6129807692307694
0.6065705128205128
0.6346153846153844
0.6546474358974357
0.6282051282051282
0.672275641025641
0.6442307692307694
0.6650641025641026
0.6730769230769231
0.6682692307692308
0.6266025641025641
