-0.11858974358974361
-0.11378205128205132
-0.08253205128205121
-0.11538461538461531
-0.12099358974358976
-0.3317307692307693
-0.34294871794871784
-0.3846153846153846
-0.40705128205128205
-0.4214743589743589
-0.4342948717948718
-0.4439102564102563
-0.4342948717948718
-0.3814102564102564
-0.360576923076923
-0.376602564102564
-0.391826923076923
-0.40384615384615374
-0.39583333333333326
-0.40384615384615374
-0.39262820512820507
-0.375
-0.36137820512820507
-0.39262820512820507
-0.40544871794871795
-0.4407051282051282
-0.4374999999999999
-0.4487179487179487
-0.40705128205128205
-0.4198717948717948
