-0.5216346153846154
-0.4887820512820512
-0.4903846153846153
-0.5256410256410255
-0.5016025641025641
-0.5064102564102564
-0.5144230769230769
-0.5176282051282051
-0.5400641025641026
-0.5272435897435898
-0.5328525641025641
-0.5144230769230769
-0.5288461538461537
-0.5192307692307692
-0.5064102564102564
-0.5144230769230769
-0.4983974358974359
-0.5152243589743589
-0.5112179487179487
-0.5064102564102564
-0.49919871794871784
-0.5032051282051282
-0.5128205128205128
-0.4983974358974359
-0.5048076923076923
-0.5048076923076923
-0.4919871794871794
-0.4807692307692307
-0.4919871794871794
-0.5048076923076923
