0.2548076923076923
0.25721153846153855
0.22435897435897445
0.2564102564102564
0.2580128205128205
0.28044871794871784
0.2451923076923077
0.24198717948717952
0.2700320512820513
0.21153846153846168
0.29326923076923084
0.27884615384615397
0.24439102564102577
0.2532051282051282
0.25240384615384626
0.22115384615384626
0.27564102564102577
0.2483974358974359
0.23397435897435903
0.2596153846153846
0.2548076923076923
0.2564102564102564
0.27884615384615397
0.27884615384615397
0.22916666666666652
0.25080128205128216
0.21955128205128216
0.2924679487179489
0.2516025641025641
0.28365384615384603
