0.3237179487179487
0.3197115384615383
0.32932692307692313
0.3782051282051284
0.33493589743589736
0.35576923076923084
0.34775641025641013
0.3733974358974359
0.35737179487179493
0.33333333333333326
0.2972756410256412
0.3173076923076923
0.3669871794871795
0.34134615384615397
0.33974358974358965
0.3125000000000002
0.34615384615384626
0.34455128205128216
0.33173076923076916
0.3141025641025639
0.32932692307692313
0.3189102564102564
0.30208333333333326
0.29006410256410264
0.3012820512820513
0.30208333333333326
0.28685897435897445
0.3012820512820513
0.2764423076923077
0.27884615384615397
