0.32932692307692313
0.3405448717948718
0.34134615384615397
0.35897435897435903
0.36618589743589736
0.32932692307692313
0.32932692307692313
0.3253205128205128
0.33493589743589736
0.32932692307692313
0.34375
0.33173076923076916
0.34935897435897423
0.375
0.33974358974358965
0.3621794871794872
0.37900641025641035
0.3669871794871795
0.4190705128205128
0.37740384615384626
0.39022435897435903
0.40544871794871784
0.42948717948717974
0.43509615384615374
0.4407051282051282
0.4623397435897436
0.4423076923076923
0.4238782051282053
0.4583333333333335
0.4150641025641024
