0.19310897435897445
0.19150641025641035
0.18990384615384626
0.1891025641025641
0.1923076923076923
0.19631410256410242
0.1939102564102564
0.19711538461538458
0.19951923076923084
0.19871794871794868
0.19791666666666674
0.20112179487179493
0.20673076923076916
0.20512820512820507
0.20512820512820507
0.21794871794871806
0.20833333333333348
0.21634615384615374
0.21314102564102555
0.2451923076923077
0.2612179487179489
0.2596153846153846
0.2467948717948718
0.22756410256410264
0.21955128205128216
0.20673076923076916
0.21153846153846168
0.20913461538461542
0.21634615384615374
0.21474358974358965
