-0.6714743589743589
-0.6682692307692307
-0.625
-0.6778846153846154
-0.6522435897435896
-0.6466346153846153
-0.6322115384615384
-0.6546474358974359
-0.6394230769230769
-0.6546474358974359
-0.6346153846153846
-0.6506410256410255
-0.6618589743589743
-0.6482371794871795
-0.6458333333333333
-0.6634615384615383
-0.6426282051282051
-0.6153846153846154
-0.6362179487179487
-0.6522435897435896
-0.6907051282051282
-0.6891025641025641
-0.6971153846153846
-0.6826923076923077
-0.6490384615384615
-0.673076923076923
-0.6634615384615383
-0.6698717948717948
-0.6474358974358974
-0.6810897435897436
