0.26602564102564097
0.27243589743589736
0.2748397435897436
0.27724358974358987
0.26762820512820507
0.27884615384615397
0.29006410256410264
0.29807692307692335
0.26602564102564097
0.2580128205128205
0.27403846153846145
0.2596153846153846
0.29006410256410264
0.28846153846153855
0.2612179487179489
0.2620192307692306
0.25881410256410264
0.2636217948717947
0.2708333333333335
0.2596153846153846
0.25
0.25721153846153855
0.2483974358974359
0.2451923076923077
0.2716346153846154
0.2283653846153848
0.2451923076923077
0.23878205128205132
0.23557692307692313
0.24278846153846168
