-0.734775641025641
-0.7275641025641025
-0.7131410256410255
-0.7227564102564101
-0.7131410256410255
-0.6866987179487178
-0.689903846153846
-0.703525641025641
-0.6939102564102564
-0.7019230769230769
-0.6971153846153846
-0.6907051282051282
-0.7075320512820513
-0.6858974358974359
-0.6746794871794872
-0.6666666666666665
-0.6458333333333333
-0.6538461538461537
-0.6618589743589743
-0.6362179487179487
-0.6434294871794871
-0.6530448717948718
-0.6666666666666665
-0.6810897435897436
-0.6666666666666665
-0.6618589743589743
-0.6875
-0.6762820512820512
-0.6650641025641025
-0.6706730769230769
