-0.28044871794871795
-0.27884615384615385
-0.27243589743589747
-0.2612179487179487
-0.27243589743589747
-0.27884615384615385
-0.28044871794871795
-0.2796474358974359
-0.28044871794871795
-0.28044871794871795
-0.27724358974358965
-0.27564102564102555
-0.27884615384615385
-0.27884615384615385
-0.2732371794871795
-0.2732371794871795
-0.2732371794871795
-0.27884615384615385
-0.28044871794871795
-0.27884615384615385
-0.28044871794871795
-0.27564102564102555
-0.27724358974358965
-0.27884615384615385
-0.27403846153846156
-0.2684294871794871
-0.27243589743589747
-0.26762820512820507
-0.27083333333333326
-0.26923076923076916
