-0.5657051282051282
-0.594551282051282
-0.594551282051282
-0.6081730769230769
-0.6033653846153846
-0.6025641025641025
-0.5801282051282051
-0.5865384615384615
-0.5897435897435896
-0.5833333333333333
-0.5801282051282051
-0.5865384615384615
-0.5929487179487178
-0.594551282051282
-0.5769230769230769
-0.579326923076923
-0.5801282051282051
-0.5689102564102564
-0.5673076923076923
-0.5745192307692307
-0.5705128205128205
-0.5713141025641025
-0.5705128205128205
-0.5689102564102564
-0.5625
-0.5576923076923076
-0.5689102564102564
-0.5528846153846153
-0.5544871794871795
-0.5496794871794871
