0.35977564102564097
0.3629807692307694
0.3637820512820511
0.3782051282051284
0.38060897435897445
0.3878205128205128
0.38862179487179493
0.38942307692307687
0.3958333333333335
0.38862179487179493
0.3974358974358976
0.3958333333333335
0.39102564102564097
0.3766025641025641
0.37980769230769207
0.3782051282051284
0.3766025641025641
0.36778846153846145
0.3685897435897436
0.3637820512820511
0.35576923076923084
0.35256410256410264
0.3509615384615383
0.3509615384615383
0.3501602564102564
0.34615384615384626
0.34134615384615397
0.3421474358974359
0.33653846153846145
0.33493589743589736
