0.3108974358974359
0.29166666666666674
0.29887820512820507
0.32932692307692313
0.3125000000000002
0.37980769230769207
0.39903846153846145
0.36939102564102555
0.35576923076923084
0.375
0.30849358974358987
0.2908653846153846
0.2764423076923077
0.28365384615384603
0.2467948717948718
0.2828525641025641
0.3092948717948718
0.2532051282051282
0.2620192307692306
0.31009615384615397
0.3285256410256412
0.27724358974358987
0.3405448717948718
0.262820512820513
0.2564102564102564
0.2483974358974359
0.26442307692307687
0.26923076923076916
0.2548076923076923
0.23157051282051277
