0.34375
0.34615384615384626
0.34134615384615397
0.33253205128205154
0.32772435897435903
0.3205128205128205
0.3173076923076923
0.35897435897435903
0.37259615384615397
0.3717948717948718
0.3766025641025641
0.3621794871794872
0.3533653846153846
0.3621794871794872
0.3621794871794872
0.35576923076923084
0.3269230769230771
0.33333333333333326
0.35256410256410264
0.3485576923076925
0.3717948717948718
0.35897435897435903
0.3541666666666665
0.34294871794871806
0.34375
0.3717948717948718
0.3373397435897436
0.3253205128205128
0.3189102564102564
0.33493589743589736
