0.7019230769230771
0.65625
0.6858974358974357
0.6586538461538463
0.6137820512820513
0.65625
0.6642628205128207
0.6866987179487178
0.6426282051282051
0.6626602564102564
0.6586538461538463
0.684294871794872
0.6875000000000002
0.6770833333333333
0.6650641025641026
0.6987179487179489
0.6810897435897436
0.6650641025641026
0.6955128205128205
0.7195512820512822
0.6987179487179489
0.6762820512820513
0.7131410256410258
0.7075320512820513
0.6778846153846154
0.6626602564102564
0.6778846153846154
0.6883012820512819
0.6634615384615385
0.705929487179487
