-0.8060897435897435
-0.8108974358974358
-0.8108974358974358
-0.8149038461538461
-0.8221153846153846
-0.8349358974358974
-0.8365384615384615
-0.8349358974358974
-0.8317307692307692
-0.8317307692307692
-0.8381410256410255
-0.8413461538461539
-0.8437499999999999
-0.8413461538461539
-0.846153846153846
-0.8541666666666665
-0.8493589743589743
-0.8525641025641025
-0.8573717948717948
-0.8653846153846153
-0.8629807692307692
-0.8709935897435896
-0.8733974358974358
-0.8685897435897436
-0.8621794871794871
-0.8589743589743589
-0.8541666666666665
-0.8589743589743589
-0.8669871794871794
-0.8701923076923076
