0.5248397435897436
0.5072115384615385
0.5136217948717949
0.5280448717948718
0.5176282051282053
0.5336538461538463
0.5496794871794874
0.5368589743589742
0.5520833333333333
0.544070512820513
0.5336538461538463
0.5216346153846154
0.5448717948717949
0.5432692307692308
0.5560897435897436
0.5865384615384615
0.5592948717948718
0.5496794871794874
0.5528846153846156
0.5320512820512822
0.5769230769230769
0.5600961538461537
0.5576923076923077
0.6306089743589745
0.5993589743589745
0.6009615384615385
0.5865384615384615
0.5657051282051282
0.5657051282051282
0.5416666666666667
