0.23237179487179493
0.22435897435897445
0.22756410256410264
0.22916666666666652
0.22756410256410264
0.22596153846153855
0.22596153846153855
0.21875
0.23237179487179493
0.23317307692307687
0.23397435897435903
0.22916666666666652
0.23157051282051277
0.23878205128205132
0.23878205128205132
0.22115384615384626
0.22916666666666652
0.22435897435897445
0.22435897435897445
0.21634615384615374
0.21955128205128216
0.20673076923076916
0.19871794871794868
0.20032051282051277
0.20673076923076916
0.20432692307692313
0.20112179487179493
0.20112179487179493
0.1955128205128207
0.20833333333333348
