0.5368589743589742
0.5600961538461537
0.5544871794871793
0.5592948717948718
0.5496794871794874
0.5560897435897436
0.5657051282051282
0.5520833333333333
0.5432692307692308
0.5528846153846156
0.5424679487179487
0.5416666666666667
0.5897435897435899
0.5576923076923077
0.515224358974359
0.5432692307692308
0.5536858974358974
0.5488782051282048
0.5224358974358974
0.5560897435897436
0.5488782051282048
0.5945512820512819
0.5681089743589742
0.5753205128205128
0.5849358974358976
0.5905448717948718
0.5961538461538463
0.5729166666666667
0.5921474358974359
0.5224358974358974
