0.10576923076923084
0.09775641025641035
0.09935897435897445
0.10256410256410264
0.10256410256410264
0.10176282051282048
0.10737179487179493
0.10576923076923084
0.10416666666666674
0.10096153846153855
0.10096153846153855
0.10256410256410264
0.10096153846153855
0.10416666666666674
0.10336538461538458
0.11057692307692313
0.11137820512820507
0.11217948717948723
0.11217948717948723
0.10897435897435903
0.10737179487179493
0.08974358974358987
0.08092948717948723
0.08012820512820507
0.07852564102564097
0.0657051282051282
0.054487179487179516
0.05608974358974361
0.05608974358974361
0.0625
