0.27884615384615397
0.2876602564102564
0.29807692307692335
0.28846153846153855
0.27884615384615397
0.2708333333333335
0.28044871794871784
0.28525641025641013
0.27564102564102577
0.299679487179487
0.3141025641025639
0.3012820512820513
0.2956730769230771
0.299679487179487
0.2972756410256412
0.29006410256410264
0.27564102564102577
0.2532051282051282
0.2684294871794872
0.2580128205128205
0.2564102564102564
0.2612179487179489
0.25400641025641013
0.2764423076923077
0.27243589743589736
0.2684294871794872
0.262820512820513
0.26923076923076916
0.2467948717948718
0.25560897435897445
