0.3878205128205128
0.3766025641025641
0.40705128205128216
0.40064102564102555
0.3974358974358976
0.3974358974358976
0.38862179487179493
0.40064102564102555
0.3645833333333335
0.39903846153846145
0.40544871794871784
0.37740384615384626
0.37980769230769207
0.3533653846153846
0.33333333333333326
0.3766025641025641
0.37259615384615397
0.375
0.3685897435897436
0.3637820512820511
0.38060897435897445
0.3830128205128205
0.4014423076923077
0.3766025641025641
0.40544871794871784
0.41025641025641035
0.3926282051282053
0.3830128205128205
0.38701923076923084
0.3629807692307694
