-0.0024038461538461453
-0.0064102564102563875
0.012820512820512775
0.028846153846153744
0.030448717948718063
0.03846153846153855
0.01602564102564097
0.011217948717948678
0.01602564102564097
0.022435897435897578
0.027243589743589647
0.008012820512820706
0.04166666666666674
-0.023237179487179405
-0.012820512820512886
-0.027243589743589758
-0.029647435897435792
-0.048878205128205066
-0.021634615384615308
-0.022435897435897356
-0.04086538461538458
-0.03846153846153855
-0.03525641025641024
-0.04246794871794868
-0.07932692307692313
-0.07211538461538447
-0.08653846153846156
-0.06971153846153844
-0.059294871794871806
-0.07211538461538447
