-0.7147435897435896
-0.7267628205128205
-0.7227564102564101
-0.7163461538461537
-0.7075320512820513
-0.7219551282051282
-0.7371794871794871
-0.7099358974358974
-0.7051282051282051
-0.658653846153846
-0.6698717948717948
-0.6842948717948718
-0.6875
-0.6682692307692307
-0.6650641025641025
-0.6698717948717948
-0.6858974358974359
-0.6858974358974359
-0.6570512820512819
-0.6554487179487178
-0.641025641025641
-0.6266025641025641
-0.6746794871794872
-0.6402243589743589
-0.6402243589743589
-0.6554487179487178
-0.6634615384615383
-0.6474358974358974
-0.6506410256410255
-0.641025641025641
