-0.23237179487179493
-0.23878205128205132
-0.2564102564102564
-0.2580128205128204
-0.2580128205128204
-0.26682692307692313
-0.26442307692307687
-0.2628205128205128
-0.27564102564102555
-0.27243589743589747
-0.27884615384615385
-0.2748397435897436
-0.27083333333333326
-0.27724358974358965
-0.2716346153846153
-0.26923076923076916
-0.26923076923076916
-0.2732371794871795
-0.2684294871794871
-0.27083333333333326
-0.26923076923076916
-0.27724358974358965
-0.2860576923076923
-0.298076923076923
-0.2964743589743589
-0.28846153846153844
-0.27403846153846156
-0.28365384615384603
-0.28125
-0.2924679487179488
