0.7195512820512822
0.7363782051282053
0.747596153846154
0.7323717948717949
0.7387820512820515
0.7323717948717949
0.7644230769230771
0.7500000000000002
0.7355769230769231
0.7676282051282053
0.7804487179487178
0.747596153846154
0.7764423076923077
0.7363782051282053
0.766025641025641
0.7596153846153846
0.7027243589743588
0.7243589743589745
0.7307692307692308
0.7419871794871795
0.7419871794871795
0.7500000000000002
0.7379807692307694
0.7315705128205128
0.7451923076923077
0.7115384615384615
0.7083333333333333
0.7131410256410258
0.7291666666666665
0.7051282051282051
