0.2548076923076923
0.29006410256410264
0.27724358974358987
0.27564102564102577
0.27243589743589736
0.27884615384615397
0.27724358974358987
0.299679487179487
0.26923076923076916
0.28044871794871784
0.3028846153846154
0.3205128205128205
0.28525641025641013
0.2564102564102564
0.28525641025641013
0.29487179487179493
0.29326923076923084
0.2580128205128205
0.3221153846153846
0.30048076923076916
0.29326923076923084
0.2596153846153846
0.29006410256410264
0.33333333333333326
0.2780448717948718
0.330929487179487
0.3822115384615383
0.4126602564102566
0.40865384615384603
0.39102564102564097
