0.2435897435897436
0.20272435897435903
0.23878205128205132
0.2516025641025641
0.23477564102564097
0.23557692307692313
0.21955128205128216
0.21794871794871806
0.23237179487179493
0.22916666666666652
0.25400641025641013
0.2548076923076923
0.18990384615384626
0.2483974358974359
0.21314102564102555
0.2596153846153846
0.19631410256410242
0.19871794871794868
0.2892628205128205
0.23076923076923084
0.1939102564102564
0.22115384615384626
0.2235576923076923
0.17948717948717952
0.17788461538461542
0.15865384615384626
0.17467948717948723
0.20032051282051277
0.17788461538461542
0.16987179487179493
