0.11618589743589736
0.11217948717948723
0.08974358974358987
0.09294871794871806
0.11698717948717952
0.11378205128205132
0.11057692307692313
0.1578525641025641
0.14583333333333326
0.14743589743589736
0.1842948717948718
0.19711538461538458
0.1891025641025641
0.17147435897435903
0.14903846153846145
0.14423076923076938
0.19871794871794868
0.23637820512820507
0.25400641025641013
0.24038461538461542
0.22676282051282048
0.22596153846153855
0.24919871794871784
0.2467948717948718
0.2483974358974359
0.2716346153846154
0.28205128205128194
0.31650641025641013
0.3205128205128205
0.27243589743589736
