0.3974358974358976
0.3782051282051284
0.3685897435897436
0.3846153846153846
0.3549679487179487
0.3717948717948718
0.3637820512820511
0.375
0.3838141025641024
0.41346153846153855
0.375
0.36778846153846145
0.36057692307692313
0.3669871794871795
0.3717948717948718
0.37980769230769207
0.3653846153846152
0.3733974358974359
0.3854166666666665
0.3717948717948718
0.3838141025641024
0.35256410256410264
0.3653846153846152
0.3629807692307694
0.3653846153846152
0.34935897435897423
0.35897435897435903
0.34134615384615397
0.34294871794871806
0.35737179487179493
