-0.49278846153846145
-0.5144230769230769
-0.5104166666666665
-0.5096153846153846
-0.5416666666666666
-0.5488782051282051
-0.5480769230769231
-0.5416666666666666
-0.5192307692307692
-0.4919871794871794
-0.5048076923076923
-0.5512820512820512
-0.5552884615384615
-0.5320512820512819
-0.5384615384615384
-0.4935897435897436
-0.4983974358974359
-0.516025641025641
-0.5240384615384615
-0.5048076923076923
-0.5320512820512819
-0.5336538461538461
-0.5176282051282051
-0.516025641025641
-0.4871794871794871
-0.5016025641025641
-0.5192307692307692
-0.5248397435897436
-0.5144230769230769
-0.5176282051282051
