-0.5625
-0.5689102564102564
-0.5721153846153846
-0.5608974358974359
-0.5713141025641025
-0.6025641025641025
-0.6474358974358974
-0.6522435897435896
-0.6522435897435896
-0.6538461538461537
-0.6482371794871795
-0.6450320512820513
-0.6490384615384615
-0.6514423076923077
-0.6538461538461537
-0.6458333333333333
-0.641025641025641
-0.6498397435897435
-0.6450320512820513
-0.6458333333333333
-0.6498397435897435
-0.6554487179487178
-0.658653846153846
-0.6506410256410255
-0.6474358974358974
-0.6089743589743589
-0.6089743589743589
-0.6089743589743589
-0.6177884615384615
-0.6169871794871794
