0.5560897435897436
0.4895833333333335
0.46474358974358987
0.5520833333333333
0.4783653846153848
0.47916666666666674
0.5400641025641024
0.5576923076923077
0.5576923076923077
0.4983974358974361
0.4823717948717947
0.5288461538461537
0.41346153846153855
0.42307692307692313
0.5120192307692308
0.5144230769230766
0.45352564102564097
0.4655448717948716
0.43669871794871784
0.5352564102564101
0.4967948717948718
0.4078525641025641
0.39182692307692313
0.42948717948717974
0.40705128205128216
0.3822115384615383
0.39423076923076916
0.4030448717948718
0.40865384615384603
0.3637820512820511
