-0.4967948717948717
-0.500801282051282
-0.5096153846153846
-0.5304487179487178
-0.5400641025641026
-0.5528846153846153
-0.5560897435897436
-0.5689102564102564
-0.5480769230769231
-0.5448717948717948
-0.5576923076923076
-0.5400641025641026
-0.5657051282051282
-0.5657051282051282
-0.5705128205128205
-0.5745192307692307
-0.5833333333333333
-0.5929487179487178
-0.625
-0.5761217948717948
-0.5801282051282051
-0.5897435897435896
-0.6041666666666666
-0.578525641025641
-0.5849358974358974
-0.594551282051282
-0.578525641025641
-0.5592948717948718
-0.5544871794871795
-0.547275641025641
