0.41185897435897445
0.41185897435897445
0.44871794871794846
0.45352564102564097
0.43990384615384603
0.4391025641025641
0.41185897435897445
0.39903846153846145
0.4278846153846154
0.4342948717948716
0.4407051282051282
0.45512820512820507
0.45673076923076916
0.4919871794871795
0.4831730769230771
0.5064102564102564
0.5120192307692308
0.5200320512820511
0.5208333333333333
0.5560897435897436
0.49919871794871806
0.4967948717948718
0.5064102564102564
0.5248397435897436
0.5256410256410255
0.4855769230769229
0.4695512820512824
0.47756410256410264
0.515224358974359
0.5112179487179487
