-0.7179487179487178
-0.7195512820512819
-0.7211538461538461
-0.7203525641025641
-0.7243589743589743
-0.7259615384615383
-0.7235576923076923
-0.7259615384615383
-0.7339743589743588
-0.7291666666666666
-0.7307692307692306
-0.7307692307692306
-0.7363782051282051
-0.735576923076923
-0.7331730769230769
-0.7323717948717948
-0.7307692307692306
-0.7323717948717948
-0.7371794871794871
-0.7411858974358974
-0.7451923076923077
-0.75
-0.7516025641025641
-0.7532051282051282
-0.7564102564102564
-0.7580128205128205
-0.7628205128205128
-0.7684294871794871
-0.7716346153846154
-0.7676282051282051
