0.5657051282051282
0.5713141025641024
0.5729166666666667
0.5649038461538463
0.5737179487179487
0.5689102564102562
0.5657051282051282
0.5873397435897436
0.604166666666667
0.6065705128205128
0.6073717948717949
0.6185897435897438
0.6354166666666665
0.6546474358974357
0.5737179487179487
0.5528846153846156
0.5496794871794874
0.5472756410256412
0.5176282051282053
0.5240384615384617
0.4855769230769229
0.45512820512820507
0.3950320512820513
0.39423076923076916
0.3701923076923077
0.40865384615384603
0.4198717948717947
0.4358974358974359
0.45673076923076916
0.4951923076923077
