-0.6907051282051282
-0.6939102564102564
-0.7051282051282051
-0.6682692307692307
-0.7195512820512819
-0.7435897435897435
-0.7131410256410255
-0.7227564102564101
-0.6875
-0.689903846153846
-0.6842948717948718
-0.6666666666666665
-0.6810897435897436
-0.6987179487179487
-0.7227564102564101
-0.6802884615384615
-0.7051282051282051
-0.7131410256410255
-0.7131410256410255
-0.7211538461538461
-0.7339743589743588
-0.7211538461538461
-0.7331730769230769
-0.703525641025641
-0.7099358974358974
-0.7243589743589743
-0.7339743589743588
-0.7323717948717948
-0.7131410256410255
-0.7371794871794871
