-0.40224358974358965
-0.40544871794871795
-0.4046474358974359
-0.40224358974358965
-0.40865384615384615
-0.40544871794871795
-0.40865384615384615
-0.40705128205128205
-0.41185897435897434
-0.41185897435897434
-0.40865384615384615
-0.4158653846153846
-0.4174679487179487
-0.4174679487179487
-0.41666666666666663
-0.41346153846153844
-0.41346153846153844
-0.41506410256410253
-0.4126602564102564
-0.4142628205128205
-0.41506410256410253
-0.41666666666666663
-0.4214743589743589
-0.4190705128205128
-0.4182692307692307
-0.4198717948717948
-0.4214743589743589
-0.41506410256410253
-0.4190705128205128
-0.4182692307692307
