0.3205128205128205
0.3205128205128205
0.3157051282051282
0.3205128205128205
0.3221153846153846
0.3205128205128205
0.3189102564102564
0.3253205128205128
0.32291666666666674
0.3253205128205128
0.3221153846153846
0.3269230769230771
0.3205128205128205
0.3253205128205128
0.32772435897435903
0.32932692307692313
0.32932692307692313
0.33333333333333326
0.33173076923076916
0.32932692307692313
0.3269230769230771
0.3269230769230771
0.3237179487179487
0.32772435897435903
0.3285256410256412
0.3285256410256412
0.33814102564102577
0.34455128205128216
0.34294871794871806
0.32932692307692313
