-0.9294871794871794
-0.9350961538461539
-0.9326923076923076
-0.9166666666666666
-0.9302884615384615
-0.9238782051282051
-0.9358974358974359
-0.923076923076923
-0.9310897435897435
-0.9302884615384615
-0.923076923076923
-0.9270833333333334
-0.9270833333333334
-0.9326923076923076
-0.9374999999999999
-0.9439102564102563
-0.9318910256410255
-0.9374999999999999
-0.9407051282051282
-0.9358974358974359
-0.9407051282051282
-0.9294871794871794
-0.9214743589743589
-0.9294871794871794
-0.9407051282051282
-0.939102564102564
-0.9182692307692306
-0.9246794871794871
-0.9310897435897435
-0.9294871794871794
