-0.3012820512820512
-0.2948717948717948
-0.2932692307692307
-0.2924679487179488
-0.2932692307692307
-0.2932692307692307
-0.27564102564102555
-0.28685897435897434
-0.3012820512820512
-0.27564102564102555
-0.3012820512820512
-0.28205128205128205
-0.2996794871794872
-0.27884615384615385
-0.28846153846153844
-0.2964743589743589
-0.3237179487179487
-0.3092948717948717
-0.32692307692307687
-0.32532051282051266
-0.3108974358974358
-0.3108974358974358
-0.34134615384615385
-0.3437499999999999
-0.3509615384615383
-0.34294871794871784
-0.3685897435897435
-0.3717948717948718
-0.35416666666666663
-0.35977564102564097
