0.49759615384615397
0.4831730769230771
0.4919871794871795
0.4935897435897436
0.47115384615384603
0.5016025641025643
0.5280448717948718
0.5088141025641024
0.5032051282051282
0.5568910256410255
0.5673076923076925
0.5528846153846156
0.5625
0.5608974358974359
0.5929487179487181
0.5993589743589745
0.6001602564102562
0.5865384615384615
0.5753205128205128
0.5769230769230769
0.6282051282051282
0.6330128205128207
0.6506410256410258
0.6185897435897438
0.6498397435897438
0.6073717948717949
0.6137820512820513
0.6594551282051282
0.6762820512820513
0.6634615384615385
