-0.8317307692307692
-0.8245192307692307
-0.8349358974358974
-0.8349358974358974
-0.8421474358974359
-0.8365384615384615
-0.8317307692307692
-0.8413461538461539
-0.8397435897435896
-0.8357371794871794
-0.8381410256410255
-0.8309294871794871
-0.8453525641025641
-0.8317307692307692
-0.8373397435897435
-0.829326923076923
-0.8341346153846153
-0.8333333333333333
-0.8317307692307692
-0.8429487179487178
-0.8429487179487178
-0.846153846153846
-0.8429487179487178
-0.8429487179487178
-0.8349358974358974
-0.846153846153846
-0.8413461538461539
-0.8477564102564102
-0.8429487179487178
-0.8453525641025641
