0.30528846153846145
0.3092948717948718
0.3060897435897436
0.27403846153846145
0.2548076923076923
0.3157051282051282
0.27724358974358987
0.2732371794871795
0.29166666666666674
0.29006410256410264
0.29807692307692335
0.29166666666666674
0.28525641025641013
0.2700320512820513
0.28205128205128194
0.28846153846153855
0.28365384615384603
0.2708333333333335
0.2780448717948718
0.2908653846153846
0.28205128205128194
0.28846153846153855
0.2564102564102564
0.2564102564102564
0.27724358974358987
0.28044871794871784
0.27884615384615397
0.27724358974358987
0.26442307692307687
0.2612179487179489
