0.4559294871794872
0.45673076923076916
0.4575320512820513
0.4511217948717947
0.4543269230769229
0.44871794871794846
0.4423076923076923
0.43830128205128216
0.4302884615384617
0.4150641025641024
0.4238782051282053
0.42147435897435903
0.4278846153846154
0.4198717948717947
0.42147435897435903
0.4198717948717947
0.41826923076923084
0.4078525641025641
0.40384615384615397
0.39903846153846145
0.40064102564102555
0.3878205128205128
0.3830128205128205
0.375
0.3669871794871795
0.38701923076923084
0.375
0.3862179487179487
0.3846153846153846
0.3766025641025641
