0.8501602564102566
0.8717948717948716
0.8517628205128205
0.827724358974359
0.8862179487179487
0.9134615384615385
0.903846153846154
0.8693910256410255
0.8381410256410258
0.8629807692307692
0.921474358974359
0.9759615384615383
0.940705128205128
0.8798076923076923
0.8669871794871795
0.8814102564102564
0.8926282051282051
0.8974358974358974
0.8990384615384617
0.9543269230769231
0.8846153846153848
0.9006410256410255
0.8758012820512819
0.921474358974359
0.8990384615384617
0.8629807692307692
0.8926282051282051
0.9262820512820511
0.9262820512820511
0.9022435897435899
