0.39823717948717974
0.35897435897435903
0.3565705128205128
0.3733974358974359
0.3717948717948718
0.36057692307692313
0.35977564102564097
0.34615384615384626
0.34775641025641013
0.3733974358974359
0.35897435897435903
0.34134615384615397
0.3341346153846152
0.3285256410256412
0.32451923076923084
0.31650641025641013
0.3173076923076923
0.3076923076923077
0.299679487179487
0.30528846153846145
0.3012820512820513
0.29887820512820507
0.29006410256410264
0.29006410256410264
0.29166666666666674
0.2876602564102564
0.2812500000000002
0.3108974358974359
0.29487179487179493
0.3076923076923077
