0.15625
0.1626602564102564
0.16826923076923084
0.17147435897435903
0.2123397435897436
0.23076923076923084
0.23878205128205132
0.24439102564102577
0.23397435897435903
0.16666666666666674
0.21875
0.25
0.1514423076923077
0.1842948717948718
0.16185897435897423
0.19150641025641035
0.2203525641025641
0.19791666666666674
0.1955128205128207
0.17147435897435903
0.1842948717948718
0.18830128205128216
0.20032051282051277
0.21794871794871806
0.23557692307692313
0.22115384615384626
0.22596153846153855
0.1923076923076923
0.1858974358974359
0.1907051282051282
