0.22596153846153855
0.23717948717948723
0.2467948717948718
0.25240384615384626
0.25560897435897445
0.26682692307692313
0.27724358974358987
0.26602564102564097
0.2596153846153846
0.2532051282051282
0.2483974358974359
0.262820512820513
0.26442307692307687
0.2596153846153846
0.26442307692307687
0.26602564102564097
0.26923076923076916
0.27724358974358987
0.27564102564102577
0.26442307692307687
0.262820512820513
0.23717948717948723
0.2844551282051282
0.28205128205128194
0.28365384615384603
0.28846153846153855
0.2964743589743588
0.2780448717948718
0.2612179487179489
0.28685897435897445
