-0.7644230769230769
-0.766025641025641
-0.7644230769230769
-0.7732371794871794
-0.7732371794871794
-0.7788461538461537
-0.783653846153846
-0.7724358974358974
-0.7724358974358974
-0.7724358974358974
-0.7868589743589742
-0.7868589743589742
-0.7916666666666666
-0.7900641025641025
-0.7956730769230769
-0.7940705128205128
-0.7964743589743589
-0.7964743589743589
-0.7964743589743589
-0.7964743589743589
-0.7964743589743589
-0.7964743589743589
-0.7964743589743589
-0.7964743589743589
-0.7996794871794871
-0.798076923076923
-0.7996794871794871
-0.798076923076923
-0.7996794871794871
-0.8076923076923077
