-0.8301282051282051
-0.8237179487179487
-0.8301282051282051
-0.8333333333333333
-0.828525641025641
-0.8237179487179487
-0.8157051282051282
-0.8269230769230769
-0.8349358974358974
-0.8381410256410255
-0.8221153846153846
-0.8317307692307692
-0.8301282051282051
-0.8333333333333333
-0.8381410256410255
-0.8333333333333333
-0.828525641025641
-0.828525641025641
-0.8205128205128205
-0.8237179487179487
-0.828525641025641
-0.8301282051282051
-0.8317307692307692
-0.8253205128205128
-0.8349358974358974
-0.8341346153846153
-0.8365384615384615
-0.8341346153846153
-0.8301282051282051
-0.8365384615384615
