-0.2219551282051282
-0.21474358974358976
-0.20833333333333326
-0.2419871794871794
-0.2892628205128205
-0.27403846153846156
-0.28846153846153844
-0.2948717948717948
-0.33653846153846145
-0.30689102564102566
-0.3189102564102564
-0.2948717948717948
-0.3221153846153846
-0.298076923076923
-0.3044871794871794
-0.2660256410256411
-0.28365384615384603
-0.27564102564102555
-0.33653846153846145
-0.3125
-0.3557692307692307
-0.35897435897435903
-0.34775641025641024
-0.3173076923076922
-0.2532051282051282
-0.26923076923076916
-0.2451923076923077
-0.1939102564102564
-0.22115384615384615
-0.27724358974358965
