0.5608974358974359
0.5304487179487181
0.546474358974359
0.544070512820513
0.5384615384615385
0.5456730769230769
0.5448717948717949
0.5592948717948718
0.5785256410256412
0.5649038461538463
0.577724358974359
0.5544871794871793
0.544070512820513
0.5504807692307694
0.5328525641025643
0.5280448717948718
0.5336538461538463
0.5360576923076923
0.5320512820512822
0.5528846153846156
0.5625
0.5560897435897436
0.5480769230769231
0.5520833333333333
0.5705128205128205
0.5336538461538463
0.5448717948717949
0.546474358974359
0.534455128205128
0.5456730769230769
