-0.22916666666666663
-0.23397435897435892
-0.23237179487179493
-0.22275641025641024
-0.23397435897435892
-0.23557692307692302
-0.23878205128205132
-0.2435897435897435
-0.23717948717948711
-0.23237179487179493
-0.23637820512820507
-0.23878205128205132
-0.23237179487179493
-0.23076923076923073
-0.23076923076923073
-0.23878205128205132
-0.23878205128205132
-0.23076923076923073
-0.23717948717948711
-0.2419871794871794
-0.23237179487179493
-0.23237179487179493
-0.23717948717948711
-0.23717948717948711
-0.24038461538461542
-0.2435897435897435
-0.23878205128205132
-0.23076923076923073
-0.23637820512820507
-0.23958333333333337
