0.23397435897435903
0.19711538461538458
0.21955128205128216
0.26041666666666674
0.2564102564102564
0.2580128205128205
0.18509615384615397
0.20192307692307687
0.25721153846153855
0.23157051282051277
0.1923076923076923
0.2155448717948718
0.23557692307692313
0.1907051282051282
0.19951923076923084
0.22596153846153855
0.24439102564102577
0.21794871794871806
0.20993589743589758
0.20833333333333348
0.25
0.24599358974358987
0.22115384615384626
0.1939102564102564
0.2451923076923077
0.2564102564102564
0.2451923076923077
0.1907051282051282
0.26762820512820507
0.2548076923076923
