-0.06971153846153844
-0.07371794871794868
-0.08253205128205121
-0.07371794871794868
-0.06490384615384603
-0.08173076923076916
-0.06410256410256421
-0.04807692307692302
-0.06971153846153844
-0.059294871794871806
-0.09935897435897434
-0.0576923076923076
-0.0889423076923076
-0.09294871794871795
-0.08974358974358965
-0.09935897435897434
-0.08173076923076916
-0.07932692307692313
-0.08974358974358965
-0.10897435897435892
-0.09775641025641013
-0.07532051282051277
-0.08493589743589736
-0.11858974358974361
-0.09455128205128205
-0.09615384615384615
-0.13060897435897423
-0.13301282051282048
-0.1282051282051282
-0.10737179487179482
