-0.28846153846153844
-0.28685897435897434
-0.3060897435897436
-0.30849358974358976
-0.2940705128205128
-0.298076923076923
-0.3108974358974358
-0.3125
-0.3125
-0.3028846153846153
-0.3044871794871794
-0.2892628205128205
-0.2548076923076923
-0.2596153846153846
-0.2700320512820512
-0.2716346153846153
-0.26442307692307687
-0.28205128205128205
-0.27403846153846156
-0.28044871794871795
-0.2796474358974359
-0.2780448717948717
-0.2796474358974359
-0.27403846153846156
-0.27243589743589747
-0.28205128205128205
-0.2716346153846153
-0.27243589743589747
-0.2764423076923076
-0.26442307692307687
