0.39102564102564097
0.3830128205128205
0.3846153846153846
0.3846153846153846
0.3846153846153846
0.3846153846153846
0.3830128205128205
0.3974358974358976
0.3782051282051284
0.37980769230769207
0.3766025641025641
0.37580128205128216
0.34935897435897423
0.34615384615384626
0.3469551282051284
0.34775641025641013
0.3469551282051284
0.35737179487179493
0.3613782051282053
0.3645833333333335
0.3637820512820511
0.3701923076923077
0.3733974358974359
0.3669871794871795
0.35897435897435903
0.35256410256410264
0.3621794871794872
0.375
0.37259615384615397
0.37900641025641035
