-0.547275641025641
-0.5504807692307692
-0.5496794871794871
-0.5448717948717948
-0.5496794871794871
-0.5480769230769231
-0.546474358974359
-0.546474358974359
-0.5480769230769231
-0.5496794871794871
-0.5424679487179487
-0.5384615384615384
-0.546474358974359
-0.5496794871794871
-0.5480769230769231
-0.5400641025641026
-0.5480769230769231
-0.5432692307692307
-0.5448717948717948
-0.5448717948717948
-0.5448717948717948
-0.5448717948717948
-0.5496794871794871
-0.5448717948717948
-0.546474358974359
-0.5416666666666666
-0.5400641025641026
-0.5432692307692307
-0.5496794871794871
-0.546474358974359
