0.2956730769230771
0.2964743589743588
0.34775641025641013
0.3141025641025639
0.28044871794871784
0.32291666666666674
0.28044871794871784
0.36057692307692313
0.36939102564102555
0.33493589743589736
0.3621794871794872
0.3717948717948718
0.3629807692307694
0.3509615384615383
0.3653846153846152
0.35576923076923084
0.34935897435897423
0.34294871794871806
0.3669871794871795
0.42548076923076916
0.375
0.36939102564102555
0.3782051282051284
0.4375
0.3998397435897434
0.4503205128205128
0.4615384615384617
0.46474358974358987
0.4783653846153848
0.5184294871794874
