0.3141025641025639
0.3125000000000002
0.31009615384615397
0.29006410256410264
0.29487179487179493
0.299679487179487
0.3012820512820513
0.27884615384615397
0.2964743589743588
0.28205128205128194
0.28205128205128194
0.2972756410256412
0.2892628205128205
0.2972756410256412
0.2812500000000002
0.3060897435897436
0.32451923076923084
0.3221153846153846
0.3012820512820513
0.3221153846153846
0.2964743589743588
0.30048076923076916
0.3141025641025639
0.32451923076923084
0.34775641025641013
0.3285256410256412
0.34935897435897423
0.3253205128205128
0.375
0.375
