-0.485576923076923
-0.4967948717948717
-0.4935897435897436
-0.5032051282051282
-0.5128205128205128
-0.5048076923076923
-0.5224358974358974
-0.5216346153846154
-0.5224358974358974
-0.5216346153846154
-0.5368589743589742
-0.5240384615384615
-0.5064102564102564
-0.5128205128205128
-0.5224358974358974
-0.5272435897435898
-0.5216346153846154
-0.5192307692307692
-0.5184294871794872
-0.5328525641025641
-0.5320512820512819
-0.5400641025641026
-0.5280448717948718
-0.5440705128205128
-0.5288461538461537
-0.5448717948717948
-0.5272435897435898
-0.5384615384615384
-0.5480769230769231
-0.5352564102564102
