-0.5080128205128205
-0.5096153846153846
-0.5104166666666665
-0.5112179487179487
-0.5144230769230769
-0.5144230769230769
-0.5144230769230769
-0.5144230769230769
-0.516826923076923
-0.5152243589743589
-0.5176282051282051
-0.516025641025641
-0.5240384615384615
-0.5256410256410255
-0.5280448717948718
-0.5208333333333333
-0.5256410256410255
-0.5272435897435898
-0.5256410256410255
-0.5296474358974359
-0.5304487179487178
-0.5288461538461537
-0.5272435897435898
-0.5264423076923077
-0.5240384615384615
-0.5240384615384615
-0.5264423076923077
-0.5256410256410255
-0.5240384615384615
-0.5256410256410255
