-0.33974358974358976
-0.34935897435897434
-0.3309294871794871
-0.3341346153846154
-0.3173076923076922
-0.3125
-0.33814102564102555
-0.3325320512820513
-0.34455128205128194
-0.3317307692307693
-0.3189102564102564
-0.3125
-0.3325320512820513
-0.3389423076923077
-0.33333333333333337
-0.3485576923076923
-0.33653846153846145
-0.3317307692307693
-0.3141025641025641
-0.3437499999999999
-0.3221153846153846
-0.3125
-0.33333333333333337
-0.34775641025641024
-0.34615384615384615
-0.34455128205128194
-0.3173076923076922
-0.33974358974358976
-0.3389423076923077
-0.34455128205128194
