0.40705128205128216
0.3733974358974359
0.34134615384615397
0.40705128205128216
0.43349358974358965
0.46314102564102577
0.39423076923076916
0.3838141025641024
0.34134615384615397
0.41426282051282026
0.4198717948717947
0.41025641025641035
0.36939102564102555
0.3974358974358976
0.40384615384615397
0.4174679487179487
0.4030448717948718
0.3733974358974359
0.40865384615384603
0.3541666666666665
0.35256410256410264
0.36057692307692313
0.3878205128205128
0.36778846153846145
0.3934294871794872
0.34134615384615397
0.4046474358974359
0.3669871794871795
0.37419871794871784
0.40384615384615397
