0.2548076923076923
0.25
0.2580128205128205
0.2483974358974359
0.2548076923076923
0.26442307692307687
0.24919871794871784
0.23557692307692313
0.22115384615384626
0.2251602564102564
0.23557692307692313
0.21955128205128216
0.23717948717948723
0.23557692307692313
0.23397435897435903
0.2203525641025641
0.23157051282051277
0.2219551282051282
0.20833333333333348
0.20673076923076916
0.20512820512820507
0.20993589743589758
0.22916666666666652
0.20512820512820507
0.19951923076923084
0.1907051282051282
0.19871794871794868
0.21474358974358965
0.22596153846153855
0.19471153846153832
