0.2764423076923077
0.22435897435897445
0.21794871794871806
0.22275641025641035
0.26442307692307687
0.2435897435897436
0.2451923076923077
0.22115384615384626
0.2235576923076923
0.27403846153846145
0.27403846153846145
0.2716346153846154
0.28685897435897445
0.27884615384615397
0.30368589743589736
0.2892628205128205
0.2483974358974359
0.22275641025641035
0.2964743589743588
0.3301282051282053
0.3125000000000002
0.31810897435897445
0.27884615384615397
0.2483974358974359
0.2764423076923077
0.2716346153846154
0.2780448717948718
0.26762820512820507
0.28044871794871784
0.29166666666666674
