0.44871794871794846
0.4575320512820513
0.4455128205128205
0.45272435897435903
0.4455128205128205
0.4391025641025641
0.4503205128205128
0.45512820512820507
0.4407051282051282
0.45192307692307687
0.4375
0.4439102564102566
0.43269230769230793
0.42548076923076916
0.43269230769230793
0.4198717948717947
0.4342948717948716
0.4166666666666665
0.4238782051282053
0.4375
0.4342948717948716
0.4391025641025641
0.41426282051282026
0.40865384615384603
0.41346153846153855
0.41025641025641035
0.41025641025641035
0.4166666666666665
0.41185897435897445
0.4150641025641024
