0.6762820512820513
0.6458333333333333
0.625
0.5945512820512819
0.6089743589743588
0.5945512820512819
0.6201923076923075
0.625
0.604166666666667
0.6498397435897438
0.6923076923076923
0.6426282051282051
0.6346153846153844
0.6121794871794872
0.6233974358974359
0.6458333333333333
0.6330128205128207
0.5889423076923075
0.5865384615384615
0.6017628205128207
0.5913461538461537
0.5953525641025641
0.5168269230769229
0.47916666666666674
0.46794871794871784
0.4591346153846154
0.44871794871794846
0.4423076923076923
0.43990384615384603
0.4391025641025641
