0.5384615384615385
0.5360576923076923
0.5448717948717949
0.5969551282051282
0.5969551282051282
0.6113782051282051
0.5873397435897436
0.6081730769230769
0.6121794871794872
0.5977564102564104
0.5761217948717949
0.5769230769230769
0.5304487179487181
0.5352564102564101
0.5208333333333333
0.5288461538461537
0.5224358974358974
0.5264423076923077
0.5368589743589742
0.5641025641025643
0.5432692307692308
0.5408653846153846
0.5633012820512822
0.5665064102564104
0.5961538461538463
0.5544871794871793
0.5488782051282048
0.5673076923076925
0.5320512820512822
0.5544871794871793
