-0.4358974358974358
-0.4423076923076923
-0.4326923076923076
-0.43830128205128205
-0.4391025641025641
-0.4439102564102563
-0.4358974358974358
-0.4374999999999999
-0.43669871794871784
-0.43669871794871784
-0.43669871794871784
-0.4455128205128205
-0.43830128205128205
-0.4439102564102563
-0.4439102564102563
-0.4471153846153846
-0.4487179487179487
-0.4471153846153846
-0.4487179487179487
-0.4455128205128205
-0.4423076923076923
-0.44310897435897434
-0.4423076923076923
-0.4423076923076923
-0.4439102564102563
-0.4471153846153846
-0.45352564102564097
-0.4511217948717948
-0.45673076923076916
-0.45192307692307687
