0.3189102564102564
0.3125000000000002
0.299679487179487
0.29807692307692335
0.29807692307692335
0.3189102564102564
0.3221153846153846
0.33333333333333326
0.3205128205128205
0.3221153846153846
0.32932692307692313
0.3269230769230771
0.32932692307692313
0.3237179487179487
0.3125000000000002
0.3173076923076923
0.3405448717948718
0.33493589743589736
0.34375
0.3453525641025641
0.3621794871794872
0.3782051282051284
0.3629807692307694
0.35977564102564097
0.3717948717948718
0.3685897435897436
0.3862179487179487
0.38862179487179493
0.39102564102564097
0.37259615384615397
