0.34294871794871806
0.3373397435897436
0.33814102564102577
0.33333333333333326
0.3373397435897436
0.33333333333333326
0.3509615384615383
0.3637820512820511
0.34294871794871806
0.3701923076923077
0.3733974358974359
0.3517628205128205
0.33814102564102577
0.3613782051282053
0.33974358974358965
0.34615384615384626
0.3469551282051284
0.34294871794871806
0.3405448717948718
0.32932692307692313
0.3373397435897436
0.3405448717948718
0.3613782051282053
0.3541666666666665
0.3517628205128205
0.37900641025641035
0.39903846153846145
0.33253205128205154
0.3509615384615383
0.34455128205128216
