0.2812500000000002
0.2764423076923077
0.27724358974358987
0.27724358974358987
0.2764423076923077
0.2796474358974359
0.27724358974358987
0.2876602564102564
0.27884615384615397
0.28846153846153855
0.30208333333333326
0.3141025641025639
0.30849358974358987
0.30689102564102577
0.3253205128205128
0.3076923076923077
0.29807692307692335
0.29487179487179493
0.28846153846153855
0.3028846153846154
0.31810897435897445
0.3205128205128205
0.3205128205128205
0.34455128205128216
0.3830128205128205
0.32772435897435903
0.32612179487179493
0.3253205128205128
0.3221153846153846
0.3189102564102564
