-0.45192307692307687
-0.45192307692307687
-0.4487179487179487
-0.45352564102564097
-0.4471153846153846
-0.44150641025641024
-0.4439102564102563
-0.44150641025641024
-0.4423076923076923
-0.4407051282051282
-0.4423076923076923
-0.44150641025641024
-0.4407051282051282
-0.4326923076923076
-0.4278846153846153
-0.4294871794871794
-0.4374999999999999
-0.43349358974358976
-0.4391025641025641
-0.4326923076923076
-0.4278846153846153
-0.4246794871794871
-0.4294871794871794
-0.42868589743589736
-0.42708333333333337
-0.423076923076923
-0.4214743589743589
-0.4214743589743589
-0.42387820512820507
-0.42227564102564097
