-0.49919871794871784
-0.5176282051282051
-0.5344551282051282
-0.5320512820512819
-0.516025641025641
-0.5288461538461537
-0.5368589743589742
-0.5192307692307692
-0.5224358974358974
-0.5240384615384615
-0.5184294871794872
-0.5256410256410255
-0.5344551282051282
-0.5176282051282051
-0.5208333333333333
-0.5240384615384615
-0.5304487179487178
-0.5320512820512819
-0.5288461538461537
-0.5416666666666666
-0.5192307692307692
-0.5216346153846154
-0.5128205128205128
-0.5192307692307692
-0.5184294871794872
-0.5192307692307692
-0.5192307692307692
-0.5296474358974359
-0.500801282051282
-0.516025641025641
