-0.09775641025641013
-0.09615384615384615
-0.10096153846153844
-0.10096153846153844
-0.09935897435897434
-0.10496794871794857
-0.10416666666666663
-0.11858974358974361
-0.12339743589743579
-0.12339743589743579
-0.12259615384615374
-0.11538461538461531
-0.1217948717948718
-0.11538461538461531
-0.13301282051282048
-0.13942307692307698
-0.14182692307692302
-0.15705128205128194
-0.16506410256410242
-0.16346153846153844
-0.16987179487179482
-0.1810897435897436
-0.18669871794871795
-0.1778846153846153
-0.19791666666666652
-0.18990384615384603
-0.20833333333333326
-0.21634615384615374
-0.21474358974358976
-0.22435897435897423
