-0.37740384615384615
-0.360576923076923
-0.3701923076923076
-0.375
-0.39102564102564097
-0.34294871794871784
-0.34775641025641024
-0.3669871794871795
-0.3814102564102564
-0.3846153846153846
-0.37099358974358976
-0.38221153846153844
-0.33974358974358976
-0.38221153846153844
-0.39903846153846145
-0.4030448717948717
-0.3862179487179487
-0.3878205128205128
-0.3830128205128205
-0.35416666666666663
-0.3501602564102564
-0.35256410256410253
-0.36778846153846156
-0.39102564102564097
-0.35897435897435903
-0.3357371794871794
-0.3557692307692307
-0.3309294871794871
-0.251602564102564
-0.23798076923076916
