0.20993589743589758
0.24118589743589758
0.2299679487179489
0.21474358974358965
0.21474358974358965
0.20352564102564097
0.21153846153846168
0.20993589743589758
0.23076923076923084
0.23397435897435903
0.23557692307692313
0.2251602564102564
0.2435897435897436
0.23076923076923084
0.22275641025641035
0.20993589743589758
0.25881410256410264
0.25080128205128216
0.23557692307692313
0.23717948717948723
0.3141025641025639
0.3253205128205128
0.32932692307692313
0.33974358974358965
0.3341346153846152
0.32932692307692313
0.3157051282051282
0.30689102564102577
0.32932692307692313
0.32932692307692313
