-0.3060897435897436
-0.2612179487179487
-0.25400641025641024
-0.30528846153846145
-0.2499999999999999
-0.28525641025641024
-0.2548076923076923
-0.27243589743589747
-0.27884615384615385
-0.2860576923076923
-0.2988782051282052
-0.3141025641025641
-0.35256410256410253
-0.3421474358974359
-0.3637820512820512
-0.35897435897435903
-0.345352564102564
-0.298076923076923
-0.27724358974358965
-0.2996794871794872
-0.2996794871794872
-0.28044871794871795
-0.2700320512820512
-0.27083333333333326
-0.26762820512820507
-0.2483974358974359
-0.2748397435897436
-0.2580128205128204
-0.26762820512820507
-0.27724358974358965
