0.41185897435897445
0.4126602564102566
0.4150641025641024
0.42307692307692313
0.3974358974358976
0.4094551282051284
0.40865384615384603
0.40865384615384603
0.4126602564102566
0.39102564102564097
0.39102564102564097
0.3878205128205128
0.3958333333333335
0.3934294871794872
0.3998397435897434
0.3878205128205128
0.3846153846153846
0.40064102564102555
0.4094551282051284
0.3653846153846152
0.39102564102564097
0.3814102564102566
0.3878205128205128
0.375
0.3878205128205128
0.40384615384615397
0.40224358974358965
0.3974358974358976
0.4150641025641024
0.40865384615384603
