0.34775641025641013
0.39102564102564097
0.40544871794871784
0.36057692307692313
0.2972756410256412
0.34935897435897423
0.3966346153846154
0.3541666666666665
0.3509615384615383
0.3541666666666665
0.40544871794871784
0.4310897435897434
0.4559294871794872
0.40625
0.4198717948717947
0.45352564102564097
0.46474358974358987
0.5008012820512819
0.5320512820512822
0.4511217948717947
0.42307692307692313
0.44791666666666674
0.39423076923076916
0.4439102564102566
0.4471153846153848
0.4342948717948716
0.42868589743589736
0.4935897435897436
0.5088141025641024
0.4407051282051282
