0.8493589743589742
0.8493589743589742
0.8533653846153848
0.7900641025641029
0.7548076923076921
0.7884615384615383
0.8806089743589742
0.7884615384615383
0.7548076923076921
0.7556089743589742
0.810096153846154
0.8541666666666667
0.8229166666666665
0.8349358974358974
0.8501602564102566
0.8381410256410258
0.8493589743589742
0.8477564102564104
0.8621794871794872
0.8028846153846154
0.7980769230769231
0.8173076923076923
0.8269230769230769
0.8125
0.8653846153846154
0.8173076923076923
0.8381410256410258
0.8541666666666667
0.872596153846154
0.8197115384615385
