-0.8397435897435896
-0.8229166666666666
-0.7964743589743589
-0.8044871794871795
-0.814102564102564
-0.8181089743589743
-0.8205128205128205
-0.7756410256410255
-0.7636217948717948
-0.7644230769230769
-0.7564102564102564
-0.7676282051282051
-0.7564102564102564
-0.7596153846153846
-0.75
-0.7564102564102564
-0.7644230769230769
-0.7724358974358974
-0.7708333333333333
-0.783653846153846
-0.7964743589743589
-0.8052884615384615
-0.8549679487179487
-0.876602564102564
-0.8966346153846153
-0.9182692307692306
-0.9174679487179487
-0.9182692307692306
-0.907051282051282
-0.8998397435897436
