0.38862179487179493
0.3782051282051284
0.3814102564102566
0.375
0.3701923076923077
0.3822115384615383
0.33173076923076916
0.3125000000000002
0.32932692307692313
0.3733974358974359
0.3301282051282053
0.3509615384615383
0.3685897435897436
0.3541666666666665
0.3782051282051284
0.3862179487179487
0.3822115384615383
0.31169871794871806
0.33653846153846145
0.3221153846153846
0.3701923076923077
0.3830128205128205
0.38942307692307687
0.40064102564102555
0.39022435897435903
0.3357371794871795
0.32932692307692313
0.32772435897435903
0.3173076923076923
0.3092948717948718
