0.3717948717948718
0.3814102564102566
0.40384615384615397
0.4126602564102566
0.41346153846153855
0.3926282051282053
0.40705128205128216
0.40544871794871784
0.39423076923076916
0.38942307692307687
0.38862179487179493
0.3838141025641024
0.3766025641025641
0.38701923076923084
0.3269230769230771
0.28205128205128194
0.2636217948717947
0.2596153846153846
0.2580128205128205
0.2596153846153846
0.2716346153846154
0.27564102564102577
0.26602564102564097
0.28205128205128194
0.2844551282051282
0.2908653846153846
0.28044871794871784
0.2876602564102564
0.2708333333333335
0.262820512820513
