0.37419871794871784
0.42147435897435903
0.3509615384615383
0.3285256410256412
0.375
0.34935897435897423
0.3814102564102566
0.3934294871794872
0.34615384615384626
0.3782051282051284
0.40064102564102555
0.3581730769230771
0.33814102564102577
0.3733974358974359
0.3509615384615383
0.3926282051282053
0.3301282051282053
0.3189102564102564
0.2908653846153846
0.3621794871794872
0.3389423076923077
0.38701923076923084
0.4198717948717947
0.42147435897435903
0.40544871794871784
0.4190705128205128
0.3958333333333335
0.3974358974358976
0.3044871794871795
0.3357371794871795
