0.3092948717948718
0.29166666666666674
0.28205128205128194
0.28205128205128194
0.28365384615384603
0.30048076923076916
0.3189102564102564
0.3044871794871795
0.3125000000000002
0.299679487179487
0.34615384615384626
0.2956730769230771
0.3108974358974359
0.3028846153846154
0.34935897435897423
0.3141025641025639
0.3613782051282053
0.3782051282051284
0.3189102564102564
0.3717948717948718
0.36939102564102555
0.32932692307692313
0.3701923076923077
0.34134615384615397
0.34455128205128216
0.3301282051282053
0.3237179487179487
0.3357371794871795
0.3253205128205128
0.3862179487179487
