-0.04487179487179471
-0.04727564102564097
-0.033653846153846145
-0.054487179487179516
-0.05288461538461542
-0.04086538461538458
-0.039262820512820484
-0.05288461538461542
-0.059294871794871806
-0.0576923076923076
-0.060096153846153855
-0.059294871794871806
-0.07291666666666663
-0.0657051282051282
-0.07291666666666663
-0.07532051282051277
-0.07532051282051277
-0.06410256410256421
-0.08012820512820518
-0.07932692307692313
-0.07532051282051277
-0.07532051282051277
-0.07532051282051277
-0.06971153846153844
-0.06891025641025639
-0.07371794871794868
-0.08493589743589736
-0.08733974358974361
-0.09375
-0.09775641025641013
