-0.7516025641025641
-0.7540064102564101
-0.7451923076923077
-0.7483974358974359
-0.7371794871794871
-0.7179487179487178
-0.7243589743589743
-0.7211538461538461
-0.7275641025641025
-0.7291666666666666
-0.7371794871794871
-0.7532051282051282
-0.7419871794871795
-0.7516025641025641
-0.7556089743589743
-0.7403846153846153
-0.7339743589743588
-0.7387820512820512
-0.7435897435897435
-0.7540064102564101
-0.7796474358974359
-0.7676282051282051
-0.7724358974358974
-0.7516025641025641
-0.7548076923076923
-0.752403846153846
-0.7708333333333333
-0.7644230769230769
-0.7692307692307692
-0.7756410256410255
