0.2171474358974359
0.21634615384615374
0.21955128205128216
0.23557692307692313
0.299679487179487
0.3108974358974359
0.3060897435897436
0.22115384615384626
0.22115384615384626
0.22756410256410264
0.2532051282051282
0.23076923076923084
0.2467948717948718
0.3092948717948718
0.24599358974358987
0.23557692307692313
0.23958333333333326
0.2435897435897436
0.24439102564102577
0.2548076923076923
0.25881410256410264
0.26602564102564097
0.2636217948717947
0.25881410256410264
0.2516025641025641
0.2564102564102564
0.2612179487179489
0.23958333333333326
0.2516025641025641
0.2844551282051282
