-0.4278846153846153
-0.4246794871794871
-0.42227564102564097
-0.4174679487179487
-0.4198717948717948
-0.4174679487179487
-0.4182692307692307
-0.41346153846153844
-0.423076923076923
-0.4182692307692307
-0.42548076923076916
-0.4246794871794871
-0.423076923076923
-0.4310897435897435
-0.4278846153846153
-0.4294871794871794
-0.4358974358974358
-0.43028846153846145
-0.4294871794871794
-0.4294871794871794
-0.4246794871794871
-0.4246794871794871
-0.4342948717948718
-0.4342948717948718
-0.4326923076923076
-0.42548076923076916
-0.42708333333333337
-0.4358974358974358
-0.4374999999999999
-0.4391025641025641
