0.4887820512820511
0.4951923076923077
0.49919871794871806
0.5104166666666667
0.5112179487179487
0.5352564102564101
0.5008012820512819
0.4735576923076923
0.49919871794871806
0.48397435897435925
0.49919871794871806
0.5040064102564104
0.5176282051282053
0.5272435897435899
0.5328525641025643
0.5568910256410255
0.5424679487179487
0.5625
0.5328525641025643
0.5032051282051282
0.5352564102564101
0.5256410256410255
0.5168269230769229
0.5104166666666667
0.5064102564102564
0.5168269230769229
0.5160256410256412
0.5096153846153848
0.502403846153846
0.5144230769230766
