-0.3237179487179487
-0.3044871794871794
-0.3141025641025641
-0.32692307692307687
-0.3108974358974358
-0.3141025641025641
-0.2996794871794872
-0.3108974358974358
-0.3141025641025641
-0.3141025641025641
-0.3044871794871794
-0.3221153846153846
-0.3189102564102564
-0.3237179487179487
-0.2948717948717948
-0.29567307692307687
-0.2964743589743589
-0.2988782051282052
-0.2988782051282052
-0.3141025641025641
-0.30528846153846145
-0.3076923076923077
-0.30689102564102566
-0.2932692307692307
-0.3189102564102564
-0.30689102564102566
-0.3044871794871794
-0.32852564102564097
-0.298076923076923
-0.2828525641025641
