-0.8189102564102564
-0.8333333333333333
-0.8341346153846153
-0.8349358974358974
-0.8381410256410255
-0.844551282051282
-0.844551282051282
-0.8413461538461539
-0.8477564102564102
-0.8493589743589743
-0.8301282051282051
-0.8397435897435896
-0.8365384615384615
-0.8397435897435896
-0.8349358974358974
-0.8381410256410255
-0.8573717948717948
-0.8541666666666665
-0.8573717948717948
-0.8685897435897436
-0.8661858974358974
-0.8653846153846153
-0.8573717948717948
-0.8589743589743589
-0.8621794871794871
-0.8685897435897436
-0.8581730769230769
-0.8381410256410255
-0.8822115384615384
-0.7323717948717948
