0.37099358974358965
0.3701923076923077
0.3653846153846152
0.36939102564102555
0.36057692307692313
0.3373397435897436
0.3501602564102564
0.3669871794871795
0.3565705128205128
0.34455128205128216
0.3621794871794872
0.3565705128205128
0.3581730769230771
0.34615384615384626
0.3501602564102564
0.3389423076923077
0.3485576923076925
0.3453525641025641
0.3453525641025641
0.3509615384615383
0.3533653846153846
0.34775641025641013
0.3541666666666665
0.35897435897435903
0.3469551282051284
0.35576923076923084
0.3541666666666665
0.3533653846153846
0.33974358974358965
0.34615384615384626
