-0.5048076923076923
-0.500801282051282
-0.4967948717948717
-0.4983974358974359
-0.4983974358974359
-0.5048076923076923
-0.502403846153846
-0.5128205128205128
-0.5048076923076923
-0.5224358974358974
-0.5224358974358974
-0.5416666666666666
-0.5320512820512819
-0.5256410256410255
-0.5264423076923077
-0.5224358974358974
-0.5200320512820513
-0.5048076923076923
-0.516025641025641
-0.5208333333333333
-0.5096153846153846
-0.5192307692307692
-0.5224358974358974
-0.5232371794871794
-0.5128205128205128
-0.5208333333333333
-0.5208333333333333
-0.5176282051282051
-0.5232371794871794
-0.5104166666666665
