0.5993589743589745
0.6274038461538463
0.6298076923076925
0.6241987179487181
0.6762820512820513
0.6915064102564101
0.6802884615384615
0.6754807692307692
0.7500000000000002
0.6754807692307692
0.6730769230769231
0.6394230769230769
0.6738782051282051
0.6658653846153846
0.6266025641025641
0.6442307692307694
0.6073717948717949
0.6266025641025641
0.6338141025641026
0.6506410256410258
0.6730769230769231
0.6762820512820513
0.65625
0.6907051282051282
0.6346153846153844
0.6770833333333333
0.6506410256410258
0.6089743589743588
0.6306089743589745
0.7083333333333333
