0.5544871794871793
0.5528846153846156
0.5649038461538463
0.5729166666666667
0.5689102564102562
0.5697115384615388
0.5833333333333335
0.5568910256410255
0.5641025641025643
0.5625
0.577724358974359
0.5528846153846156
0.5633012820512822
0.5360576923076923
0.5552884615384615
0.47435897435897423
0.4951923076923077
0.5224358974358974
0.5048076923076923
0.4735576923076923
0.46794871794871784
0.4695512820512824
0.4719551282051282
0.47756410256410264
0.4887820512820511
0.47596153846153855
0.4967948717948718
0.4855769230769229
0.5336538461538463
0.5168269230769229
