0.39423076923076916
0.40384615384615397
0.40544871794871784
0.3878205128205128
0.38942307692307687
0.3950320512820513
0.3878205128205128
0.3549679487179487
0.3301282051282053
0.3653846153846152
0.3717948717948718
0.40544871794871784
0.3862179487179487
0.3862179487179487
0.3830128205128205
0.36057692307692313
0.3878205128205128
0.3878205128205128
0.3613782051282053
0.3830128205128205
0.37259615384615397
0.3685897435897436
0.3846153846153846
0.3926282051282053
0.3830128205128205
0.3878205128205128
0.4030448717948718
0.3878205128205128
0.39182692307692313
0.39102564102564097
