0.5064102564102564
0.4983974358974361
0.5088141025641024
0.5328525641025643
0.5432692307692308
0.5488782051282048
0.5448717948717949
0.5320512820512822
0.5304487179487181
0.5272435897435899
0.5616987179487181
0.5384615384615385
0.5256410256410255
0.502403846153846
0.515224358974359
0.5304487179487181
0.5600961538461537
0.5753205128205128
0.5865384615384615
0.5913461538461537
0.5432692307692308
0.5272435897435899
0.5288461538461537
0.544070512820513
0.5657051282051282
0.5705128205128205
0.5865384615384615
0.5544871794871793
0.5256410256410255
0.5256410256410255
