-0.5400641025641026
-0.5336538461538461
-0.5320512820512819
-0.5344551282051282
-0.5448717948717948
-0.5512820512820512
-0.547275641025641
-0.5496794871794871
-0.5528846153846153
-0.5520833333333333
-0.5568910256410255
-0.5649038461538461
-0.5705128205128205
-0.5921474358974359
-0.5673076923076923
-0.5608974358974359
-0.5544871794871795
-0.5544871794871795
-0.5568910256410255
-0.5528846153846153
-0.5480769230769231
-0.5416666666666666
-0.546474358974359
-0.5496794871794871
-0.5673076923076923
-0.5673076923076923
-0.5657051282051282
-0.5480769230769231
-0.5504807692307692
-0.5536858974358974
