-0.5080128205128205
-0.5352564102564102
-0.5216346153846154
-0.5048076923076923
-0.5240384615384615
-0.5048076923076923
-0.49759615384615374
-0.4983974358974359
-0.5048076923076923
-0.4983974358974359
-0.5040064102564101
-0.500801282051282
-0.5144230769230769
-0.5040064102564101
-0.5064102564102564
-0.5096153846153846
-0.5392628205128205
-0.502403846153846
-0.4935897435897436
-0.49278846153846145
-0.5016025641025641
-0.4767628205128205
-0.4767628205128205
-0.4871794871794871
-0.4967948717948717
-0.4919871794871794
-0.4967948717948717
-0.502403846153846
-0.5064102564102564
-0.5048076923076923
