-0.27724358974358965
-0.2628205128205128
-0.2660256410256411
-0.2628205128205128
-0.27724358974358965
-0.28365384615384603
-0.28525641025641024
-0.2892628205128205
-0.2876602564102564
-0.27243589743589747
-0.27724358974358965
-0.29567307692307687
-0.29727564102564097
-0.28846153846153844
-0.26762820512820507
-0.27403846153846156
-0.27243589743589747
-0.27564102564102555
-0.26762820512820507
-0.2764423076923076
-0.27083333333333326
-0.2548076923076923
-0.2660256410256411
-0.26682692307692313
-0.25240384615384615
-0.2596153846153846
-0.2628205128205128
-0.2732371794871795
-0.26923076923076916
-0.2548076923076923
