-0.5144230769230769
-0.5128205128205128
-0.5064102564102564
-0.5144230769230769
-0.5184294871794872
-0.5176282051282051
-0.5224358974358974
-0.5264423076923077
-0.5128205128205128
-0.5176282051282051
-0.5224358974358974
-0.5256410256410255
-0.5136217948717949
-0.5192307692307692
-0.5272435897435898
-0.5224358974358974
-0.5208333333333333
-0.5208333333333333
-0.5208333333333333
-0.5288461538461537
-0.5224358974358974
-0.5104166666666665
-0.5112179487179487
-0.5080128205128205
-0.5104166666666665
-0.5336538461538461
-0.5
-0.4887820512820512
-0.5048076923076923
-0.5240384615384615
