-0.5048076923076923
-0.4775641025641024
-0.5224358974358974
-0.5256410256410255
-0.5304487179487178
-0.5288461538461537
-0.5400641025641026
-0.5400641025641026
-0.5048076923076923
-0.5400641025641026
-0.5320512820512819
-0.5432692307692307
-0.5480769230769231
-0.5336538461538461
-0.5432692307692307
-0.5432692307692307
-0.5416666666666666
-0.5432692307692307
-0.516025641025641
-0.5384615384615384
-0.5344551282051282
-0.5208333333333333
-0.5384615384615384
-0.5384615384615384
-0.5400641025641026
-0.5360576923076923
-0.5296474358974359
-0.5416666666666666
-0.5144230769230769
-0.5048076923076923
