0.19711538461538458
0.1842948717948718
0.2516025641025641
0.26682692307692313
0.2123397435897436
0.1842948717948718
0.18830128205128216
0.18990384615384626
0.19711538461538458
0.1875
0.1810897435897436
0.1810897435897436
0.18509615384615397
0.18349358974358965
0.1842948717948718
0.17788461538461542
0.17948717948717952
0.17868589743589736
0.17147435897435903
0.17628205128205132
0.17788461538461542
0.17948717948717952
0.1842948717948718
0.1810897435897436
0.1826923076923077
0.1875
0.20032051282051277
0.1923076923076923
0.1875
0.1891025641025641
