0.33653846153846145
0.34134615384615397
0.34615384615384626
0.33814102564102577
0.34775641025641013
0.3341346153846152
0.34375
0.33493589743589736
0.3205128205128205
0.33333333333333326
0.34375
0.33814102564102577
0.3173076923076923
0.33814102564102577
0.34455128205128216
0.33974358974358965
0.32932692307692313
0.32932692307692313
0.33814102564102577
0.34134615384615397
0.3509615384615383
0.33173076923076916
0.33173076923076916
0.33333333333333326
0.33173076923076916
0.3189102564102564
0.31650641025641013
0.31490384615384603
0.29887820512820507
0.3157051282051282
