0.5160256410256412
0.5160256410256412
0.5136217948717949
0.5080128205128205
0.5096153846153848
0.5048076923076923
0.5144230769230766
0.5040064102564104
0.5064102564102564
0.5016025641025643
0.4919871794871795
0.4951923076923077
0.49919871794871806
0.5048076923076923
0.5040064102564104
0.502403846153846
0.4999999999999998
0.5032051282051282
0.4935897435897436
0.4887820512820511
0.4903846153846154
0.48477564102564097
0.47916666666666674
0.48397435897435925
0.47916666666666674
0.46634615384615374
0.4559294871794872
0.4615384615384617
0.45673076923076916
0.45993589743589736
