0.0625
0.06490384615384626
0.054487179487179516
0.04166666666666674
0.04326923076923084
0.0328525641025641
0.033653846153846256
0.03685897435897445
0.040064102564102644
0.03685897435897445
0.04166666666666674
0.03846153846153855
0.0424679487179489
0.04166666666666674
0.048878205128205066
0.03766025641025639
0.03846153846153855
0.03685897435897445
0.024038461538461675
0.03125
0.028846153846153744
0.030448717948718063
0.028044871794871806
0.034455128205128194
0.04567307692307687
0.03525641025641035
0.04647435897435903
0.040064102564102644
0.054487179487179516
0.05288461538461542
