0.3541666666666665
0.35576923076923084
0.34455128205128216
0.3782051282051284
0.35897435897435903
0.4615384615384617
0.42147435897435903
0.37419871794871784
0.3669871794871795
0.43269230769230793
0.46794871794871784
0.4110576923076923
0.49759615384615397
0.3998397435897434
0.577724358974359
0.5576923076923077
0.4823717948717947
0.53125
0.5993589743589745
0.5785256410256412
0.47596153846153855
0.4575320512820513
0.47115384615384603
0.4270833333333335
0.4423076923076923
0.46474358974358987
0.37980769230769207
0.41025641025641035
0.4110576923076923
0.3637820512820511
