0.7467948717948718
0.7467948717948718
0.7772435897435896
0.8317307692307692
0.7892628205128203
0.7836538461538463
0.7836538461538463
0.7676282051282053
0.7612179487179487
0.7516025641025641
0.7764423076923077
0.7708333333333335
0.7644230769230771
0.7908653846153846
0.7852564102564104
0.7724358974358974
0.7724358974358974
0.7724358974358974
0.7307692307692308
0.7347756410256407
0.7612179487179487
0.7612179487179487
0.7596153846153846
0.7764423076923077
0.7860576923076921
0.7948717948717947
0.7916666666666665
0.7716346153846152
0.7900641025641029
0.7588141025641026
