-0.34294871794871784
-0.42708333333333337
-0.4198717948717948
-0.4182692307692307
-0.41185897435897434
-0.3998397435897435
-0.39903846153846145
-0.41025641025641013
-0.423076923076923
-0.41025641025641013
-0.4246794871794871
-0.4158653846153846
-0.4046474358974359
-0.42227564102564097
-0.41185897435897434
-0.4174679487179487
-0.4246794871794871
-0.4246794871794871
-0.4342948717948718
-0.4455128205128205
-0.4487179487179487
-0.45673076923076916
-0.46153846153846145
-0.46314102564102555
-0.45192307692307687
-0.4839743589743589
-0.4775641025641024
-0.4735576923076923
-0.4655448717948717
-0.48477564102564097
