0.5432692307692308
0.5536858974358974
0.5544871794871793
0.5352564102564101
0.5376602564102564
0.5328525641025643
0.5168269230769229
0.5096153846153848
0.5160256410256412
0.5144230769230766
0.5176282051282053
0.5144230769230766
0.5657051282051282
0.5969551282051282
0.5921474358974359
0.5969551282051282
0.5977564102564104
0.6033653846153846
0.6025641025641024
0.5817307692307694
0.5641025641025643
0.5753205128205128
0.5657051282051282
0.577724358974359
0.5520833333333333
0.5400641025641024
0.5448717948717949
0.5240384615384617
0.5160256410256412
0.5080128205128205
