-0.375
-0.38942307692307687
-0.35897435897435903
-0.32692307692307687
-0.34455128205128194
-0.360576923076923
-0.3405448717948718
-0.3237179487179487
-0.30368589743589736
-0.3309294871794871
-0.4110576923076922
-0.4014423076923077
-0.34935897435897434
-0.35416666666666663
-0.3621794871794871
-0.4182692307692307
-0.42387820512820507
-0.39903846153846145
-0.3798076923076923
-0.4046474358974359
-0.4326923076923076
-0.42708333333333337
-0.40705128205128205
-0.4246794871794871
-0.423076923076923
-0.4278846153846153
-0.44471153846153844
-0.4310897435897435
-0.39423076923076916
-0.36778846153846156
