0.5625
0.5673076923076925
0.5801282051282051
0.5705128205128205
0.5681089743589742
0.5865384615384615
0.5977564102564104
0.5889423076923075
0.5961538461538463
0.6266025641025641
0.6546474358974357
0.6177884615384617
0.6169871794871795
0.6434294871794872
0.604166666666667
0.5753205128205128
0.5737179487179487
0.5737179487179487
0.5881410256410255
0.5945512820512819
0.5665064102564104
0.5641025641025643
0.5641025641025643
0.5528846153846156
0.5496794871794874
0.5592948717948718
0.5496794871794874
0.5288461538461537
0.5448717948717949
0.5689102564102562
