-0.8701923076923076
-0.8693910256410255
-0.8798076923076923
-0.891025641025641
-0.8974358974358974
-0.8974358974358974
-0.8974358974358974
-0.9054487179487178
-0.9022435897435896
-0.90625
-0.9102564102564101
-0.9046474358974358
-0.9054487179487178
-0.9022435897435896
-0.9118589743589742
-0.9086538461538461
-0.9094551282051282
-0.9150641025641025
-0.9166666666666666
-0.9182692307692306
-0.9238782051282051
-0.9150641025641025
-0.9214743589743589
-0.9198717948717949
-0.9166666666666666
-0.9198717948717949
-0.9246794871794871
-0.9294871794871794
-0.9310897435897435
-0.9342948717948718
