0.4919871794871795
0.4903846153846154
0.481570512820513
0.481570512820513
0.47756410256410264
0.4919871794871795
0.46314102564102577
0.46634615384615374
0.46794871794871784
0.4583333333333335
0.45352564102564097
0.4302884615384617
0.43509615384615374
0.45192307692307687
0.4511217948717947
0.4358974358974359
0.42147435897435903
0.4030448717948718
0.3958333333333335
0.3998397435897434
0.4014423076923077
0.4030448717948718
0.42307692307692313
0.42147435897435903
0.40865384615384603
0.3958333333333335
0.40544871794871784
0.4126602564102566
0.3926282051282053
0.3926282051282053
