0.20833333333333348
0.20833333333333348
0.19951923076923084
0.19791666666666674
0.19791666666666674
0.1939102564102564
0.19150641025641035
0.1858974358974359
0.1891025641025641
0.1891025641025641
0.18990384615384626
0.19471153846153832
0.1939102564102564
0.17467948717948723
0.19631410256410242
0.19791666666666674
0.20673076923076916
0.19871794871794868
0.16826923076923084
0.16025641025641035
0.16987179487179493
0.16746794871794868
0.16025641025641035
0.16826923076923084
0.16346153846153832
0.16586538461538458
0.17307692307692313
0.1826923076923077
0.19871794871794868
0.1907051282051282
