0.6153846153846154
0.5368589743589742
0.5160256410256412
0.5240384615384617
0.5705128205128205
0.5697115384615388
0.5424679487179487
0.5512820512820511
0.5288461538461537
0.534455128205128
0.5681089743589742
0.5929487179487181
0.5801282051282051
0.6330128205128207
0.6378205128205128
0.5913461538461537
0.6225961538461537
0.5817307692307694
0.5649038461538463
0.5737179487179487
0.5528846153846156
0.5673076923076925
0.5769230769230769
0.5576923076923077
0.5616987179487181
0.5769230769230769
0.5641025641025643
0.5697115384615388
0.5633012820512822
0.5568910256410255
