-0.033653846153846145
0.0032051282051281937
0.0064102564102563875
0.008012820512820706
0.004807692307692291
-0.012820512820512886
-0.027243589743589758
-0.024038461538461564
-0.034455128205128194
-0.02564102564102566
-0.033653846153846145
-0.009615384615384581
-0.011217948717948789
-0.012820512820512886
-0.014423076923076872
0.012019230769230838
0.008814102564102422
-0.01522435897435892
-0.03044871794871784
-0.019230769230769273
-0.028044871794871806
-0.012820512820512886
-0.012019230769230616
-0.004006410256410353
0.004807692307692291
-0.012820512820512886
0.017628205128205288
-0.014423076923076872
-0.014423076923076872
-0.009615384615384581
