0.7131410256410258
0.716346153846154
0.7187500000000002
0.7243589743589745
0.7451923076923077
0.7307692307692308
0.7179487179487181
0.7427884615384615
0.7708333333333335
0.7524038461538463
0.7299679487179489
0.7355769230769231
0.7419871794871795
0.7564102564102564
0.716346153846154
0.7147435897435896
0.6963141025641026
0.7003205128205128
0.7099358974358976
0.705929487179487
0.7091346153846152
0.7251602564102564
0.7051282051282051
0.7299679487179489
0.716346153846154
0.7035256410256412
0.7051282051282051
0.7019230769230771
0.7035256410256412
0.7051282051282051
