-0.4783653846153846
-0.46634615384615385
-0.4919871794871794
-0.5096153846153846
-0.49439102564102566
-0.4807692307692307
-0.485576923076923
-0.49278846153846145
-0.4358974358974358
-0.4262820512820513
-0.39743589743589747
-0.41506410256410253
-0.41185897435897434
-0.4246794871794871
-0.43349358974358976
-0.4182692307692307
-0.4358974358974358
-0.47435897435897434
-0.47916666666666663
-0.4863782051282052
-0.4807692307692307
-0.48477564102564097
-0.4839743589743589
-0.5496794871794871
-0.546474358974359
-0.5584935897435896
-0.5592948717948718
-0.5560897435897436
-0.547275641025641
-0.5416666666666666
