-0.5833333333333333
-0.5841346153846154
-0.5929487179487178
-0.5873397435897436
-0.5857371794871795
-0.5881410256410255
-0.5769230769230769
-0.5753205128205128
-0.5865384615384615
-0.5857371794871795
-0.5913461538461537
-0.5849358974358974
-0.5801282051282051
-0.5737179487179487
-0.5737179487179487
-0.5801282051282051
-0.5737179487179487
-0.5817307692307692
-0.5689102564102564
-0.5737179487179487
-0.5721153846153846
-0.577724358974359
-0.5753205128205128
-0.5689102564102564
-0.5665064102564102
-0.5657051282051282
-0.5657051282051282
-0.5665064102564102
-0.5608974358974359
-0.5592948717948718
