0.25
0.26762820512820507
0.27403846153846145
0.25560897435897445
0.2451923076923077
0.2548076923076923
0.27243589743589736
0.2636217948717947
0.2564102564102564
0.28525641025641013
0.26762820512820507
0.2516025641025641
0.23958333333333326
0.23958333333333326
0.23637820512820507
0.26442307692307687
0.26442307692307687
0.26682692307692313
0.23157051282051277
0.25560897435897445
0.23237179487179493
0.24038461538461542
0.2516025641025641
0.2532051282051282
0.2548076923076923
0.2748397435897436
0.23717948717948723
0.2636217948717947
0.24599358974358987
0.2620192307692306
