0.6939102564102564
0.6875000000000002
0.6923076923076923
0.6778846153846154
0.6698717948717952
0.6482371794871795
0.6346153846153844
0.6442307692307694
0.6650641025641026
0.6730769230769231
0.6458333333333333
0.6426282051282051
0.6426282051282051
0.6330128205128207
0.6490384615384615
0.6274038461538463
0.6426282051282051
0.6306089743589745
0.6153846153846154
0.6306089743589745
0.6362179487179489
0.6282051282051282
0.6306089743589745
0.6306089743589745
0.6378205128205128
0.6434294871794872
0.6314102564102564
0.6201923076923075
0.6185897435897438
0.6418269230769231
