-0.423076923076923
-0.41666666666666663
-0.4278846153846153
-0.423076923076923
-0.423076923076923
-0.4190705128205128
0.7628205128205128
0.8349358974358974
0.8453525641025641
0.8541666666666667
0.8541666666666667
0.8509615384615385
0.7884615384615383
0.8052884615384617
0.8229166666666665
0.8125
0.8389423076923079
0.766025641025641
0.7932692307692308
0.7956730769230769
0.7580128205128205
0.7508012820512822
0.7676282051282053
0.7892628205128203
0.7644230769230771
0.7251602564102564
0.7379807692307694
0.7596153846153846
0.7243589743589745
0.7355769230769231
