0.23717948717948723
0.21634615384615374
0.2435897435897436
0.21153846153846168
0.26762820512820507
0.21955128205128216
0.2299679487179489
0.2516025641025641
0.25881410256410264
0.2467948717948718
0.28525641025641013
0.23717948717948723
0.21794871794871806
0.22435897435897445
0.29006410256410264
0.28846153846153855
0.23397435897435903
0.29487179487179493
0.2964743589743588
0.29166666666666674
0.30528846153846145
0.32932692307692313
0.262820512820513
0.27403846153846145
0.26923076923076916
0.31810897435897445
0.3173076923076923
0.3285256410256412
0.3141025641025639
0.33173076923076916
