0.6714743589743588
0.6907051282051282
0.6650641025641026
0.6057692307692306
0.6209935897435896
0.515224358974359
0.5352564102564101
0.5825320512820513
0.546474358974359
0.5296474358974361
0.5368589743589742
0.5528846153846156
0.5520833333333333
0.5368589743589742
0.5801282051282051
0.6121794871794872
0.5825320512820513
0.6153846153846154
0.5448717948717949
0.4951923076923077
0.49599358974358987
0.5192307692307692
0.5384615384615385
0.5320512820512822
0.5608974358974359
0.5801282051282051
0.5785256410256412
0.6081730769230769
0.5809294871794872
0.5833333333333335
