0.8477564102564104
0.8445512820512822
0.8453525641025641
0.8333333333333335
0.8517628205128205
0.8389423076923079
0.8213141025641026
0.8621794871794872
0.8798076923076923
0.9158653846153846
0.9286858974358974
0.887820512820513
0.8381410256410258
0.8341346153846154
0.858974358974359
0.8429487179487178
0.8349358974358974
0.8237179487179487
0.8317307692307692
0.8237179487179487
0.8365384615384617
0.8397435897435896
0.8229166666666665
0.8157051282051282
0.8237179487179487
0.8092948717948716
0.8028846153846154
0.7980769230769231
0.7884615384615383
0.7820512820512822
