-0.6121794871794871
-0.6041666666666666
-0.6049679487179487
-0.6169871794871794
-0.6169871794871794
-0.6346153846153846
-0.6490384615384615
-0.6458333333333333
-0.6650641025641025
-0.6778846153846154
-0.6810897435897436
-0.6794871794871794
-0.6506410256410255
-0.6354166666666666
-0.6266025641025641
-0.625
-0.625
-0.6233974358974359
-0.6177884615384615
-0.6121794871794871
-0.6121794871794871
-0.6089743589743589
-0.6121794871794871
-0.6169871794871794
-0.6298076923076923
-0.6137820512820512
-0.6081730769230769
-0.6129807692307692
-0.6153846153846154
-0.6081730769230769
