0.32932692307692313
0.3405448717948718
0.40544871794871784
0.3926282051282053
0.36618589743589736
0.40705128205128216
0.40384615384615397
0.32932692307692313
0.39823717948717974
0.34134615384615397
0.32932692307692313
0.41346153846153855
0.3814102564102566
0.43269230769230793
0.36939102564102555
0.34775641025641013
0.37900641025641035
0.40384615384615397
0.3717948717948718
0.3998397435897434
0.31810897435897445
0.3878205128205128
0.4391025641025641
0.34615384615384626
0.330929487179487
0.35897435897435903
0.36939102564102555
0.31810897435897445
0.3189102564102564
0.3108974358974359
