-0.36778846153846156
-0.376602564102564
-0.376602564102564
-0.37259615384615374
-0.3830128205128205
-0.32532051282051266
-0.34775641025641024
-0.35416666666666663
-0.3717948717948718
-0.3509615384615383
-0.35897435897435903
-0.3902243589743589
-0.3557692307692307
-0.3549679487179487
-0.3389423076923077
-0.33814102564102555
-0.3669871794871795
-0.3389423076923077
-0.33333333333333337
-0.32612179487179493
-0.31330128205128205
-0.3173076923076922
-0.34134615384615385
-0.32692307692307687
-0.33333333333333337
-0.3549679487179487
-0.35977564102564097
-0.3573717948717948
-0.3557692307692307
-0.3389423076923077
