-0.5192307692307692
-0.5224358974358974
-0.5288461538461537
-0.5272435897435898
-0.5320512820512819
-0.5208333333333333
-0.5272435897435898
-0.5144230769230769
-0.516025641025641
-0.5128205128205128
-0.5192307692307692
-0.5120192307692307
-0.5240384615384615
-0.5224358974358974
-0.5208333333333333
-0.5144230769230769
-0.5016025641025641
-0.5192307692307692
-0.5048076923076923
-0.4903846153846153
-0.5208333333333333
-0.5128205128205128
-0.5032051282051282
-0.49439102564102566
-0.49599358974358965
-0.5032051282051282
-0.5112179487179487
-0.5120192307692307
-0.5200320512820513
-0.5048076923076923
