-0.3782051282051282
-0.38060897435897434
-0.39262820512820507
-0.3862179487179487
-0.40224358974358965
-0.40064102564102566
-0.3669871794871795
-0.34775641025641024
-0.3846153846153846
-0.39102564102564097
-0.40705128205128205
-0.39262820512820507
-0.3862179487179487
-0.35817307692307687
-0.35416666666666663
-0.32692307692307687
-0.34775641025641024
-0.3373397435897435
-0.3317307692307693
-0.3141025641025641
-0.3653846153846153
-0.35416666666666663
-0.3685897435897435
-0.3421474358974359
-0.33974358974358976
-0.35256410256410253
-0.37099358974358976
-0.39903846153846145
-0.35817307692307687
-0.3669871794871795
