0.8269230769230769
0.8397435897435896
0.7516025641025641
0.7227564102564101
0.7067307692307692
0.6995192307692308
0.7131410256410258
0.705929487179487
0.6931089743589745
0.6979166666666667
0.7067307692307692
0.7243589743589745
0.7083333333333333
0.6995192307692308
0.6955128205128205
0.6858974358974357
0.7027243589743588
0.7099358974358976
0.7051282051282051
0.6979166666666667
0.6971153846153846
0.7091346153846152
0.7139423076923077
0.684294871794872
0.6658653846153846
0.6786858974358976
0.7099358974358976
0.7548076923076921
0.7491987179487178
0.7195512820512822
