-1.0	-10.65	4.254	0.0	24.658	-11.689	0.0	1.869	77.786	-7.36	-8.775	3.722	69.379	31.996	-6.843	0.0	3.671	106.944	-1.0	-5.4	0.0	0.0	23.714	-18.102	0.0	1.525	87.958	-6.58	-6.775	0.0	70.423	0.0	-6.945	0.0	1.617	66.937	-7.08	-5.088	0.0	74.651	2.573	-1.0	36.8	0.0	60.059	-7.58	-4.838	0.0	69.927	0.0	0.0	0.0	1.257	63.159	-6.39	-5.65	4.254	70.731	5.842	-1.0	0.2	0.0	48.725	-6.74	-4.025	0.0	70.636	27.491	-10.149	0.4	0.0	34.195	-6.84	-5.713	0.0	70.001	20.081	0.0	0.2	0.0	0.484	-7.2	-7.713	0.0	72.244	11.944	-22.009	0.0	0.0	105.588	-6.44
-1.0	-10.338	3.19	0.0	24.295	-11.675	0.0	1.877	107.622	-7.4	-8.65	1.063	69.396	32.867	-6.794	0.0	3.914	105.685	-1.0	-5.463	0.0	0.0	23.133	-18.464	0.0	1.659	53.569	-6.5	-6.338	0.0	70.856	0.0	-7.464	0.0	1.567	63.256	-7.1	-5.088	0.0	74.033	3.227	-1.0	36.8	0.0	75.074	-7.58	-4.9	0.0	70.074	0.0	0.0	0.0	0.989	51.632	-6.4	-5.65	3.722	70.999	5.915	-1.0	0.2	1.039	43.785	-6.76	-3.9	0.0	72.504	27.637	-10.196	0.4	0.0	47.369	-6.84	-5.713	0.0	69.581	20.88	0.0	0.2	1.19	11.915	-7.16	-7.588	0.0	72.541	11.654	-1.0	0.0	0.0	104.91	-6.46
-1.0	-10.15	3.19	0.0	24.658	-11.807	0.0	1.735	86.698	-7.4	-8.713	0.532	69.865	31.778	-6.848	0.0	3.813	99.97	-1.0	-5.4	0.0	0.0	23.568	-18.572	0.0	2.145	55.216	-6.52	-6.525	0.0	71.828	0.0	-6.949	0.0	1.475	66.84	-7.08	-5.088	0.0	74.392	2.355	-1.0	36.8	1.282	74.202	-7.62	-4.963	0.0	70.898	0.0	0.0	0.0	1.148	55.313	-6.44	-5.713	3.19	72.811	5.769	-1.0	0.2	1.341	33.13	-6.84	-4.025	0.0	71.251	27.637	-10.149	0.4	0.0	43.591	-6.84	-5.65	0.0	70.198	20.299	0.0	0.2	1.265	11.14	-7.18	-7.65	0.0	72.513	11.872	-21.444	0.0	0.0	102.488	-6.44
-1.0	-10.4	3.19	0.0	24.367	-11.51	0.0	1.835	99.873	-7.47	-8.713	0.0	70.145	32.286	-6.775	0.0	4.056	114.113	-1.0	-5.713	0.0	0.0	22.987	-18.598	0.0	1.819	63.74	-6.6	-6.713	0.0	72.078	0.0	-6.927	0.0	2.112	50.469	-7.11	-5.15	0.0	75.582	2.936	-1.0	36.8	1.282	66.162	-7.66	-4.775	0.0	71.084	0.0	0.0	0.0	1.098	43.882	-6.56	-5.713	2.659	73.863	5.987	-1.0	0.2	1.006	47.369	-6.84	-4.275	0.0	72.198	27.273	-10.183	0.4	1.106	28.383	-6.96	-5.963	0.0	71.081	20.299	0.0	0.2	1.492	19.665	-7.16	-7.588	0.0	73.474	12.09	-22.201	0.0	0.0	96.579	-6.55
-1.0	-10.275	2.659	0.0	24.15	-11.474	0.0	2.045	88.733	-7.64	-9.088	0.0	71.718	32.359	-6.819	0.0	3.696	94.351	-1.0	-5.65	0.0	0.0	23.859	-18.518	0.0	1.936	54.441	-6.65	-6.9	0.0	71.922	0.0	-6.98	0.0	1.508	55.991	-7.2	-5.4	0.0	76.375	2.355	-1.0	36.8	1.408	76.237	-7.72	-4.775	0.0	70.975	0.0	0.0	0.0	1.911	54.538	-6.62	-5.775	2.127	74.183	5.697	-1.0	0.2	1.224	36.229	-6.84	-4.15	0.0	71.641	27.637	-10.134	0.4	0.0	28.77	-6.98	-6.025	0.0	70.808	20.299	0.0	0.2	1.332	13.562	-7.2	-7.775	0.0	73.751	12.09	-21.912	0.0	0.0	89.411	-6.55
-1.0	-10.525	1.063	0.0	24.15	-11.292	0.0	2.179	81.661	-7.47	-8.588	3.19	70.513	32.359	-6.769	0.0	4.19	103.457	-1.0	-5.713	0.0	0.0	22.987	-18.692	0.0	2.388	68.584	-6.68	-6.963	0.0	73.671	0.0	-6.9	0.0	1.425	56.088	-7.06	-5.15	0.0	73.875	3.227	-1.0	37.2	1.542	66.937	-7.72	-4.9	0.0	71.266	0.0	0.0	0.0	1.265	62.675	-6.64	-5.713	2.659	73.917	5.551	-1.0	0.2	1.148	41.751	-6.88	-4.15	0.0	73.294	27.564	-10.042	0.4	0.0	28.286	-7.04	-6.088	0.0	71.357	20.59	0.0	0.2	1.048	2.228	-7.18	-7.713	0.0	72.248	11.799	-22.089	0.0	0.0	92.026	-6.62
-1.0	-10.338	3.19	0.0	24.731	-11.168	0.0	2.346	70.231	-7.5	-8.9	0.0	69.771	32.214	-6.869	0.0	4.701	97.257	-1.0	-5.713	0.0	0.0	23.133	-18.692	0.0	2.078	86.02	-6.74	-6.963	0.0	72.869	0.0	-7.405	0.0	1.475	66.743	-7.08	-5.4	0.0	73.586	2.573	-1.0	37.4	1.567	74.687	-7.76	-4.65	0.0	71.645	0.0	0.0	0.0	0.0	68.293	-6.57	-5.838	1.595	72.76	5.987	-1.0	0.2	0.0	42.041	-6.84	-4.15	0.0	72.149	27.273	-10.263	0.4	0.0	55.022	-7.06	-6.15	0.0	70.938	20.953	0.0	0.2	0.0	0.387	-7.28	-7.838	0.0	72.131	11.944	-22.057	0.0	0.955	105.491	-6.68
-1.0	-10.713	2.659	0.0	24.658	-11.522	0.0	2.07	81.564	-7.52	-8.9	0.532	69.914	32.359	-6.805	0.0	3.93	97.838	-1.0	-5.713	0.0	0.0	22.479	-18.881	0.0	1.282	84.955	-6.54	-6.9	0.0	71.654	0.0	-6.905	0.0	1.483	63.837	-7.12	-4.963	0.0	74.265	3.009	-1.0	37.4	1.324	83.986	-7.72	-4.838	0.0	70.731	0.0	0.0	0.0	0.0	68.1	-6.62	-5.713	1.595	72.388	6.06	-1.0	0.2	0.0	56.378	-6.84	-4.15	0.0	70.812	27.637	-10.134	0.4	0.0	35.067	-7.06	-6.15	0.0	70.816	20.009	0.0	0.2	0.0	2.034	-7.26	-7.713	0.0	72.448	11.872	-22.089	0.0	1.257	101.326	-6.54
-1.0	-11.088	0.0	0.0	24.367	-11.322	0.0	1.927	91.736	-7.52	-9.025	0.0	69.668	32.286	-6.788	0.0	3.989	100.357	-1.0	-5.775	0.0	0.0	22.987	-18.773	0.0	2.028	53.569	-6.58	-6.9	0.0	71.036	0.0	-6.905	0.0	1.634	70.521	-7.06	-5.275	0.0	74.609	3.227	-1.0	37.4	1.022	65.097	-7.7	-5.025	0.0	70.564	0.0	0.0	0.0	1.609	62.481	-6.52	-5.713	2.127	71.852	5.697	-1.0	0.2	1.366	29.642	-6.84	-3.962	0.0	70.64	27.637	-10.22	0.4	0.0	66.84	-7.03	-5.963	0.0	70.086	20.88	0.0	0.2	0.0	33.614	-7.26	-7.838	0.0	71.53	11.872	-21.896	0.0	0.0	88.636	-6.54
-1.0	-10.338	0.532	0.0	24.44	-11.57	0.0	2.145	81.177	-7.53	-9.213	0.0	69.617	32.359	-6.796	0.0	3.779	94.932	-1.0	-5.713	0.0	0.0	23.423	-18.976	0.0	1.81	69.359	-6.63	-6.963	0.0	71.927	0.0	-6.885	0.0	1.517	56.572	-7.08	-5.4	0.0	73.491	2.427	-1.0	37.4	1.534	64.806	-7.7	-5.025	0.0	70.32	0.0	0.0	0.0	1.173	68.584	-6.83	-5.963	1.595	73.948	6.132	-1.0	0.2	0.0	36.229	-6.84	-3.9	0.0	70.91	27.564	-10.196	0.4	0.0	59.575	-7.04	-6.15	0.0	69.961	20.299	0.0	0.2	0.0	30.03	-7.24	-7.713	0.0	72.452	11.508	-1.0	0.0	0.0	99.001	-6.54
-1.0	-10.65	1.063	0.0	24.803	-11.478	0.0	1.994	104.426	-7.34	-8.9	0.0	67.587	32.286	-6.89	0.0	4.408	104.329	-1.0	-5.588	0.0	0.0	23.278	-19.004	0.0	1.71	86.698	-6.76	-7.275	0.0	73.008	0.0	-6.891	0.0	1.307	68.874	-7.12	-5.025	0.0	73.934	2.645	-1.0	37.6	1.148	74.59	-7.72	-5.088	0.0	70.95	0.0	0.0	0.0	0.98	56.475	-6.83	-5.963	0.532	74.185	5.697	-1.0	0.2	0.0	44.076	-6.84	-4.213	0.0	69.779	27.419	-10.191	0.4	0.0	80.499	-7.09	-6.15	0.0	70.296	21.098	0.0	0.2	0.955	28.77	-7.24	-7.9	0.0	72.644	11.944	-22.041	0.0	0.0	100.841	-6.72
-1.0	-10.088	0.0	0.0	24.513	-11.396	0.0	2.229	109.075	-7.3	-8.838	0.0	66.483	32.432	-6.838	0.0	4.584	117.697	-7.18	-5.713	0.0	68.17	23.205	-19.165	0.0	1.944	69.649	-6.78	-7.213	0.0	71.944	0.0	-6.874	0.0	1.743	63.934	-7.11	-5.275	0.0	73.508	3.154	-1.0	37.8	1.031	72.168	-7.74	-4.838	0.0	70.751	0.0	0.0	0.0	0.0	72.071	-6.84	-6.15	1.595	74.561	5.987	-1.0	0.2	0.0	56.475	-6.84	-3.962	0.0	71.154	27.637	-10.188	0.4	0.0	76.915	-7.06	-6.025	0.0	69.933	20.299	0.0	0.2	0.0	65.581	-7.24	-8.025	0.0	71.267	12.162	-21.929	0.0	0.989	113.047	-6.72
-1.0	-10.338	1.063	0.0	24.803	-11.729	0.0	2.422	87.473	-7.44	-8.775	0.0	67.844	32.359	-6.836	0.0	4.416	106.654	-7.19	-5.775	0.0	70.054	23.35	-19.34	0.0	1.643	90.67	-6.84	-7.275	0.0	72.8	0.0	-6.876	0.0	1.81	71.102	-7.16	-5.9	0.0	73.45	2.573	-1.0	38.0	1.064	74.493	-7.8	-5.025	0.0	71.395	0.0	0.0	0.0	1.215	59.962	-6.84	-6.088	7.444	73.327	5.769	-1.0	0.2	0.0	59.478	-6.86	-4.213	0.0	71.223	27.273	-10.159	0.4	0.0	82.921	-7.1	-6.088	0.0	69.85	19.863	0.0	0.2	0.0	68.003	-7.24	-7.838	0.0	73.219	11.872	-21.814	0.0	0.0	109.075	-6.78
-1.0	-10.275	0.0	0.0	24.585	-11.423	0.0	2.062	89.605	-7.45	-8.775	0.0	68.168	32.214	-6.85	0.0	3.897	102.391	-7.24	-5.838	0.0	68.757	23.205	-22.582	0.0	1.927	95.417	-6.82	-7.088	0.0	71.693	0.0	-6.891	0.0	1.793	88.248	-7.22	-5.275	0.0	74.574	3.154	-1.0	38.4	0.0	75.074	-7.84	-5.275	0.0	71.144	0.0	0.0	0.0	1.182	56.184	-6.84	-5.963	0.532	73.374	5.624	-1.0	0.2	0.0	65.678	-6.86	-4.213	0.0	71.223	27.564	-10.191	0.4	0.0	95.029	-7.14	-6.4	0.0	70.384	20.227	0.0	0.2	0.0	67.421	-7.36	-8.275	0.0	73.026	12.017	-21.946	0.0	0.0	109.172	-6.76
-1.0	-10.525	2.659	0.0	24.731	-11.443	0.0	2.078	87.473	-7.46	-8.9	0.0	67.891	32.286	-6.848	0.0	4.333	97.451	-7.22	-5.775	0.0	68.037	23.133	-19.624	0.0	2.112	86.989	-6.76	-6.963	0.0	72.96	0.0	-6.816	0.0	1.559	82.63	-7.2	-5.4	0.0	73.917	2.5	-1.0	38.6	0.0	65.968	-7.76	-4.963	0.0	69.842	0.0	0.0	0.0	0.0	79.24	-6.84	-6.15	1.595	74.443	5.769	-1.0	0.2	0.0	65.484	-6.88	-4.213	0.0	70.657	27.564	-9.916	0.4	0.0	85.827	-7.11	-6.025	0.0	69.873	20.808	0.0	0.2	0.0	69.552	-7.31	-8.088	0.0	71.471	11.799	-21.994	0.0	0.0	108.688	-6.83
-1.0	-10.525	0.532	0.0	24.367	-11.392	0.0	2.606	75.171	-7.47	-8.838	0.532	68.463	32.359	-6.845	0.0	4.316	100.841	-1.0	-5.9	0.0	0.0	22.915	-19.595	0.0	2.254	84.18	-6.83	-7.275	0.0	72.32	0.0	-6.914	0.0	1.525	69.94	-7.23	-5.213	0.0	73.721	2.427	-1.0	38.6	1.14	71.393	-7.8	-5.025	0.0	70.349	0.0	0.0	0.0	0.0	79.336	-6.84	-6.088	0.0	74.325	5.987	-1.0	0.2	0.0	65.678	-6.84	-4.275	0.0	70.272	27.709	-9.768	0.4	0.0	110.916	-7.12	-5.963	0.0	70.044	20.372	0.0	0.2	0.0	69.262	-7.52	-8.088	0.0	71.719	11.654	-21.994	0.0	1.19	119.537	-6.81
-1.0	-10.15	0.532	0.0	24.295	-11.439	0.0	2.606	96.385	-7.44	-8.713	0.532	67.945	32.359	-7.04	0.0	4.634	102.973	-7.14	-5.9	0.0	68.702	23.205	-19.784	0.0	2.07	94.061	-6.84	-7.275	0.0	72.246	0.0	-7.356	0.0	1.433	78.174	-7.2	-5.4	0.0	72.701	2.791	-1.0	38.6	0.939	72.846	-7.75	-5.15	0.0	70.04	0.0	0.0	0.0	0.0	79.433	-6.88	-6.213	1.595	74.694	5.987	-1.0	0.2	0.0	65.581	-6.84	-4.338	0.0	71.007	27.855	-11.022	0.4	0.0	101.423	-7.1	-6.275	0.0	69.9	20.662	0.0	0.2	0.0	52.503	-7.31	-8.338	0.0	71.204	11.799	-21.77	0.0	0.0	106.46	-6.84
-1.0	-10.4	6.381	0.0	24.15	-11.408	0.0	2.439	87.57	-7.42	-9.025	0.0	67.471	32.359	-6.824	0.0	4.5	106.944	-1.0	-5.9	0.0	0.0	22.987	-19.878	0.0	2.028	106.944	-6.84	-7.338	0.0	73.159	0.0	-6.788	0.0	1.332	84.18	-7.24	-5.4	0.0	73.409	2.718	-1.0	38.8	0.0	73.137	-7.76	-4.963	0.0	71.161	0.0	0.0	0.0	0.922	43.495	-6.9	-6.213	6.912	74.666	5.915	-1.0	0.2	0.0	65.678	-6.89	-4.463	0.0	71.363	27.346	-9.54	0.4	0.0	69.165	-7.1	-6.213	0.0	69.826	19.936	0.0	0.2	0.0	56.088	-7.42	-8.338	0.0	72.102	11.872	-22.009	0.0	0.0	109.56	-6.84
-1.0	-10.4	1.063	0.0	24.513	-12.648	0.0	2.062	80.692	-7.49	-9.025	0.0	67.809	32.359	-6.838	0.0	4.215	93.479	-1.0	-6.088	0.0	0.0	22.842	-20.209	0.0	1.819	107.138	-6.84	-7.463	0.0	73.422	0.0	-6.839	0.0	1.14	69.843	-7.23	-5.275	0.0	73.816	2.5	-1.0	39.2	0.0	104.426	-7.8	-5.213	0.0	70.983	0.0	0.0	0.0	0.947	60.931	-6.86	-6.213	1.063	74.722	5.842	-1.0	0.2	0.0	65.484	-6.94	-4.275	0.0	71.182	27.346	-9.938	0.4	0.0	99.195	-7.08	-6.088	0.0	69.855	20.88	0.0	0.2	0.0	41.848	-7.44	-8.275	0.0	71.542	11.799	-21.785	0.0	0.0	109.753	-6.84
-1.0	-10.65	0.0	0.0	24.222	-11.478	0.0	2.522	74.008	-7.52	-9.088	0.0	68.553	33.013	-6.848	0.0	4.14	97.742	-1.0	-6.025	0.0	0.0	23.423	-20.781	0.0	2.162	96.289	-6.84	-7.65	0.0	73.279	0.0	-6.825	0.0	1.182	69.649	-7.3	-5.588	0.0	74.25	2.282	-1.0	39.2	0.0	76.043	-7.92	-5.025	0.0	71.805	0.0	0.0	0.0	0.0	61.222	-6.89	-6.4	0.0	74.928	5.842	-1.0	0.2	0.0	56.669	-6.98	-4.15	0.0	71.975	27.564	-10.042	0.4	0.0	65.29	-7.14	-6.15	0.0	70.261	20.227	0.0	0.2	0.0	41.557	-7.44	-8.338	0.0	72.818	12.017	-1.0	0.0	0.0	101.035	-6.84
-1.0	-10.525	0.532	0.0	24.513	-11.342	0.0	2.179	93.867	-7.51	-9.025	0.0	68.63	32.432	-6.795	0.0	4.274	106.847	-1.0	-5.838	0.0	0.0	23.278	-20.827	0.0	1.542	99.291	-6.9	-7.65	0.0	73.743	0.0	-6.87	0.0	1.106	69.746	-7.31	-5.4	0.0	74.272	2.863	-1.0	39.4	0.997	72.071	-7.96	-5.15	0.0	72.134	0.0	0.0	0.0	0.0	60.931	-6.88	-6.15	0.0	74.411	6.132	-1.0	0.2	0.0	57.056	-7.06	-4.525	0.0	72.465	27.419	-10.121	0.4	0.0	67.615	-7.14	-6.213	0.0	70.31	20.953	0.0	0.2	0.0	61.706	-7.52	-8.4	0.0	73.326	11.799	-21.914	0.0	0.0	101.52	-6.84
-1.0	-10.525	0.0	0.0	24.44	-11.292	0.0	1.835	110.044	-7.52	-8.838	0.0	69.199	32.577	-6.909	0.0	4.341	111.4	-1.0	-6.025	0.0	0.0	23.496	-21.682	0.0	1.123	101.81	-6.85	-7.588	0.0	73.825	0.0	-6.792	0.0	0.93	70.618	-7.42	-5.713	0.0	75.608	2.282	-1.0	39.4	0.0	71.974	-8.04	-5.025	0.0	73.359	0.0	0.0	0.0	0.0	61.706	-6.84	-6.275	4.254	73.732	5.479	-1.0	0.2	0.0	57.153	-7.08	-4.275	0.0	72.557	27.927	-10.215	0.4	0.0	99.485	-7.15	-6.4	0.0	70.651	20.081	0.0	0.2	0.0	61.997	-7.64	-8.338	0.0	74.107	11.581	-1.0	0.0	0.0	103.166	-6.84
-1.0	-10.525	1.063	0.0	24.44	-11.392	0.0	2.003	92.414	-7.62	-9.15	0.0	70.336	32.214	-6.822	0.0	4.198	100.454	-1.0	-5.963	0.0	0.0	23.35	-20.426	0.0	1.785	90.767	-6.96	-7.588	0.0	73.73	0.0	-6.912	0.0	0.972	70.909	-7.46	-5.713	0.0	76.548	2.209	-1.0	39.4	0.0	72.749	-8.06	-5.338	0.0	72.998	0.0	0.0	0.0	0.0	61.125	-6.84	-6.275	1.063	74.159	5.479	-1.0	0.2	0.0	57.153	-7.12	-4.338	0.0	72.957	27.346	-10.553	0.4	0.0	120.022	-7.24	-6.525	0.0	71.364	20.227	0.0	0.2	0.0	62.675	-7.76	-8.713	0.0	74.364	11.944	-21.835	0.0	0.93	113.241	-6.84
-1.0	-10.838	0.0	0.0	24.15	-11.155	0.0	1.483	106.46	-7.58	-9.088	0.0	69.459	32.432	-6.848	0.0	4.006	109.753	-1.0	-6.088	0.0	0.0	23.278	-20.674	0.0	1.869	105.588	-6.98	-7.588	0.0	73.679	0.0	-6.852	0.0	1.039	100.163	-7.48	-5.463	0.0	76.498	2.645	-1.0	39.4	0.0	86.117	-8.02	-5.088	0.0	72.505	0.0	0.0	0.0	0.0	60.931	-6.86	-6.588	0.532	74.557	5.551	-1.0	0.2	0.0	57.347	-7.08	-4.338	0.0	73.085	27.564	-10.858	0.4	0.0	79.724	-7.18	-6.275	0.0	70.816	20.662	0.0	0.2	0.0	61.125	-7.72	-8.525	0.0	75.379	11.581	-21.962	0.0	0.0	134.358	-6.84
-1.0	-10.9	0.0	0.0	24.585	-11.396	0.0	1.534	96.289	-7.64	-9.213	1.595	69.89	32.286	-6.824	0.0	3.788	98.807	-1.0	-6.213	0.0	0.0	22.987	-20.366	0.0	1.768	97.742	-6.92	-8.213	0.0	74.591	0.0	-6.805	0.0	0.0	87.57	-7.47	-5.588	0.0	76.338	2.645	-1.0	40.0	0.0	86.02	-8.02	-5.65	0.0	72.744	0.0	0.0	0.0	0.0	61.028	-6.97	-6.525	0.532	75.145	5.769	-1.0	0.2	0.0	57.347	-7.14	-4.4	0.0	73.001	27.419	-10.771	0.4	0.0	77.786	-7.22	-6.463	0.0	70.612	20.808	0.0	0.2	0.0	37.004	-7.76	-8.65	0.0	74.599	11.436	-1.0	0.0	0.0	134.262	-6.88
-1.0	-11.213	1.595	0.0	24.367	-11.307	0.0	1.592	93.576	-7.66	-9.213	0.0	70.23	32.286	-6.817	0.0	3.461	100.551	-1.0	-6.4	0.0	0.0	23.423	-19.575	0.0	1.307	99.679	-7.04	-8.463	0.0	74.259	0.0	-6.801	0.0	0.0	87.183	-7.54	-5.65	0.0	76.415	3.009	-1.0	40.6	0.0	85.924	-8.08	-5.338	0.0	73.421	0.0	0.0	0.0	0.0	61.125	-7.02	-6.338	0.532	75.064	5.697	-1.0	0.2	0.0	57.831	-7.17	-4.4	0.0	73.686	27.491	-10.437	0.4	0.0	77.98	-7.25	-6.525	0.0	71.362	20.009	0.0	0.2	0.0	37.101	-7.76	-8.713	0.0	74.88	11.654	-21.432	0.0	0.972	129.127	-6.86
-1.0	-10.9	0.0	0.0	24.731	-11.295	0.0	1.643	103.457	-7.66	-9.338	0.532	70.23	32.867	-6.829	0.0	3.444	106.169	-1.0	-6.213	0.0	0.0	23.278	-20.18	0.0	1.098	101.907	-7.1	-8.463	0.0	74.388	0.0	-6.874	0.0	0.0	58.413	-7.54	-5.838	0.0	75.488	2.137	-1.0	40.6	0.0	95.998	-8.12	-5.338	0.0	73.508	0.0	0.0	0.0	0.0	60.834	-7.04	-6.525	0.532	76.202	5.697	-1.0	0.2	0.0	57.056	-7.2	-4.213	0.0	73.632	27.201	-10.356	0.4	0.0	77.883	-7.24	-6.213	0.0	71.121	20.081	0.0	0.2	0.0	38.651	-7.74	-8.775	0.0	74.344	12.162	-1.0	0.0	0.0	126.124	-6.88
-1.0	-10.713	0.532	0.0	24.803	-11.522	0.0	1.575	114.016	-7.58	-9.15	1.595	69.137	31.124	-6.857	0.0	3.377	106.072	-1.0	-6.15	0.0	0.0	23.423	-19.914	0.0	1.416	104.038	-7.0	-8.4	0.0	74.007	0.0	-6.828	0.0	0.0	58.897	-7.56	-5.65	0.0	76.871	2.064	-1.0	40.6	0.0	95.998	-8.06	-5.213	0.0	72.76	0.0	0.0	0.0	0.0	60.544	-7.0	-6.213	0.0	75.138	5.987	-1.0	0.2	0.0	57.153	-7.23	-4.463	0.0	73.554	27.201	-10.226	0.4	0.0	77.883	-7.34	-6.713	0.0	71.925	20.88	0.0	0.2	0.0	38.651	-7.74	-9.025	0.0	73.612	11.654	-21.678	0.0	0.0	126.221	-6.86
-1.0	-10.4	0.532	0.0	24.15	-11.614	0.0	2.489	88.442	-7.54	-8.9	0.0	68.848	32.214	-6.89	0.0	4.215	102.198	-1.0	-6.275	0.0	0.0	23.423	-19.791	0.0	1.307	88.83	-7.12	-8.588	0.0	74.312	0.0	-6.799	0.0	0.0	59.187	-7.52	-5.713	0.0	76.327	2.573	-1.0	40.6	0.0	95.998	-8.1	-5.588	0.0	73.488	0.0	0.0	0.0	0.0	60.737	-7.03	-6.463	0.0	75.319	5.769	-1.0	0.2	0.0	57.153	-7.2	-4.525	0.0	73.513	27.346	-10.153	0.4	0.0	77.98	-7.38	-6.65	0.0	71.748	20.227	0.0	0.2	0.0	38.457	-7.68	-8.65	0.0	74.334	11.944	-1.0	0.0	0.0	119.634	-6.88
-1.0	-10.525	0.0	0.0	24.658	-11.494	0.0	2.263	96.482	-7.79	-9.4	0.0	71.276	31.778	-6.832	0.0	4.09	94.254	-1.0	-6.338	0.0	0.0	23.568	-19.589	0.0	1.408	93.479	-7.0	-8.65	0.0	74.904	0.0	-6.772	0.0	0.0	58.8	-7.48	-5.65	0.0	75.85	2.355	-1.0	40.6	0.0	70.909	-8.12	-5.275	0.0	73.413	0.0	0.0	0.0	0.0	60.35	-7.08	-6.65	0.532	75.004	5.987	-1.0	0.2	0.0	56.863	-7.26	-4.525	0.0	73.667	27.637	-10.186	0.4	0.0	77.98	-7.34	-6.213	0.0	71.732	20.081	0.0	0.2	0.0	41.945	-7.72	-8.838	0.0	73.83	11.872	-21.883	0.0	0.0	116.437	-6.98
