-1.0	-7.4	1.063	0.0	24.15	-13.613	0.0	2.631	81.661	-8.04	-6.9	0.0	86.138	31.923	-6.814	0.0	4.048	96.87	-1.0	-5.025	0.0	0.0	22.915	-1.0	0.0	2.196	50.082	-7.24	-4.463	0.0	92.108	0.0	-7.221	0.0	2.665	58.413	-7.6	-3.712	0.0	92.571	0.0	-1.0	28.8	2.162	66.84	-7.94	-4.65	0.0	89.509	0.0	0.0	0.0	2.087	36.326	-7.19	-4.338	0.0	92.8	0.0	-1.0	0.2	2.707	40.879	-7.44	-4.4	0.0	89.429	24.876	-1.0	0.4	2.12	33.517	-7.38	-4.15	0.0	87.004	19.863	0.0	0.2	2.045	15.015	-7.7	-5.713	0.0	93.582	11.363	-22.025	0.0	1.014	107.041	-7.34
-1.0	-7.588	1.063	0.0	24.15	-13.516	0.0	3.176	70.618	-7.98	-6.963	0.0	86.154	31.633	-6.809	0.0	4.391	89.12	-1.0	-5.213	0.0	0.0	22.624	-1.0	0.0	2.539	60.447	-7.11	-4.213	0.0	92.22	0.0	-7.272	0.0	2.162	63.159	-7.64	-3.712	0.0	92.447	0.0	-1.0	28.8	1.601	71.781	-8.18	-4.463	0.0	89.268	0.0	0.0	0.0	2.665	69.359	-7.2	-4.463	0.532	92.797	0.0	-1.0	0.2	2.522	36.423	-7.46	-4.338	0.0	89.502	24.367	-1.0	0.4	1.76	36.52	-7.36	-4.275	0.0	87.009	19.427	0.0	0.2	2.062	349.022	-7.78	-5.713	0.0	93.559	11.581	-21.762	0.0	1.55	102.488	-7.34
-1.0	-7.588	1.063	0.0	24.15	-13.584	0.0	3.126	96.87	-8.07	-7.088	0.0	86.11	31.633	-7.044	0.0	4.718	104.135	-1.0	-5.213	0.0	0.0	23.205	-1.0	0.0	2.112	67.131	-7.16	-4.588	0.0	92.206	0.0	-7.24	0.0	2.405	53.375	-7.7	-4.15	0.0	92.505	0.0	-1.0	28.8	1.743	65.29	-8.02	-4.588	0.0	89.429	0.0	0.0	0.0	1.927	64.612	-7.13	-4.213	1.063	92.873	0.0	-1.0	0.2	2.841	35.939	-7.4	-4.213	0.0	89.538	24.731	-1.0	0.4	1.55	37.295	-7.2	-4.15	0.0	87.091	19.791	0.0	0.2	1.994	10.559	-7.78	-5.65	0.0	93.559	11.944	-21.954	0.0	1.207	104.329	-7.3
-1.0	-7.588	0.0	0.0	24.658	-13.313	0.0	2.589	77.883	-7.94	-7.025	0.0	86.164	31.56	0.0	0.0	4.609	87.377	-1.0	-5.15	0.0	0.0	23.133	-1.0	0.0	2.112	50.76	-7.06	-4.525	0.0	92.234	0.0	-7.238	0.0	2.514	52.891	-7.61	-3.775	0.0	92.493	0.0	-1.0	28.8	2.07	64.322	-8.0	-4.713	0.0	89.434	0.0	0.0	0.0	2.087	53.085	-7.18	-4.4	0.0	92.84	0.0	-1.0	0.2	2.983	28.867	-7.44	-4.525	0.0	89.547	24.658	-1.0	0.4	2.078	40.201	-7.28	-4.213	0.0	87.05	19.863	0.0	0.2	2.346	18.89	-7.66	-5.588	0.0	93.63	12.017	-22.057	0.0	1.064	99.679	-7.3
-1.0	-7.338	1.063	0.0	24.44	-14.491	0.0	2.891	88.927	-7.99	-6.9	0.0	86.151	31.778	0.0	0.0	4.609	96.87	-1.0	-5.15	0.0	0.0	22.479	-1.0	0.0	2.413	60.447	-7.08	-4.338	0.0	92.229	0.0	-7.246	0.0	2.841	53.278	-7.6	-3.712	0.0	92.459	0.0	-1.0	28.8	1.936	63.256	-7.97	-4.525	0.0	89.482	0.0	0.0	0.0	2.388	51.825	-7.06	-4.275	1.063	92.874	0.0	-1.0	0.2	2.983	40.395	-7.35	-4.4	0.0	89.296	24.367	-1.0	0.4	2.045	45.916	-7.32	-4.275	0.0	87.019	20.299	0.0	0.2	2.849	9.203	-7.56	-5.65	0.0	93.659	11.872	-22.127	0.0	1.106	96.482	-7.3
-1.0	-7.338	0.0	0.0	24.44	-13.089	0.0	2.908	88.151	-8.0	-6.838	0.0	86.148	31.778	0.0	0.0	4.366	105.201	-1.0	-5.338	0.0	0.0	22.769	-1.0	0.0	2.564	54.925	-7.06	-4.338	0.0	92.234	0.0	-7.239	0.0	2.522	44.754	-7.59	-4.15	0.0	92.686	0.0	-1.0	28.8	2.137	50.082	-8.11	-4.713	0.0	89.717	0.0	0.0	0.0	2.807	62.287	-7.1	-4.4	0.532	92.825	0.0	-1.0	0.2	2.908	22.086	-7.34	-4.275	0.0	89.377	24.731	-1.0	0.4	1.408	39.62	-7.24	-4.4	0.0	87.061	20.154	0.0	0.2	2.129	17.437	-7.7	-5.713	0.0	93.619	11.363	-22.697	0.0	1.232	100.163	-7.21
-1.0	-7.4	0.0	0.0	24.077	-13.893	0.0	2.74	110.044	-7.94	-7.213	0.0	86.184	31.705	-6.79	0.0	4.207	115.275	-1.0	-5.213	0.0	0.0	22.987	-1.0	0.0	2.229	65.871	-7.17	-4.65	0.0	92.184	0.0	-7.228	0.0	2.531	49.501	-7.62	-3.775	0.0	92.378	0.0	-1.0	28.8	1.643	78.949	-7.94	-4.338	0.0	89.724	0.0	0.0	0.0	2.422	40.879	-7.05	-4.275	0.532	92.84	0.0	-1.0	0.2	2.539	24.217	-7.34	-4.338	0.0	89.377	24.44	-1.0	0.4	1.592	41.46	-7.22	-4.025	0.0	87.066	19.427	0.0	0.2	2.313	0.0	-7.68	-5.713	0.0	93.606	11.872	-22.111	0.0	1.408	93.964	-7.22
-1.0	-7.4	2.659	0.0	23.932	-13.409	0.0	2.849	80.886	-7.99	-7.15	0.0	86.172	31.923	0.0	0.0	4.358	90.961	-1.0	-5.338	0.0	0.0	22.697	-1.0	0.0	2.246	43.495	-7.15	-4.588	0.0	92.209	0.0	-7.196	0.0	2.145	54.925	-7.62	-3.525	0.0	92.378	0.0	-1.0	28.8	1.324	60.253	-8.17	-4.588	0.0	89.466	0.0	0.0	0.0	2.221	51.728	-7.14	-4.15	2.127	92.814	0.0	-1.0	0.2	2.221	26.93	-7.48	-4.525	0.0	89.418	24.367	-1.0	0.4	1.584	37.973	-7.28	-4.15	0.0	87.05	19.209	0.0	0.2	1.894	13.077	-7.6	-5.588	0.0	93.611	11.872	-22.399	0.0	0.93	83.017	-7.19
-1.0	-7.65	0.532	0.0	24.513	-13.713	0.0	2.531	81.468	-7.98	-7.088	0.0	86.154	31.705	0.0	0.0	4.198	117.019	-1.0	-5.275	0.0	0.0	23.133	-1.0	0.0	1.844	69.165	-7.04	-4.588	0.0	92.278	0.0	-7.188	0.0	1.919	51.728	-7.64	-3.712	0.0	92.335	0.0	-1.0	28.8	1.383	68.1	-8.06	-4.463	0.0	89.3	0.0	0.0	0.0	1.785	53.472	-7.16	-4.463	0.0	92.771	0.0	-1.0	0.2	2.254	46.11	-7.3	-3.962	0.0	89.427	24.658	-1.0	0.4	0.0	56.766	-7.24	-3.837	0.0	87.081	19.573	0.0	0.2	2.003	355.996	-7.86	-5.713	0.0	93.536	11.944	-22.111	0.0	1.282	107.622	-7.25
-1.0	-7.463	0.532	0.0	24.44	-13.535	0.0	1.961	98.226	-7.97	-6.963	0.0	86.177	31.778	0.0	0.0	3.679	124.187	-1.0	-5.338	0.0	0.0	22.624	-1.0	0.0	1.936	64.806	-7.16	-4.463	0.0	92.244	0.0	-7.236	0.0	1.978	51.147	-7.62	-3.962	0.0	92.378	0.0	-1.0	28.8	1.198	78.852	-7.94	-4.963	0.0	89.666	0.0	0.0	0.0	1.751	30.417	-7.09	-4.15	2.127	92.828	0.0	-1.0	0.2	1.492	26.736	-7.42	-4.4	0.0	89.356	24.222	-1.0	0.4	1.819	38.167	-7.24	-4.025	0.0	87.04	19.863	0.0	0.2	1.559	352.122	-7.79	-5.65	0.0	93.482	12.017	-22.298	0.0	0.0	114.306	-7.27
-1.0	-7.588	0.0	0.0	24.15	-13.516	0.0	2.053	88.248	-8.02	-7.025	5.317	86.143	31.705	0.0	0.0	3.545	97.838	-1.0	-5.4	0.0	0.0	22.915	-1.0	0.0	2.062	47.466	-7.25	-4.525	0.0	92.143	0.0	-7.245	0.0	1.592	70.134	-7.72	-3.837	0.0	92.349	0.0	-1.0	28.8	1.5	71.199	-8.09	-4.463	0.0	89.312	0.0	0.0	0.0	1.651	41.654	-7.18	-4.275	0.0	92.765	0.0	-1.0	0.2	1.819	32.064	-7.48	-4.463	0.0	89.418	24.15	-1.0	0.4	1.575	42.332	-7.31	-4.275	0.0	87.022	20.081	0.0	0.2	1.835	8.234	-7.78	-5.9	0.0	93.522	11.436	-22.232	0.0	1.291	90.864	-7.22
-1.0	-7.4	0.532	0.0	24.077	-13.476	0.0	2.933	78.077	-8.08	-7.15	0.0	86.107	31.705	-6.794	0.0	3.972	86.795	-1.0	-5.4	0.0	0.0	23.133	-1.0	0.0	1.844	81.468	-7.17	-4.4	0.0	92.184	0.0	-7.248	0.0	2.263	65.775	-7.66	-3.775	0.0	92.329	0.0	-1.0	28.8	1.592	79.627	-8.14	-4.463	0.0	89.161	0.0	0.0	0.0	1.835	65.678	-7.14	-4.463	0.0	92.776	0.0	-1.0	0.2	2.975	26.445	-7.52	-4.838	0.0	89.329	24.731	-1.0	0.4	1.492	22.668	-7.36	-4.463	0.0	86.968	19.355	0.0	0.2	2.422	4.94	-7.89	-5.838	0.0	93.417	11.944	-21.818	0.0	1.45	103.554	-7.29
-1.0	-7.338	1.595	0.0	24.44	-13.486	0.0	2.489	80.499	-8.08	-7.025	0.0	86.128	31.923	-6.819	0.0	4.232	115.856	-1.0	-5.4	0.0	0.0	22.915	-1.0	0.0	2.43	47.951	-7.22	-4.525	0.0	92.151	0.0	-7.245	0.0	2.497	49.694	-7.68	-3.337	0.0	92.361	0.0	-1.0	28.8	1.927	68.1	-8.06	-4.4	0.0	89.398	0.0	0.0	0.0	2.212	59.962	-7.22	-4.213	0.532	92.716	0.0	-1.0	0.2	2.682	26.736	-7.46	-4.4	0.0	89.404	24.44	-1.0	0.4	2.145	35.454	-7.26	-4.275	0.0	86.994	19.427	0.0	0.2	2.103	0.097	-7.8	-5.65	0.0	93.442	11.726	-21.954	0.0	1.316	99.388	-7.3
-1.0	-7.588	0.0	0.0	24.367	-13.38	0.0	2.858	65.29	-8.03	-7.025	0.0	86.141	31.705	-6.819	0.0	3.696	92.317	-1.0	-5.338	0.0	0.0	22.697	-1.0	0.0	2.648	59.091	-7.1	-4.525	0.0	92.261	0.0	-7.245	0.0	2.279	48.725	-7.7	-3.775	0.0	92.355	0.0	-1.0	28.8	2.33	72.071	-8.18	-5.025	0.0	89.229	0.0	0.0	0.0	2.724	42.526	-7.14	-4.588	0.0	92.758	0.0	-1.0	0.2	2.908	31.192	-7.38	-4.463	0.0	89.406	24.44	-1.0	0.4	1.332	40.588	-7.24	-4.275	0.0	86.999	19.718	0.0	0.2	2.338	0.194	-7.68	-5.775	0.0	93.459	11.726	-22.095	0.0	1.148	104.813	-7.36
-1.0	-7.338	1.063	0.0	24.585	-13.554	0.0	2.405	70.424	-8.04	-7.088	0.0	86.138	31.56	0.0	0.0	3.813	92.608	-1.0	-5.4	0.0	0.0	22.769	-1.0	0.0	2.011	59.865	-7.2	-4.713	0.0	92.195	0.0	-7.2	0.0	2.623	47.854	-7.52	-3.65	0.0	92.481	0.0	-1.0	28.8	1.969	62.965	-7.98	-4.525	0.0	89.577	0.0	0.0	0.0	2.112	42.623	-7.24	-4.463	0.532	92.711	0.0	-1.0	0.2	2.883	18.793	-7.47	-4.525	0.0	89.342	24.44	-1.0	0.4	1.902	28.383	-7.38	-4.275	0.0	86.983	20.227	0.0	0.2	2.539	0.194	-7.6	-5.713	0.0	93.555	11.654	-22.025	0.0	1.349	86.698	-7.32
-1.0	-7.338	1.595	0.0	24.367	-13.418	0.0	2.313	96.289	-8.0	-7.213	0.0	86.189	31.633	-6.797	0.0	3.612	114.209	-1.0	-5.4	0.0	0.0	22.987	-1.0	0.0	2.665	53.085	-7.18	-4.525	0.0	92.201	0.0	-7.156	0.0	2.313	58.316	-7.64	-3.462	0.0	92.372	0.0	-1.0	28.8	2.053	58.703	-8.12	-4.9	0.0	89.284	0.0	0.0	0.0	2.447	42.235	-7.28	-4.463	0.0	92.662	0.0	-1.0	0.2	2.698	38.36	-7.39	-4.463	0.0	89.305	24.077	-1.0	0.4	1.542	55.119	-7.34	-4.15	0.0	86.974	20.154	0.0	0.2	2.103	9.3	-7.64	-5.838	0.0	93.489	11.654	-22.078	0.0	1.358	103.651	-7.38
-1.0	-7.65	2.127	0.0	24.658	-13.506	0.0	2.464	103.651	-8.04	-7.088	0.0	86.138	31.633	0.0	0.0	3.796	104.813	-1.0	-5.463	0.0	0.0	22.842	-1.0	0.0	2.338	73.427	-7.18	-4.4	0.0	92.201	0.0	-7.241	0.0	2.439	61.512	-7.64	-3.462	0.0	92.297	0.0	-1.0	28.8	1.684	58.994	-8.02	-4.588	0.0	89.233	0.0	0.0	0.0	2.313	41.557	-7.2	-4.588	0.0	92.759	0.0	-1.0	0.2	2.564	35.745	-7.34	-4.463	0.0	89.299	24.367	-1.0	0.4	1.483	45.819	-7.34	-4.4	0.0	86.994	19.936	0.0	0.2	2.078	12.012	-7.64	-5.588	0.0	93.452	11.654	-22.399	0.0	1.332	101.423	-7.25
-1.0	-7.588	0.0	0.0	24.367	-13.448	0.0	2.43	73.04	-8.02	-6.963	0.0	86.143	31.342	0.0	0.0	3.83	105.201	-1.0	-5.463	0.0	0.0	23.133	-1.0	0.0	2.137	68.003	-7.11	-4.65	0.0	92.22	0.0	-7.168	0.0	2.682	44.173	-7.62	-3.775	0.0	92.378	0.0	-1.0	28.8	1.718	68.874	-8.06	-5.025	0.0	89.359	0.0	0.0	0.0	2.338	55.603	-7.21	-4.275	0.0	92.682	0.0	-1.0	0.2	3.008	32.548	-7.38	-4.65	0.0	89.288	24.658	-1.0	0.4	1.668	38.748	-7.34	-4.213	0.0	86.974	20.154	0.0	0.2	2.657	8.525	-7.66	-5.588	0.0	93.52	11.654	-21.97	0.0	1.358	77.302	-7.26
-1.0	-7.4	1.063	0.0	24.222	-14.256	0.0	2.388	85.633	-8.0	-7.15	0.0	86.189	32.068	0.0	0.0	3.503	96.289	-1.0	-5.4	0.0	0.0	22.697	-1.0	0.0	2.564	52.019	-7.2	-4.588	0.0	92.195	0.0	-7.166	0.0	2.657	40.201	-7.63	-3.712	0.0	92.375	0.0	-1.0	28.8	1.986	58.703	-8.12	-4.65	0.0	89.127	0.0	0.0	0.0	2.548	40.879	-7.24	-4.275	0.532	92.692	0.0	-1.0	0.2	2.397	35.358	-7.42	-4.713	0.0	89.237	24.367	-1.0	0.4	2.062	42.138	-7.34	-4.275	0.0	87.014	20.59	0.0	0.2	2.011	12.69	-7.63	-5.713	0.0	93.528	11.508	-22.111	0.0	1.048	103.651	-7.18
-1.0	-7.65	0.0	0.0	24.513	-13.506	0.0	2.497	72.362	-7.98	-7.025	0.0	86.195	31.778	0.0	0.0	3.268	88.151	-1.0	-5.463	0.0	0.0	23.133	-1.0	0.0	2.422	45.044	-7.18	-4.463	0.0	92.201	0.0	-7.272	0.0	2.129	68.874	-7.52	-3.525	0.0	92.406	0.0	-1.0	28.8	1.944	73.137	-7.96	-4.588	0.0	89.269	0.0	0.0	0.0	2.556	40.685	-7.14	-4.65	0.0	92.776	0.0	-1.0	0.2	2.254	32.645	-7.42	-4.4	0.0	89.356	24.731	-1.0	0.4	1.726	26.542	-7.35	-4.275	0.0	86.991	20.081	0.0	0.2	2.095	11.818	-7.67	-5.713	0.0	93.425	11.654	-22.111	0.0	1.165	99.098	-7.15
-1.0	-7.588	1.063	0.0	24.295	-13.584	0.0	2.531	84.664	-8.06	-7.213	0.0	86.153	31.85	-6.79	0.0	4.064	111.981	-1.0	-5.775	0.0	0.0	23.278	-1.0	0.0	1.978	77.593	-7.14	-4.15	0.0	92.25	0.0	-7.328	0.0	1.844	40.879	-7.72	-3.775	0.0	92.312	0.0	-1.0	28.8	1.383	69.649	-8.14	-4.713	0.0	88.965	0.0	0.0	0.0	1.877	48.822	-7.24	-4.15	2.659	92.711	0.0	-1.0	0.2	2.263	37.779	-7.42	-4.65	0.0	89.277	24.585	-1.0	0.4	1.056	55.119	-7.36	-4.275	0.0	86.968	20.154	0.0	0.2	1.978	11.527	-8.05	-5.9	0.0	93.371	11.654	-1.0	0.0	1.324	113.822	-7.06
-1.0	-7.463	0.532	0.0	24.15	-13.535	0.0	2.631	90.864	-8.14	-7.088	0.0	86.092	32.068	0.0	0.0	4.291	90.476	-1.0	-5.463	0.0	0.0	22.551	-1.0	0.0	1.978	80.983	-7.2	-4.588	0.0	92.214	0.0	-7.262	0.0	2.33	46.304	-7.68	-3.65	0.0	92.248	0.0	-1.0	28.8	1.659	65.0	-8.06	-4.65	0.0	89.045	0.0	0.0	0.0	1.45	52.213	-7.24	-4.463	0.0	92.711	0.0	-1.0	0.2	2.631	41.751	-7.46	-4.65	0.0	89.266	24.004	-1.0	0.4	1.827	43.591	-7.39	-4.275	0.0	86.96	19.936	0.0	0.2	2.187	0.194	-7.76	-5.838	0.0	93.417	11.726	-21.992	0.0	1.399	95.514	-7.24
-1.0	-7.588	0.532	0.0	24.222	-13.653	0.0	3.369	83.405	-8.08	-7.213	0.0	86.128	31.633	0.0	0.0	4.944	103.36	-1.0	-5.65	0.0	0.0	22.987	-1.0	0.0	2.455	78.852	-7.12	-4.525	0.0	92.293	0.0	-7.193	0.0	1.86	51.05	-7.66	-3.775	0.0	92.31	0.0	-1.0	28.8	1.492	87.57	-8.09	-4.338	0.0	89.135	0.0	0.0	0.0	2.305	49.404	-7.3	-4.275	0.0	92.694	0.0	-1.0	0.2	2.413	25.089	-7.46	-4.775	0.0	89.286	23.932	-1.0	0.4	1.173	59.769	-7.52	-4.15	0.0	86.906	19.355	0.0	0.2	1.869	19.665	-7.88	-6.15	0.0	93.383	11.654	-21.911	0.0	1.651	125.059	-7.3
-1.0	-7.838	0.532	0.0	24.44	-13.144	0.0	2.095	85.149	-8.13	-7.15	0.0	86.115	31.923	-6.794	0.0	3.377	95.707	-1.0	-5.65	0.0	0.0	22.842	-1.0	0.0	1.575	54.538	-7.22	-4.713	0.0	92.189	0.0	-7.237	0.0	2.263	54.925	-7.74	-3.712	0.0	92.306	0.0	-1.0	28.8	1.391	54.15	-8.18	-4.525	0.0	88.895	0.0	0.0	0.0	1.651	53.86	-7.26	-4.525	0.0	92.705	0.0	-1.0	0.2	2.346	21.118	-7.48	-4.525	0.0	89.201	24.077	-1.0	0.4	1.307	35.261	-7.32	-3.962	0.0	86.999	20.009	0.0	0.2	1.693	8.621	-7.89	-5.775	0.0	93.38	11.872	-22.008	0.0	1.374	89.992	-7.35
-1.0	-7.713	1.595	0.0	24.585	-13.496	0.0	2.062	88.636	-8.17	-7.275	0.0	86.084	31.633	-6.785	0.0	3.545	94.642	-1.0	-5.588	0.0	0.0	22.915	-1.0	0.0	2.187	42.913	-7.2	-4.275	0.0	92.195	0.0	-7.207	0.0	2.053	41.654	-7.74	-3.525	0.0	92.344	0.0	-1.0	28.8	1.617	67.712	-8.13	-4.713	0.0	89.007	0.0	0.0	0.0	2.045	41.073	-7.42	-4.525	1.063	92.622	0.0	-1.0	0.2	2.07	15.596	-7.58	-4.65	0.0	89.214	24.658	-1.0	0.4	1.433	35.648	-7.48	-4.213	0.0	86.957	20.154	0.0	0.2	1.467	5.425	-7.82	-5.838	0.0	93.4	11.436	-21.905	0.0	1.173	92.026	-7.15
-1.0	-7.588	0.532	0.0	24.44	-13.448	0.0	1.71	65.871	-8.12	-7.025	0.0	86.118	31.705	0.0	0.0	3.126	90.186	-1.0	-5.713	0.0	0.0	22.987	-1.0	0.0	1.911	51.438	-7.32	-4.65	0.0	92.123	0.0	-7.328	0.0	1.693	58.413	-7.78	-3.837	0.0	92.22	0.0	-1.0	28.8	1.643	67.325	-8.2	-4.9	0.0	88.83	0.0	0.0	0.0	1.894	36.714	-7.32	-4.338	1.063	92.669	0.0	-1.0	0.2	1.735	36.907	-7.62	-4.65	0.0	89.223	24.295	-1.0	0.4	1.232	38.264	-7.44	-4.15	0.0	86.927	19.5	0.0	0.2	1.735	342.822	-7.78	-5.838	0.0	93.411	11.436	-21.992	0.0	0.964	91.736	-7.32
-1.0	-7.4	1.063	0.0	24.222	-13.544	0.0	1.777	78.949	-8.1	-7.275	0.0	86.123	31.778	0.0	0.0	2.791	112.66	-1.0	-5.713	0.0	0.0	22.915	-1.0	0.0	1.609	70.328	-7.31	-4.775	0.0	92.164	0.0	-7.225	0.0	2.045	44.173	-7.74	-3.587	0.0	92.231	0.0	-1.0	28.8	0.0	69.552	-8.17	-4.525	0.0	88.838	0.0	0.0	0.0	1.467	57.153	-7.32	-4.463	0.0	92.65	0.0	-1.0	0.2	2.539	33.517	-7.46	-4.463	0.0	89.207	24.15	-1.0	0.4	1.165	66.55	-7.47	-4.275	0.0	86.899	19.355	0.0	0.2	2.129	14.434	-7.96	-5.838	0.0	93.304	11.944	-21.992	0.0	1.249	127.868	-7.19
-1.0	-7.775	0.0	0.0	24.295	-13.419	0.0	2.363	81.564	-8.16	-7.025	0.0	86.087	32.068	-7.098	0.0	4.19	103.166	-1.0	-5.713	0.0	0.0	23.205	-1.0	0.0	2.028	46.11	-7.27	-4.713	0.0	92.175	0.0	-7.237	0.0	2.154	57.056	-7.72	-3.712	0.0	92.199	0.0	-1.0	28.8	1.173	62.093	-8.2	-4.4	0.0	88.83	0.0	0.0	0.0	1.802	42.138	-7.4	-4.275	1.063	92.59	0.0	-1.0	0.2	2.204	35.551	-7.53	-4.463	0.0	89.228	24.44	-1.0	0.4	1.575	35.648	-7.46	-4.025	0.0	86.901	19.355	0.0	0.2	1.575	324.514	-7.86	-5.775	0.0	93.352	11.436	-22.008	0.0	1.332	91.929	-7.3
-1.0	-7.713	1.063	0.0	24.077	-13.565	0.0	2.229	73.815	-8.13	-7.088	0.0	86.115	31.633	0.0	0.0	3.562	98.42	-1.0	-5.775	0.0	0.0	23.205	-1.0	0.0	2.187	41.073	-7.34	-4.9	0.0	92.118	0.0	-7.214	0.0	1.743	61.319	-7.74	-3.587	0.0	92.194	0.0	-1.0	28.8	1.324	67.421	-8.1	-5.275	0.0	88.877	0.0	0.0	0.0	2.003	42.041	-7.37	-4.275	1.595	92.636	0.0	-1.0	0.2	1.71	34.776	-7.61	-4.713	0.0	89.107	24.44	-1.0	0.4	1.156	46.788	-7.39	-3.962	0.0	86.92	19.427	0.0	0.2	1.332	0.872	-7.93	-6.025	0.0	93.258	11.872	-21.943	0.0	1.173	96.095	-7.26
-1.0	-7.65	0.532	0.0	24.222	-14.29	0.0	1.651	55.216	-8.13	-7.213	0.0	86.115	32.068	0.0	0.0	2.439	79.724	-1.0	-5.838	0.0	0.0	22.769	-1.0	0.0	1.592	52.116	-7.35	-4.588	0.0	92.134	0.0	-7.262	0.0	1.777	49.113	-7.82	-3.837	0.0	92.133	0.0	-1.0	28.8	1.408	73.815	-8.22	-4.588	0.0	88.785	0.0	0.0	0.0	1.71	48.241	-7.34	-4.338	2.127	92.663	0.0	-1.0	0.2	1.785	27.317	-7.7	-4.713	0.0	89.044	24.513	-1.0	0.4	1.399	61.222	-7.45	-4.025	0.0	86.904	20.154	0.0	0.2	1.525	3.197	-7.87	-6.025	0.0	93.275	12.017	-21.857	0.0	0.922	90.476	-7.24
