-1.0	7.787	59.021	0.0	25.893	-8.579	26.0	1.249	191.705	8.67	8.1	60.084	82.134	34.611	-14.982	11.2	0.0	169.135	8.76	8.475	0.0	82.963	26.765	-2.329	31.2	1.726	221.541	9.28	9.287	0.0	84.075	32.867	-2.868	26.2	0.0	221.929	9.08	9.35	0.0	79.663	15.359	-8.893	3.0	0.0	190.543	8.75	8.287	0.0	79.64	0.0	0.0	24.8	1.592	198.583	9.82	8.85	56.362	81.773	12.889	-12.606	46.6	1.399	175.044	9.1	9.475	0.0	78.51	27.419	-26.334	18.4	0.0	216.117	9.57	8.912	0.0	76.383	27.056	-25.23	24.8	0.0	164.582	8.66	8.475	0.0	85.465	20.517	-19.57	35.8	2.12	214.954
-1.0	7.537	59.021	0.0	26.474	-8.614	26.0	1.961	189.284	8.62	8.037	57.426	83.097	34.829	-14.491	11.2	0.93	211.079	8.96	8.412	0.0	79.784	27.056	-2.234	31.2	2.103	214.567	9.28	8.975	0.0	84.404	33.158	-2.8	26.2	0.0	213.695	9.1	9.475	0.0	79.986	15.577	-8.844	3.0	0.0	212.629	8.86	8.037	0.0	77.489	0.0	0.0	24.8	1.76	198.486	9.96	8.787	55.831	80.933	12.961	-12.641	46.6	1.651	178.434	9.22	9.412	0.0	77.141	26.765	-26.088	18.4	1.659	198.971	9.45	8.85	0.0	77.59	26.038	-25.32	24.8	0.0	165.744	8.62	8.225	0.0	87.373	20.808	-18.486	35.8	2.087	226.288
-1.0	7.6	57.958	93.201	25.748	-8.63	26.0	0.0	193.255	8.74	7.787	57.958	81.576	34.829	-14.709	11.2	1.198	224.447	8.85	8.412	0.0	80.15	26.692	-2.121	31.2	2.028	210.982	9.44	8.85	0.0	82.573	32.722	-2.34	26.2	0.0	218.345	9.24	9.287	0.0	77.67	15.068	-8.838	3.0	0.989	209.142	8.8	8.1	0.0	78.766	0.0	0.0	24.8	1.592	207.883	10.08	8.787	55.299	79.49	13.18	-12.42	46.6	0.0	187.056	9.01	9.287	0.0	80.647	27.056	-26.152	18.4	1.86	229.291	9.54	8.787	0.0	77.083	27.056	-25.522	24.8	0.0	181.631	8.78	8.225	0.0	83.981	20.517	-18.001	35.8	0.0	219.991
-1.0	7.35	59.021	0.0	25.53	-8.593	26.0	0.0	222.316	8.64	7.85	57.426	82.318	34.829	-14.93	11.2	1.827	233.456	8.8	8.225	0.0	80.697	27.273	-2.059	31.2	0.0	219.604	9.46	8.725	0.0	81.763	32.722	-2.64	26.2	0.0	213.017	8.95	9.537	0.0	80.585	15.286	-8.852	3.0	1.5	217.279	8.77	8.1	0.0	79.252	0.0	0.0	24.8	1.81	202.748	9.96	8.662	54.767	79.906	13.47	-12.442	46.6	1.953	194.418	9.06	9.225	0.0	78.526	26.983	-26.348	18.4	2.095	225.416	9.44	8.475	0.0	77.212	25.603	-25.849	24.8	0.0	175.044	8.76	8.162	0.0	84.608	20.808	-17.985	35.8	0.0	233.456
-1.0	7.412	59.021	0.0	26.474	-8.647	26.0	0.0	195.677	8.82	7.725	63.275	80.338	34.902	-14.905	11.2	1.659	256.802	8.78	8.162	0.0	81.513	26.91	-2.001	31.2	0.93	236.944	9.54	8.725	0.0	80.571	33.013	-2.715	26.2	0.0	215.342	9.25	9.475	0.0	77.548	15.141	-8.861	3.0	0.939	209.723	8.88	8.1	0.0	77.643	0.0	0.0	24.8	0.0	215.632	10.11	8.725	52.64	78.032	13.833	-12.409	46.6	0.0	188.993	9.04	9.162	0.0	77.827	27.419	-25.883	18.4	0.0	225.029	9.51	8.6	0.0	76.194	27.056	-24.093	24.8	0.997	170.781	8.92	8.162	0.0	83.567	20.662	-17.61	35.8	0.0	239.365
-1.0	7.287	54.767	0.0	26.474	-8.586	26.0	1.064	247.115	8.94	7.662	54.236	78.253	35.773	-14.684	11.2	0.0	306.884	8.88	8.225	0.0	80.327	26.62	-2.022	31.2	1.819	226.385	9.57	9.037	0.0	80.554	33.013	-2.897	26.2	0.0	203.136	9.24	9.6	0.0	77.57	15.577	-8.868	3.0	1.165	221.832	9.07	8.1	0.0	75.366	0.0	0.0	24.8	0.0	209.723	10.24	8.6	47.855	77.959	13.107	-12.475	46.6	1.911	186.959	9.14	9.1	0.0	78.097	27.419	-26.191	18.4	0.0	245.468	9.63	8.412	0.0	75.43	25.82	-24.029	24.8	0.922	250.893	8.97	8.1	0.0	82.941	20.372	-17.229	35.8	0.0	243.24
-1.0	7.412	49.982	80.977	26.402	-8.608	26.0	0.0	203.233	8.75	7.412	50.513	80.734	34.393	-15.347	11.2	0.0	225.319	8.78	8.037	0.0	81.007	27.201	-2.147	31.2	1.467	231.131	9.52	8.662	0.0	82.161	32.795	-2.694	26.2	0.0	202.748	9.32	9.6	0.0	76.961	15.141	-8.892	3.0	0.913	223.866	9.12	7.912	0.0	75.529	0.0	0.0	24.8	0.0	208.27	10.19	8.6	44.133	78.423	13.47	-12.221	46.6	0.0	189.38	9.22	8.912	0.0	77.591	26.765	-26.66	18.4	1.165	233.553	9.7	8.412	0.0	75.725	26.402	-25.051	24.8	2.078	181.147	8.98	7.975	0.0	82.253	20.735	-17.657	35.8	0.0	225.803
-1.0	7.412	46.791	72.815	26.62	-8.6	26.0	0.0	206.333	8.91	7.537	52.64	79.479	34.902	-14.937	11.2	1.542	176.497	8.88	7.912	0.0	79.986	26.765	-2.142	31.2	0.0	208.27	9.46	8.787	0.0	81.547	32.867	-2.699	26.2	0.972	199.939	9.2	9.412	0.0	78.11	14.996	-8.869	3.0	1.215	203.523	9.0	7.725	0.0	76.969	0.0	0.0	24.8	0.0	212.532	10.12	8.537	43.069	78.955	13.034	-12.464	46.6	0.0	192.48	9.12	8.662	0.0	77.745	27.273	-26.982	18.4	0.98	220.96	9.56	8.475	0.0	76.229	26.474	-25.073	24.8	1.198	198.292	8.82	7.787	0.0	84.061	20.517	-16.977	35.8	0.0	249.827
-1.0	6.912	40.943	73.235	26.547	-8.511	26.0	1.852	210.207	8.9	7.225	43.601	79.673	34.538	-14.944	11.2	0.0	217.57	8.88	7.912	0.0	81.391	26.91	-1.882	31.2	2.062	218.441	9.44	8.412	0.0	81.542	32.577	-2.571	26.2	0.0	207.204	9.14	9.537	0.0	78.346	15.068	-8.803	3.0	1.048	209.432	8.81	7.537	0.0	77.029	0.0	0.0	24.8	0.0	196.258	9.86	8.225	39.879	80.228	12.889	-12.325	46.6	0.0	185.215	9.18	8.725	0.0	76.931	26.91	-1.0	18.4	0.0	220.766	9.54	8.287	0.0	76.174	27.056	-25.006	24.8	0.0	173.106	8.84	7.725	0.0	84.3	20.662	-17.411	35.8	0.0	226.385
-1.0	6.537	36.157	73.53	25.748	-8.477	26.0	1.517	287.703	9.01	7.1	47.855	78.268	34.393	-14.919	11.2	0.0	0.775	8.64	7.85	0.0	82.151	27.201	-1.936	31.2	1.089	223.188	9.35	8.537	0.0	82.122	32.722	-2.651	26.2	0.905	218.829	9.1	9.412	0.0	78.312	15.141	-8.853	3.0	1.391	212.242	8.72	7.725	0.0	78.428	0.0	0.0	24.8	0.0	203.62	9.92	8.287	36.689	80.412	13.325	-11.933	46.6	2.036	188.993	9.06	8.662	0.0	78.179	27.201	-27.386	18.4	0.0	222.994	9.39	8.162	0.0	77.177	27.056	-24.962	24.8	0.0	174.947	8.82	7.6	0.0	83.45	20.444	-16.759	35.8	0.0	213.598
-1.0	6.725	37.752	74.461	26.474	-8.506	26.0	1.793	281.6	8.89	7.1	34.03	79.376	34.538	-14.919	11.2	1.76	324.514	8.75	7.725	0.0	81.626	26.692	-1.895	31.2	0.0	209.142	9.39	8.412	0.0	81.675	33.013	-2.384	26.2	0.0	217.57	9.15	9.537	0.0	78.249	14.996	-8.868	3.0	0.0	220.766	8.78	7.662	0.0	78.466	0.0	0.0	24.8	0.0	208.367	9.85	8.287	34.03	80.713	12.889	-12.378	46.6	0.0	184.731	8.96	8.475	0.0	78.455	26.983	-27.213	18.4	1.089	221.154	9.36	7.975	0.0	77.471	25.457	-24.896	24.8	1.651	157.51	8.81	7.6	0.0	83.801	20.808	-16.933	35.8	0.0	248.084
-1.0	6.662	34.03	79.411	26.184	-8.459	26.0	0.0	199.067	8.54	7.1	36.689	82.723	35.265	-14.778	11.2	1.919	224.447	8.58	7.6	0.0	83.135	26.983	-1.854	31.2	0.0	234.522	9.99	8.787	0.0	77.405	32.65	-2.661	26.2	0.0	217.279	8.84	9.412	0.0	80.972	15.214	-8.869	3.0	0.0	215.632	8.82	7.6	0.0	77.705	0.0	0.0	24.8	0.0	205.461	10.31	8.412	32.967	77.322	13.107	-12.356	46.6	1.735	181.243	8.86	8.537	0.0	79.713	26.62	-27.137	18.4	0.0	231.131	9.55	8.037	0.0	76.303	25.748	-24.581	24.8	0.997	188.993	8.81	7.6	0.0	82.951	20.953	-15.77	35.8	0.0	254.864
-1.0	6.787	29.245	79.272	26.256	-8.433	26.0	1.081	223.672	8.31	7.1	31.372	84.687	34.611	-14.778	11.2	0.0	248.084	8.38	7.537	0.0	85.305	26.62	-1.944	31.2	0.0	227.353	9.34	8.35	0.0	82.622	33.594	-2.737	26.2	0.0	201.78	8.75	9.037	0.0	81.985	14.996	-8.791	3.0	1.517	202.167	8.48	7.662	0.0	80.843	0.0	0.0	24.8	0.0	190.543	9.75	8.162	27.118	82.07	13.325	-12.357	46.6	0.939	180.372	8.78	8.35	0.0	80.572	27.491	-1.0	18.4	2.011	220.185	9.21	8.037	0.0	78.658	27.128	-24.918	24.8	0.0	173.106	8.29	7.412	0.0	87.921	20.517	-16.376	35.8	1.106	244.79
-1.0	6.6	27.118	80.289	25.966	-8.515	26.0	1.224	208.367	8.18	6.975	25.523	85.969	34.974	-15.792	11.2	2.103	234.909	8.21	7.537	0.0	86.364	27.273	-1.76	31.2	0.972	235.006	8.84	7.975	0.0	87.563	32.94	-2.274	26.2	1.693	220.185	8.52	9.162	0.0	83.615	15.141	-8.823	3.0	1.986	227.644	8.26	7.35	0.0	82.516	0.0	0.0	24.8	0.0	208.27	9.84	8.162	22.864	81.052	13.397	-12.357	46.6	1.006	185.021	8.44	8.1	0.0	82.984	26.184	-1.0	18.4	0.0	226.966	9.07	7.912	0.0	79.661	25.893	-24.65	24.8	1.81	170.2	8.22	7.412	0.0	89.898	20.444	-16.716	35.8	0.955	230.163
-1.0	6.662	24.459	79.735	26.474	-8.451	26.0	0.0	215.438	8.2	6.787	22.864	85.584	34.684	-14.716	11.2	1.534	225.803	8.2	7.6	0.0	86.839	27.201	-1.486	31.2	1.492	226.191	9.38	8.537	0.0	82.488	32.867	-2.614	26.2	1.852	228.903	8.48	9.1	0.0	83.841	15.286	-8.799	3.0	1.098	219.604	8.43	7.537	0.0	81.793	0.0	0.0	24.8	1.282	213.21	9.74	8.037	22.332	81.803	13.47	-12.293	46.6	0.0	183.568	8.39	8.225	0.0	83.185	27.273	-27.116	18.4	0.98	226.578	9.38	7.787	0.0	77.875	26.329	-24.383	24.8	1.483	223.866	8.32	7.35	0.0	87.479	20.372	-16.788	35.8	0.913	228.903
-1.0	5.912	22.332	76.298	26.184	-8.454	26.0	1.307	224.254	8.5	6.412	22.332	81.928	34.538	-14.922	11.2	1.316	268.039	8.3	7.6	0.0	85.838	27.201	-2.001	31.2	0.0	230.26	9.4	8.412	0.0	81.509	33.158	-2.534	26.2	1.265	230.356	8.5	8.975	0.0	83.751	14.923	-8.776	3.0	0.922	220.766	8.5	7.35	0.0	81.185	0.0	0.0	24.8	0.0	222.122	9.97	8.1	20.737	80.007	13.688	-12.22	46.6	0.0	183.471	8.47	8.225	0.0	82.849	27.346	-26.711	18.4	1.048	242.078	9.36	7.85	0.0	77.346	26.983	-24.852	24.8	0.0	167.875	8.44	7.1	0.0	86.329	20.662	-16.994	35.8	0.0	241.884
-1.0	6.1	18.61	80.817	26.547	-8.405	26.0	1.609	205.655	8.16	6.475	18.61	85.804	34.466	-14.723	11.2	0.905	224.157	8.67	7.287	0.0	82.848	27.128	-1.788	31.2	0.0	257.092	9.46	8.287	0.0	81.811	32.504	-2.566	26.2	1.332	220.766	8.84	9.037	0.0	81.189	15.141	-8.767	3.0	1.659	202.942	8.73	7.725	0.0	78.8	0.0	0.0	24.8	1.852	222.994	10.03	8.162	17.547	79.133	13.18	-12.444	46.6	0.0	182.696	8.6	8.225	0.0	81.135	27.056	-26.187	18.4	0.0	235.781	9.37	7.6	0.0	77.373	26.184	-24.764	24.8	0.0	188.799	8.67	6.975	0.0	84.353	20.444	-17.507	35.8	1.693	270.654
-1.0	6.225	18.078	80.725	25.893	-8.418	26.0	0.0	237.331	8.06	6.412	17.547	86.669	34.684	-14.641	11.2	1.425	245.952	8.18	7.35	0.0	86.812	27.201	-1.772	31.2	0.0	219.507	9.11	8.1	0.0	84.41	33.086	-2.428	26.2	1.525	219.604	8.29	8.787	0.0	85.376	15.504	-8.729	3.0	0.0	215.342	8.38	7.412	0.0	81.542	0.0	0.0	24.8	0.0	201.392	9.64	7.725	13.825	82.548	12.816	-12.157	46.6	0.0	183.181	8.56	8.037	0.0	81.942	26.983	-26.328	18.4	1.039	219.894	9.18	7.662	0.0	78.849	26.184	-24.897	24.8	1.366	188.509	8.16	7.1	0.0	89.663	20.735	-17.63	35.8	1.592	240.915
-1.0	6.162	17.015	83.076	26.256	-8.435	26.0	0.0	219.604	8.08	6.475	14.888	86.606	34.684	-14.517	11.2	1.609	259.805	7.91	7.287	0.0	88.451	26.983	-1.861	31.2	0.0	220.282	9.38	8.1	0.0	82.129	33.013	-2.428	26.2	0.922	197.905	8.21	8.85	0.0	85.77	15.214	-8.745	3.0	0.0	225.029	8.53	7.35	0.0	80.322	0.0	0.0	24.8	0.0	215.342	9.9	8.037	14.357	79.942	13.107	-12.293	46.6	0.0	186.281	8.26	8.1	0.0	84.675	27.201	-25.819	18.4	1.081	227.547	9.26	7.662	0.0	78.049	25.748	-1.0	24.8	1.467	175.044	8.58	7.1	0.0	84.844	20.59	-17.913	35.8	0.0	240.431
-1.0	6.1	14.357	77.63	26.329	-8.397	26.0	0.0	230.647	8.27	6.35	15.952	84.631	35.047	-16.141	11.2	1.743	264.939	7.84	7.225	0.0	89.362	26.692	-2.132	31.2	0.972	225.416	9.41	8.1	0.0	81.584	33.013	-2.539	26.2	1.299	205.848	8.36	9.037	0.0	84.977	14.996	-8.767	3.0	0.972	224.641	8.52	7.412	0.0	80.392	0.0	0.0	24.8	0.964	210.401	9.88	7.85	12.761	80.769	12.889	-12.304	46.6	0.0	194.03	8.34	8.1	0.0	84.018	26.983	-25.711	18.4	0.0	229.678	9.18	7.787	0.0	78.701	25.748	-24.607	24.8	1.24	180.759	8.46	7.1	0.0	86.151	20.372	-17.818	35.8	0.0	248.277
-1.0	5.912	11.698	81.364	26.402	-8.4	26.0	1.777	236.556	7.92	6.225	12.23	87.064	35.047	-14.268	11.2	1.408	240.14	8.43	7.287	0.0	84.877	26.62	-2.043	31.2	1.525	253.605	9.55	8.412	0.0	80.719	33.158	-2.571	26.2	1.575	208.754	8.77	9.1	0.0	81.703	15.214	-8.783	3.0	0.0	272.688	9.1	7.725	0.0	76.209	0.0	0.0	24.8	1.089	206.43	10.1	7.912	9.039	78.727	12.671	-12.358	46.6	0.0	180.759	8.46	8.1	0.0	82.134	27.491	-25.927	18.4	0.0	220.282	9.37	7.787	0.0	77.498	26.692	-24.607	24.8	1.701	193.062	8.71	7.162	0.0	84.199	20.59	-17.833	35.8	0.0	245.468
-1.0	5.787	9.039	92.213	26.62	-8.515	26.0	1.994	227.838	7.94	6.162	9.039	86.934	34.829	-14.731	11.2	1.089	250.99	8.1	7.1	0.0	87.199	27.128	-2.594	31.2	0.955	238.59	9.66	8.037	0.0	79.987	33.086	-8.223	26.2	0.0	218.441	8.69	8.787	0.0	82.163	14.996	-8.737	3.0	0.0	226.191	9.03	7.537	0.0	76.623	0.0	0.0	24.8	0.0	214.082	10.33	8.225	6.912	77.351	13.252	-12.325	46.6	0.0	183.762	8.7	8.162	0.0	80.796	26.983	-26.057	18.4	0.0	233.456	9.57	7.6	0.0	76.257	25.457	-24.653	24.8	0.0	173.881	8.54	7.162	0.0	85.135	20.372	-17.645	35.8	0.0	286.153
-1.0	6.037	6.381	0.0	26.038	-8.535	26.0	0.0	217.182	8.04	6.35	4.254	86.596	34.248	-14.698	11.2	1.76	274.238	8.86	7.287	0.0	82.13	26.765	-1.678	31.2	1.508	236.847	9.75	8.287	0.0	80.056	32.867	-2.641	26.2	0.0	262.905	9.1	8.975	0.0	79.472	14.923	-8.947	3.0	1.081	216.891	9.17	7.6	0.0	75.895	0.0	0.0	24.8	0.0	214.954	10.23	7.975	5.849	78.457	13.252	-12.117	46.6	1.458	171.072	9.0	8.287	0.0	78.563	27.564	-26.939	18.4	0.0	237.428	9.54	7.662	0.0	76.831	26.474	-24.786	24.8	1.986	140.946	8.82	7.162	0.0	83.285	20.59	-17.368	35.8	0.0	264.067
-1.0	6.6	6.381	0.0	25.675	-8.546	26.0	1.475	217.279	8.7	6.6	0.0	81.302	34.756	-15.032	11.2	0.0	222.607	8.49	7.287	0.0	84.357	27.273	-1.898	31.2	1.332	234.231	9.72	8.287	0.0	80.025	33.086	-2.603	26.2	0.0	216.02	8.58	8.787	0.0	83.158	14.996	-8.688	3.0	1.408	208.561	9.07	7.537	0.0	76.833	0.0	0.0	24.8	1.441	204.492	10.36	7.912	4.785	77.634	13.325	-12.315	46.6	1.064	174.947	9.06	8.225	0.0	78.724	26.765	-26.915	18.4	0.0	243.24	9.62	7.412	0.0	76.343	26.038	-24.588	24.8	0.0	215.148	9.06	7.287	0.0	81.48	20.517	-17.769	35.8	0.0	268.62
-1.0	6.475	4.785	83.098	25.893	-8.524	26.0	0.0	229.581	8.72	6.35	4.785	81.211	34.684	-14.492	11.2	0.0	12.399	9.16	7.35	0.0	81.358	27.346	-1.662	31.2	1.165	250.118	9.82	8.35	0.0	79.679	33.013	-2.699	26.2	0.0	216.504	9.18	9.162	0.0	79.096	14.996	-8.862	3.0	0.0	242.465	9.06	7.412	0.0	77.132	0.0	0.0	24.8	0.0	212.435	10.46	7.912	5.849	77.454	13.543	-12.914	46.6	0.0	189.671	9.3	8.225	0.0	77.483	27.273	-27.215	18.4	0.0	239.365	9.96	7.6	0.0	74.961	25.82	-24.318	24.8	1.768	220.766	9.02	6.912	0.0	82.453	20.372	-17.962	35.8	0.0	241.787
-1.0	6.1	2.127	78.337	26.692	-8.497	26.0	0.0	215.245	8.38	6.6	3.19	83.793	34.829	-14.678	11.2	1.827	253.605	9.26	7.162	0.0	79.826	26.765	-1.892	31.2	0.0	266.004	9.83	7.912	0.0	79.731	33.013	-2.512	26.2	1.886	204.783	9.38	9.412	0.0	78.273	15.214	-8.821	3.0	1.542	233.166	9.43	7.787	0.0	74.724	0.0	0.0	24.8	1.534	217.085	10.24	7.725	4.254	78.683	13.688	-12.157	46.6	1.031	180.662	9.06	8.1	0.0	78.477	26.765	-27.068	18.4	2.103	242.853	9.62	7.6	0.0	76.495	25.893	-24.542	24.8	0.0	182.406	9.19	6.975	0.0	80.857	20.299	-18.073	35.8	1.827	291.675
-1.0	6.725	2.127	74.802	26.474	-8.606	26.0	1.098	238.59	8.71	6.662	3.722	81.904	34.466	-14.486	11.2	0.922	243.531	8.78	7.037	0.0	82.541	26.838	-1.524	31.2	1.081	299.037	9.64	8.412	0.0	80.374	32.867	-2.496	26.2	0.0	250.602	9.26	9.35	0.0	78.371	14.85	-8.861	3.0	1.022	221.929	9.24	7.162	0.0	75.655	0.0	0.0	24.8	0.0	256.027	10.14	7.725	2.127	79.108	13.543	-12.157	46.6	1.793	169.425	9.32	8.1	0.0	77.112	26.838	-27.068	18.4	1.785	245.177	9.6	7.6	0.0	76.718	27.128	-24.318	24.8	0.98	208.367	8.97	7.287	0.0	82.466	20.444	-17.676	35.8	0.0	339.626
-1.0	6.475	3.19	75.287	26.474	-8.57	26.0	1.282	185.409	8.99	7.162	4.254	80.083	34.902	-14.584	11.2	1.71	299.425	8.83	7.037	0.0	82.075	26.838	-1.633	31.2	1.969	241.981	9.79	8.287	0.0	78.734	32.867	-2.417	26.2	0.0	219.604	9.18	9.35	0.0	78.874	15.141	-8.877	3.0	1.592	200.23	9.14	7.35	0.0	75.99	0.0	0.0	24.8	0.0	208.367	10.2	7.662	3.722	78.699	13.397	-12.23	46.6	1.936	173.397	9.02	7.975	0.0	78.518	27.201	-26.819	18.4	0.0	223.866	9.66	7.35	0.0	76.2	25.53	-24.456	24.8	1.106	186.959	9.25	7.6	0.0	79.406	20.372	-17.381	35.8	1.684	342.822
-1.0	6.412	3.722	79.735	26.62	-8.585	26.0	1.467	223.769	8.27	6.6	2.127	84.212	34.974	-14.609	11.2	0.0	224.447	8.31	6.912	0.0	85.679	26.765	-1.773	31.2	1.542	235.006	9.54	8.1	0.0	80.571	33.086	-2.465	26.2	1.173	207.204	8.82	9.35	0.0	81.257	14.923	-8.829	3.0	1.76	215.923	9.03	7.287	0.0	76.749	0.0	0.0	24.8	0.0	216.504	10.21	7.725	1.595	78.627	12.889	-12.283	46.6	0.0	181.534	8.86	7.662	0.0	79.737	26.765	-26.998	18.4	0.0	231.131	9.49	7.537	0.0	77.173	26.62	-24.742	24.8	1.064	156.251	8.6	7.287	0.0	85.473	20.517	-17.769	35.8	1.76	226.966
-1.0	5.975	3.19	0.0	26.547	-8.543	26.0	1.115	235.49	8.06	6.6	2.659	85.343	34.611	-14.818	11.2	0.0	236.459	8.62	6.975	0.0	83.38	26.838	-1.685	31.2	1.399	262.42	9.48	7.912	0.0	80.339	32.141	-2.438	26.2	0.0	213.017	9.11	9.225	0.0	78.957	15.068	-8.854	3.0	0.0	276.079	8.86	7.287	0.0	77.838	0.0	0.0	24.8	0.0	218.151	10.18	7.662	7.976	78.321	12.816	-12.273	46.6	0.0	190.155	8.86	7.725	0.0	79.272	27.564	-26.623	18.4	0.0	233.359	9.44	7.35	0.0	77.338	26.256	-24.345	24.8	1.316	166.132	8.51	7.037	0.0	85.336	20.59	-17.993	35.8	1.265	292.062
