-1.22	-1.712	0.0	90.301	24.295	-13.515	35.2	0.0	68.39	-2.42	-1.15	1.595	66.37	33.086	-7.501	29.0	0.0	89.895	-1.64	-0.838	0.0	69.399	23.786	-11.079	0.8	0.0	44.366	-1.68	0.537	0.0	71.283	31.269	-0.137	36.0	0.0	45.819	-1.88	-0.087	0.0	93.733	10.782	-8.707	1.6	0.0	71.781	-0.96	-0.4	0.0	97.794	0.0	0.0	1.2	0.0	46.401	-1.32	0.287	0.532	73.169	9.62	-21.951	1.0	0.0	42.526	-2.06	0.287	0.0	71.581	27.056	-11.194	32.6	0.0	46.013	12.54	0.35	0.0	39.509	20.808	-12.705	1.0	0.0	349.022	-2.04	-0.713	0.0	28.828	8.748	-1.0	38.2	0.0	78.949	-1.79
-1.2	-1.775	0.532	90.306	24.658	-13.25	35.2	0.0	68.39	-2.4	-1.15	0.0	66.348	33.013	-7.501	29.0	0.0	89.798	-1.6	-0.65	0.0	69.407	23.714	-11.066	0.8	0.0	44.463	-1.68	0.412	0.0	71.208	31.051	-0.272	36.0	0.0	44.948	-1.83	-0.212	0.0	93.747	10.709	-8.743	1.6	0.0	72.168	-0.92	-0.525	0.0	97.843	0.0	0.0	1.2	0.0	46.691	-1.34	0.225	0.532	73.214	9.62	-21.731	1.0	0.0	42.623	-2.04	0.35	0.0	71.635	26.765	-11.125	32.6	0.0	45.529	-1.59	0.287	0.0	38.034	20.88	-12.695	1.0	0.0	349.022	-2.02	-0.838	0.0	28.83	8.748	-1.0	38.2	0.0	79.627	-1.72
-1.18	-1.712	0.0	90.312	24.44	-13.451	35.2	0.0	68.487	-2.4	-1.15	0.0	66.322	32.94	-7.531	29.0	0.0	89.992	-1.66	-1.087	0.0	69.395	23.786	-11.124	0.8	0.0	44.27	-1.76	0.35	0.0	71.542	30.979	0.0	36.0	0.0	45.238	-1.88	-0.15	0.0	93.733	11.436	-8.72	1.6	0.0	72.362	-0.94	-0.463	0.0	97.837	0.0	0.0	1.2	0.0	46.594	-1.34	0.287	0.0	73.189	9.62	-21.647	1.0	0.0	42.72	-2.02	0.412	0.0	71.788	26.62	-11.058	32.6	0.0	46.207	6.41	0.35	0.0	38.856	20.517	-12.541	1.0	0.0	348.634	-2.02	-0.775	0.0	28.83	8.457	-1.0	38.2	0.0	79.24	-1.8
-1.2	-1.837	0.532	90.306	24.585	-13.056	35.2	0.0	68.39	-2.4	-1.4	0.0	66.348	33.667	-7.455	29.0	0.0	89.895	-1.6	-0.838	0.0	69.407	24.077	-11.119	0.8	0.0	44.366	-1.64	0.475	0.0	71.041	31.342	-0.441	36.0	0.0	44.948	-1.82	-0.212	0.0	93.749	10.855	-8.713	1.6	0.0	72.168	-0.94	-0.4	0.0	97.837	0.0	0.0	1.2	0.0	46.594	-1.3	0.163	0.0	73.222	9.329	-21.815	1.0	0.0	42.623	-2.03	0.287	0.0	71.811	26.62	-11.117	32.6	0.0	45.529	1.22	0.1	0.0	38.27	20.662	-12.556	1.0	0.0	349.022	-2.04	-0.838	0.0	28.828	8.748	-1.0	38.2	0.0	79.53	-1.76
-1.18	-1.837	0.0	90.312	24.731	-13.366	35.2	0.0	68.487	-2.4	-1.337	0.0	66.374	32.94	-7.46	29.0	0.0	89.992	-1.64	-0.9	0.0	69.399	23.714	-11.15	0.8	0.0	44.657	-1.66	0.225	0.0	71.062	31.269	-0.117	36.0	0.0	45.044	-1.78	-0.15	0.0	93.761	11.654	-8.672	1.6	0.0	71.974	-0.88	-0.4	0.0	97.855	0.0	0.0	1.2	0.0	46.885	-1.3	0.287	2.127	73.222	9.547	-21.647	1.0	0.0	42.816	-2.0	0.287	0.0	71.867	26.547	-11.079	32.6	0.0	46.304	1.12	0.163	0.0	38.291	20.808	-14.101	1.0	0.0	349.022	-1.96	-0.588	0.0	28.835	8.603	-1.0	38.2	0.0	79.821	-1.7
-1.14	-1.712	1.063	90.322	24.803	-13.198	35.2	0.0	68.487	-2.38	-1.337	0.532	66.325	32.867	-7.453	29.0	0.0	89.701	-1.64	-0.9	0.0	69.399	23.859	-11.15	0.8	0.0	44.463	-1.74	0.412	0.0	71.396	31.778	-0.212	36.0	0.0	45.722	-1.84	-0.4	0.0	93.744	11.218	-8.645	1.6	0.0	71.781	-0.9	-0.525	0.0	97.849	0.0	0.0	1.2	0.0	46.788	-1.34	0.225	0.0	73.189	9.91	-22.136	1.0	0.0	42.429	-2.02	0.35	0.0	71.912	26.184	-11.125	32.6	0.0	45.916	0.48	0.1	0.0	38.223	21.098	-12.556	1.0	0.0	348.925	-2.0	-0.713	0.0	28.832	8.675	-1.0	38.2	0.0	79.336	-1.73
-1.19	-1.775	2.127	90.309	24.949	-13.127	35.2	0.0	68.39	-2.39	-1.275	0.0	66.376	32.722	-7.497	29.0	0.0	89.605	-1.7	-0.838	0.0	69.387	23.714	-11.119	0.8	0.0	44.27	-1.78	0.412	0.0	71.638	30.761	-0.242	36.0	0.0	45.238	-1.92	-0.4	0.0	93.721	11.0	-8.674	1.6	0.0	72.459	-1.0	-0.4	0.0	97.819	0.0	0.0	1.2	0.0	46.885	-1.38	0.037	0.0	73.181	9.038	-21.069	1.0	0.0	42.816	-2.07	0.35	0.0	71.927	26.838	-11.203	32.6	0.0	45.819	-0.24	0.412	0.0	38.147	21.098	-12.497	1.0	0.0	349.022	-2.06	-0.838	0.0	28.827	8.603	-1.0	38.2	0.0	79.433	-1.82
-1.26	-1.837	1.595	90.29	24.585	-12.935	35.2	0.0	68.39	-2.43	-1.65	0.0	66.472	33.376	-7.448	29.0	0.0	89.411	-1.72	-0.963	0.0	69.358	23.714	-11.181	0.8	0.0	45.044	-1.79	0.412	0.0	71.735	31.051	-0.242	36.0	0.0	44.851	-1.93	-0.338	0.0	93.718	10.709	-8.7	1.6	0.0	71.974	-1.1	-0.65	0.0	97.789	0.0	0.0	1.2	0.0	46.691	-1.4	0.163	0.0	73.152	10.128	-21.815	1.0	0.0	41.848	-2.08	0.35	0.0	71.875	26.547	-11.164	32.6	0.0	45.916	-1.7	0.287	0.0	38.054	20.444	-12.531	1.0	0.0	349.409	-2.08	-0.838	0.0	28.825	8.966	-1.0	38.2	0.0	79.821	-1.8
-1.28	-1.962	0.0	90.285	25.239	-13.158	35.2	0.0	68.39	-2.44	-1.525	0.0	66.522	33.086	-7.428	29.0	0.0	89.605	-1.76	-1.025	0.0	69.35	24.077	-11.254	0.8	0.0	44.076	-1.74	0.287	0.0	71.471	30.761	-0.169	36.0	0.0	45.044	-1.9	-0.4	0.0	93.727	10.637	-8.655	1.6	0.0	72.265	-1.12	-0.338	0.0	97.783	0.0	0.0	1.2	0.0	46.594	-1.4	0.1	0.532	73.152	9.838	-21.595	1.0	0.0	42.72	-2.12	0.287	0.0	71.842	26.038	-11.079	32.6	0.0	46.11	-0.25	0.475	0.0	38.145	20.662	-12.614	1.0	0.0	349.409	-2.06	-0.838	0.0	28.827	8.603	-1.0	38.2	0.0	79.53	-1.8
-1.26	-1.587	0.0	90.29	24.513	-12.975	35.2	0.0	68.293	-2.45	-1.337	0.0	66.52	32.867	-7.468	29.0	0.0	90.186	-1.63	-0.963	0.0	69.401	23.714	-11.141	0.8	0.0	44.366	-1.66	0.35	0.0	71.087	31.415	-0.161	36.0	0.0	45.044	-1.86	0.037	0.0	93.738	11.218	-8.75	1.6	0.0	71.393	-1.08	-0.338	0.0	97.777	0.0	0.0	1.2	0.0	46.401	-1.34	0.1	0.0	73.165	10.128	-21.697	1.0	0.0	42.72	-2.11	0.412	0.0	71.77	26.329	-11.134	32.6	0.0	45.819	3.36	0.163	0.0	38.53	20.444	-12.731	1.0	0.0	348.925	-2.06	-1.025	0.0	28.827	8.748	-1.0	38.2	0.0	79.53	-1.75
-1.21	-1.65	0.0	90.303	24.513	-13.208	35.2	0.0	68.487	-2.43	-1.337	0.0	66.472	32.65	-7.453	29.0	0.0	90.186	-1.56	-0.963	0.0	69.44	23.714	-11.181	0.8	0.0	44.56	-1.74	0.412	0.0	71.371	31.051	-0.242	36.0	0.0	46.013	-1.85	-0.212	0.0	93.741	11.363	-8.684	1.6	0.0	71.974	-1.05	-0.463	0.0	97.786	0.0	0.0	1.2	0.0	46.788	-1.37	0.1	1.063	73.158	9.547	-21.595	1.0	0.0	42.526	-2.04	0.225	0.0	71.933	26.62	-11.108	32.6	0.0	45.722	3.76	0.1	0.0	38.573	20.372	-12.556	1.0	0.0	349.022	-1.99	-0.838	0.0	28.833	8.893	-1.0	38.2	0.0	79.433	-1.72
-1.2	-1.962	0.532	90.306	25.021	-13.158	35.2	0.0	68.39	-2.4	-1.525	0.0	66.426	33.013	-7.42	29.0	0.0	90.283	-1.7	-0.963	0.0	69.387	23.859	-11.222	0.8	0.0	44.463	-1.77	0.287	0.0	71.54	31.051	-0.198	36.0	0.0	45.432	-1.93	0.037	0.0	93.718	10.709	-8.72	1.6	0.0	71.781	-1.1	-0.65	0.0	97.771	0.0	0.0	1.2	0.0	46.788	-1.38	0.1	6.381	73.156	10.128	-21.697	1.0	0.0	42.72	-2.05	0.35	0.0	72.03	26.765	-18.234	32.6	0.0	46.11	1.06	0.225	0.0	38.285	20.372	-12.468	1.0	0.0	349.603	-2.05	-0.838	0.0	28.828	8.966	-1.0	38.2	0.0	79.24	-1.8
-1.24	-1.9	1.063	90.296	24.44	-13.681	35.2	0.0	68.196	-2.44	-1.587	0.0	66.496	32.795	-7.461	29.0	0.0	89.798	-1.77	-0.9	0.0	69.348	23.859	-11.15	0.8	0.0	44.56	-1.78	0.225	0.0	71.638	31.633	-0.235	36.0	0.0	45.432	-1.96	-0.338	0.0	93.71	11.436	-8.69	1.6	0.0	72.168	-1.08	-0.463	0.0	97.795	0.0	0.0	1.2	0.0	46.594	-1.38	0.037	1.063	73.156	9.983	-21.781	1.0	0.0	42.72	-2.1	0.35	0.0	71.995	26.256	-11.125	32.6	0.0	45.916	17.34	0.225	0.0	40.087	21.098	-12.685	1.0	0.0	348.634	-2.1	-0.9	0.0	28.823	8.603	-1.0	38.2	0.0	79.627	-1.82
-1.28	-1.837	0.532	90.285	25.021	-13.056	35.2	0.0	68.584	-2.5	-1.587	0.0	66.589	32.795	-7.423	29.0	0.0	89.798	-1.74	-1.025	0.0	69.354	23.641	-11.254	0.8	0.0	44.657	-1.8	0.287	0.0	71.783	30.833	-0.169	36.0	0.0	44.754	-1.96	-0.338	0.0	93.691	10.927	-8.7	1.6	0.0	71.974	-1.08	-0.65	0.0	97.777	0.0	0.0	1.2	0.0	46.11	-1.44	0.163	0.0	73.144	9.256	-21.916	1.0	0.0	42.72	-2.12	0.287	0.0	71.966	26.256	-10.931	32.6	0.0	46.401	0.94	0.163	0.0	38.304	20.299	-12.406	1.0	0.0	349.022	-2.12	-0.9	0.0	28.822	8.53	-1.0	38.2	0.0	79.53	-1.76
-1.29	-1.837	0.532	90.282	24.367	-12.995	35.2	0.0	68.39	-2.5	-1.4	0.0	66.615	32.722	-7.408	29.0	0.0	90.089	-1.72	-0.963	0.0	69.358	23.786	-11.346	0.8	0.0	44.463	-1.74	0.287	0.0	71.571	31.197	-0.021	36.0	0.0	45.916	-1.92	-0.4	0.0	93.721	10.709	-8.674	1.6	0.0	72.265	-1.09	-0.275	0.0	97.774	0.0	0.0	1.2	0.0	46.788	-1.42	0.037	1.595	73.148	10.128	-21.68	1.0	0.0	42.623	-2.12	0.037	0.0	71.942	26.692	-11.199	32.6	0.0	45.819	4.3	-0.025	0.0	38.663	21.098	-12.537	1.0	0.0	348.925	-2.1	-1.087	0.0	28.823	8.748	-1.0	38.2	0.0	79.627	-1.84
-1.28	-1.9	0.532	90.244	24.876	-13.356	35.2	0.0	68.681	-2.48	-1.462	0.532	66.644	33.086	-7.362	29.0	0.0	90.476	-1.73	-1.025	0.0	69.356	23.714	-11.015	0.8	0.0	44.27	-1.84	0.225	0.0	71.999	31.56	-0.293	36.0	0.0	45.141	-1.93	-0.4	0.0	93.718	10.709	-8.684	1.6	0.0	71.587	-1.1	-0.588	0.0	97.752	0.0	0.0	1.2	0.0	46.691	-1.46	-0.15	0.532	73.14	10.128	-21.527	1.0	0.0	42.913	-2.13	0.225	0.0	71.965	26.692	-11.033	32.6	0.0	46.013	3.98	0.037	0.0	38.917	21.316	-12.711	1.0	0.0	348.925	-2.1	-0.775	0.0	28.823	8.603	-1.0	38.2	0.0	79.433	-1.82
-1.29	-1.837	1.063	90.241	25.021	-12.369	35.2	0.0	68.487	-2.48	-1.4	0.0	66.618	33.449	-7.478	29.0	0.0	90.186	-1.76	-0.963	0.0	69.35	23.714	-11.346	0.8	0.0	44.27	-1.8	0.163	0.0	71.833	31.415	-7.459	36.0	0.0	45.432	-1.95	-0.463	0.0	93.674	10.927	-8.707	1.6	0.0	72.071	-1.18	-0.275	0.0	97.729	0.0	0.0	1.2	0.0	46.788	-1.45	0.037	0.0	73.142	9.838	-21.68	1.0	0.0	42.526	-2.16	0.225	0.0	71.958	26.329	-11.386	32.6	0.0	46.11	1.1	0.037	0.0	38.321	20.735	-12.767	1.0	0.0	349.022	-2.14	-0.838	0.0	28.82	8.675	-1.0	38.2	0.0	79.143	-1.84
-1.28	-1.775	1.063	90.264	24.513	-12.827	35.2	0.0	68.39	-2.48	-1.337	0.0	66.618	32.867	-7.484	29.0	0.0	90.089	-1.8	-1.15	0.0	69.342	23.641	-11.278	0.8	0.0	44.27	-1.81	0.225	0.0	71.93	31.342	-0.147	36.0	0.0	45.044	-1.95	-0.338	0.0	93.694	10.855	-8.7	1.6	0.0	71.49	-1.14	-0.65	0.0	97.74	0.0	0.0	1.2	0.0	46.982	-1.47	0.1	0.532	73.138	9.474	-21.697	1.0	0.0	42.72	-2.2	0.037	0.0	71.925	26.91	-11.083	32.6	0.0	45.916	7.8	0.037	0.0	39.069	20.372	-12.439	1.0	0.0	349.312	-2.11	-0.775	0.0	28.823	8.675	-1.0	38.2	0.0	79.046	-1.89
-1.26	-1.9	0.532	90.27	25.021	-13.107	35.2	0.0	68.39	-2.49	-1.462	0.532	66.642	32.867	-7.37	29.0	0.0	89.992	-1.78	-1.025	0.0	69.346	23.568	-11.254	0.8	0.0	44.463	-1.82	0.225	0.0	71.878	30.833	-0.176	36.0	0.0	44.754	-1.98	-0.525	0.0	93.666	11.073	-8.72	1.6	0.0	71.781	-1.22	-0.775	0.0	97.717	0.0	0.0	1.2	0.0	46.885	-1.46	0.037	1.063	73.14	9.765	-21.375	1.0	0.0	42.816	-2.2	0.163	0.0	71.901	26.62	-11.1	32.6	0.0	45.626	6.61	-0.087	0.0	39.038	20.88	-12.473	1.0	0.0	348.634	-2.14	-0.65	0.0	28.82	8.748	-1.0	38.2	0.0	79.53	-1.89
-1.25	-1.9	0.532	90.272	25.603	-13.046	35.2	0.0	68.487	-2.5	-1.525	0.0	66.667	32.795	-7.444	29.0	0.0	89.992	-1.81	-1.087	0.0	69.315	23.859	-11.205	0.8	0.0	44.754	-1.84	0.1	0.0	72.073	31.051	-0.132	36.0	0.0	45.432	-1.98	-0.525	0.0	93.666	11.291	-8.7	1.6	0.0	72.943	-1.16	-0.275	0.0	97.735	0.0	0.0	1.2	0.0	46.885	-1.48	0.037	0.0	73.136	9.62	-24.009	1.0	0.0	42.526	-2.2	0.1	0.0	71.925	26.402	-11.129	32.6	0.0	46.304	5.8	-0.087	0.0	38.855	20.59	-12.473	1.0	0.0	349.022	-2.14	-0.9	0.0	28.82	8.748	-1.0	38.2	0.0	79.433	-1.91
-1.27	-1.962	0.0	90.267	24.803	-12.976	35.2	0.0	68.487	-2.52	-1.337	0.532	66.689	33.086	-7.468	29.0	0.0	89.798	-1.84	-1.025	0.0	69.309	23.859	-11.423	0.8	0.0	44.463	-1.88	0.163	0.0	72.239	31.487	-0.3	36.0	0.0	45.141	-2.04	-0.338	0.0	93.649	10.637	-8.71	1.6	0.0	72.168	-1.17	-0.65	0.0	97.732	0.0	0.0	1.2	0.0	46.691	-1.51	0.1	0.0	73.08	9.547	-22.301	1.0	0.0	42.429	-2.19	0.1	0.0	71.952	26.184	-11.129	32.6	0.0	46.11	3.98	0.163	0.0	38.725	21.026	-12.459	1.0	0.0	349.022	-2.14	-0.9	0.0	28.82	8.893	-1.0	38.2	0.0	79.046	-1.9
-1.29	-2.025	1.063	90.262	24.367	-13.336	35.2	0.0	69.068	-2.54	-1.712	0.0	66.737	32.65	-7.427	29.0	0.0	89.798	-1.82	-1.15	0.0	69.313	23.714	-13.351	0.8	0.0	44.463	-1.82	0.287	0.0	72.027	31.705	-0.139	36.0	0.0	45.432	-2.04	-0.588	0.0	93.649	11.218	-8.704	1.6	0.0	71.974	-1.22	-0.4	0.0	97.717	0.0	0.0	1.2	0.0	46.788	-1.52	0.037	1.063	73.078	9.474	-21.882	1.0	0.0	42.913	-2.21	0.225	0.0	71.948	26.692	-11.147	32.6	0.0	46.013	-1.02	0.163	0.0	38.506	20.59	-12.512	1.0	0.0	349.022	-2.2	-0.963	0.0	28.848	8.821	-1.0	38.2	0.0	79.724	-1.91
-1.3	-1.837	0.532	90.239	24.513	-13.056	35.2	0.0	68.874	-2.54	-1.65	1.063	66.763	32.795	-7.433	29.0	0.0	90.186	-1.85	-0.9	0.0	69.307	23.714	-11.483	0.8	0.0	44.366	-1.88	0.163	0.0	72.214	30.688	-0.213	36.0	0.0	46.013	-2.04	-0.338	0.0	93.649	10.782	-8.897	1.6	0.0	71.974	-1.24	-0.963	0.0	97.711	0.0	0.0	1.2	0.0	46.691	-1.48	-0.025	1.063	73.062	9.402	-21.46	1.0	0.0	42.623	-2.24	0.287	0.0	71.992	26.111	-11.041	32.6	0.0	45.722	-1.0	0.037	0.0	38.287	21.026	-12.335	1.0	0.0	349.022	-2.18	-0.963	0.0	28.817	8.675	-1.0	38.2	0.0	79.724	-1.98
-1.33	-1.65	0.532	90.231	24.731	-13.025	35.2	0.0	68.778	-2.54	-1.462	0.0	66.789	33.158	-7.441	29.0	0.0	90.186	-1.8	-1.087	0.0	69.317	23.714	-11.681	0.8	0.0	44.366	-1.9	0.225	0.0	72.284	30.979	-0.147	36.0	0.0	45.238	-2.02	-0.525	0.0	93.654	11.291	-8.72	1.6	0.0	71.877	-1.24	-0.463	0.0	97.711	0.0	0.0	1.2	0.0	46.691	-1.49	0.037	1.595	73.035	10.128	-21.273	1.0	0.0	42.816	-2.22	0.037	0.0	71.996	26.111	-11.083	32.6	0.0	46.013	-1.1	-0.025	0.0	38.56	20.59	-12.591	1.0	0.0	348.925	-2.2	-1.025	0.0	28.815	8.603	-1.0	38.2	0.0	79.336	-1.96
-1.32	-1.962	1.063	90.233	25.094	-12.976	35.2	0.0	68.584	-2.55	-1.337	3.19	66.813	32.432	-7.453	29.0	0.0	89.895	-1.9	-1.025	0.0	69.272	23.786	-11.644	0.8	0.0	44.657	-1.89	0.037	0.0	72.335	30.833	-0.052	36.0	0.0	45.432	-2.06	-0.087	0.0	93.643	10.782	-8.767	1.6	0.0	72.168	-1.3	-0.525	0.0	97.693	0.0	0.0	1.2	0.0	46.691	-1.51	0.037	0.0	73.031	9.838	-21.578	1.0	0.0	43.107	-2.22	0.1	0.0	72.045	26.256	-11.168	32.6	0.0	45.819	-0.95	0.037	0.0	38.577	21.098	-12.439	1.0	0.0	349.022	-2.18	-0.963	0.0	28.817	8.312	-1.0	38.2	0.0	79.627	-1.91
-1.33	-1.775	0.0	90.231	24.367	-13.005	35.2	0.0	68.778	-2.55	-1.462	0.0	66.813	33.303	-7.386	29.0	0.0	89.701	-1.84	-1.15	0.0	69.309	23.932	-11.448	0.8	0.0	44.754	-1.85	0.037	0.0	72.145	31.124	-0.198	36.0	0.0	44.948	-1.98	-0.275	0.0	93.666	10.709	-8.768	1.6	0.0	71.974	-1.14	-0.338	0.0	97.722	0.0	0.0	1.2	0.0	46.885	-1.5	-0.15	0.0	73.033	9.474	-21.527	1.0	0.0	42.913	-2.23	0.1	0.0	72.068	26.62	-12.241	32.6	0.0	46.013	-1.11	0.1	0.0	38.528	20.735	-12.449	1.0	0.0	348.925	-2.18	-0.963	0.0	28.817	8.748	-1.0	38.2	0.0	79.53	-1.91
-1.3	-1.775	1.063	90.239	25.167	-13.005	35.2	0.0	68.293	-2.54	-1.587	0.0	66.789	32.577	-7.446	29.0	0.0	89.895	-1.84	-1.15	0.0	69.309	23.859	-11.626	0.8	0.0	44.657	-1.88	0.225	0.0	72.263	31.487	-0.235	36.0	0.0	45.141	-2.02	-0.525	0.0	93.654	11.0	-8.763	1.6	0.0	72.265	-1.18	-0.4	0.0	97.729	0.0	0.0	1.2	0.0	46.788	-1.5	-0.025	3.19	73.033	10.128	-21.561	1.0	0.0	42.623	-2.24	0.1	0.0	72.115	26.402	-11.328	32.6	0.0	46.11	-1.34	0.1	0.0	38.471	21.171	-12.396	1.0	0.0	349.022	-2.17	-0.9	0.0	28.818	8.748	-1.0	38.2	0.0	79.821	-1.87
-1.31	-1.962	0.532	90.236	24.949	-13.036	35.2	0.0	68.293	-2.56	-1.337	1.063	66.811	32.795	-7.445	29.0	0.0	89.895	-1.82	-1.15	0.0	69.313	23.496	-11.626	0.8	0.0	44.754	-1.85	0.163	0.0	72.145	31.415	-0.183	36.0	0.0	45.335	-2.02	-0.525	0.0	93.654	11.508	-8.807	1.6	0.0	72.168	-1.26	-0.4	0.0	97.686	0.0	0.0	1.2	0.0	46.691	-1.5	-0.15	0.0	73.008	10.128	-21.527	1.0	0.0	42.816	-2.22	0.287	0.0	72.144	26.765	-11.313	32.6	0.0	46.013	-1.44	0.037	0.0	38.334	20.59	-12.711	1.0	0.0	348.828	-2.23	-0.963	0.0	28.813	8.748	-1.0	38.2	0.0	79.24	-1.91
-1.33	-2.15	0.0	90.231	25.021	-12.946	35.2	0.0	68.584	-2.55	-1.65	0.0	66.839	32.65	-7.409	29.0	0.0	89.895	-1.86	-1.025	0.0	69.305	23.714	-11.599	0.8	0.0	44.56	-1.94	0.1	0.0	72.523	30.47	-0.161	36.0	0.0	44.754	-2.03	-0.4	0.0	93.652	11.073	-8.776	1.6	0.0	71.781	-1.49	-0.65	0.0	97.6	0.0	0.0	1.2	0.0	46.304	-1.55	-0.025	0.0	72.998	9.474	-21.864	1.0	0.0	42.429	-2.19	0.225	0.0	72.225	26.765	-11.147	32.6	0.0	46.013	-0.96	-0.087	0.0	38.449	20.808	-12.527	1.0	0.0	349.022	-2.22	-1.025	0.0	28.813	8.893	-1.0	38.2	0.0	79.336	-1.88
-1.38	-2.087	3.722	90.217	24.295	-12.956	35.2	0.0	68.293	-2.58	-1.525	0.0	66.859	33.158	-7.436	29.0	0.0	88.83	-1.84	-1.087	0.0	69.309	23.568	-11.727	0.8	0.0	44.754	-1.92	0.037	0.0	72.404	31.415	-0.198	36.0	0.0	45.335	-2.06	-0.463	0.0	93.643	11.508	-8.697	1.6	0.0	72.071	-1.38	-0.525	0.0	97.632	0.0	0.0	1.2	0.0	46.885	-1.53	-0.087	0.0	73.002	9.402	-21.645	1.0	0.0	42.72	-2.22	0.037	0.0	72.293	25.966	-10.689	32.6	0.0	46.401	-1.4	0.037	0.0	38.465	20.444	-13.743	1.0	0.0	349.022	-2.28	-0.9	0.0	28.875	8.821	-1.0	38.2	0.0	79.53	-1.94
