8.16	7.225	89.329	68.764	25.603	-11.512	34.8	1.777	75.074	6.29	7.287	86.67	70.053	33.303	-8.223	28.8	0.0	87.377	6.64	9.287	0.0	72.206	24.295	-10.479	0.0	1.039	55.506	7.56	9.287	0.0	69.025	30.761	-2.677	35.0	1.156	53.375	7.68	11.537	0.0	70.136	11.291	-9.596	0.0	0.0	60.641	7.16	8.1	0.0	71.946	0.0	0.0	0.2	1.115	34.97	7.66	9.037	85.607	72.201	9.838	-25.837	0.0	0.0	31.676	7.01	10.85	0.0	69.664	26.765	-11.35	31.6	0.0	45.238	7.92	10.037	0.0	70.472	21.607	-23.419	0.0	0.0	341.66	7.16	8.475	0.0	71.008	10.056	-1.0	37.2	0.0	105.879	7.59
7.8	7.412	95.71	68.456	26.038	-11.341	34.8	1.819	76.43	6.3	7.225	92.519	68.921	33.667	-8.189	28.8	0.0	87.377	6.62	10.162	0.0	70.851	24.731	-10.57	0.0	1.383	50.953	7.6	9.662	0.0	69.219	30.761	-2.841	35.0	0.0	53.569	7.69	11.412	0.0	70.164	11.145	-9.594	0.0	1.215	53.666	7.17	8.662	0.0	71.088	0.0	0.0	0.2	0.0	35.648	7.74	9.287	91.456	70.753	10.492	-25.818	0.0	0.0	32.161	7.18	11.85	0.0	71.742	26.62	-12.389	31.6	0.0	45.044	7.99	10.225	0.0	70.353	22.115	-23.246	0.0	0.0	342.047	7.5	9.85	0.0	70.602	9.91	-1.0	37.2	0.0	84.374	7.63
7.82	7.6	99.432	69.154	25.603	-11.502	34.8	0.0	51.438	6.52	7.537	96.773	69.729	34.393	-8.223	28.8	0.0	87.473	6.83	11.162	0.0	70.105	24.44	-10.777	0.0	0.0	54.731	7.41	9.6	0.0	68.971	31.415	-2.627	35.0	0.0	53.375	7.4	11.6	0.0	69.208	11.291	-9.604	0.0	0.0	54.247	7.34	9.475	0.0	70.544	0.0	0.0	0.2	0.0	35.164	7.75	9.412	94.646	70.466	9.765	-25.298	0.0	0.0	31.676	7.45	12.85	0.0	69.589	26.329	-11.652	31.6	0.0	44.948	7.98	10.35	0.0	70.589	22.115	-23.171	0.0	0.0	342.047	7.58	10.787	0.0	70.433	10.201	-1.0	37.2	0.0	90.379	7.64
7.72	7.6	101.559	69.242	25.167	-11.536	34.8	1.86	45.916	6.54	7.6	98.9	69.469	33.449	-8.23	28.8	0.0	87.086	6.84	11.225	0.0	68.837	24.44	-10.787	0.0	0.0	74.299	7.4	9.912	0.0	69.022	30.688	-2.574	35.0	0.0	53.375	7.46	11.662	0.0	70.067	11.363	-9.575	0.0	0.0	58.509	7.38	9.725	0.0	70.368	0.0	0.0	0.2	0.0	35.842	7.81	9.412	95.178	71.657	10.201	-25.752	0.0	0.0	32.064	7.53	12.725	0.0	67.573	26.547	-11.743	31.6	0.0	45.141	7.96	10.225	0.0	69.5	21.752	-27.064	0.0	0.0	342.047	7.49	11.162	0.0	69.861	10.419	-1.0	37.2	0.0	90.767	7.82
7.98	7.725	104.217	69.131	25.167	-11.59	34.8	1.894	53.86	6.62	7.662	99.432	69.167	33.521	-8.282	28.8	0.0	87.377	7.08	11.537	0.0	69.598	24.44	-10.74	0.0	0.0	74.105	7.48	9.725	0.0	68.877	31.124	-2.823	35.0	0.0	53.278	7.67	11.787	0.0	68.672	11.073	-9.577	0.0	0.0	59.091	7.51	9.662	0.0	70.024	0.0	0.0	0.2	0.0	36.036	7.89	9.475	94.115	69.911	9.547	-25.888	0.0	0.0	32.355	8.25	12.662	0.0	68.002	26.474	-11.851	31.6	0.0	44.076	8.02	10.162	0.0	68.202	21.825	-21.827	0.0	0.0	342.047	7.25	10.225	0.0	70.501	10.056	-1.0	37.2	0.0	113.725	7.85
7.88	7.6	89.861	67.934	25.312	-11.502	34.8	1.425	43.398	6.38	7.537	95.178	68.245	33.667	-8.241	28.8	0.0	87.28	6.84	9.912	0.0	68.65	24.513	-10.628	0.0	0.0	100.745	7.52	9.85	0.0	70.263	30.761	-2.554	35.0	0.0	53.181	7.69	11.412	0.0	68.355	10.782	-9.632	0.0	0.0	77.011	8.19	9.287	0.0	67.695	0.0	0.0	0.2	0.0	35.648	7.96	9.412	85.607	69.234	10.346	-25.752	0.0	0.0	32.355	8.44	11.85	0.0	66.055	26.62	-11.743	31.6	0.0	107.525	8.07	10.037	0.0	68.319	21.897	-22.365	0.0	0.0	341.95	7.22	9.475	0.0	70.967	10.346	-1.0	37.2	0.0	113.047	7.94
7.84	7.35	84.012	67.792	25.021	-11.497	34.8	1.777	57.928	6.46	7.537	85.075	67.672	33.449	-8.232	28.8	2.036	86.989	6.84	9.475	0.0	68.89	24.295	-10.623	0.0	0.0	83.017	7.49	9.85	0.0	69.411	30.833	-2.632	35.0	0.0	53.375	7.66	11.35	0.0	68.081	10.782	-9.54	0.0	0.0	77.108	7.68	8.537	0.0	69.048	0.0	0.0	0.2	0.0	35.745	7.96	9.1	79.758	68.432	9.692	-25.748	0.0	0.0	32.161	7.7	10.975	0.0	67.497	26.547	-11.688	31.6	0.0	94.448	7.98	9.85	0.0	68.168	22.115	-21.729	0.0	0.0	342.047	7.08	8.6	0.0	70.521	10.201	-1.0	37.2	0.0	121.087	7.95
7.78	7.287	80.29	68.265	25.312	-11.42	34.8	1.701	38.457	6.39	7.35	79.226	68.779	33.231	-8.184	28.8	1.986	87.183	7.08	11.162	0.0	68.455	24.44	-10.898	0.0	0.0	84.374	7.52	9.475	0.0	68.002	31.197	-2.47	35.0	0.0	53.569	7.5	11.1	0.0	68.561	11.0	-9.499	0.0	0.0	76.915	7.4	8.35	0.0	70.266	0.0	0.0	0.2	0.0	43.495	8.11	9.1	76.036	68.567	10.056	-25.637	0.0	0.0	32.161	7.76	12.475	0.0	66.343	26.62	-12.072	31.6	0.0	94.545	7.84	9.537	0.0	68.41	22.188	-22.784	0.0	0.0	341.563	7.12	8.225	0.0	70.213	10.056	-1.0	37.2	0.0	119.634	7.96
7.65	6.975	76.036	68.321	25.021	-11.439	34.8	1.751	53.181	6.39	7.225	75.504	68.54	33.231	-8.243	28.8	2.053	87.28	6.97	10.662	0.0	68.968	24.876	-10.885	0.0	0.93	47.951	7.5	9.037	0.0	67.891	30.397	-2.212	35.0	0.0	53.569	7.48	11.1	0.0	68.37	11.0	-9.477	0.0	0.0	60.737	7.28	7.912	0.0	68.813	0.0	0.0	0.2	0.0	43.398	7.95	8.787	72.314	68.296	10.056	-25.744	0.0	0.0	32.258	7.9	12.787	0.0	65.932	26.402	-12.127	31.6	0.0	94.254	7.81	9.287	0.0	67.787	21.97	-22.818	0.0	0.0	341.66	7.32	8.35	0.0	71.457	10.056	-1.0	37.2	0.0	120.022	8.04
7.91	6.725	67.528	67.697	25.094	-11.435	34.8	1.265	50.857	6.24	6.975	74.973	68.378	33.667	-8.224	28.8	2.062	88.345	7.16	10.162	0.0	68.042	24.731	-10.874	0.0	0.0	54.344	7.31	8.85	0.0	68.284	31.124	-2.378	35.0	0.0	53.569	7.36	10.787	0.0	68.374	11.145	-9.421	0.0	0.0	60.641	7.3	7.6	0.0	68.897	0.0	0.0	0.2	0.0	43.785	7.92	8.725	66.465	68.799	10.128	-25.05	0.0	0.0	31.58	8.12	12.412	0.0	67.06	26.547	-11.995	31.6	0.0	94.545	7.81	9.037	0.0	68.672	21.607	-23.316	0.0	0.0	342.047	7.08	8.162	0.0	69.598	10.419	-1.0	37.2	0.0	83.502	7.95
7.78	6.537	61.68	67.727	25.53	-11.44	34.8	1.508	50.082	6.26	6.475	61.68	68.621	33.231	-8.126	28.8	2.003	87.183	6.84	8.725	0.0	68.544	24.731	-10.795	0.0	0.0	54.441	7.42	8.787	0.0	68.144	31.415	-2.244	35.0	0.0	52.891	7.28	10.787	0.0	68.386	11.218	-9.435	0.0	0.0	60.737	7.21	7.35	0.0	69.437	0.0	0.0	0.2	0.0	43.882	7.86	8.35	59.021	68.467	10.201	-25.363	0.0	0.0	32.161	7.46	10.537	0.0	66.289	26.62	-11.71	31.6	0.0	72.749	7.75	8.662	0.0	68.5	22.333	-23.077	0.0	0.0	238.106	7.17	7.662	0.0	69.165	10.056	-1.0	37.2	0.0	83.599	8.06
7.83	6.162	55.831	67.332	25.239	-12.811	34.8	0.913	49.791	6.38	6.6	53.172	68.085	34.611	-8.157	28.8	1.399	87.086	6.74	8.162	0.0	68.365	24.295	-10.356	0.0	0.0	45.432	7.39	8.225	0.0	68.246	30.833	-1.91	35.0	0.0	53.763	7.44	10.725	0.0	68.763	11.291	-9.413	0.0	0.0	60.35	7.21	7.287	0.0	69.755	0.0	0.0	0.2	0.0	43.688	7.85	8.162	53.172	68.973	10.201	-25.734	0.0	0.0	33.517	7.46	10.287	0.0	66.642	26.184	-12.043	31.6	0.0	72.652	7.79	8.662	0.0	68.481	21.752	-22.962	0.0	0.0	238.203	7.29	7.537	0.0	70.008	9.983	-1.0	37.2	0.0	83.599	8.04
7.86	5.85	49.982	67.499	25.53	-11.302	34.8	1.106	49.597	6.44	6.287	55.299	67.802	33.449	-8.114	28.8	1.165	86.989	6.75	8.037	0.0	69.297	24.803	-10.765	0.0	0.0	45.432	7.35	7.787	0.0	68.292	30.397	-1.99	35.0	0.0	53.86	7.42	10.225	0.0	68.599	11.0	-9.347	0.0	0.0	60.737	7.18	7.1	0.0	69.299	0.0	0.0	0.2	0.0	43.882	7.88	7.912	48.387	69.005	9.838	-24.874	0.0	0.0	31.967	7.53	10.287	0.0	66.763	26.329	-11.936	31.6	0.0	72.652	7.78	8.287	0.0	67.377	22.261	-23.184	0.0	0.0	193.255	7.28	7.287	0.0	69.689	9.983	-1.0	37.2	0.0	83.792	7.98
7.82	5.662	45.728	67.141	25.457	-11.049	34.8	1.525	49.791	6.5	5.975	49.982	67.626	33.158	-8.072	28.8	1.257	87.183	6.72	7.537	0.0	68.761	23.859	-10.532	0.0	0.0	46.207	7.42	7.35	0.0	68.546	31.269	-1.809	35.0	0.0	53.666	7.34	10.162	0.0	68.022	11.0	-9.317	0.0	0.0	59.962	7.17	6.912	0.0	69.111	0.0	0.0	0.2	0.0	43.301	7.97	7.725	46.26	68.514	9.91	-25.683	0.0	0.0	31.773	7.4	10.1	0.0	67.523	26.547	-12.198	31.6	0.0	72.652	7.84	8.162	0.0	67.469	21.825	-23.143	0.0	0.0	193.255	7.3	7.037	0.0	69.189	9.692	-1.0	37.2	0.0	88.345	7.8
7.83	5.6	44.664	67.521	25.312	-11.199	34.8	1.425	49.888	6.47	5.912	44.664	68.101	33.521	-8.074	28.8	1.475	87.086	6.74	7.35	0.0	69.242	24.295	-10.379	0.0	0.0	45.141	7.43	7.35	0.0	67.097	30.833	-1.662	35.0	0.0	53.472	7.39	10.162	0.0	69.18	11.073	-9.332	0.0	0.0	60.737	7.18	6.662	0.0	69.06	0.0	0.0	0.2	0.0	43.979	7.96	7.725	41.474	68.325	9.692	-25.358	0.0	0.0	31.967	7.3	9.85	0.0	66.613	26.474	-12.006	31.6	0.0	72.749	7.81	7.975	0.0	67.76	21.534	-23.082	0.0	0.0	193.933	7.23	6.912	0.0	69.229	10.201	-1.0	37.2	0.0	83.792	7.84
7.86	5.6	38.284	67.337	25.53	-11.265	34.8	1.249	49.113	6.43	5.6	38.284	67.505	33.158	-8.05	28.8	1.383	87.183	6.75	7.162	0.0	69.747	24.367	-10.436	0.0	0.0	45.722	7.55	7.037	0.0	67.712	30.543	-2.249	35.0	0.0	53.956	7.33	10.037	0.0	68.235	10.492	-9.308	0.0	0.0	60.931	7.21	6.412	0.0	69.676	0.0	0.0	0.2	0.0	43.785	7.94	7.537	37.22	67.945	9.474	-25.4	0.0	0.0	32.064	7.26	9.85	0.0	68.542	26.62	-11.898	31.6	0.0	72.555	7.78	7.6	0.0	67.269	22.261	-23.188	0.0	0.0	193.449	7.22	6.412	0.0	69.598	9.765	-1.0	37.2	0.0	83.308	7.82
7.84	5.037	39.879	67.415	25.457	-11.249	34.8	0.922	49.404	6.46	5.412	38.284	67.403	33.376	-8.057	28.8	1.198	87.377	6.76	7.037	0.0	69.034	24.004	-10.506	0.0	0.0	45.626	7.65	6.912	0.0	67.028	30.615	-1.52	35.0	0.0	53.375	7.38	9.975	0.0	67.976	11.0	-9.271	0.0	0.0	60.35	7.22	6.6	0.0	69.094	0.0	0.0	0.2	0.0	44.076	7.94	7.35	32.435	67.595	9.91	-25.654	0.0	0.0	31.967	7.2	9.35	0.0	66.73	26.474	-11.959	31.6	0.0	72.652	7.74	7.6	0.0	67.585	21.825	-23.529	0.0	0.0	193.933	7.16	6.162	0.0	69.003	9.62	-1.0	37.2	0.0	83.599	7.8
7.86	4.85	33.498	67.013	25.312	-11.155	34.8	0.947	48.532	6.5	5.225	34.03	67.384	35.628	-8.002	28.8	1.131	87.086	6.72	6.725	0.0	68.974	23.859	-10.334	0.0	0.0	45.432	7.67	6.787	0.0	67.113	30.543	-1.587	35.0	0.0	53.569	7.39	9.85	0.0	67.736	11.073	-9.255	0.0	0.0	60.544	7.21	6.35	0.0	68.239	0.0	0.0	0.2	0.0	43.785	7.85	7.1	31.903	67.767	10.201	-25.351	0.0	0.0	31.676	7.2	9.287	0.0	67.996	26.692	-11.771	31.6	0.0	72.652	7.68	7.662	0.0	67.978	22.188	-24.115	0.0	0.0	193.449	7.21	6.225	0.0	69.464	10.274	-1.0	37.2	0.0	83.599	7.69
7.9	5.037	30.84	67.236	25.167	-11.182	34.8	1.131	48.629	6.48	5.1	31.372	66.923	33.667	-7.972	28.8	1.207	87.473	6.7	6.725	0.0	68.996	24.077	-10.313	0.0	0.0	45.238	7.54	6.662	0.0	66.981	30.906	-1.654	35.0	0.0	52.988	7.44	9.725	0.0	68.067	11.291	-9.224	0.0	0.0	60.544	7.2	5.912	0.0	68.558	0.0	0.0	0.2	0.0	43.882	7.86	7.1	30.308	68.333	9.765	-1.0	0.0	0.0	32.064	7.16	9.162	0.0	68.444	26.402	-11.856	31.6	0.0	73.04	7.7	7.412	0.0	68.035	21.68	-23.805	0.0	0.0	193.933	7.29	6.037	0.0	69.134	9.838	-1.0	37.2	0.0	82.921	7.7
7.93	4.787	30.308	67.215	25.603	-11.179	34.8	1.039	48.629	6.54	4.85	28.181	67.338	33.449	-7.972	28.8	1.089	87.28	6.7	6.537	0.0	68.784	24.15	-10.247	0.0	0.0	45.432	7.48	6.412	0.0	67.699	30.543	-1.429	35.0	0.0	53.666	7.42	9.725	0.0	67.956	10.855	-9.253	0.0	0.0	60.737	7.2	5.912	0.0	69.859	0.0	0.0	0.2	0.0	43.01	7.84	7.037	29.245	69.264	9.91	-25.006	0.0	0.0	32.645	7.19	9.037	0.0	67.887	26.474	-11.765	31.6	0.0	73.33	7.6	7.225	0.0	68.659	22.115	-22.728	0.0	0.0	193.546	7.28	5.975	0.0	68.68	9.692	-1.0	37.2	0.0	83.599	7.64
8.1	4.85	28.181	66.948	24.876	-11.188	34.8	1.031	48.725	6.54	4.912	29.776	67.66	33.667	-7.952	28.8	1.056	87.473	6.78	6.35	0.0	68.692	24.513	-10.303	0.0	0.0	44.56	7.52	6.287	0.0	67.948	30.761	-1.245	35.0	0.0	53.569	7.5	9.475	0.0	68.266	11.436	-9.236	0.0	0.0	60.641	7.18	5.6	0.0	70.382	0.0	0.0	0.2	0.0	43.591	7.8	6.85	27.118	69.602	9.62	-25.58	0.0	0.0	31.967	7.12	8.787	0.0	68.836	26.62	-11.656	31.6	0.0	73.04	7.6	7.162	0.0	67.936	22.261	-23.047	0.0	0.0	193.933	7.24	6.037	0.0	69.151	9.62	-1.0	37.2	0.0	83.599	7.54
8.12	4.537	27.118	66.788	25.021	-11.176	34.8	0.0	48.435	6.42	4.912	27.118	67.664	33.594	-7.961	28.8	1.265	87.377	6.78	6.287	0.0	68.958	24.585	-10.174	0.0	0.0	45.238	7.5	6.162	0.0	69.253	31.124	-1.276	35.0	0.0	53.569	7.51	9.537	0.0	69.494	11.0	-9.42	0.0	0.0	60.641	7.12	5.537	0.0	71.392	0.0	0.0	0.2	0.0	43.785	7.74	6.662	22.864	71.566	9.547	-25.09	0.0	0.0	31.967	7.08	8.85	0.0	67.84	26.474	-11.769	31.6	0.0	73.137	7.62	6.787	0.0	68.61	21.752	-22.703	0.0	0.0	193.546	7.3	5.787	0.0	69.295	10.056	-1.0	37.2	0.0	83.695	7.5
8.14	3.975	24.459	66.493	24.803	-11.095	34.8	0.0	48.629	6.44	4.912	23.927	67.775	33.376	-8.005	28.8	1.525	87.57	6.8	6.037	0.0	68.456	24.367	-10.16	0.0	0.0	45.238	7.64	6.037	0.0	68.667	30.543	-1.27	35.0	0.0	53.375	7.43	9.412	0.0	69.744	11.073	-9.242	0.0	0.0	60.544	7.1	5.725	0.0	70.839	0.0	0.0	0.2	0.0	43.688	7.64	6.537	21.269	70.313	10.346	-25.047	0.0	0.0	32.258	7.05	8.662	0.0	67.995	26.402	-11.81	31.6	0.0	72.943	7.61	6.912	0.0	68.421	22.261	-21.622	0.0	0.0	193.643	7.24	5.725	0.0	68.859	9.983	-1.0	37.2	0.0	83.695	7.48
8.08	4.412	23.396	66.645	24.077	-11.192	34.8	1.073	48.725	6.42	4.787	22.864	67.959	33.521	-7.913	28.8	1.55	87.764	6.78	6.1	0.0	68.159	24.295	-10.074	0.0	0.0	45.141	7.6	5.85	0.0	68.846	31.051	-1.174	35.0	0.0	53.278	7.36	9.162	0.0	69.307	11.145	-9.168	0.0	0.0	60.253	7.08	5.6	0.0	70.258	0.0	0.0	0.2	0.0	43.688	7.64	6.6	20.737	70.839	10.564	-25.491	0.0	0.0	32.258	7.03	8.412	0.0	68.819	26.547	-11.664	31.6	0.0	72.846	7.55	6.537	0.0	68.784	21.752	-21.511	0.0	0.0	193.255	7.21	5.537	0.0	69.517	10.492	-1.0	37.2	0.0	83.889	7.48
7.92	4.6	21.8	66.589	25.53	-11.22	34.8	1.249	48.629	6.44	4.725	20.737	68.123	33.376	-7.968	28.8	1.45	87.28	6.78	5.787	0.0	68.239	24.004	-9.979	0.0	0.0	45.044	7.63	5.6	0.0	68.692	31.124	-1.093	35.0	0.0	53.569	7.34	9.475	0.0	69.223	11.508	-9.25	0.0	0.0	60.641	7.04	5.537	0.0	69.881	0.0	0.0	0.2	0.0	43.882	7.58	6.35	18.61	71.09	9.547	-25.298	0.0	0.0	32.064	7.03	8.412	0.0	68.232	26.62	-11.664	31.6	0.0	72.749	7.55	6.6	0.0	68.677	22.406	-21.529	0.0	0.0	193.158	7.18	5.35	0.0	69.352	9.692	-26.142	37.2	0.0	82.824	7.47
7.9	4.225	19.674	66.939	25.312	-11.064	34.8	1.14	48.241	6.43	4.475	19.674	67.907	33.449	-7.838	28.8	1.383	87.473	6.79	5.662	0.0	68.348	24.004	-9.911	0.0	0.0	45.722	7.62	5.475	0.0	69.276	30.833	-0.982	35.0	0.0	53.278	7.44	9.225	0.0	69.693	10.927	-9.24	0.0	0.0	60.253	7.01	5.225	0.0	70.638	0.0	0.0	0.2	0.0	43.882	7.56	6.162	15.952	71.713	9.838	-25.023	0.0	0.0	32.064	6.99	8.537	0.0	68.305	26.474	-11.65	31.6	0.0	72.265	7.48	6.35	0.0	68.637	21.97	-21.235	0.0	0.0	193.449	7.16	5.35	0.0	69.507	10.056	-26.142	37.2	0.0	83.599	7.42
7.94	3.975	20.205	66.919	25.021	-11.163	34.8	1.089	48.532	6.38	4.6	20.205	67.764	33.449	-7.938	28.8	1.224	87.183	6.8	5.662	0.0	68.056	24.295	-9.98	0.0	0.0	45.044	7.59	5.35	0.0	68.818	31.124	-0.942	35.0	0.0	53.569	7.41	9.1	0.0	69.608	11.073	-9.217	0.0	0.0	60.737	6.96	5.1	0.0	71.1	0.0	0.0	0.2	0.0	43.495	7.45	6.037	18.61	71.457	9.692	-25.189	0.0	0.0	32.161	6.94	8.225	0.0	68.909	26.62	-11.775	31.6	0.0	72.265	7.48	6.475	0.0	68.984	22.333	-20.724	0.0	0.0	193.449	7.11	5.225	0.0	69.657	10.056	-1.0	37.2	0.0	83.599	7.36
7.93	3.725	22.864	67.404	25.312	-11.059	34.8	1.056	49.113	6.42	4.35	20.737	67.638	33.449	-7.878	28.8	1.332	88.539	6.8	5.6	0.0	68.27	24.585	-9.937	0.0	0.0	45.432	7.47	5.537	0.0	69.487	31.269	-1.003	35.0	0.0	53.666	7.36	9.162	0.0	69.625	11.218	-9.239	0.0	0.0	60.737	6.94	5.037	0.0	72.369	0.0	0.0	0.2	0.0	43.979	7.41	5.975	15.952	71.187	9.692	-24.853	0.0	0.0	32.258	6.89	8.162	0.0	69.588	26.62	-11.556	31.6	0.0	72.459	7.46	6.162	0.0	69.113	22.043	-20.962	0.0	0.0	193.449	7.08	5.35	0.0	69.466	9.983	-1.0	37.2	0.0	83.792	7.37
7.8	3.913	22.864	67.407	25.239	-10.83	34.8	1.173	48.822	6.38	4.412	18.61	68.085	33.376	-7.936	28.8	1.316	87.377	6.8	5.6	0.0	68.669	24.004	-9.886	0.0	0.0	45.626	7.35	5.225	0.0	68.586	31.197	-0.902	35.0	0.0	53.763	7.3	8.975	0.0	69.109	11.436	-9.237	0.0	0.0	60.641	6.85	4.85	0.0	72.351	0.0	0.0	0.2	0.0	43.979	7.42	6.1	14.357	71.633	9.91	-25.211	0.0	0.0	32.064	6.86	8.225	0.0	69.398	26.62	-11.533	31.6	0.0	72.555	7.37	6.1	0.0	69.176	22.261	-23.597	0.0	0.0	193.158	7.1	5.225	0.0	70.025	9.91	-25.907	37.2	0.0	83.792	7.3
7.89	3.913	20.205	67.505	25.021	-11.154	34.8	1.265	48.725	6.4	3.975	17.547	68.142	33.376	-7.9	28.8	1.215	88.83	6.69	5.412	0.0	69.047	24.585	-9.895	0.0	0.0	45.819	7.36	5.162	0.0	70.206	30.761	-0.916	35.0	0.0	53.569	7.34	8.912	0.0	69.25	11.0	-9.258	0.0	0.0	60.737	6.82	4.912	0.0	72.242	0.0	0.0	0.2	0.0	43.204	7.34	5.912	14.357	71.8	10.346	-25.146	0.0	0.0	31.967	6.81	8.037	0.0	70.206	26.62	-11.47	31.6	0.0	72.168	7.31	5.85	0.0	69.562	22.261	-20.333	0.0	0.0	193.449	7.14	5.225	0.0	70.348	9.91	-26.097	37.2	0.0	83.017	7.28
