-1.0	-7.963	0.0	0.0	24.222	-12.807	0.0	2.556	60.737	-8.34	-7.463	0.0	86.02	31.705	0.0	0.0	2.774	82.824	-1.0	-6.213	0.0	0.0	23.06	-1.0	0.0	2.254	69.649	-7.52	-4.713	0.0	92.105	0.0	-7.309	0.0	1.936	53.569	-7.97	-4.025	0.0	92.091	0.0	-1.0	28.8	1.827	61.319	-8.46	-5.15	0.0	88.444	0.0	0.0	0.0	2.346	46.11	-7.52	-4.525	0.0	92.575	0.0	-1.0	0.2	2.103	29.933	-7.81	-4.9	0.0	88.975	23.786	-1.0	0.4	1.391	24.702	-7.6	-4.338	0.0	86.804	19.5	0.0	0.2	1.534	25.671	-7.9	-6.15	0.0	93.266	11.872	-21.911	0.0	1.098	87.377	-7.48
-1.0	-7.9	0.0	0.0	24.44	-12.942	0.0	1.735	94.739	-8.34	-7.4	0.0	86.02	31.778	0.0	0.0	2.908	113.725	-1.0	-6.4	0.0	0.0	22.842	-1.0	0.0	1.835	46.013	-7.44	-4.775	0.0	92.165	0.0	-7.246	0.0	1.467	59.769	-7.98	-3.525	0.0	92.088	0.0	-1.0	28.8	1.324	65.775	-8.38	-5.15	0.0	88.505	0.0	0.0	0.0	1.877	46.304	-7.52	-4.588	0.532	92.594	0.0	-1.0	0.2	1.693	35.454	-7.76	-5.025	0.0	88.988	23.714	-1.0	0.4	1.24	46.013	-7.74	-4.525	0.0	86.747	19.573	0.0	0.2	1.542	3.778	-8.06	-6.65	0.0	93.183	11.436	-21.952	0.0	1.115	113.725	-7.52
-1.0	-8.025	1.063	0.0	24.15	-13.381	0.0	1.299	74.493	-8.38	-7.4	0.0	85.989	31.778	0.0	0.0	2.531	83.405	-1.0	-6.65	0.0	0.0	22.842	-1.0	0.0	1.626	56.281	-7.46	-4.775	0.0	92.159	0.0	-7.232	0.0	1.659	68.874	-8.04	-3.962	0.0	92.109	0.0	-1.0	28.8	1.316	88.151	-8.44	-5.025	0.0	88.529	0.0	0.0	0.0	1.383	58.316	-7.5	-4.4	3.722	92.599	0.0	-1.0	0.2	1.718	44.463	-7.78	-5.088	0.0	89.022	23.423	-1.0	0.4	0.922	36.714	-7.63	-4.525	0.0	86.796	19.5	0.0	0.2	1.584	7.168	-8.1	-6.588	0.0	93.19	11.872	-21.625	0.0	0.0	115.275	-7.48
-1.0	-8.025	1.063	0.0	24.803	-13.182	0.0	1.785	79.046	-8.39	-7.463	0.0	85.986	31.778	0.0	0.0	2.791	100.648	-1.0	-6.463	0.0	0.0	22.551	-1.0	0.0	1.617	76.818	-7.48	-4.338	0.0	92.154	0.0	-7.276	0.0	1.45	57.541	-8.01	-3.962	0.0	92.08	0.0	-1.0	28.8	1.165	82.243	-8.43	-4.838	0.0	88.531	0.0	0.0	0.0	1.483	60.447	-7.52	-4.525	1.063	92.556	0.0	-1.0	0.2	1.676	31.87	-7.8	-5.213	0.0	89.056	23.568	-1.0	0.4	0.997	32.064	-7.6	-4.338	0.0	86.824	20.227	0.0	0.2	1.659	16.565	-8.14	-6.713	0.0	93.197	12.09	-21.851	0.0	0.947	115.275	-7.44
-1.0	-8.213	1.063	0.0	24.222	-13.089	0.0	2.162	76.624	-8.48	-7.4	0.0	85.943	31.487	0.0	0.0	3.344	111.013	-1.0	-6.338	0.0	0.0	22.697	-1.0	0.0	1.55	54.344	-7.48	-5.025	0.0	92.154	0.0	-7.211	0.0	1.659	53.181	-8.0	-3.9	0.0	92.12	0.0	-1.0	28.8	1.131	68.293	-8.49	-5.025	0.0	88.515	0.0	0.0	0.0	1.316	57.638	-7.54	-4.4	0.0	92.55	0.0	-1.0	0.2	1.467	41.557	-7.76	-4.9	0.0	89.008	23.859	-1.0	0.4	0.98	34.486	-7.8	-4.713	0.0	86.731	20.154	0.0	0.2	1.668	0.969	-8.26	-6.275	0.0	93.163	11.944	-22.217	0.0	1.039	96.095	-7.46
-1.0	-8.025	1.063	0.0	24.367	-12.924	0.0	2.036	93.77	-8.45	-7.463	0.0	85.951	31.85	0.0	0.0	3.193	103.263	-1.0	-6.525	0.0	0.0	22.624	-1.0	0.0	1.634	52.213	-7.58	-4.713	0.0	92.126	0.0	-7.23	0.0	1.257	53.278	-8.08	-3.587	0.0	92.041	0.0	-1.0	28.8	1.265	83.405	-8.52	-5.088	0.0	88.468	0.0	0.0	0.0	1.726	65.097	-7.58	-4.838	0.532	92.502	0.0	-1.0	0.2	2.045	22.668	-7.9	-5.15	0.0	88.95	23.714	-1.0	0.4	0.0	9.3	-7.86	-4.525	0.0	86.675	19.791	0.0	0.2	2.103	18.405	-8.27	-6.525	0.0	93.123	11.654	-21.814	0.0	0.98	105.201	-7.5
-1.0	-8.338	0.0	0.0	24.44	-13.469	0.0	1.835	82.436	-8.52	-7.588	0.0	85.912	31.705	0.0	0.0	2.925	91.348	-1.0	-6.4	0.0	0.0	22.915	-1.0	0.0	1.056	54.053	-7.52	-4.963	0.0	92.124	0.0	-7.127	0.0	1.969	58.703	-8.03	-3.962	0.0	92.074	0.0	-1.0	28.8	0.0	69.068	-8.56	-5.088	0.0	88.457	0.0	0.0	0.0	0.0	53.763	-7.6	-4.463	4.254	92.496	0.0	-1.0	0.2	2.296	41.363	-7.86	-5.025	0.0	88.961	23.568	-1.0	0.4	1.701	22.571	-7.76	-4.588	0.0	86.742	20.154	0.0	0.2	2.263	7.362	-8.27	-6.4	0.0	93.105	11.581	-21.846	0.0	1.031	99.485	-7.52
-1.0	-7.9	0.532	0.0	24.44	-13.006	0.0	1.693	82.243	-8.44	-7.713	0.0	85.953	31.705	0.0	0.0	2.514	98.71	-1.0	-6.65	0.0	0.0	22.915	-1.0	0.0	2.397	57.928	-7.47	-4.713	0.0	92.157	0.0	-7.23	0.0	1.827	56.863	-8.04	-3.9	0.0	92.034	0.0	-1.0	28.8	1.693	80.886	-8.43	-5.025	0.0	88.472	0.0	0.0	0.0	2.028	58.413	-7.53	-4.9	2.127	92.553	0.0	-1.0	0.2	2.238	33.323	-7.82	-5.025	0.0	88.932	24.077	-1.0	0.4	1.064	56.863	-7.71	-4.775	0.0	86.755	19.573	0.0	0.2	2.17	9.784	-8.14	-6.525	0.0	93.16	12.017	-22.068	0.0	0.0	97.257	-7.47
-1.0	-8.025	0.532	0.0	24.295	-13.052	0.0	2.447	61.512	-8.46	-7.713	0.0	85.927	31.85	0.0	0.0	3.386	96.967	-1.0	-6.275	0.0	0.0	22.697	-1.0	0.0	2.137	60.35	-7.53	-5.088	0.0	92.14	0.0	-7.177	0.0	2.288	48.725	-8.0	-3.837	0.0	92.082	0.0	-1.0	28.8	1.869	51.438	-8.38	-5.15	0.0	88.466	0.0	0.0	0.0	1.684	48.532	-7.56	-4.838	5.317	92.545	0.0	-1.0	0.2	2.397	22.571	-7.75	-5.088	0.0	88.971	24.077	-1.0	0.4	1.458	57.831	-7.68	-4.588	0.0	86.763	19.427	0.0	0.2	2.179	22.474	-7.95	-6.213	0.0	93.27	11.508	-20.918	0.0	1.358	82.049	-7.47
-1.0	-8.025	0.0	0.0	24.222	-13.248	0.0	2.246	75.268	-8.38	-7.463	0.0	85.989	31.633	0.0	0.0	3.067	94.351	-1.0	-6.588	0.0	0.0	22.842	-1.0	0.0	2.212	51.05	-7.54	-4.713	0.0	92.137	0.0	-7.215	0.0	1.936	40.976	-8.02	-3.9	0.0	92.114	0.0	-1.0	28.8	1.844	68.003	-8.4	-5.088	0.0	88.5	0.0	0.0	0.0	2.229	41.751	-7.56	-4.588	2.127	92.526	0.0	-1.0	0.2	2.372	36.229	-7.7	-5.15	0.0	89.044	24.004	-1.0	0.4	1.575	35.164	-7.66	-4.338	0.0	86.768	20.009	0.0	0.2	1.911	19.665	-7.98	-6.338	0.0	93.243	11.944	-1.0	0.0	0.939	84.955	-7.5
-1.0	-7.9	0.0	0.0	24.44	-13.2	0.0	2.011	75.946	-8.4	-7.4	0.0	85.963	31.705	0.0	0.0	2.732	84.471	-1.0	-6.588	0.0	0.0	22.624	-1.0	0.0	2.003	85.73	-7.56	-4.713	0.0	92.131	0.0	-7.244	0.0	1.835	66.065	-8.02	-3.712	0.0	92.077	0.0	-1.0	28.8	1.416	89.411	-8.36	-5.025	0.0	88.511	0.0	0.0	0.0	2.028	46.207	-7.58	-4.463	0.0	92.539	0.0	-1.0	0.2	2.271	41.848	-7.78	-4.838	0.0	88.943	23.786	-1.0	0.4	1.089	39.038	-7.74	-4.775	0.0	86.747	20.081	0.0	0.2	1.969	0.0	-8.16	-6.65	0.0	93.155	11.581	-21.782	0.0	0.0	102.779	-7.46
-1.0	-8.088	2.659	0.0	24.077	-13.439	0.0	2.095	73.33	-8.38	-7.338	0.0	85.989	31.705	0.0	0.0	2.799	86.02	-1.0	-6.525	0.0	0.0	22.697	-1.0	0.0	1.827	86.02	-7.57	-5.025	0.0	92.091	0.0	-7.211	0.0	2.028	49.307	-8.02	-3.775	0.0	92.058	0.0	-1.0	28.8	1.282	65.484	-8.46	-5.4	0.0	88.484	0.0	0.0	0.0	1.467	52.116	-7.63	-4.9	5.849	92.487	0.0	-1.0	0.2	2.657	23.83	-7.86	-5.15	0.0	88.922	23.496	-1.0	0.4	1.701	18.212	-7.81	-4.9	0.0	86.688	19.791	0.0	0.2	2.413	12.399	-8.18	-6.275	0.0	93.149	11.872	-21.442	0.0	0.0	105.104	-7.52
-1.0	-8.275	1.595	0.0	24.44	-13.21	0.0	2.103	68.778	-8.38	-7.588	0.0	85.989	31.633	0.0	0.0	2.765	94.061	-1.0	-6.4	0.0	0.0	22.842	-1.0	0.0	2.078	57.153	-7.62	-4.65	0.0	92.077	0.0	-7.242	0.0	2.129	63.062	-8.0	-3.9	0.0	92.064	0.0	-1.0	28.8	1.819	65.387	-8.48	-5.4	0.0	88.439	0.0	0.0	0.0	1.844	54.828	-7.61	-4.525	0.532	92.493	0.0	-1.0	0.2	2.279	31.289	-7.82	-5.213	0.0	88.932	23.932	-1.0	0.4	1.358	20.536	-7.78	-4.775	0.0	86.716	19.936	0.0	0.2	2.036	22.571	-8.07	-6.213	0.0	93.18	11.436	-21.98	0.0	0.93	83.405	-7.56
-1.0	-8.15	1.063	0.0	24.367	-13.033	0.0	2.02	84.567	-8.46	-7.588	0.0	85.948	32.214	0.0	0.0	2.791	115.275	-1.0	-6.65	0.0	0.0	22.769	-1.0	0.0	1.81	76.818	-7.54	-5.025	0.0	92.137	0.0	-7.182	0.0	1.869	43.882	-8.1	-4.338	0.0	92.017	0.0	-1.0	28.8	1.475	70.231	-8.54	-5.025	0.0	88.383	0.0	0.0	0.0	1.894	46.788	-7.64	-4.838	0.532	92.485	0.0	-1.0	0.2	2.791	45.238	-7.82	-5.213	0.0	88.952	23.278	-1.0	0.4	1.626	48.338	-7.76	-4.963	0.0	86.742	20.372	0.0	0.2	2.179	9.009	-8.32	-6.338	0.0	93.072	12.162	-22.033	0.0	1.006	104.523	-7.52
-1.0	-8.15	0.532	0.0	24.367	-13.163	0.0	2.296	84.277	-8.46	-7.588	0.0	85.948	31.487	0.0	0.0	3.226	92.317	-1.0	-6.525	0.0	0.0	22.987	-1.0	0.0	2.011	63.062	-7.61	-4.963	0.0	92.079	0.0	-7.172	0.0	2.296	53.956	-8.03	-3.837	0.0	92.074	0.0	-1.0	28.8	1.978	85.439	-8.48	-4.9	0.0	88.439	0.0	0.0	0.0	1.927	51.341	-7.66	-4.65	0.0	92.479	0.0	-1.0	0.2	2.707	34.679	-7.91	-5.4	0.0	88.869	23.423	-1.0	0.4	1.969	54.247	-7.88	-5.025	0.0	86.67	19.5	0.0	0.2	2.238	12.012	-8.1	-6.463	0.0	93.19	11.654	-21.395	0.0	0.0	78.465	-7.61
-1.0	-8.088	0.0	0.0	24.44	-13.042	0.0	1.953	81.08	-8.52	-7.588	0.0	85.912	31.633	0.0	0.0	2.958	83.889	-1.0	-6.713	0.0	0.0	22.769	-1.0	0.0	2.162	51.825	-7.7	-5.213	0.0	92.054	0.0	-7.217	0.0	2.221	66.356	-8.09	-3.962	0.0	92.019	0.0	-1.0	28.8	1.617	70.715	-8.58	-5.463	0.0	88.392	0.0	0.0	0.0	2.405	47.079	-7.7	-4.9	1.595	92.43	0.0	-1.0	0.2	2.439	41.557	-7.91	-5.213	0.0	88.888	23.641	-1.0	0.4	1.542	30.998	-7.78	-4.775	0.0	86.716	19.282	0.0	0.2	1.978	28.383	-8.1	-6.588	0.0	93.172	11.872	-1.0	0.0	0.0	74.977	-7.6
-1.0	-8.15	0.532	0.0	24.077	-12.969	0.0	1.886	88.345	-8.52	-7.713	0.0	85.912	31.633	-6.909	0.0	2.707	102.585	-1.0	-6.775	0.0	0.0	22.915	-1.0	0.0	2.129	64.612	-7.7	-5.15	0.0	92.054	0.0	-7.193	0.0	2.07	65.581	-8.12	-4.15	0.0	92.049	0.0	-1.0	28.8	1.676	67.421	-8.62	-5.088	0.0	88.362	0.0	0.0	0.0	2.053	67.712	-7.75	-5.088	0.0	92.416	0.0	-1.0	0.2	2.883	28.577	-7.92	-5.338	0.0	88.866	24.004	-1.0	0.4	1.668	42.623	-7.82	-4.713	0.0	86.686	19.5	0.0	0.2	1.911	8.621	-8.29	-6.525	0.0	93.099	11.944	-21.728	0.0	1.106	109.947	-7.66
-1.0	-8.088	2.659	0.0	24.367	-13.042	0.0	2.129	63.062	-8.5	-7.463	0.0	85.938	32.068	0.0	0.0	3.143	85.924	-1.0	-6.65	0.0	0.0	22.624	-1.0	0.0	2.179	39.329	-7.68	-4.838	0.0	92.06	0.0	-7.248	0.0	2.095	42.138	-8.08	-3.9	0.0	92.06	0.0	-1.0	28.8	1.802	80.596	-8.56	-4.713	0.0	88.378	0.0	0.0	0.0	1.936	33.42	-7.7	-4.713	1.063	92.43	0.0	-1.0	0.2	2.363	39.91	-7.86	-5.088	0.0	88.882	23.859	-1.0	0.4	1.542	48.144	-7.86	-4.838	0.0	86.675	19.209	0.0	0.2	1.969	354.737	-8.16	-6.4	0.0	93.155	11.436	-21.586	0.0	0.0	98.129	-7.69
-1.0	-8.213	0.0	0.0	24.44	-14.052	0.0	1.567	97.548	-8.54	-7.588	0.0	85.907	31.487	-6.761	0.0	2.564	105.491	-1.0	-6.838	0.0	0.0	22.987	-1.0	0.0	2.187	55.991	-7.68	-5.088	0.0	92.06	0.0	-7.199	0.0	2.179	51.825	-8.1	-3.9	0.0	92.092	0.0	-1.0	28.8	1.433	67.518	-8.58	-5.025	0.0	88.373	0.0	0.0	0.0	2.087	58.703	-7.74	-4.9	0.0	92.419	0.0	-1.0	0.2	2.673	32.936	-7.94	-5.088	0.0	88.861	23.278	-1.0	0.4	1.559	47.757	-7.9	-4.838	0.0	86.665	19.573	0.0	0.2	2.12	0.194	-8.19	-6.588	0.0	93.146	12.017	-21.883	0.0	1.039	80.596	-7.68
-1.0	-8.025	0.0	0.0	24.367	-13.116	0.0	1.919	65.097	-8.52	-7.838	0.0	85.932	31.633	0.0	0.0	3.143	98.807	-1.0	-6.838	0.0	0.0	22.915	-1.0	0.0	2.422	81.952	-7.72	-5.088	0.0	92.048	0.0	-7.199	0.0	2.003	59.478	-8.18	-4.275	0.0	91.994	0.0	-1.0	28.8	1.626	85.924	-8.62	-5.4	0.0	88.362	0.0	0.0	0.0	2.17	53.86	-7.68	-4.838	0.532	92.455	0.0	-1.0	0.2	2.154	32.936	-7.94	-5.4	0.0	88.861	23.859	-1.0	0.4	1.601	57.638	-7.86	-4.963	0.0	86.675	20.009	0.0	0.2	1.994	0.0	-8.19	-6.838	0.0	93.109	11.436	-21.734	0.0	0.0	97.16	-7.64
-1.0	-8.275	0.532	0.0	24.077	-13.079	0.0	1.743	87.473	-8.56	-7.713	0.0	85.881	31.342	0.0	0.0	2.824	105.782	-1.0	-6.775	0.0	0.0	22.842	-1.0	0.0	1.944	67.712	-7.66	-4.775	0.0	92.103	0.0	-7.239	0.0	1.877	53.375	-8.12	-4.15	0.0	92.011	0.0	-1.0	28.8	1.5	86.02	-8.6	-5.275	0.0	88.367	0.0	0.0	0.0	1.777	61.028	-7.66	-4.838	1.063	92.479	0.0	-1.0	0.2	2.246	39.62	-7.93	-5.275	0.0	88.883	24.077	-1.0	0.4	1.634	58.994	-7.9	-4.963	0.0	86.665	19.355	0.0	0.2	2.028	16.177	-8.2	-6.525	0.0	93.106	11.944	-21.984	0.0	0.0	102.973	-7.64
-1.0	-8.463	0.0	0.0	24.367	-13.052	0.0	1.86	74.59	-8.51	-7.588	0.0	85.915	31.923	0.0	0.0	2.807	99.776	-1.0	-6.713	0.0	0.0	23.133	-1.0	0.0	1.81	63.837	-7.67	-5.088	0.0	92.062	0.0	-7.155	0.0	1.743	61.803	-8.1	-3.775	0.0	92.054	0.0	-1.0	28.8	1.207	66.259	-8.6	-5.4	0.0	88.347	0.0	0.0	0.0	1.961	51.05	-7.73	-4.838	4.254	92.44	0.0	-1.0	0.2	2.179	29.545	-7.91	-5.338	0.0	88.888	23.423	-1.0	0.4	0.98	43.01	-7.92	-4.838	0.0	86.639	19.718	0.0	0.2	1.852	9.784	-8.17	-6.463	0.0	93.115	11.944	-22.0	0.0	0.0	95.417	-7.66
-1.0	-8.338	0.0	0.0	24.513	-13.006	0.0	1.953	83.986	-8.54	-7.588	0.0	85.907	31.923	0.0	0.0	2.749	87.57	-1.0	-6.838	0.0	0.0	23.205	-1.0	0.0	1.902	43.01	-7.64	-4.963	0.0	92.109	0.0	-7.165	0.0	1.659	45.141	-8.16	-4.15	0.0	91.981	0.0	-1.0	28.8	1.534	84.083	-8.58	-5.15	0.0	88.373	0.0	0.0	0.0	1.643	57.056	-7.77	-5.15	0.532	92.41	0.0	-1.0	0.2	2.254	18.696	-7.91	-5.4	0.0	88.829	23.641	-1.0	0.4	1.056	27.317	-7.9	-4.838	0.0	86.665	20.081	0.0	0.2	1.802	17.243	-8.28	-6.775	0.0	93.083	11.654	-22.17	0.0	0.0	121.862	-7.68
-1.0	-8.088	1.595	0.0	24.44	-12.978	0.0	1.542	89.314	-8.58	-7.713	0.0	85.876	31.705	0.0	0.0	2.43	115.953	-1.0	-6.9	0.0	0.0	22.987	-1.0	0.0	1.651	54.344	-7.74	-4.838	0.0	92.005	0.0	-7.212	0.0	1.793	50.953	-8.12	-4.025	0.0	91.992	0.0	-1.0	28.8	1.056	58.413	-8.62	-5.275	0.0	88.342	0.0	0.0	0.0	1.617	38.07	-7.78	-4.775	1.595	92.407	0.0	-1.0	0.2	1.651	37.101	-8.08	-5.4	0.0	88.843	23.496	-1.0	0.4	1.718	15.887	-7.92	-4.9	0.0	86.619	19.645	0.0	0.2	1.257	12.109	-8.22	-6.463	0.0	93.1	12.09	-21.744	0.0	0.0	97.257	-7.68
-1.0	-8.15	1.063	0.0	24.15	-13.098	0.0	1.408	73.815	-8.57	-7.775	0.0	85.879	31.56	0.0	0.0	2.489	94.835	-1.0	-6.838	0.0	0.0	23.06	-1.0	0.0	2.062	55.797	-7.73	-5.15	0.0	92.046	0.0	-7.186	0.0	1.265	56.669	-8.2	-3.712	0.0	92.026	0.0	-1.0	28.8	1.399	69.649	-8.73	-5.338	0.0	88.293	0.0	0.0	0.0	1.76	45.819	-7.74	-4.775	0.0	92.419	0.0	-1.0	0.2	1.961	36.52	-8.04	-5.338	0.0	88.794	23.859	-1.0	0.4	0.0	33.323	-7.9	-4.963	0.0	86.624	19.791	0.0	0.2	1.559	2.519	-8.43	-6.775	0.0	93.04	11.581	-21.75	0.0	0.0	106.266	-7.71
-1.0	-8.15	0.0	0.0	24.15	-13.163	0.0	1.165	83.986	-8.6	-7.963	0.0	85.871	31.778	0.0	0.0	2.313	105.007	-1.0	-6.775	0.0	0.0	22.551	-1.0	0.0	1.316	85.924	-7.72	-4.963	0.0	92.048	0.0	-7.209	0.0	1.601	55.797	-8.23	-4.025	0.0	91.942	0.0	-1.0	28.8	1.014	76.333	-8.67	-5.088	0.0	88.309	0.0	0.0	0.0	1.014	57.056	-7.78	-4.963	1.063	92.407	0.0	-1.0	0.2	2.062	47.176	-8.11	-5.4	0.0	88.835	23.714	-1.0	0.4	1.416	25.767	-7.88	-4.713	0.0	86.65	19.718	0.0	0.2	1.634	7.556	-8.46	-6.775	0.0	93.032	11.872	-21.75	0.0	0.0	111.11	-7.72
-1.0	-8.338	0.0	0.0	24.15	-13.07	0.0	1.575	87.28	-8.64	-7.713	0.0	85.861	31.705	0.0	0.0	2.74	102.391	-1.0	-6.838	0.0	0.0	23.06	-1.0	0.0	1.743	66.646	-7.76	-5.088	0.0	92.037	0.0	-7.177	0.0	1.835	51.922	-8.21	-3.837	0.0	91.948	0.0	-1.0	28.8	1.224	61.125	-8.65	-5.463	0.0	88.314	0.0	0.0	0.0	1.5	54.538	-7.84	-4.963	1.063	92.353	0.0	-1.0	0.2	2.112	28.964	-8.12	-5.4	0.0	88.773	23.133	-1.0	0.4	1.374	28.867	-8.02	-4.713	0.0	86.593	19.936	0.0	0.2	1.718	355.125	-8.29	-6.65	0.0	93.08	12.017	-22.036	0.0	0.0	72.168	-7.72
-1.0	-8.338	0.0	0.0	24.15	-12.878	0.0	1.684	88.248	-8.64	-7.65	0.0	85.84	31.633	0.0	0.0	2.874	101.035	-1.0	-6.9	0.0	0.0	22.769	-1.0	0.0	1.802	84.374	-7.78	-5.338	0.0	92.031	0.0	-7.193	0.0	1.743	58.703	-8.22	-4.025	0.0	91.945	0.0	-1.0	28.8	1.374	65.193	-8.64	-5.213	0.0	88.317	0.0	0.0	0.0	1.567	61.803	-7.86	-5.025	0.0	92.347	0.0	-1.0	0.2	1.911	41.557	-8.14	-5.4	0.0	88.728	23.35	-1.0	0.4	1.115	51.05	-8.01	-5.025	0.0	86.595	19.936	0.0	0.2	1.869	8.331	-8.36	-6.588	0.0	93.023	11.508	-21.883	0.0	0.0	100.841	-7.7
-1.0	-8.213	0.0	0.0	24.44	-13.154	0.0	2.229	92.22	-8.64	-7.9	0.0	85.84	31.633	0.0	0.0	3.05	99.776	-1.0	-6.838	0.0	0.0	22.697	-1.0	0.0	1.869	73.137	-7.76	-5.338	0.0	92.037	0.0	-7.207	0.0	1.626	48.725	-8.29	-3.962	0.0	91.907	0.0	-1.0	28.8	1.425	70.231	-8.72	-5.213	0.0	88.256	0.0	0.0	0.0	1.517	71.684	-7.86	-4.9	1.063	92.347	0.0	-1.0	0.2	1.944	44.56	-8.1	-5.4	0.0	88.758	23.35	-1.0	0.4	0.905	53.86	-8.04	-5.025	0.0	86.567	19.718	0.0	0.2	1.617	18.115	-8.46	-6.838	0.0	93.032	11.872	-21.904	0.0	0.0	121.475	-7.74
-1.0	-8.588	0.0	0.0	24.731	-12.905	0.0	2.196	90.573	-8.69	-7.838	0.0	85.807	31.778	0.0	0.0	2.64	82.727	-1.0	-6.838	0.0	0.0	22.697	-1.0	0.0	1.475	63.644	-7.76	-5.025	0.0	92.037	0.0	-7.233	0.0	1.961	59.575	-8.16	-3.9	0.0	91.962	0.0	-1.0	28.8	1.224	79.24	-8.74	-5.088	0.0	88.251	0.0	0.0	0.0	1.341	57.444	-7.8	-4.9	0.0	92.383	0.0	-1.0	0.2	2.212	37.876	-8.06	-5.4	0.0	88.769	23.568	-1.0	0.4	1.224	58.025	-8.04	-5.025	0.0	86.567	19.645	0.0	0.2	2.02	11.14	-8.27	-6.588	0.0	93.086	11.799	-21.798	0.0	0.922	101.713	-7.76
