-1.0	-1.0	0.0	0.0	24.295	-14.037	0.0	1.198	65.775	-9.94	-9.275	0.0	85.035	31.85	-6.711	0.0	2.112	94.545	-1.0	-7.713	0.0	90.868	23.06	-1.0	0.0	2.271	55.7	-9.08	-6.463	0.0	91.402	0.0	-7.021	0.0	1.726	40.201	-9.52	-5.4	0.0	91.128	0.0	-1.0	28.8	1.584	73.718	-10.08	-6.775	0.0	87.299	0.0	0.0	0.0	1.735	50.857	-9.11	-6.525	0.532	91.619	0.0	-1.0	0.2	2.179	35.551	-9.38	-6.713	0.0	87.882	22.333	-1.0	0.4	1.207	40.104	-9.43	-6.9	0.0	85.698	19.791	0.0	0.2	2.497	10.752	-9.68	-7.838	0.0	92.24	11.436	-21.397	0.0	0.0	73.04
-1.0	-1.0	1.063	0.0	24.15	-13.968	0.0	1.534	70.037	-9.86	-9.088	0.0	85.056	31.705	-6.718	0.0	1.819	92.704	-1.0	-7.713	0.0	0.0	22.697	-1.0	0.0	2.045	77.205	-9.08	-6.338	0.0	91.402	0.0	-7.053	0.0	1.919	57.25	-9.46	-5.275	0.0	91.145	0.0	-1.0	28.8	1.609	86.505	-10.0	-6.775	0.0	87.36	0.0	0.0	0.0	1.726	52.407	-9.13	-6.4	1.595	91.614	0.0	-1.0	0.2	2.02	37.392	-9.36	-6.588	0.0	87.927	21.97	-1.0	0.4	1.525	18.793	-9.36	-6.838	0.0	85.716	19.137	0.0	0.2	2.187	29.545	-9.53	-7.838	0.0	92.356	11.654	-21.482	0.0	0.0	95.514
-1.0	-1.0	0.0	0.0	23.932	-13.9	0.0	2.154	75.268	-9.86	-9.213	0.0	85.056	31.778	-6.708	0.0	2.472	99.195	0.0	-7.838	0.0	0.0	22.551	-1.0	0.0	2.003	80.596	-9.09	-6.525	0.0	91.399	0.0	-7.024	0.0	1.559	46.885	-9.53	-5.4	0.0	91.125	0.0	-1.0	28.8	1.659	83.017	-10.04	-6.775	0.0	87.35	0.0	0.0	0.0	1.626	66.937	-9.16	-6.525	3.19	91.605	0.0	-1.0	0.2	2.506	22.764	-9.36	-7.088	0.0	87.927	22.333	-1.0	0.4	0.93	46.691	-9.42	-6.963	0.0	85.701	19.791	0.0	0.2	2.539	11.334	-9.58	-8.088	0.0	92.305	11.508	-21.913	0.0	0.0	92.123
-1.0	-1.0	0.0	0.0	24.585	-13.9	0.0	2.103	89.12	-9.9	-9.15	0.0	85.045	31.923	-6.698	0.0	2.506	98.42	-1.0	-7.838	0.0	0.0	22.769	-1.0	0.0	1.626	57.734	-9.14	-6.713	0.0	91.367	0.0	-7.045	0.0	2.145	67.615	-9.48	-5.4	0.0	91.158	0.0	-1.0	28.8	1.475	67.809	-10.02	-6.838	0.0	87.355	0.0	0.0	0.0	1.743	49.694	-9.19	-6.275	0.0	91.597	0.0	-1.0	0.2	2.422	34.776	-9.38	-6.838	0.0	87.902	22.479	-1.0	0.4	2.179	43.785	-9.42	-6.713	0.0	85.68	19.936	0.0	0.2	2.346	1.841	-9.58	-7.838	0.0	92.305	11.654	-21.482	0.0	0.0	96.385
-1.0	-1.0	1.595	0.0	24.15	-14.037	0.0	1.534	94.448	-9.92	-9.088	0.0	85.04	31.85	-6.718	0.0	2.246	85.536	-1.0	-8.025	0.0	0.0	22.842	-1.0	0.0	2.581	60.641	-9.1	-6.9	0.0	91.397	0.0	-7.023	0.0	2.129	31.095	-9.48	-5.4	0.0	91.158	0.0	-1.0	28.8	1.852	64.806	-10.08	-7.025	0.0	87.319	0.0	0.0	0.0	2.246	65.193	-9.2	-6.588	0.0	91.594	0.0	-1.0	0.2	3.201	21.989	-9.4	-6.775	0.0	87.877	22.115	-1.0	0.4	1.718	43.882	-9.4	-7.15	0.0	85.685	19.282	0.0	0.2	2.623	20.246	-9.6	-7.963	0.0	92.299	11.654	-21.281	0.0	0.0	68.196
-1.0	-1.0	1.063	0.0	24.004	-13.968	0.0	2.154	71.296	-9.86	-9.025	0.0	85.056	31.633	-6.722	0.0	2.43	97.257	-1.0	-7.775	0.0	0.0	22.842	-1.0	0.0	2.455	75.365	-9.1	-6.838	0.0	91.397	0.0	-7.035	0.0	2.02	49.016	-9.49	-5.463	0.0	91.155	0.0	-1.0	28.8	1.668	70.909	-10.05	-6.838	0.0	87.307	0.0	0.0	0.0	2.279	39.813	-9.2	-6.65	1.063	91.594	0.0	-1.0	0.2	2.732	38.942	-9.39	-6.775	0.0	87.899	22.043	-1.0	0.4	1.735	39.329	-9.42	-7.025	0.0	85.701	19.209	0.0	0.2	2.321	13.077	-9.59	-7.775	0.0	92.302	11.654	-21.83	0.0	0.0	97.548
-1.0	-1.0	0.532	0.0	24.44	-14.037	0.0	1.777	94.545	-9.94	-9.463	0.0	85.035	31.778	-6.705	0.0	2.363	97.548	-1.0	-7.9	0.0	0.0	22.697	-1.0	0.0	1.852	60.737	-9.19	-7.15	0.0	91.334	0.0	-6.967	0.0	1.911	72.652	-9.54	-5.588	0.0	91.104	0.0	-1.0	28.8	1.383	65.193	-10.07	-6.963	0.0	87.322	0.0	0.0	0.0	1.936	52.891	-9.22	-6.775	6.912	91.57	0.0	-1.0	0.2	2.103	31.483	-9.44	-6.9	0.0	87.866	22.261	-1.0	0.4	1.693	33.13	-9.45	-7.025	0.0	85.672	20.009	0.0	0.2	2.07	6.297	-9.68	-7.838	0.0	92.277	11.436	-21.14	0.0	0.913	89.023
-1.0	-1.0	0.0	0.0	24.077	-14.39	0.0	1.777	91.251	-9.93	-9.338	0.0	85.038	31.778	-6.699	0.0	2.707	102.488	-1.0	-8.025	0.0	0.0	22.697	-1.0	0.0	2.43	69.262	-9.2	-6.838	0.0	91.331	0.0	-7.021	0.0	1.953	38.942	-9.58	-5.4	0.0	91.093	0.0	-1.0	28.8	1.802	69.649	-10.13	-6.963	0.0	87.286	0.0	0.0	0.0	2.062	54.828	-9.26	-6.775	3.19	91.54	0.0	-1.0	0.2	3.285	25.961	-9.46	-7.088	0.0	87.861	21.897	-1.0	0.4	1.609	33.808	-9.46	-7.15	0.0	85.649	19.791	0.0	0.2	2.539	4.65	-9.7	-8.025	0.0	92.271	11.944	-21.435	0.0	0.0	82.436
-1.0	-1.0	0.532	0.0	24.585	-13.968	0.0	2.204	85.245	-9.98	-9.338	0.0	85.025	31.923	-6.707	0.0	2.74	97.064	-1.0	-8.025	0.0	0.0	23.423	-1.0	0.0	3.143	57.734	-9.2	-6.713	0.0	91.331	0.0	-7.067	0.0	2.732	64.612	-9.57	-5.65	0.0	91.114	0.0	-1.0	28.8	2.33	73.04	-10.12	-7.213	0.0	87.289	0.0	0.0	0.0	2.422	45.722	-9.24	-6.65	0.532	91.564	0.0	-1.0	0.2	3.159	44.754	-9.44	-6.838	0.0	87.866	21.97	-1.0	0.4	2.472	29.352	-9.45	-7.025	0.0	85.652	19.573	0.0	0.2	2.481	3.584	-9.72	-7.775	0.0	92.228	11.654	-20.894	0.0	1.156	77.399
-1.0	-1.0	0.0	0.0	24.513	-14.037	0.0	2.145	71.006	-9.96	-9.4	0.0	85.03	31.705	-6.687	0.0	2.548	90.864	-1.0	-8.025	0.0	0.0	22.624	-1.0	0.0	3.034	68.681	-9.2	-6.525	0.0	91.331	0.0	-7.024	0.0	2.338	49.21	-9.54	-5.713	0.0	91.123	0.0	-1.0	28.8	1.844	71.587	-10.12	-6.463	0.0	87.289	0.0	0.0	0.0	2.95	44.56	-9.23	-6.588	0.532	91.548	0.0	-1.0	0.2	2.724	37.779	-9.48	-6.775	0.0	87.855	22.115	-1.0	0.4	2.246	40.782	-9.46	-7.025	0.0	85.67	19.791	0.0	0.2	2.489	355.609	-9.74	-8.025	0.0	92.223	11.799	-20.746	0.0	1.173	93.382
-1.0	-1.0	0.532	0.0	24.585	-13.968	0.0	2.036	91.736	-9.96	-9.088	0.0	85.03	31.487	-6.703	0.0	2.196	97.838	-1.0	-7.838	0.0	0.0	22.769	-1.0	0.0	2.103	71.781	-9.22	-6.9	0.0	91.325	0.0	-7.002	0.0	1.978	56.378	-9.52	-5.4	0.0	91.128	0.0	-1.0	28.8	1.232	68.874	-10.08	-6.588	0.0	87.299	0.0	0.0	0.0	2.204	42.332	-9.28	-6.9	0.0	91.534	0.0	-1.0	0.2	2.799	49.113	-9.46	-7.15	0.0	87.861	22.115	-1.0	0.4	2.011	52.794	-9.48	-6.775	0.0	85.644	19.209	0.0	0.2	2.179	0.0	-9.68	-7.963	0.0	92.277	11.581	-21.618	0.0	0.0	100.163
-1.0	-1.0	2.127	0.0	24.44	-13.765	0.0	1.978	64.612	-9.92	-9.525	0.0	85.04	31.342	-6.693	0.0	2.112	88.636	-1.0	-7.9	0.0	0.0	23.278	-1.0	0.0	2.497	43.688	-9.24	-6.525	0.0	91.32	0.0	-7.06	0.0	1.927	64.612	-9.62	-5.025	0.0	91.062	0.0	-1.0	28.8	1.601	67.325	-10.12	-6.65	0.0	87.289	0.0	0.0	0.0	2.363	38.167	-9.29	-6.525	1.063	91.531	0.0	-1.0	0.2	2.799	36.52	-9.5	-6.713	0.0	87.81	22.043	-1.0	0.4	1.483	28.48	-9.52	-7.025	0.0	85.634	19.645	0.0	0.2	2.447	0.775	-9.7	-7.65	0.0	92.197	11.944	-21.529	0.0	0.0	98.032
-1.0	-1.0	1.063	0.0	24.367	-14.106	0.0	2.087	98.323	-10.0	-9.525	0.0	85.02	31.705	-6.656	0.0	2.12	108.3	-1.0	-7.713	0.0	0.0	22.915	-1.0	0.0	1.944	57.734	-9.22	-6.65	0.0	91.325	0.0	-7.05	0.0	2.321	48.338	-9.54	-5.338	0.0	91.123	0.0	-1.0	28.8	1.71	68.1	-10.14	-6.775	0.0	87.284	0.0	0.0	0.0	1.852	49.985	-9.26	-6.338	0.0	91.558	0.0	-1.0	0.2	2.522	32.451	-9.48	-6.65	0.0	87.855	22.115	-1.0	0.4	1.684	48.919	-9.52	-7.088	0.0	85.634	20.009	0.0	0.2	2.841	8.137	-9.63	-7.838	0.0	92.291	11.581	-21.482	0.0	0.0	99.582
-1.0	-1.0	0.0	0.0	24.077	-14.106	0.0	1.844	83.986	-10.0	-9.275	0.0	85.02	31.778	-6.696	0.0	2.204	95.804	-1.0	-8.025	0.0	0.0	22.769	-1.0	0.0	2.581	53.085	-9.26	-6.775	0.0	91.314	0.0	-7.004	0.0	2.313	64.709	-9.58	-6.025	0.0	91.111	0.0	-1.0	28.8	1.366	78.077	-10.14	-6.963	0.0	87.284	0.0	0.0	0.0	2.707	47.176	-9.26	-6.213	0.532	91.54	0.0	-1.0	0.2	2.724	36.52	-9.46	-6.588	0.0	87.861	21.462	-1.0	0.4	1.793	50.566	-9.47	-6.588	0.0	85.647	18.919	0.0	0.2	2.69	353.284	-9.7	-8.15	0.0	92.271	11.581	-21.488	0.0	1.006	78.755
-1.0	-1.0	0.532	0.0	24.222	-14.247	0.0	2.464	72.168	-10.08	-9.713	0.0	84.999	31.487	-6.635	0.0	2.807	90.476	-1.0	-7.9	0.0	0.0	22.842	-1.0	0.0	2.154	63.159	-9.26	-6.838	0.0	91.314	0.0	-7.035	0.0	2.028	50.663	-9.6	-5.65	0.0	91.068	0.0	-1.0	28.8	1.525	59.575	-10.13	-7.088	0.0	87.286	0.0	0.0	0.0	2.179	54.538	-9.32	-6.588	1.063	91.523	0.0	-1.0	0.2	2.648	40.588	-9.44	-6.838	0.0	87.866	22.043	-1.0	0.4	1.735	38.651	-9.5	-6.838	0.0	85.639	19.209	0.0	0.2	2.238	12.206	-9.82	-7.9	0.0	92.2	11.436	-1.0	0.0	0.0	96.773
-1.0	-1.0	3.19	0.0	24.295	-14.318	0.0	2.036	62.384	-10.1	-9.588	0.0	84.953	31.705	-6.681	0.0	2.858	97.451	-1.0	-8.088	0.0	0.0	22.551	-1.0	0.0	2.522	42.816	-9.2	-6.65	0.0	91.35	0.0	-6.992	0.0	1.76	51.244	-9.64	-5.65	0.0	91.057	0.0	-1.0	28.8	1.844	74.687	-10.21	-6.775	0.0	87.245	0.0	0.0	0.0	2.363	55.506	-9.24	-6.15	0.0	91.545	0.0	-1.0	0.2	2.346	35.454	-9.52	-7.025	0.0	87.845	21.97	-1.0	0.4	1.425	67.712	-9.44	-6.463	0.0	85.675	19.936	0.0	0.2	2.095	1.066	-9.81	-8.213	0.0	92.24	11.581	-1.0	0.0	0.0	99.776
-1.0	-1.0	6.381	0.0	24.367	-14.247	0.0	1.869	82.533	-10.07	-9.15	0.0	85.002	31.633	-6.705	0.0	2.162	103.36	-1.0	-7.9	0.0	0.0	22.406	-1.0	0.0	1.927	50.953	-9.21	-6.525	0.0	91.328	0.0	-7.089	0.0	1.793	42.235	-9.62	-5.275	0.0	91.081	0.0	-1.0	28.8	1.408	81.758	-10.15	-6.588	0.0	87.281	0.0	0.0	0.0	1.525	41.17	-9.26	-6.525	0.0	91.54	0.0	-1.0	0.2	2.589	19.761	-9.48	-6.775	0.0	87.855	22.115	-1.0	0.4	1.643	35.551	-9.44	-6.713	0.0	85.675	20.154	0.0	0.2	2.078	39.135	-9.74	-8.025	0.0	92.26	11.799	-21.095	0.0	0.0	98.226
-1.0	-1.0	0.532	0.0	24.367	-13.968	0.0	1.81	83.599	-10.0	-9.15	0.0	85.02	31.705	-6.728	0.0	2.422	94.932	0.0	-8.025	0.0	0.0	22.697	-1.0	0.0	1.819	56.959	-9.21	-6.338	0.0	91.347	0.0	-7.104	0.0	1.793	54.441	-9.61	-5.338	0.0	91.065	0.0	-1.0	28.8	1.274	63.837	-10.12	-6.9	0.0	87.289	0.0	0.0	0.0	1.793	55.313	-9.28	-6.338	0.532	91.534	0.0	-1.0	0.2	2.263	45.626	-9.5	-6.525	0.0	87.85	21.68	-1.0	0.4	1.927	30.223	-9.46	-6.713	0.0	85.67	19.282	0.0	0.2	2.078	12.109	-9.7	-7.9	0.0	92.271	11.654	-21.55	0.0	0.0	101.326
-1.0	-1.0	0.0	0.0	24.367	-14.247	0.0	1.785	66.259	-9.99	-9.088	0.0	85.022	31.633	-6.725	0.0	2.43	90.089	-1.0	-8.088	0.0	0.0	22.915	-1.0	0.0	2.288	104.91	-9.2	-6.963	0.0	91.35	0.0	-7.04	0.0	1.668	52.697	-9.66	-5.4	0.0	91.051	0.0	-1.0	28.8	1.601	95.611	-10.14	-6.9	0.0	87.284	0.0	0.0	0.0	1.827	53.666	-9.28	-7.15	2.127	91.534	0.0	-1.0	0.2	2.581	46.691	-9.51	-6.9	0.0	87.828	22.043	-1.0	0.4	1.425	30.223	-9.52	-7.338	0.0	85.634	19.791	0.0	0.2	2.38	7.168	-9.71	-7.9	0.0	92.268	11.654	-21.55	0.0	0.0	101.81
-1.0	-1.0	0.0	0.0	24.295	-14.037	0.0	1.743	67.906	-10.06	-9.088	0.0	85.004	31.633	-6.732	0.0	2.238	95.514	-1.0	-7.9	0.0	0.0	22.769	-1.0	0.0	2.028	68.003	-9.26	-6.588	0.0	91.314	0.0	-7.077	0.0	2.053	46.885	-9.64	-5.275	0.0	91.057	0.0	-1.0	28.8	1.299	63.74	-10.12	-6.775	0.0	87.289	0.0	0.0	0.0	1.676	40.588	-9.34	-6.588	0.0	91.498	0.0	-1.0	0.2	2.397	24.605	-9.6	-6.9	0.0	87.784	21.68	-1.0	0.4	1.86	27.898	-9.56	-6.775	0.0	85.624	19.573	0.0	0.2	2.087	0.194	-9.76	-8.088	0.0	92.217	11.726	-21.587	0.0	0.0	82.533
-1.0	-1.0	1.063	0.0	24.15	-14.037	0.0	1.693	90.67	-10.02	-9.088	0.0	85.015	31.633	-6.688	0.0	2.204	94.254	-1.0	-7.838	0.0	0.0	22.333	-1.0	0.0	2.313	70.037	-9.24	-6.838	0.0	91.32	0.0	-7.05	0.0	2.062	37.973	-9.68	-5.213	0.0	91.046	0.0	-1.0	28.8	1.391	87.28	-10.2	-6.838	0.0	87.228	0.0	0.0	0.0	2.137	47.854	-9.34	-6.588	0.0	91.517	0.0	-1.0	0.2	2.774	35.067	-9.54	-6.838	0.0	87.8	21.68	-1.0	0.4	1.542	53.472	-9.52	-7.088	0.0	85.634	19.137	0.0	0.2	2.481	12.012	-9.82	-8.15	0.0	92.237	11.363	-21.32	0.0	0.913	96.095
-1.0	-1.0	0.0	0.0	24.222	-13.968	0.0	2.036	78.368	-10.06	-9.025	0.0	85.004	31.705	-6.73	0.0	2.447	89.411	-1.0	-7.963	0.0	0.0	22.333	-1.0	0.0	2.346	45.238	-9.23	-6.525	0.0	91.341	0.0	-7.024	0.0	1.743	46.788	-9.64	-5.4	0.0	91.057	0.0	-1.0	28.8	1.71	65.193	-10.16	-6.65	0.0	87.258	0.0	0.0	0.0	2.02	51.05	-9.28	-6.338	2.127	91.534	0.0	-1.0	0.2	2.439	36.714	-9.54	-6.775	0.0	87.8	21.68	-1.0	0.4	1.785	57.347	-9.5	-6.775	0.0	85.639	19.355	0.0	0.2	2.095	5.618	-9.76	-7.713	0.0	92.254	11.799	-21.681	0.0	0.0	78.561
-1.0	-1.0	0.532	0.0	24.222	-13.968	0.0	2.279	96.192	-10.08	-9.275	0.0	84.999	31.705	-6.74	0.0	2.598	87.958	-1.0	-7.9	0.0	90.685	22.915	-1.0	0.0	1.609	79.724	-9.24	-6.525	0.0	91.338	0.0	-7.075	0.0	1.902	53.375	-9.64	-5.15	0.0	91.057	0.0	-1.0	28.8	1.299	74.977	-10.15	-6.775	0.0	87.281	0.0	0.0	0.0	1.718	53.569	-9.36	-6.525	0.0	91.493	0.0	-1.0	0.2	2.598	25.864	-9.52	-6.9	0.0	87.805	21.825	-1.0	0.4	1.827	38.748	-9.54	-6.588	0.0	85.629	19.137	0.0	0.2	2.271	11.624	-9.88	-8.088	0.0	92.201	11.726	-21.42	0.0	1.006	112.078
-1.0	-1.0	0.0	0.0	24.44	-14.834	0.0	1.793	79.627	-10.04	-9.088	0.0	85.01	31.633	-6.747	0.0	2.112	110.625	-1.0	-7.838	0.0	0.0	23.205	-1.0	0.0	2.112	49.985	-9.28	-6.525	0.0	91.308	0.0	-7.082	0.0	2.17	46.498	-9.7	-5.275	0.0	91.04	0.0	-1.0	28.8	1.584	68.874	-10.2	-6.713	0.0	87.248	0.0	0.0	0.0	1.86	50.082	-9.36	-6.463	1.595	91.493	0.0	-1.0	0.2	2.833	39.813	-9.6	-6.775	0.0	87.823	21.316	-1.0	0.4	2.137	18.986	-9.5	-6.525	0.0	85.639	19.791	0.0	0.2	2.129	4.747	-9.7	-7.838	0.0	92.271	11.944	-21.732	0.0	0.0	94.254
-1.0	-1.0	0.532	0.0	23.932	-13.9	0.0	1.953	85.245	-10.08	-9.15	0.0	84.999	31.778	-6.843	0.0	2.439	101.52	-1.0	-7.9	0.0	0.0	22.624	-1.0	0.0	2.397	70.909	-9.28	-6.775	0.0	91.308	0.0	-7.062	0.0	1.869	49.113	-9.7	-5.4	0.0	91.04	0.0	-1.0	28.8	1.55	83.986	-10.2	-7.025	0.0	87.228	0.0	0.0	0.0	2.388	37.586	-9.36	-6.463	0.532	91.493	0.0	-1.0	0.2	2.372	28.77	-9.58	-6.9	0.0	87.789	21.244	-1.0	0.4	1.735	26.93	-9.56	-6.775	0.0	85.624	19.863	0.0	0.2	2.112	7.265	-9.8	-7.9	0.0	92.169	11.654	-21.466	0.0	0.93	97.257
-1.0	-1.0	0.0	0.0	24.513	-13.9	0.0	2.112	103.36	-10.13	-9.338	0.0	84.945	32.068	-6.721	0.0	2.74	110.528	-1.0	-7.838	0.0	0.0	22.842	-1.0	0.0	2.02	65.581	-9.28	-6.588	0.0	91.308	0.0	-7.091	0.0	2.112	52.794	-9.68	-5.338	0.0	91.046	0.0	-1.0	28.8	1.55	70.231	-10.18	-6.963	0.0	87.233	0.0	0.0	0.0	1.835	47.176	-9.38	-6.338	1.595	91.487	0.0	-1.0	0.2	2.782	34.001	-9.6	-6.963	0.0	87.784	22.043	-1.0	0.4	1.81	22.958	-9.54	-6.65	0.0	85.629	19.209	0.0	0.2	2.145	0.194	-9.74	-7.838	0.0	92.26	11.363	-21.482	0.0	0.0	99.485
-1.0	-1.0	0.0	0.0	24.44	-13.968	0.0	1.643	107.041	-10.1	-9.463	0.0	84.953	31.778	-6.705	0.0	2.33	103.554	0.0	-7.838	0.0	1.907	22.333	-1.0	0.0	2.103	66.453	-9.28	-6.713	0.0	91.308	0.0	-7.067	0.0	1.986	56.088	-9.66	-5.213	0.0	91.051	0.0	-1.0	28.8	1.416	70.231	-10.18	-6.9	0.0	87.273	0.0	0.0	0.0	2.212	52.407	-9.36	-6.463	0.0	91.493	0.0	-1.0	0.2	2.204	31.967	-9.58	-6.9	0.0	87.789	21.607	-1.0	0.4	1.844	37.101	-9.6	-6.838	0.0	85.613	19.209	0.0	0.2	2.145	5.618	-9.76	-7.9	0.0	92.254	11.291	-20.688	0.0	0.0	84.955
-1.0	-1.0	2.659	0.0	24.15	-14.176	0.0	1.944	89.605	-10.16	-9.338	0.0	84.917	31.56	-6.729	0.0	2.849	101.52	0.0	-8.025	0.0	1.907	22.915	-1.0	0.0	2.137	53.375	-9.33	-6.4	0.0	91.294	0.0	-7.092	0.0	1.777	52.213	-9.74	-5.4	0.0	91.029	0.0	-1.0	28.8	1.467	86.214	-10.2	-6.838	0.0	87.228	0.0	0.0	0.0	1.927	52.891	-9.42	-6.338	3.722	91.457	0.0	-1.0	0.2	2.078	37.198	-9.56	-6.713	0.0	87.794	21.316	-1.0	0.4	0.0	39.523	-9.58	-6.525	0.0	85.618	19.573	0.0	0.2	1.735	11.721	-9.8	-7.963	0.0	92.243	11.654	-21.618	0.0	0.0	117.406
-1.0	-1.0	1.063	0.0	24.15	-13.9	0.0	1.785	86.795	-10.16	-9.338	0.0	84.938	31.633	-6.721	0.0	2.623	103.36	-1.0	-7.963	0.0	0.0	22.915	-1.0	0.0	1.592	74.59	-9.34	-6.275	0.0	91.292	0.0	-7.102	0.0	1.332	59.769	-9.77	-5.275	0.0	91.002	0.0	-1.0	28.8	1.215	81.177	-10.22	-7.088	0.0	87.223	0.0	0.0	0.0	1.45	53.569	-9.42	-6.463	0.532	91.457	0.0	-1.0	0.2	1.768	37.586	-9.66	-6.713	0.0	87.748	21.534	-1.0	0.4	1.006	45.141	-9.62	-6.588	0.0	85.567	20.081	0.0	0.2	1.877	16.662	-9.87	-8.275	0.0	92.186	11.363	-21.373	0.0	0.0	111.981
-1.0	-1.0	0.532	0.0	24.367	-13.968	0.0	2.095	85.439	-10.18	-9.525	0.0	84.933	32.141	-6.685	0.0	2.799	94.351	-1.0	-8.025	0.0	0.0	22.624	-1.0	0.0	1.458	59.478	-9.28	-6.525	0.0	91.308	0.0	-7.096	0.0	1.467	52.019	-9.72	-5.4	0.0	91.034	0.0	-1.0	28.8	1.106	69.649	-10.26	-6.65	0.0	87.192	0.0	0.0	0.0	1.098	48.241	-9.4	-6.65	0.0	91.463	0.0	-1.0	0.2	1.617	47.757	-9.6	-6.588	0.0	87.784	21.026	-1.0	0.4	0.0	44.948	-9.59	-6.838	0.0	85.595	19.064	0.0	0.2	1.634	26.252	-9.9	-7.9	0.0	92.177	11.291	-21.382	0.0	0.913	94.061
