-1.0	-7.775	1.063	0.0	24.731	-12.588	0.0	2.782	109.56	-4.68	-7.463	0.0	44.527	32.286	-7.229	0.0	4.819	137.264	-4.86	-6.525	0.0	46.032	23.205	-17.317	0.0	1.198	105.104	-4.61	-7.713	0.0	50.07	0.0	-6.931	0.0	0.0	152.957	-5.32	-5.65	0.0	52.217	9.474	-1.0	3.8	0.0	184.537	-5.28	-7.15	0.0	49.686	0.0	0.0	0.0	0.0	142.883	-4.38	-5.65	0.0	52.926	7.077	-1.0	0.2	0.0	161.869	-4.5	-3.712	0.0	51.157	27.927	-17.622	0.4	0.0	132.712	-4.65	-6.213	0.0	52.343	20.227	0.0	0.2	0.0	200.617	-5.3	-7.65	0.0	46.778	11.872	-1.0	0.0	0.0	160.416	-4.49
-1.0	-7.963	1.595	0.0	24.367	-12.745	0.0	3.143	113.725	-4.52	-7.713	0.0	42.119	32.359	-7.203	0.0	4.232	113.338	-4.64	-6.525	0.0	43.475	23.786	-16.957	0.0	2.615	113.822	-4.74	-7.838	0.0	51.267	0.0	-6.914	0.0	0.0	153.248	-5.27	-5.713	0.0	53.079	8.893	-1.0	3.8	0.922	108.3	-5.44	-6.65	0.0	52.513	0.0	0.0	0.0	0.0	142.883	-4.34	-5.4	0.532	52.617	7.15	-1.0	0.2	0.0	161.579	-4.54	-3.337	0.0	51.814	27.855	-17.424	0.4	0.0	79.724	-4.41	-5.9	0.0	49.076	20.081	0.0	0.2	1.089	196.743	-5.04	-7.15	0.0	47.492	11.799	-22.315	0.0	1.24	118.762	-4.31
-1.0	-8.275	0.0	0.0	24.513	-12.7	0.0	3.905	107.138	-4.54	-7.275	0.0	43.941	32.214	-7.238	0.0	5.807	113.435	-4.73	-6.588	0.0	45.482	23.714	-17.124	0.0	2.212	106.847	-4.44	-7.025	0.0	49.219	0.0	-7.021	0.0	0.0	146.758	-5.21	-5.713	0.0	51.804	8.675	-1.0	3.8	0.0	129.999	-5.4	-7.213	0.0	50.337	0.0	0.0	0.0	0.0	142.883	-4.41	-5.838	7.444	52.092	7.731	-1.0	0.2	0.0	161.869	-4.32	-3.4	0.0	48.854	27.491	-17.689	0.4	0.0	160.707	-4.4	-5.713	0.0	49.458	20.444	0.0	0.2	1.249	176.206	-5.06	-7.9	0.0	46.423	12.09	-21.961	0.0	0.0	137.555	-4.4
-1.0	-8.4	0.0	0.0	24.585	-12.5	0.0	3.025	124.284	-4.54	-7.713	0.0	43.244	32.359	-7.19	0.0	5.355	99.485	-4.69	-6.525	0.0	42.953	23.205	-16.691	0.0	1.827	122.347	-4.46	-7.213	0.0	48.159	0.0	-6.977	0.0	0.0	173.397	-5.09	-5.4	0.0	48.544	9.111	-1.0	3.8	0.0	115.275	-5.26	-7.15	0.0	48.463	0.0	0.0	0.0	0.0	142.883	-4.26	-5.65	0.532	50.09	7.15	-1.0	0.2	0.0	164.388	-4.41	-3.65	0.0	49.281	27.273	-17.729	0.4	0.0	199.261	-4.44	-6.15	0.0	49.453	21.026	0.0	0.2	0.0	223.382	-5.03	-7.65	0.0	45.114	11.944	-1.0	0.0	0.0	141.042	-4.22
-1.0	-8.775	0.0	0.0	24.44	-12.629	0.0	2.64	120.506	-4.62	-7.4	0.0	43.325	32.504	-7.215	0.0	5.196	111.11	-4.65	-6.463	0.0	43.322	22.987	-17.059	0.0	2.313	107.525	-4.38	-7.338	0.0	47.254	0.0	-6.982	0.0	1.19	187.443	-5.28	-5.588	0.0	52.936	9.256	-1.0	3.8	0.0	112.466	-5.11	-6.775	0.0	46.803	0.0	0.0	0.0	0.0	170.588	-4.32	-5.65	1.595	51.327	7.15	-1.0	0.2	0.0	164.969	-4.32	-3.212	0.0	48.737	28.218	-17.729	0.4	0.955	176.206	-4.24	-5.838	0.0	46.261	20.009	0.0	0.2	0.0	186.184	-5.18	-8.025	0.0	48.268	11.726	-1.0	0.0	0.0	140.558	-4.16
-1.0	-7.713	0.0	0.0	24.513	-12.597	0.0	4.106	105.201	-4.5	-7.338	0.0	42.213	32.504	-7.227	0.0	5.858	105.685	-4.64	-6.338	0.0	43.141	23.133	-16.464	0.0	2.179	94.739	-4.37	-7.275	0.0	47.817	0.0	-6.979	0.0	0.0	139.783	-5.3	-5.713	0.0	52.648	8.966	-1.0	4.0	0.0	124.962	-5.12	-6.463	0.0	47.6	0.0	0.0	0.0	0.0	116.922	-4.14	-5.4	0.0	48.967	7.368	-1.0	0.2	0.0	164.969	-4.18	-3.712	0.0	46.835	27.564	-17.715	0.4	0.972	191.608	-4.12	-5.463	0.0	46.008	20.59	0.0	0.2	1.349	156.832	-5.26	-7.9	0.0	48.58	12.235	-1.0	0.0	0.0	132.324	-4.08
-1.0	-7.775	0.0	0.0	24.585	-12.71	0.0	3.838	122.25	-4.5	-7.588	0.0	41.999	33.013	-7.181	0.0	6.025	116.341	-4.68	-6.463	0.0	43.652	23.133	-16.97	0.0	1.944	118.762	-4.21	-7.025	0.0	44.917	0.0	-7.021	0.0	0.922	139.396	-5.3	-5.713	0.0	50.813	9.329	-1.0	4.6	0.0	155.67	-5.14	-6.525	0.0	48.42	0.0	0.0	0.0	0.0	123.8	-4.07	-5.588	3.722	47.325	7.077	-1.0	0.2	0.0	165.163	-4.23	-3.462	0.0	47.155	27.419	-17.582	0.4	0.0	188.605	-4.2	-5.4	0.0	45.938	20.735	0.0	0.2	1.19	148.501	-5.02	-7.463	0.0	44.425	11.872	-1.0	0.0	1.45	154.507	-4.05
-1.0	-7.713	0.532	0.0	24.295	-12.719	0.0	3.981	101.132	-4.38	-7.338	0.0	39.671	32.504	-7.175	0.0	6.151	118.375	-4.52	-6.588	0.0	41.721	23.06	-16.945	0.0	2.657	85.439	-4.34	-7.025	0.0	45.591	0.0	-7.006	0.0	0.0	106.266	-5.2	-5.9	0.0	49.581	9.038	-1.0	4.6	0.0	144.433	-5.05	-6.525	0.0	47.373	0.0	0.0	0.0	0.0	116.534	-4.16	-5.65	0.532	46.838	7.731	-1.0	0.2	0.0	166.616	-4.06	-3.65	0.0	45.146	27.927	-17.359	0.4	0.0	214.954	-4.18	-5.588	0.0	44.439	20.59	0.0	0.2	0.922	114.403	-5.09	-7.775	0.0	44.867	12.235	-1.0	0.0	0.0	127.19	-3.85
-1.0	-8.713	0.0	0.0	24.731	-12.456	0.0	3.947	103.748	-4.54	-7.338	0.0	41.842	32.577	-7.207	0.0	6.604	126.609	-4.56	-6.713	0.0	40.363	23.205	-17.01	0.0	1.659	145.305	-4.57	-8.65	0.0	48.644	0.0	-6.888	0.0	0.0	105.976	-4.98	-5.713	0.0	46.136	8.675	-1.0	4.6	0.989	143.852	-4.97	-6.088	0.0	44.732	0.0	0.0	0.0	0.0	102.101	-4.12	-5.65	1.595	47.229	7.222	-1.0	0.2	0.0	166.519	-4.22	-3.525	0.0	45.576	27.564	-17.569	0.4	0.0	214.567	-4.2	-6.275	0.0	45.429	20.735	0.0	0.2	0.0	167.682	-4.93	-7.338	0.0	43.56	11.944	-1.0	0.0	1.391	149.083	-4.15
-1.0	-8.65	0.0	0.0	24.44	-12.586	0.0	2.036	132.421	-4.46	-7.9	0.0	39.755	32.504	-7.181	0.0	4.022	119.634	-4.69	-6.9	0.0	42.526	23.133	-17.152	0.0	0.997	48.241	-4.43	-7.838	0.0	43.864	0.0	-6.936	0.0	0.0	109.075	-5.02	-5.963	0.0	47.022	9.329	-1.0	4.6	0.98	163.226	-5.12	-6.713	0.0	47.423	0.0	0.0	0.0	0.0	113.628	-4.16	-5.963	0.532	48.376	7.585	-1.0	0.2	0.0	166.519	-4.3	-3.4	0.0	46.373	27.637	-17.596	0.4	0.0	159.06	-4.12	-5.838	0.0	44.295	20.227	0.0	0.2	0.0	167.875	-4.94	-8.275	0.0	40.751	11.944	-1.0	0.0	1.232	191.705	-3.94
-1.0	-8.588	0.0	0.0	24.731	-12.356	0.0	3.042	102.391	-4.5	-7.963	0.0	40.986	32.432	-7.125	0.0	5.212	91.251	-4.76	-7.213	0.0	40.093	23.06	-16.041	0.0	0.0	125.64	-4.24	-7.463	0.0	42.946	0.0	-6.986	0.0	0.0	152.182	-4.98	-5.838	0.0	45.001	9.474	-1.0	4.6	0.0	105.297	-5.22	-6.838	0.0	49.316	0.0	0.0	0.0	0.0	113.435	-4.24	-5.9	0.0	48.689	7.731	-1.0	0.2	0.0	166.519	-4.38	-3.775	0.0	46.987	27.564	-17.609	0.4	0.0	84.567	-4.11	-5.4	0.0	44.598	20.88	0.0	0.2	1.257	157.801	-4.72	-7.588	0.0	39.54	12.162	-1.0	0.0	0.0	95.998	-4.36
-1.0	-9.15	0.0	0.0	24.513	-12.515	0.0	1.793	121.087	-4.53	-7.963	0.0	41.045	32.359	-7.151	0.0	4.349	108.494	-4.74	-7.275	0.0	42.215	23.06	-16.988	0.0	0.0	100.551	-4.42	-8.275	0.0	47.041	0.0	-6.8	0.0	0.0	140.074	-5.04	-5.9	0.0	46.069	9.402	-1.0	5.0	0.0	117.309	-5.2	-6.9	0.0	45.212	0.0	0.0	0.0	0.0	113.822	-4.09	-5.963	0.532	46.34	7.658	-1.0	0.2	0.0	160.416	-4.22	-3.775	0.0	45.516	27.927	-17.15	0.4	0.0	76.915	-4.25	-6.275	0.0	45.962	21.462	0.0	0.2	0.0	160.32	-4.86	-8.588	0.0	42.415	11.872	-1.0	0.0	0.0	110.916	-4.37
-1.0	-8.775	1.063	0.0	24.658	-12.568	0.0	2.724	114.888	-4.59	-7.713	0.0	41.713	32.504	-7.177	0.0	5.355	106.266	-4.81	-6.963	0.0	42.512	23.06	-17.501	0.0	2.036	99.001	-4.3	-7.275	0.0	44.785	0.0	-7.022	0.0	0.0	121.281	-5.19	-5.713	0.0	49.64	8.457	-1.0	5.2	0.0	183.568	-5.46	-7.025	0.0	51.193	0.0	0.0	0.0	0.0	113.822	-4.22	-5.963	0.0	48.133	7.295	-1.0	0.2	0.0	107.913	-4.42	-3.65	0.0	48.106	27.927	-17.543	0.4	0.0	130.193	-4.41	-6.15	0.0	47.664	20.444	0.0	0.2	0.0	153.151	-4.92	-8.275	0.0	43.622	11.654	-1.0	0.0	0.0	110.819	-4.42
-1.0	-8.463	0.0	0.0	24.295	-12.552	0.0	2.849	146.177	-4.48	-7.713	0.0	40.465	32.504	-7.19	0.0	5.975	132.034	-4.94	-6.775	0.0	45.365	23.278	-16.997	0.0	2.43	102.198	-4.4	-7.4	0.0	45.613	0.0	-7.013	0.0	0.0	143.658	-5.32	-5.713	0.0	50.608	9.329	-1.0	5.2	0.0	156.445	-5.19	-6.9	0.0	45.811	0.0	0.0	0.0	0.0	61.416	-4.38	-5.838	1.063	50.102	7.731	-1.0	0.2	0.0	106.46	-4.51	-3.775	0.0	48.27	27.855	-17.424	0.4	0.0	118.859	-4.37	-5.838	0.0	46.423	20.009	0.0	0.2	1.366	177.756	-5.08	-9.025	0.0	45.407	11.799	-1.0	0.0	0.0	107.041	-4.4
-1.0	-9.15	1.063	0.0	24.585	-12.455	0.0	2.581	91.251	-4.48	-7.588	0.0	39.939	32.504	-7.181	0.0	5.229	112.66	-4.67	-6.588	0.0	42.529	23.278	-17.124	0.0	2.397	81.952	-4.06	-6.9	0.0	41.13	0.0	-7.031	0.0	1.198	108.979	-5.18	-6.15	0.0	48.18	9.184	-1.0	5.8	0.0	90.186	-5.21	-6.775	0.0	44.251	0.0	0.0	0.0	0.0	99.582	-4.36	-6.15	1.063	46.633	7.585	-1.0	0.2	0.0	106.751	-4.32	-3.337	0.0	44.662	27.637	-17.516	0.4	0.0	105.976	-4.3	-5.838	0.0	44.966	20.59	0.0	0.2	0.0	168.069	-5.1	-7.963	0.0	44.023	12.162	-1.0	0.0	0.0	109.947	-4.4
-1.0	-8.713	0.0	0.0	24.731	-12.887	0.0	2.849	114.694	-4.5	-7.65	0.0	40.246	32.359	-7.176	0.0	5.774	114.209	-4.65	-6.963	0.0	40.569	23.133	-16.96	0.0	2.045	85.536	-4.28	-7.338	0.0	44.517	0.0	-7.01	0.0	1.123	76.721	-5.52	-5.775	0.0	52.929	8.748	-1.0	6.6	0.0	90.089	-4.94	-6.775	0.0	44.946	0.0	0.0	0.0	0.93	75.462	-4.1	-5.588	0.0	45.081	7.077	-1.0	0.2	0.0	138.233	-4.28	-3.837	0.0	45.988	27.637	-17.503	0.4	0.0	46.207	-4.33	-6.213	0.0	45.532	19.936	0.0	0.2	1.106	192.093	-5.18	-8.4	0.0	44.555	11.581	-1.0	0.0	0.0	113.435	-4.14
-1.0	-8.4	0.532	0.0	24.367	-12.56	0.0	3.126	112.756	-4.6	-7.838	0.0	40.821	32.504	-7.141	0.0	4.877	118.181	-4.83	-6.838	0.0	44.358	24.15	-17.074	0.0	1.944	100.066	-4.54	-7.838	0.0	47.292	0.0	-6.964	0.0	0.0	94.835	-5.52	-5.9	0.0	50.839	8.603	-1.0	7.2	0.0	101.326	-5.21	-6.9	0.0	46.552	0.0	0.0	0.0	0.0	75.365	-4.14	-5.838	0.532	45.166	7.585	-1.0	0.2	0.0	138.427	-4.4	-3.65	0.0	46.271	28.0	-17.543	0.4	0.0	31.386	-4.54	-6.275	0.0	47.381	20.517	0.0	0.2	0.0	195.483	-5.24	-7.9	0.0	44.938	11.799	-1.0	0.0	0.0	129.031	-4.12
-1.0	-8.775	0.532	0.0	24.44	-12.448	0.0	3.319	108.688	-4.68	-7.963	0.0	42.009	32.722	-7.085	0.0	5.296	104.716	-4.78	-6.838	0.0	42.668	23.205	-17.164	0.0	1.994	102.973	-4.51	-7.338	0.0	48.094	0.0	-7.053	0.0	0.0	63.934	-5.48	-5.775	0.0	51.392	8.457	-1.0	8.2	0.0	102.973	-5.1	-6.9	0.0	44.144	0.0	0.0	0.0	0.0	76.14	-4.26	-5.713	1.063	47.092	7.876	-1.0	0.2	0.0	97.548	-4.45	-3.837	0.0	47.097	28.073	-17.411	0.4	0.0	39.717	-4.58	-6.275	0.0	47.139	20.444	0.0	0.2	0.0	5.812	-5.26	-8.15	0.0	46.397	12.162	-1.0	0.0	0.0	92.123	-4.11
-1.0	-8.775	0.532	0.0	24.658	-12.629	0.0	2.891	119.925	-4.74	-7.838	0.0	42.429	32.504	-7.141	0.0	5.749	134.649	-4.84	-6.963	0.0	42.508	23.35	-19.353	0.0	1.751	123.703	-4.66	-8.338	0.0	49.335	0.0	-6.897	0.0	0.0	61.706	-5.18	-5.775	0.0	47.886	8.966	-1.0	9.4	0.0	107.041	-5.2	-6.713	0.0	46.583	0.0	0.0	0.0	0.0	68.293	-4.34	-6.025	0.532	47.496	7.004	-1.0	0.2	0.0	97.935	-4.58	-4.15	0.0	50.481	27.782	-16.804	0.4	0.0	47.854	-4.78	-6.525	0.0	48.821	20.299	0.0	0.2	0.0	5.618	-5.36	-8.588	0.0	47.096	11.726	-21.707	0.0	0.0	157.123	-4.24
-1.0	-8.525	0.532	0.0	24.731	-12.603	0.0	2.439	124.671	-4.7	-7.9	0.0	41.884	32.504	-7.123	0.0	4.735	118.666	-4.95	-6.9	0.0	42.221	23.641	-17.062	0.0	1.274	136.296	-4.94	-8.775	0.0	51.44	0.0	-6.893	0.0	0.0	61.803	-5.4	-5.838	0.0	49.175	9.184	-1.0	9.4	0.0	107.041	-5.3	-7.463	0.0	47.34	0.0	0.0	0.0	0.0	68.584	-4.44	-5.775	1.063	49.131	7.513	-1.0	0.2	0.0	112.66	-4.72	-3.9	0.0	49.18	27.782	-16.765	0.4	0.0	47.66	-4.66	-6.338	0.0	48.103	21.026	0.0	0.2	0.0	198.68	-5.22	-7.963	0.0	44.76	12.453	-1.0	0.0	0.0	116.147	-4.24
-1.0	-7.963	0.0	0.0	24.295	-12.562	0.0	2.883	135.424	-4.78	-7.9	0.0	41.997	32.432	-7.097	0.0	5.037	134.552	-4.99	-6.838	0.0	44.939	23.568	-17.074	0.0	0.939	124.768	-5.1	-7.838	0.0	51.59	0.0	-6.95	0.0	0.0	144.627	-5.46	-5.713	0.0	49.079	9.256	-1.0	10.8	0.0	135.715	-5.38	-7.275	0.0	47.565	0.0	0.0	0.0	0.0	68.39	-4.56	-5.65	0.0	52.385	7.222	-1.0	0.2	0.0	175.722	-4.76	-3.65	0.0	49.321	27.419	-17.085	0.4	0.0	86.698	-4.8	-6.275	0.0	49.023	20.154	0.0	0.2	0.905	236.653	-5.21	-8.338	0.0	44.702	12.162	-22.009	0.0	0.0	134.649	-4.53
-1.0	-7.838	0.532	0.0	24.658	-12.763	0.0	4.031	148.598	-4.61	-7.4	0.0	39.676	32.286	-7.272	0.0	6.662	107.719	-4.99	-6.838	0.0	43.493	23.496	-16.896	0.0	1.944	118.859	-4.76	-7.088	0.0	46.045	0.0	-7.016	0.0	0.0	100.163	-5.24	-5.65	0.0	47.17	9.256	-1.0	11.4	0.913	149.47	-5.55	-7.338	0.0	48.57	0.0	0.0	0.0	0.0	68.584	-4.46	-5.4	0.0	45.306	7.15	-1.0	0.2	0.0	175.625	-4.56	-3.587	0.0	46.756	27.927	-20.241	0.4	0.0	151.601	-4.63	-6.275	0.0	46.568	20.372	0.0	0.2	1.182	203.717	-5.28	-7.838	0.0	44.843	12.235	-22.057	0.0	0.0	137.071	-4.38
-1.0	-7.588	0.0	0.0	24.585	-12.799	0.0	4.165	116.825	-4.78	-7.463	0.0	42.302	32.504	-7.152	0.0	7.157	108.785	-4.88	-6.775	0.0	41.924	23.641	-17.087	0.0	2.556	112.756	-4.8	-7.588	0.0	48.554	0.0	-6.941	0.0	0.0	110.335	-5.6	-6.088	0.0	51.69	8.821	-1.0	12.8	0.0	159.641	-5.26	-7.15	0.0	44.485	0.0	0.0	0.0	0.0	104.426	-4.54	-5.963	1.063	48.413	7.368	-1.0	0.2	0.0	175.819	-4.56	-3.775	0.0	47.023	27.419	-17.424	0.4	0.0	79.627	-4.72	-6.338	0.0	47.918	20.227	0.0	0.2	1.131	244.693	-5.4	-8.588	0.0	46.261	11.944	-21.946	0.0	0.0	120.99	-4.38
-1.0	-7.838	0.532	0.0	24.44	-13.896	0.0	4.659	124.381	-4.76	-7.775	1.063	41.754	32.432	-7.14	0.0	6.537	100.648	-4.94	-6.775	0.0	42.344	23.496	-17.63	0.0	2.69	114.984	-4.94	-7.963	0.0	48.682	0.0	-6.875	0.0	0.0	181.921	-5.48	-6.213	0.0	50.701	9.256	-1.0	12.8	0.0	106.266	-5.52	-7.275	0.0	48.545	0.0	0.0	0.0	0.0	1.55	-4.59	-5.838	4.785	49.782	7.513	-1.0	0.2	0.0	175.819	-4.61	-3.587	0.0	47.431	27.564	-17.28	0.4	0.0	0.0	-4.95	-6.588	0.0	50.718	20.953	0.0	0.2	0.0	246.631	-5.12	-7.088	0.0	43.386	11.872	-22.331	0.0	1.232	106.751	-4.42
-1.0	-8.338	0.0	0.0	24.658	-12.63	0.0	3.235	106.46	-4.84	-8.025	0.0	43.39	32.577	-7.087	0.0	5.573	89.701	-4.88	-6.775	0.0	40.697	22.987	-17.267	0.0	2.698	100.066	-5.0	-7.213	0.0	48.733	0.0	-6.963	0.0	0.0	324.514	-5.38	-5.713	0.0	50.542	8.966	-1.0	13.4	0.0	71.49	-5.46	-7.15	0.0	47.613	0.0	0.0	0.0	0.0	68.584	-4.76	-6.213	1.063	51.639	6.932	-1.0	0.2	0.0	175.722	-4.52	-3.712	0.0	46.166	27.927	-16.714	0.4	0.0	260.87	-5.1	-7.088	0.0	51.992	21.244	0.0	0.2	0.0	246.34	-5.2	-7.963	0.0	44.192	11.726	-22.105	0.0	1.383	73.912	-4.5
-1.0	-9.463	0.0	0.0	24.658	-12.353	0.0	3.654	59.769	-4.94	-7.713	1.063	43.983	32.359	-7.132	0.0	6.009	113.725	-4.99	-7.088	0.0	41.544	23.35	-17.204	0.0	2.02	161.385	-4.8	-7.588	0.0	47.996	0.0	-6.962	0.0	0.0	77.011	-5.14	-5.838	0.0	46.354	9.111	-1.0	16.6	1.575	184.149	-5.51	-7.088	0.0	47.96	0.0	0.0	0.0	0.0	85.924	-5.0	-5.963	0.532	54.449	7.876	-1.0	0.2	0.0	176.012	-4.66	-3.962	0.0	48.162	27.637	-17.021	0.4	0.0	260.677	-5.35	-6.463	0.0	53.521	20.372	0.0	0.2	0.0	178.725	-5.18	-7.275	0.0	43.711	12.017	-22.202	0.0	1.768	138.621	-4.6
-1.0	-8.15	0.532	0.0	24.295	-12.656	0.0	3.704	115.372	-4.94	-8.025	0.0	43.074	32.577	-7.094	0.0	6.101	107.235	-5.14	-6.838	0.0	45.1	23.35	-17.254	0.0	2.531	101.81	-4.72	-6.65	0.0	49.268	0.0	-7.014	0.0	1.835	91.639	-5.42	-5.9	0.0	51.228	8.603	-1.0	19.2	0.0	108.785	-5.48	-6.838	0.0	48.726	0.0	0.0	0.0	0.0	153.248	-4.84	-6.025	0.532	52.573	7.295	-1.0	0.2	0.0	98.226	-4.78	-3.525	0.0	49.464	27.855	-17.202	0.4	0.0	143.561	-5.2	-6.213	0.0	51.432	20.953	0.0	0.2	0.0	109.172	-5.44	-7.65	0.0	47.793	12.017	-1.0	0.0	1.332	142.592	-4.68
-1.0	-8.275	1.063	0.0	24.731	-12.578	0.0	4.274	97.838	-4.94	-8.15	0.0	43.922	32.286	-7.084	0.0	6.134	104.619	-5.38	-6.775	0.0	49.643	23.496	-17.357	0.0	2.372	67.421	-4.86	-6.9	0.0	52.112	0.0	-7.016	0.0	1.332	89.992	-5.72	-6.15	0.0	56.765	8.675	-1.0	23.4	1.106	68.39	-5.62	-6.963	0.0	51.228	0.0	0.0	0.0	1.525	68.293	-4.8	-5.713	0.0	54.564	7.004	-1.0	0.2	0.0	89.798	-4.96	-3.65	0.0	53.296	27.564	-16.995	0.4	0.0	134.552	-5.18	-6.525	0.0	53.377	20.88	0.0	0.2	0.0	217.473	-5.6	-7.338	0.0	52.148	11.872	-22.186	0.0	1.416	97.257	-4.76
-1.0	-8.713	0.532	0.0	24.077	-12.456	0.0	4.257	129.806	-5.36	-8.088	0.0	50.255	32.504	-7.089	0.0	6.076	107.235	-5.41	-6.9	0.0	50.48	23.205	-17.152	0.0	2.346	94.061	-5.02	-6.963	0.0	54.953	0.0	-6.997	0.0	1.634	68.1	-5.68	-5.713	0.0	55.299	8.675	-1.0	25.6	0.0	88.248	-5.74	-7.15	0.0	53.971	0.0	0.0	0.0	1.081	102.004	-4.92	-5.713	0.532	56.67	7.803	-1.0	0.2	0.0	89.798	-5.04	-3.65	0.0	54.246	27.419	-17.176	0.4	0.0	91.929	-5.28	-6.338	0.0	54.66	21.026	0.0	0.2	0.0	270.654	-5.66	-7.713	0.0	51.395	12.235	-22.089	0.0	1.056	126.221	-4.87
-1.0	-8.775	0.532	0.0	24.513	-12.508	0.0	3.495	108.204	-5.47	-8.275	0.0	50.645	32.214	-7.061	0.0	5.162	100.938	-5.66	-6.713	0.0	55.33	23.496	-17.279	0.0	2.623	90.961	-5.12	-6.338	0.0	59.029	0.0	-7.061	0.0	2.33	99.485	-5.86	-5.9	0.0	61.036	8.603	-1.0	29.6	1.148	68.681	-5.94	-7.025	0.0	56.758	0.0	0.0	0.0	1.081	67.518	-5.02	-5.9	0.532	58.034	7.077	-1.0	0.2	0.0	54.925	-5.18	-3.712	0.0	57.513	27.709	-17.346	0.4	0.0	138.814	-5.36	-6.213	0.0	55.99	20.372	0.0	0.2	0.0	248.955	-5.94	-7.65	0.0	57.418	11.872	-1.0	0.0	1.081	108.01	-5.06
