0.0	5.662	0.532	0.0	26.692	-8.449	25.4	0.0	136.683	6.42	6.225	0.0	87.943	34.538	-15.79	10.6	0.0	57.347	6.37	5.912	0.0	89.38	27.709	-1.828	30.4	0.0	133.39	6.38	6.85	0.0	94.934	32.286	-8.374	25.4	0.0	199.455	6.06	6.6	0.0	91.404	21.97	-9.173	2.2	0.0	213.792	5.8	5.912	0.0	89.059	0.0	0.0	24.0	0.0	177.272	6.66	6.35	5.317	94.359	15.94	-18.306	46.0	0.0	185.699	6.2	6.412	0.0	88.527	27.273	-1.0	17.6	0.0	201.392	6.58	6.6	0.0	88.337	26.765	-25.801	24.4	0.0	147.436	6.18	6.725	0.0	95.845	27.709	-21.9	35.0	0.0	238.59	7.08
90.08	5.787	0.532	0.0	26.547	-8.386	25.4	0.0	136.683	6.41	6.287	0.0	87.408	34.829	-15.491	10.8	0.0	58.025	6.34	5.912	0.0	88.673	27.419	-7.985	30.4	0.0	133.196	6.48	7.1	0.0	95.245	32.432	-8.202	25.4	0.0	199.261	6.12	6.912	0.0	91.61	21.897	-9.149	2.2	0.0	213.307	5.92	5.975	0.0	89.351	0.0	0.0	24.0	0.0	177.272	6.71	6.287	0.0	94.002	16.739	-18.29	46.0	0.0	185.506	6.2	6.287	0.0	87.999	27.491	-1.0	17.8	0.0	201.392	6.62	6.475	0.0	88.347	26.983	-25.756	24.4	0.0	147.339	6.14	6.725	0.0	95.633	27.637	-21.677	35.0	0.0	238.009	7.0
0.0	5.787	0.532	0.0	26.91	-8.401	25.4	0.0	136.586	6.38	6.225	0.0	88.836	34.321	-15.176	10.8	0.0	57.734	6.25	6.037	0.0	89.696	27.419	-1.765	30.4	0.0	132.808	6.58	7.1	0.0	94.989	32.504	-8.121	25.4	0.0	199.358	6.0	6.475	0.0	91.642	21.244	-9.206	2.2	0.0	213.017	5.82	5.787	0.0	89.086	0.0	0.0	24.0	0.0	177.465	6.76	6.412	0.0	93.81	16.303	-18.617	46.0	0.0	185.409	6.26	6.287	0.0	88.455	26.983	-1.0	17.8	0.0	201.295	6.54	6.412	0.0	88.106	25.893	-25.003	24.4	0.0	147.92	6.18	6.787	0.0	95.162	27.927	-22.03	35.0	0.0	237.718	6.84
0.0	5.6	1.063	0.0	26.765	-8.365	25.4	0.0	136.78	6.46	6.287	2.659	88.505	34.538	-14.897	10.8	0.0	57.928	6.44	6.037	0.0	88.434	27.056	-1.87	30.6	0.0	133.099	6.59	7.225	0.0	95.195	32.286	-8.098	25.4	0.0	199.261	5.99	6.412	0.0	91.258	21.897	-9.03	2.2	0.0	213.017	5.72	5.6	0.0	89.538	0.0	0.0	24.0	0.0	184.246	6.74	6.35	1.063	93.453	16.231	-19.004	46.0	0.0	185.506	6.3	6.287	0.0	88.09	27.564	-1.0	17.8	0.0	201.586	6.78	6.35	0.0	87.366	25.748	-25.402	24.4	0.0	147.339	6.25	6.725	0.0	95.161	27.637	-22.571	35.0	0.0	237.815	6.82
0.0	5.725	0.0	0.0	26.62	-8.316	25.4	0.0	136.586	6.6	6.225	0.0	86.176	34.321	-14.814	10.8	0.0	57.928	6.45	5.912	0.0	88.039	26.983	-1.828	30.6	0.0	132.808	6.61	7.225	0.0	94.957	32.504	-2.923	25.4	0.0	199.067	6.0	6.537	0.0	91.133	21.534	-9.016	2.2	0.0	213.017	5.94	5.912	0.0	89.226	0.0	0.0	24.0	0.0	184.343	6.8	6.35	0.0	93.198	16.303	-18.602	46.0	0.0	185.506	6.35	6.412	0.0	87.036	26.838	-1.0	17.8	0.0	201.295	6.79	6.412	0.0	86.966	26.402	-25.215	24.4	0.0	147.145	6.24	6.725	0.0	95.138	28.0	-23.019	35.0	0.0	237.428	6.82
6.1	5.662	0.532	81.688	26.547	-8.356	25.4	0.0	136.683	6.8	6.225	2.127	84.027	34.902	-14.957	10.8	1.349	58.025	6.51	5.725	0.0	87.811	27.564	-1.728	30.6	0.0	133.196	6.58	7.162	0.0	94.09	32.214	-2.901	25.4	0.0	199.261	5.99	6.412	0.0	91.258	21.825	-9.001	2.2	0.0	213.21	5.88	5.662	0.0	89.036	0.0	0.0	24.0	0.0	184.343	6.84	6.287	0.532	92.792	16.158	-18.988	46.0	0.0	186.281	6.36	6.475	0.0	86.545	27.201	-1.0	17.8	0.0	201.392	6.76	6.225	0.0	86.576	26.184	-25.358	24.4	0.0	147.145	6.25	6.787	0.0	95.322	27.855	-23.71	35.0	0.0	238.009	7.08
8.17	5.725	0.0	83.298	26.547	-8.355	25.4	0.0	136.683	6.84	6.1	0.0	83.595	34.538	-14.245	10.8	1.617	57.831	6.42	5.85	0.0	87.299	26.184	-1.736	30.6	0.0	125.737	6.63	7.225	0.0	94.063	32.867	-2.745	25.4	0.0	199.261	6.0	6.412	0.0	91.388	21.244	-9.001	2.2	0.0	219.216	5.86	6.037	0.0	89.075	0.0	0.0	24.0	0.0	184.634	6.69	6.412	0.0	93.584	15.94	-19.535	46.0	0.0	185.796	6.47	6.287	0.0	85.349	26.983	-1.0	17.8	0.0	201.683	6.7	6.475	0.0	86.853	25.748	-25.237	24.4	0.0	147.339	6.16	6.662	0.0	94.221	27.782	-24.113	35.0	0.0	237.718	7.12
71.34	5.6	0.532	99.767	26.62	-8.342	25.4	0.0	136.683	6.74	6.1	12.23	85.186	34.611	-14.31	10.8	0.0	58.316	6.51	5.787	0.0	86.627	26.91	-1.645	30.6	0.0	129.127	6.76	7.287	0.0	92.266	32.577	-2.803	25.6	0.0	199.261	6.18	6.537	0.0	91.117	21.462	-9.016	2.2	0.0	219.216	5.9	5.725	0.0	88.254	0.0	0.0	24.0	0.0	183.956	6.74	6.412	0.532	92.597	16.376	-19.431	46.0	0.0	185.506	6.56	6.162	0.0	84.409	27.927	-26.145	17.8	0.0	201.489	6.77	6.412	0.0	86.217	26.983	-25.11	24.4	0.0	147.436	6.18	6.725	0.0	93.796	27.782	-24.354	35.0	0.0	238.106	7.26
102.45	5.6	0.532	0.0	26.329	-8.31	25.4	0.0	136.683	6.7	6.225	0.0	85.519	34.611	-14.203	10.8	0.0	58.025	6.42	5.85	0.0	86.784	27.201	-1.526	30.6	0.0	131.646	6.81	7.1	0.0	92.427	32.65	-2.665	25.6	0.0	199.358	6.27	6.662	0.0	89.853	21.68	-9.045	2.2	0.0	219.216	6.07	5.787	0.0	86.743	0.0	0.0	24.0	0.0	184.537	6.84	6.412	1.063	92.287	15.867	-18.717	46.0	0.0	185.699	6.67	6.412	0.0	84.019	27.346	-1.0	17.8	0.0	201.586	6.9	6.35	0.0	85.179	25.82	-25.193	24.4	0.0	147.145	6.34	6.912	0.0	93.282	27.927	-24.527	35.0	0.0	237.428	7.1
72.56	5.662	0.0	0.0	26.692	-8.333	25.4	0.0	136.683	6.9	6.225	0.532	83.213	34.974	-14.268	10.8	0.0	57.734	6.89	5.912	0.0	84.187	27.491	-1.547	30.6	0.0	131.355	6.78	7.1	0.0	93.318	31.996	-2.594	25.6	0.0	199.067	6.22	6.35	0.0	89.818	21.607	-8.987	2.2	0.0	219.119	6.02	5.725	0.0	87.177	0.0	0.0	24.0	0.0	184.634	7.06	6.412	0.532	90.252	16.231	-18.717	46.0	0.0	185.409	6.76	6.35	0.0	82.453	27.346	-1.0	17.8	0.0	201.586	6.87	6.225	0.0	84.851	26.91	-25.15	24.4	0.0	147.242	6.53	6.85	0.0	91.06	27.927	-24.396	35.0	0.0	237.815	7.12
106.52	5.6	1.595	0.0	26.402	-8.35	25.4	0.0	136.49	6.82	6.287	0.532	83.683	34.466	-14.023	10.8	0.0	57.928	6.78	5.912	0.0	84.99	26.765	-1.3	30.6	0.0	131.162	6.7	7.1	0.0	92.039	32.577	-2.665	25.6	0.0	199.261	6.1	6.537	0.0	89.332	21.171	-9.059	2.2	0.0	219.216	6.02	5.787	0.0	86.641	0.0	0.0	24.0	0.0	184.634	6.83	6.225	1.595	91.607	15.867	-18.081	46.0	0.0	185.506	6.74	6.287	0.0	83.525	26.765	-1.0	17.8	0.0	201.78	6.88	6.287	0.0	85.426	26.038	-24.854	24.4	0.0	147.436	6.54	6.912	0.0	91.105	27.855	-24.196	35.0	0.0	237.718	7.21
0.0	5.6	1.595	0.0	26.62	-8.326	25.4	0.0	136.586	6.74	6.1	1.063	83.943	34.321	-14.115	10.8	0.0	57.734	6.75	5.85	0.0	83.969	26.692	-1.666	30.6	0.0	131.549	6.85	6.787	0.0	91.357	32.286	-2.555	25.6	0.0	199.358	6.1	6.85	0.0	89.267	21.244	-9.104	2.2	0.0	219.216	6.07	5.725	0.0	86.519	0.0	0.0	24.0	0.0	184.634	6.92	6.287	5.317	91.034	16.231	-17.905	46.0	0.0	185.506	6.84	6.287	0.0	81.478	27.128	-1.0	17.8	0.0	201.392	6.88	6.162	0.0	84.807	27.056	-25.233	24.4	0.0	147.436	6.49	6.662	0.0	91.962	27.855	-24.002	35.0	0.0	237.428	7.18
0.0	5.475	0.0	0.0	26.765	-8.383	25.4	0.0	137.361	6.7	6.037	3.19	84.35	34.611	-14.039	10.8	0.0	58.122	6.58	5.725	0.0	85.102	26.402	-1.484	30.6	0.0	131.355	6.84	7.037	0.0	91.992	32.432	-2.643	25.6	1.048	199.261	6.1	6.287	0.0	87.885	20.953	-9.022	2.2	0.0	219.216	5.98	5.662	0.0	85.367	0.0	0.0	24.0	0.0	185.021	6.98	6.287	4.254	90.447	16.231	-18.0	46.0	0.0	185.409	6.88	6.225	0.0	81.01	27.564	-1.0	17.8	0.0	201.586	6.87	6.412	0.0	84.39	26.838	-25.11	24.4	0.0	147.533	6.49	6.725	0.0	91.411	28.0	-23.578	35.0	0.0	237.622	7.21
-1.0	5.475	1.595	0.0	26.547	-8.352	25.4	0.0	136.49	6.66	6.1	7.444	84.617	34.538	-14.179	10.8	0.0	58.025	6.63	5.85	0.0	84.494	26.402	-1.491	30.6	0.0	136.296	6.82	6.787	0.0	90.147	32.286	-2.555	25.6	1.198	199.455	6.17	6.475	0.0	87.036	21.171	-9.067	2.2	0.0	219.216	5.95	5.6	0.0	85.269	0.0	0.0	24.0	0.939	190.543	6.98	6.412	0.0	90.318	16.303	-18.127	46.0	1.257	183.956	6.67	6.1	0.0	81.748	26.474	-1.0	17.8	0.0	201.489	6.86	6.037	0.0	83.6	26.765	-24.874	24.4	1.115	154.604	6.47	6.787	0.0	90.959	27.637	-24.044	35.0	0.0	237.815	7.14
-1.0	5.6	7.444	0.0	26.62	-8.381	25.4	0.0	136.683	6.84	6.162	3.19	82.566	34.466	-14.257	10.8	0.0	57.928	6.68	5.912	0.0	84.276	26.692	-1.582	30.6	0.0	136.102	6.8	7.162	0.0	90.228	32.432	-2.687	25.6	1.115	199.358	6.1	6.225	0.0	87.819	21.171	-9.008	2.2	0.0	219.216	6.04	5.662	0.0	84.903	0.0	0.0	24.0	0.0	190.543	6.96	6.287	2.659	89.356	15.795	-17.715	46.0	0.0	184.149	6.8	6.225	0.0	80.873	27.855	-1.0	17.8	0.0	201.392	6.9	6.225	0.0	83.446	26.038	-24.832	24.4	0.0	154.507	6.49	6.6	0.0	89.192	27.709	-23.315	35.0	0.0	237.718	7.0
-1.0	5.662	5.317	0.0	26.765	-8.395	25.4	0.0	136.683	6.95	5.975	2.659	81.574	34.756	-13.964	10.8	0.905	57.928	6.64	5.912	0.0	84.796	26.765	-1.547	30.6	0.0	135.908	6.76	6.912	0.0	90.842	32.577	-2.563	25.6	0.922	199.358	6.26	6.162	0.0	85.979	21.171	-9.029	2.2	0.0	219.216	6.05	5.912	0.0	84.997	0.0	0.0	24.0	0.0	190.543	6.99	6.412	3.19	88.903	16.013	-17.745	46.0	0.0	183.859	6.62	6.162	0.0	82.468	26.765	-1.0	17.8	0.0	201.683	7.04	6.35	0.0	82.518	27.201	-25.193	24.4	0.0	154.41	6.5	6.787	0.0	90.924	28.0	-23.599	35.0	0.0	237.622	7.06
-1.0	5.662	2.659	0.0	26.838	-8.434	25.4	0.0	136.683	7.02	5.975	1.063	80.803	34.756	-13.902	10.8	1.366	57.638	6.71	5.975	0.0	83.564	26.692	-1.532	30.6	0.0	136.102	6.81	6.85	0.0	90.014	32.577	-2.648	25.6	0.0	199.358	6.28	6.287	0.0	87.775	21.026	-9.051	2.2	0.0	218.829	6.12	5.662	0.0	84.442	0.0	0.0	24.0	0.0	190.64	7.06	6.162	6.912	88.458	15.722	-17.592	46.0	0.0	184.246	6.84	6.412	0.0	80.977	27.346	-1.0	17.8	0.0	201.392	7.13	6.412	0.0	82.586	26.111	-25.528	24.4	0.0	144.336	6.42	6.662	0.0	90.495	27.927	-23.335	35.0	0.0	237.622	7.35
-1.0	5.725	2.127	0.0	26.765	-8.441	25.4	0.0	136.586	7.21	6.037	2.659	79.979	34.466	-14.103	10.8	1.148	57.928	6.84	6.037	0.0	83.548	26.474	-2.011	30.6	0.0	133.874	7.18	7.162	0.0	86.227	32.65	-2.794	25.6	0.0	199.842	6.51	6.35	0.0	85.905	21.098	-9.037	2.2	0.0	219.216	6.3	5.6	0.0	83.607	0.0	0.0	24.0	0.0	190.543	7.15	6.225	2.659	88.459	15.577	-19.381	46.0	0.0	184.053	6.96	6.412	0.0	79.826	27.564	-1.0	17.8	0.0	201.78	7.12	6.35	0.0	82.253	27.056	-25.609	24.4	0.0	144.045	6.56	6.725	0.0	89.559	27.927	-22.459	35.0	0.0	237.718	7.28
-1.0	5.725	3.722	0.0	26.184	-8.395	25.4	0.0	136.683	7.08	6.225	3.19	81.485	34.829	-14.011	10.8	0.0	57.541	6.67	5.912	0.0	84.849	26.983	-1.687	30.6	0.0	213.017	7.22	6.975	0.0	87.162	32.577	-2.621	25.6	1.45	218.248	6.8	6.412	0.0	83.283	21.244	-9.074	2.2	0.0	219.216	6.49	6.037	0.0	83.117	0.0	0.0	24.0	0.0	196.936	7.2	6.412	0.0	87.716	16.231	-17.558	46.0	0.0	189.768	6.99	6.162	0.0	80.316	26.91	-1.0	17.8	0.0	201.586	7.21	6.537	0.0	81.204	25.966	-25.259	24.4	0.0	144.045	6.8	6.725	0.0	87.125	27.927	-23.467	35.0	0.0	237.622	7.39
-1.0	5.787	2.127	0.0	27.056	-8.401	25.4	0.0	136.683	7.02	6.162	1.063	82.607	34.538	-14.063	10.8	0.0	58.025	6.77	5.912	0.0	83.904	26.983	-1.617	30.6	0.0	222.219	7.32	7.162	0.0	86.916	32.432	-2.759	25.6	0.0	218.441	7.02	6.475	0.0	82.56	20.88	-9.096	2.2	0.0	219.119	6.28	5.912	0.0	83.718	0.0	0.0	24.0	0.0	194.611	7.3	6.412	0.0	86.686	16.158	-17.466	46.0	0.0	190.155	6.9	6.35	0.0	80.919	27.273	-1.0	17.8	0.0	201.683	7.21	6.412	0.0	81.324	26.038	-25.003	24.4	0.0	149.858	6.86	6.912	0.0	87.609	27.855	-22.967	35.0	0.0	237.815	7.41
-1.0	5.787	3.722	0.0	26.983	-8.447	25.4	0.0	136.683	7.11	6.162	3.722	81.611	34.684	-14.257	10.8	0.0	57.831	6.71	5.975	0.0	84.19	26.983	-1.849	30.6	0.0	221.832	6.98	7.287	0.0	89.055	32.577	-2.696	25.6	0.0	218.441	6.82	6.537	0.0	82.843	21.462	-9.111	2.2	0.0	218.829	6.54	5.725	0.0	81.599	0.0	0.0	24.0	0.0	176.206	7.35	6.35	5.317	86.563	15.65	-17.359	46.0	0.0	190.155	6.96	6.1	0.0	80.693	27.491	-1.0	17.8	0.0	201.392	7.56	6.412	0.0	78.398	27.128	-25.32	24.4	0.0	154.701	6.96	6.912	0.0	87.456	27.855	-23.64	35.0	0.0	237.622	7.62
-1.0	5.787	4.254	0.0	26.91	-8.455	25.4	0.0	136.683	7.21	6.287	3.19	81.037	34.756	-14.086	10.8	0.0	58.025	6.72	6.1	0.0	84.239	26.765	-1.962	30.6	0.0	221.832	7.05	7.287	0.0	87.187	32.504	-2.91	25.6	0.0	218.345	6.7	6.412	0.0	84.626	21.462	-9.081	2.2	0.0	219.507	6.6	5.975	0.0	80.899	0.0	0.0	24.0	0.0	176.206	7.13	6.537	4.785	90.183	15.504	-17.403	46.0	0.0	189.962	6.93	6.35	0.0	80.758	27.128	-1.0	17.8	0.0	201.392	7.5	6.412	0.0	79.364	26.547	-25.32	24.4	0.0	154.798	7.14	7.037	0.0	83.852	27.637	-23.119	35.0	0.0	237.718	7.82
-1.0	5.912	4.785	74.753	26.838	-8.558	25.6	0.0	136.586	7.21	6.412	4.254	80.75	34.611	-14.174	10.8	0.0	57.831	7.21	6.162	0.0	81.276	26.62	-1.948	30.6	0.0	158.382	7.0	7.162	0.0	88.62	32.504	-2.901	25.6	0.0	218.441	6.51	6.537	0.0	86.357	20.953	-9.016	2.2	0.0	219.216	6.73	5.662	0.0	80.426	0.0	0.0	24.0	0.0	176.206	7.19	6.35	4.254	88.447	15.359	-17.359	46.0	0.0	190.155	6.95	6.475	0.0	80.763	27.201	-1.0	17.8	0.0	201.586	7.34	6.35	0.0	81.115	25.748	-25.088	24.4	0.0	154.895	7.12	7.287	0.0	85.735	28.0	-23.313	35.0	0.0	237.815	7.63
-1.0	5.912	7.444	73.481	26.765	-8.514	25.6	0.98	129.515	7.33	6.287	6.381	79.981	34.974	-14.023	10.8	1.232	76.237	7.16	6.162	0.0	82.239	27.346	-1.772	30.6	0.0	135.133	7.15	7.162	0.0	87.592	32.432	-2.936	25.6	0.0	185.506	6.51	6.287	0.0	85.587	21.026	-9.104	2.2	0.0	219.216	6.79	5.912	0.0	80.679	0.0	0.0	24.2	0.0	175.625	7.54	6.412	7.444	85.791	15.432	-17.282	46.0	0.0	189.962	7.22	6.287	0.0	79.107	26.983	-1.0	17.8	0.0	201.586	7.36	6.475	0.0	80.807	27.346	-1.0	24.4	0.0	154.895	6.75	6.975	0.0	88.137	28.0	-23.772	35.0	0.0	237.815	7.59
-1.0	6.162	10.634	73.85	26.838	-8.497	25.6	0.0	129.612	7.52	6.475	10.103	79.563	34.538	-15.302	10.8	1.743	78.949	7.4	6.162	0.0	80.817	27.419	-1.913	30.6	1.232	125.35	7.1	7.225	0.0	88.424	32.65	-8.107	25.6	0.0	180.856	6.65	6.412	0.0	84.706	20.735	-9.096	2.2	0.0	218.829	6.76	5.85	0.0	81.15	0.0	0.0	24.2	0.0	170.878	7.22	6.475	10.103	89.16	15.795	-17.389	46.0	0.0	190.155	7.2	6.537	0.0	80.411	26.983	-1.0	17.8	0.0	201.683	7.31	6.412	0.0	80.46	27.201	-25.215	24.4	0.0	154.895	6.7	6.85	0.0	88.852	27.855	-23.284	35.0	0.0	237.428	7.74
-1.0	6.287	14.357	78.079	26.547	-8.496	25.6	0.0	129.321	7.54	6.412	12.23	80.004	34.611	-14.11	10.8	0.0	79.143	7.15	5.85	0.0	82.449	27.637	-1.841	30.6	0.0	132.712	7.35	7.037	0.0	86.018	32.504	-8.123	25.6	1.148	223.866	6.81	6.537	0.0	85.112	20.953	-9.15	2.2	0.0	219.507	6.78	6.162	0.0	80.749	0.0	0.0	24.2	0.0	167.294	7.28	6.6	12.761	88.911	15.867	-18.765	46.0	0.0	189.962	7.3	6.475	0.0	79.563	27.637	-1.0	17.8	0.0	201.392	7.38	6.35	0.0	80.644	25.966	-25.814	24.4	0.0	175.237	6.89	6.975	0.0	86.811	27.855	-23.772	35.0	0.0	247.115	7.7
-1.0	6.1	12.761	76.154	26.692	-8.467	25.6	0.0	129.612	7.44	6.412	12.23	80.392	34.611	-14.239	10.8	0.0	78.755	6.9	6.037	0.0	85.041	26.692	-2.497	30.6	0.0	132.615	7.52	7.162	0.0	86.242	32.795	-8.245	25.6	0.0	223.866	6.89	6.475	0.0	84.718	21.244	-9.096	2.2	0.0	218.732	6.98	6.037	0.0	79.952	0.0	0.0	24.2	0.0	167.682	7.51	6.537	11.166	87.48	16.013	-19.36	46.0	0.0	190.155	7.21	6.225	0.0	80.269	26.983	-1.0	17.8	0.0	201.586	7.38	6.475	0.0	81.028	26.402	-26.16	24.4	0.0	174.85	7.05	6.912	0.0	87.523	27.855	-22.293	35.0	0.0	305.237	7.92
-1.0	6.162	10.103	77.512	26.692	-8.489	25.6	0.0	129.612	7.44	6.6	9.571	80.224	34.902	-14.341	10.8	0.0	78.949	6.82	6.037	0.0	84.93	27.346	-2.046	30.6	0.0	132.421	7.42	7.287	0.0	87.031	32.432	-8.196	25.6	0.0	223.866	6.73	6.162	0.0	85.275	20.953	-9.176	2.2	0.0	219.216	6.76	6.1	0.0	81.792	0.0	0.0	24.2	0.0	167.682	7.82	6.662	11.166	84.431	16.013	-17.806	46.0	0.0	190.059	7.05	6.537	0.0	82.001	26.765	-1.0	17.8	0.0	201.586	7.44	6.6	0.0	80.657	26.91	-26.305	24.4	0.0	175.237	7.16	7.1	0.0	86.516	27.927	-23.14	35.0	0.0	305.527	7.95
-1.0	6.1	11.166	79.666	26.474	-8.527	25.6	0.0	129.612	7.33	6.537	11.698	81.946	34.611	-14.263	10.8	0.0	78.949	7.06	6.162	0.0	82.758	26.765	-2.054	30.6	0.0	162.644	7.19	7.225	0.0	89.371	32.359	-8.134	25.6	0.0	215.632	6.8	6.412	0.0	84.096	20.662	-9.089	2.2	0.0	219.119	6.76	5.975	0.0	81.222	0.0	0.0	24.2	0.0	167.682	7.45	6.6	19.142	87.846	15.94	-17.981	46.0	0.0	189.962	7.21	6.475	0.0	79.737	27.346	-1.0	17.8	0.0	201.78	7.56	6.725	0.0	79.766	26.765	-26.644	24.4	0.0	143.658	7.21	6.975	0.0	86.528	27.927	-22.537	35.0	0.0	305.624	7.98
-1.0	6.162	11.698	0.0	26.474	-8.451	25.6	0.0	129.612	7.22	6.537	12.23	81.731	34.684	-14.529	10.8	0.0	78.949	7.18	6.037	0.0	82.974	26.838	-2.081	30.6	0.913	109.85	7.06	7.35	0.0	90.317	32.504	-8.184	25.6	0.0	215.632	6.83	6.412	0.0	85.299	20.662	-8.987	2.2	0.0	219.216	6.78	5.912	0.0	81.535	0.0	0.0	24.2	0.0	167.875	7.49	6.6	13.293	86.529	16.158	-20.006	46.0	0.0	190.059	7.18	6.6	0.0	80.791	27.782	-1.0	17.8	0.0	201.683	7.53	6.412	0.0	80.533	25.82	-26.432	24.4	0.0	143.27	7.13	7.162	0.0	88.873	27.782	-22.821	35.0	0.0	306.012	7.75
