10.19	15.662	490.778	57.225	25.094	-13.067	34.8	2.12	215.632	8.23	14.037	513.11	58.231	32.867	-9.376	28.8	0.0	244.015	8.48	14.537	0.0	55.969	24.367	-11.239	0.0	0.0	221.057	10.4	22.413	0.0	52.767	30.979	-8.128	35.0	0.0	189.09	9.55	15.037	0.0	56.805	10.782	-10.261	0.0	1.777	176.981	9.9	12.662	0.0	52.697	0.0	0.0	0.2	0.0	211.467	10.74	13.85	491.841	54.825	10.201	-29.152	0.0	2.137	192.771	9.02	11.85	0.0	55.254	26.62	-13.808	31.6	0.0	212.92	10.1	14.287	0.0	50.357	22.188	-1.0	0.0	0.0	186.668	10.12	19.725	0.0	55.091	9.91	-1.0	37.2	1.668	203.911
10.25	17.288	510.983	47.975	25.312	-13.399	34.8	2.095	234.716	8.48	14.912	535.443	51.383	33.158	-9.489	28.8	0.0	255.252	8.63	16.85	0.0	56.578	24.876	-11.221	0.0	0.0	223.866	10.86	22.788	0.0	51.802	30.615	-8.111	35.0	0.0	182.793	9.98	15.537	0.0	47.971	10.855	-10.51	0.0	1.383	207.883	10.1	13.162	0.0	54.821	0.0	0.0	0.2	2.112	187.831	10.99	14.787	528.53	54.054	9.765	-29.808	0.0	1.735	189.09	9.1	11.975	0.0	53.603	26.474	-13.779	31.6	1.819	220.379	10.32	15.162	0.0	50.967	22.261	-1.0	0.0	0.0	164.776	10.58	21.1	0.0	53.425	10.564	-1.0	37.2	1.341	222.704
10.96	18.413	538.633	53.9	24.658	-13.596	34.8	0.0	218.054	9.04	16.225	549.799	53.175	33.449	-9.604	28.8	1.081	316.377	8.88	16.85	0.0	47.055	24.585	-11.251	0.0	0.0	229.388	10.73	21.913	0.0	43.57	30.833	-7.555	35.0	0.0	204.492	10.28	16.288	0.0	47.917	11.073	-10.447	0.0	0.0	191.221	10.28	13.412	0.0	47.233	0.0	0.0	0.2	1.844	196.646	10.92	14.6	552.458	49.207	10.492	-29.608	0.0	1.819	185.021	9.4	12.6	0.0	52.506	26.91	-13.797	31.6	1.525	219.604	10.63	15.725	0.0	52.135	22.479	-1.0	0.0	0.0	154.41	10.47	20.225	0.0	45.974	10.201	-1.0	37.2	1.215	39.813
10.9	17.663	490.778	53.501	25.021	-13.477	34.8	0.0	206.623	8.97	16.475	555.648	54.418	33.449	-9.659	28.8	1.148	213.598	9.04	15.975	0.0	50.914	24.367	-11.057	0.0	1.777	223.091	10.82	23.225	0.0	45.734	31.197	-8.264	35.0	1.031	147.048	10.02	15.912	0.0	52.653	11.581	-10.346	0.0	1.584	179.209	10.26	14.287	0.0	44.213	0.0	0.0	0.2	1.584	214.082	11.0	14.975	533.847	47.854	9.91	-29.896	0.0	0.0	186.959	9.71	12.975	0.0	46.787	26.692	-13.927	31.6	1.994	231.228	10.51	15.537	0.0	46.23	22.188	-1.0	0.0	0.0	187.734	11.24	22.85	0.0	49.681	9.91	-1.0	37.2	0.0	179.112
10.78	16.85	469.509	51.487	25.457	-13.267	34.8	1.349	227.353	8.74	14.6	457.28	51.781	33.667	-9.409	28.8	2.045	246.534	8.99	16.225	0.0	52.568	24.15	-11.129	0.0	2.095	228.903	10.45	21.475	0.0	49.053	31.124	-7.747	35.0	1.609	204.976	9.84	15.1	0.0	51.964	11.218	-10.253	0.0	1.793	187.056	10.55	13.787	0.0	50.112	0.0	0.0	0.2	0.972	214.567	11.34	15.537	483.866	47.804	10.201	-29.704	0.0	0.0	186.862	9.55	12.6	0.0	53.488	26.402	-13.744	31.6	0.0	225.029	10.85	15.6	0.0	46.899	22.333	-1.0	0.0	0.0	187.831	10.7	20.663	0.0	48.839	10.056	-33.094	37.2	1.232	183.859
10.42	15.662	440.796	52.226	24.949	-13.067	34.8	1.726	308.724	8.72	14.037	435.479	53.13	33.667	-9.304	28.8	0.0	284.7	8.96	15.975	0.0	51.509	24.295	-11.101	0.0	0.0	246.727	11.02	21.538	0.0	50.481	30.761	-7.671	35.0	1.668	177.756	10.06	14.85	0.0	51.57	11.363	-10.198	0.0	0.922	234.231	10.28	13.287	0.0	48.691	0.0	0.0	0.2	1.55	190.833	11.2	14.412	434.416	50.014	10.346	-28.951	0.0	1.073	195.193	9.82	12.662	0.0	52.685	26.474	-13.917	31.6	1.5	228.032	10.74	15.162	0.0	46.729	22.406	-1.0	0.0	0.0	199.746	10.4	19.35	0.0	48.056	9.91	-1.0	37.2	1.349	258.642
10.41	15.6	456.216	51.77	24.731	-13.095	34.8	1.567	201.005	9.16	14.725	456.748	52.713	33.521	-9.445	28.8	1.886	256.124	8.94	16.038	0.0	51.052	24.15	-11.112	0.0	1.441	202.167	11.1	22.1	0.0	46.46	30.761	-7.918	35.0	0.939	190.446	9.98	15.037	0.0	51.529	10.782	-10.227	0.0	1.391	193.643	10.23	13.475	0.0	47.226	0.0	0.0	0.2	1.701	203.33	10.86	14.1	454.621	45.676	9.838	-29.04	0.0	1.961	178.531	9.46	12.787	0.0	50.515	26.474	-16.324	31.6	1.785	217.085	10.54	14.912	0.0	46.578	22.769	-1.0	0.0	0.0	172.234	10.44	20.413	0.0	47.999	10.056	-1.0	37.2	0.0	221.444
10.72	18.163	533.847	54.255	25.021	-13.543	34.8	0.972	178.725	9.79	16.913	536.506	51.533	33.521	-9.743	28.8	0.0	272.495	8.96	17.038	0.0	48.056	24.15	-11.268	0.0	0.0	236.653	11.33	22.475	0.0	48.487	31.415	-8.051	35.0	1.039	189.671	10.12	15.975	0.0	49.287	10.782	-10.372	0.0	1.341	187.056	10.64	14.162	0.0	45.932	0.0	0.0	0.2	0.0	173.494	11.28	16.038	545.013	45.948	10.201	-29.825	0.0	0.0	178.822	9.64	13.1	0.0	51.33	26.474	-14.23	31.6	0.0	207.979	10.69	16.6	0.0	46.001	22.333	-1.0	0.0	0.0	155.573	10.56	20.85	0.0	48.077	10.346	-1.0	37.2	1.316	193.158
11.42	19.163	554.584	52.457	24.803	-13.802	34.8	0.0	241.593	9.55	16.913	549.267	51.803	33.594	-9.79	28.8	0.0	241.593	8.89	16.475	0.0	51.771	24.44	-11.171	0.0	0.0	223.866	10.53	22.85	0.0	51.544	30.397	-8.082	35.0	0.0	200.617	9.98	16.538	0.0	51.832	11.291	-10.487	0.0	1.031	174.947	10.63	14.412	0.0	51.467	0.0	0.0	0.2	1.927	199.358	10.97	15.85	566.814	46.475	9.838	-1.0	0.0	1.073	198.196	9.64	13.225	0.0	49.162	26.547	-14.372	31.6	0.0	228.032	10.58	16.413	0.0	46.489	22.624	-1.0	0.0	0.0	164.582	10.82	21.663	0.0	48.73	10.201	-1.0	37.2	1.467	179.887
10.62	17.413	596.59	50.581	24.876	-13.384	34.8	2.112	204.008	9.06	16.413	673.69	52.788	33.521	-9.669	28.8	0.0	250.99	9.18	17.975	0.0	51.358	24.658	-11.449	0.0	1.643	209.239	11.03	25.788	0.0	50.36	31.269	-9.271	35.0	1.978	171.75	10.08	16.538	0.0	51.997	10.927	-10.436	0.0	1.55	218.732	10.1	14.85	0.0	50.754	0.0	0.0	0.2	2.045	156.057	10.82	16.475	675.817	49.04	10.128	-1.0	0.0	1.986	180.081	9.72	13.912	0.0	53.482	26.474	-14.52	31.6	1.81	222.607	10.7	16.788	0.0	49.579	21.752	-1.0	0.0	0.0	162.644	11.14	24.35	0.0	50.62	10.274	-35.226	37.2	0.0	181.631
11.25	19.35	618.391	52.645	24.949	-13.929	34.8	1.542	236.169	8.78	16.038	675.285	50.757	33.449	-9.586	28.8	0.0	238.978	9.18	18.1	0.0	50.355	24.295	-11.456	0.0	0.0	218.829	11.12	23.788	0.0	49.264	30.47	-8.564	35.0	0.0	186.959	10.66	17.413	0.0	50.188	10.855	-10.638	0.0	1.601	244.693	10.56	14.475	0.0	50.082	0.0	0.0	0.2	0.0	204.105	11.37	16.663	651.358	49.729	9.838	-30.83	0.0	1.701	197.033	9.66	13.287	0.0	54.191	26.474	-14.939	31.6	1.525	214.954	10.79	17.288	0.0	46.954	22.188	-1.0	0.0	0.0	183.956	10.78	23.163	0.0	46.608	10.201	-1.0	37.2	1.617	268.426
11.3	19.475	603.503	49.812	24.803	-13.914	34.8	1.022	265.326	9.26	17.35	626.898	51.218	33.158	-9.818	28.8	0.0	257.189	9.22	19.163	0.0	49.352	24.513	-11.619	0.0	1.584	224.254	11.0	25.288	0.0	45.851	30.979	-9.147	35.0	2.112	194.224	10.2	16.913	0.0	50.248	10.855	-10.496	0.0	1.743	214.857	10.41	14.537	0.0	45.935	0.0	0.0	0.2	0.0	228.516	11.18	15.6	640.191	47.003	9.692	-1.0	0.0	0.0	199.842	9.99	14.1	0.0	49.392	26.62	-14.68	31.6	0.0	242.368	10.94	17.413	0.0	48.343	22.624	-1.0	0.0	0.0	177.659	11.1	24.288	0.0	46.962	10.128	-1.0	37.2	0.0	212.629
10.83	19.413	598.185	49.504	24.949	-13.816	34.8	0.939	224.254	9.15	16.1	614.137	49.618	33.594	-9.623	28.8	2.12	253.605	9.05	18.788	0.0	46.984	23.786	-11.613	0.0	0.0	224.254	10.8	23.788	0.0	46.235	30.833	-8.257	35.0	2.045	200.036	10.75	17.913	0.0	46.792	10.782	-10.584	0.0	0.0	226.966	10.8	15.35	0.0	47.142	0.0	0.0	0.2	1.165	187.831	11.42	17.288	634.874	44.605	10.128	-1.0	0.0	1.768	149.858	10.27	13.975	0.0	48.226	26.329	-15.358	31.6	0.0	221.444	10.74	17.475	0.0	44.334	22.043	-1.0	0.0	0.0	200.036	10.98	24.225	0.0	46.131	10.201	-1.0	37.2	1.224	262.227
10.82	17.038	577.448	49.071	25.312	-13.346	34.8	1.844	203.233	9.47	16.038	585.424	51.246	34.175	-9.576	28.8	1.802	247.309	9.37	18.85	0.0	49.126	24.004	-11.657	0.0	1.073	222.316	11.33	24.788	0.0	47.397	31.124	-8.814	35.0	1.425	189.865	10.29	16.975	0.0	51.176	11.363	-10.532	0.0	0.0	203.717	10.79	15.037	0.0	45.604	0.0	0.0	0.2	1.383	248.277	11.34	16.475	573.195	46.018	10.419	-1.0	0.0	1.626	174.559	10.45	14.537	0.0	50.129	26.62	-15.155	31.6	1.399	261.839	11.12	17.725	0.0	45.013	22.842	-1.0	0.0	0.0	163.419	11.05	23.475	0.0	47.08	9.692	-1.0	37.2	0.0	208.367
11.02	18.6	545.545	49.683	25.021	-13.806	34.8	0.0	342.435	9.59	16.663	545.545	51.02	33.449	-9.687	28.8	1.467	150.633	9.25	17.475	0.0	45.98	24.077	-11.441	0.0	0.0	232.488	11.01	23.6	0.0	45.82	30.833	-8.701	35.0	0.0	182.018	10.26	16.663	0.0	46.356	11.0	-10.482	0.0	1.986	230.453	10.48	14.225	0.0	48.377	0.0	0.0	0.2	1.71	187.734	11.44	15.35	544.482	46.188	10.201	-1.0	0.0	1.366	202.07	10.49	14.225	0.0	50.41	26.256	-15.149	31.6	1.307	221.832	10.82	15.85	0.0	46.457	22.406	-1.0	0.0	0.0	149.083	10.72	21.6	0.0	46.256	10.709	-1.0	37.2	1.802	216.891
10.59	16.85	479.08	49.749	25.457	-13.39	34.8	1.291	218.054	9.22	14.912	514.174	50.969	33.376	-9.416	28.8	1.626	227.838	9.56	18.475	0.0	45.862	24.077	-11.524	0.0	2.062	270.17	10.86	22.663	0.0	41.405	30.543	-8.117	35.0	1.751	210.692	10.62	16.475	0.0	48.085	11.073	-10.443	0.0	0.0	192.093	10.61	14.037	0.0	43.683	0.0	0.0	0.2	0.0	255.639	11.12	15.912	517.896	43.743	10.419	-1.0	0.0	0.0	175.819	10.24	13.912	0.0	48.902	26.329	-14.823	31.6	0.0	252.055	10.61	15.85	0.0	45.173	22.043	-1.0	0.0	0.0	194.321	11.16	22.475	0.0	48.465	10.492	-1.0	37.2	0.0	286.638
10.86	16.6	450.367	52.379	25.385	-15.313	34.8	1.089	249.343	9.44	15.225	466.851	52.029	33.376	-9.451	28.8	2.112	266.779	9.26	16.85	0.0	49.05	24.658	-11.314	0.0	1.441	236.556	11.41	22.413	0.0	46.656	30.906	-8.128	35.0	0.0	169.619	10.63	16.225	0.0	49.723	10.782	-10.455	0.0	1.45	209.045	11.08	14.85	0.0	46.238	0.0	0.0	0.2	0.0	264.551	11.07	14.975	467.382	44.405	10.419	-1.0	0.0	1.307	153.248	10.53	14.162	0.0	46.577	26.765	-15.2	31.6	0.0	283.925	11.0	16.475	0.0	43.761	22.406	-1.0	0.0	0.0	173.688	10.81	20.413	0.0	46.11	10.419	-1.0	37.2	0.939	208.754
10.53	15.662	466.851	52.514	24.803	-13.107	34.8	2.02	226.482	9.26	14.725	496.627	53.207	33.158	-9.39	28.8	1.819	264.939	9.28	15.6	0.0	50.673	24.44	-11.117	0.0	0.0	218.345	11.28	21.85	0.0	49.1	31.342	-7.978	35.0	1.701	174.172	10.35	15.975	0.0	50.941	11.291	-10.45	0.0	1.927	199.067	10.9	14.162	0.0	48.679	0.0	0.0	0.2	1.148	180.081	11.54	15.85	483.334	46.2	10.128	-1.0	0.0	0.0	162.257	10.27	13.85	0.0	49.982	26.547	-14.747	31.6	0.0	278.016	10.83	16.225	0.0	45.546	22.624	-1.0	0.0	0.0	231.034	10.97	20.225	0.0	48.192	9.692	-1.0	37.2	1.299	205.267
10.6	15.412	506.73	50.761	25.167	-13.098	34.8	0.0	247.696	9.11	15.1	534.911	51.5	33.521	-9.405	28.8	0.0	247.405	9.22	15.662	0.0	51.212	24.44	-11.019	0.0	1.542	207.495	11.6	21.975	0.0	51.325	31.415	-8.022	35.0	0.0	184.731	10.02	15.85	0.0	50.102	10.782	-10.43	0.0	0.0	195.58	10.76	13.537	0.0	49.155	0.0	0.0	0.2	1.986	196.743	11.5	15.787	542.355	51.464	9.91	-1.0	0.0	1.567	191.124	10.0	13.6	0.0	52.349	26.474	-14.452	31.6	1.785	229.678	10.74	15.475	0.0	48.41	22.115	-1.0	0.0	0.0	176.4	10.1	20.038	0.0	50.296	10.492	-32.495	37.2	0.0	229.678
11.12	16.975	511.515	51.046	25.021	-13.374	34.8	1.458	214.857	9.46	15.037	532.784	51.154	33.812	-9.489	28.8	0.0	272.204	9.13	16.85	0.0	50.196	24.222	-11.364	0.0	0.0	242.756	11.28	22.288	0.0	49.285	31.197	-7.935	35.0	0.0	187.056	10.33	16.163	0.0	50.266	11.291	-10.507	0.0	1.919	231.616	10.64	13.725	0.0	49.54	0.0	0.0	0.2	0.0	191.318	11.08	15.287	541.823	46.959	10.128	-1.0	0.0	0.0	181.243	9.86	13.1	0.0	51.33	26.547	-14.007	31.6	0.0	225.803	10.73	15.85	0.0	49.706	22.406	-1.0	0.0	0.0	179.693	10.54	21.85	0.0	48.012	10.346	-1.0	37.2	1.257	206.042
10.92	16.225	539.696	51.506	25.094	-13.22	34.8	1.961	268.232	9.12	15.287	548.204	52.316	33.449	-9.422	28.8	0.0	316.474	9.24	16.475	0.0	49.753	24.15	-11.282	0.0	0.964	230.453	11.22	21.413	0.0	48.162	30.833	-10.113	35.0	1.274	206.43	10.22	15.975	0.0	50.068	11.145	-10.495	0.0	0.0	199.358	10.73	13.85	0.0	49.028	0.0	0.0	0.2	2.003	199.067	11.23	15.225	563.624	49.001	10.056	-1.0	0.0	1.886	194.321	10.04	13.475	0.0	52.777	26.547	-14.14	31.6	2.087	225.803	10.84	16.538	0.0	50.089	22.479	-1.0	0.0	0.0	190.833	10.66	20.163	0.0	50.494	10.492	-1.0	37.2	0.0	200.23
10.41	14.662	524.276	48.275	25.021	-12.872	34.8	1.232	236.944	9.24	14.1	531.189	50.729	33.594	-9.248	28.8	1.257	281.891	9.24	16.663	0.0	49.263	24.513	-11.282	0.0	1.358	232.391	11.06	22.913	0.0	48.266	31.269	-7.902	35.0	0.0	173.688	10.14	15.6	0.0	49.873	10.782	-10.391	0.0	0.939	207.883	10.38	13.287	0.0	47.806	0.0	0.0	0.2	1.232	203.33	11.05	14.412	558.306	48.016	10.201	-1.0	0.0	1.408	188.412	9.98	13.35	0.0	51.256	26.474	-14.169	31.6	1.425	214.567	10.76	16.475	0.0	48.846	22.406	-1.0	0.0	0.0	185.118	10.81	21.1	0.0	49.532	10.128	-1.0	37.2	2.028	232.681
10.52	15.1	481.739	49.709	25.53	-13.077	34.8	0.0	225.707	9.24	14.225	506.198	48.463	33.739	-9.256	28.8	1.291	290.513	9.08	16.038	0.0	47.825	24.077	-11.24	0.0	0.0	221.541	10.74	19.85	0.0	48.131	30.47	-6.935	35.0	1.265	202.361	9.84	15.475	0.0	48.294	11.073	-10.398	0.0	1.031	190.543	10.7	13.475	0.0	47.099	0.0	0.0	0.2	0.0	201.78	11.64	16.413	523.213	49.518	10.201	-1.0	0.0	0.997	207.204	10.26	13.412	0.0	49.09	26.474	-13.752	31.6	0.0	231.616	10.93	16.475	0.0	47.315	22.479	-1.0	0.0	0.0	137.749	11.11	20.538	0.0	47.15	10.346	-1.0	37.2	1.609	243.046
10.82	15.85	478.548	50.699	24.803	-13.105	34.8	0.0	225.029	9.04	13.662	468.446	50.062	33.667	-9.161	28.8	0.0	284.119	9.12	15.6	0.0	50.012	24.295	-11.149	0.0	1.224	220.282	11.08	21.35	0.0	49.228	30.688	-7.703	35.0	1.785	179.79	10.34	15.6	0.0	51.122	11.363	-10.305	0.0	2.112	171.363	10.64	13.287	0.0	48.242	0.0	0.0	0.2	0.0	188.121	11.24	15.912	484.397	47.51	10.201	-1.0	0.0	0.0	177.369	10.21	13.85	0.0	50.281	26.692	-13.79	31.6	0.0	259.417	10.78	15.85	0.0	48.105	22.697	-1.0	0.0	0.0	111.885	11.16	20.85	0.0	47.251	10.128	-1.0	37.2	0.0	232.003
11.18	15.537	463.129	50.564	25.094	-13.003	34.8	1.014	244.79	9.4	14.287	470.041	51.237	33.376	-9.375	28.8	0.0	256.414	9.27	16.663	0.0	49.757	24.367	-11.417	0.0	0.0	239.656	11.08	21.788	0.0	51.315	30.543	-7.412	35.0	0.0	190.833	10.19	15.6	0.0	50.308	10.709	-10.356	0.0	2.036	217.473	10.56	13.225	0.0	48.294	0.0	0.0	0.2	0.0	184.731	11.67	15.412	476.422	49.553	9.838	-1.0	0.0	0.0	169.425	9.86	12.85	0.0	53.112	26.474	-13.639	31.6	0.0	227.935	11.17	16.913	0.0	46.939	22.624	-1.0	0.0	0.0	154.41	11.04	20.225	0.0	46.829	10.492	-1.0	37.2	1.55	204.105
10.47	14.787	453.558	50.346	25.312	-12.896	34.8	0.0	230.841	8.94	13.912	466.851	49.315	33.667	-9.213	28.8	0.939	246.727	9.3	15.475	0.0	50.676	24.077	-11.747	0.0	0.972	231.034	11.22	20.975	0.0	49.03	30.47	-7.229	35.0	0.0	189.38	10.35	15.35	0.0	50.88	10.927	-10.292	0.0	2.045	206.817	10.47	13.475	0.0	48.034	0.0	0.0	0.2	1.927	204.492	11.46	15.225	468.446	49.216	10.419	-1.0	0.0	1.869	169.91	10.09	13.537	0.0	52.15	26.474	-13.576	31.6	1.601	263.001	10.95	16.1	0.0	48.282	22.043	-1.0	0.0	0.0	145.886	10.88	19.85	0.0	49.233	10.201	-32.633	37.2	0.0	227.353
10.81	15.85	479.612	50.331	24.876	-13.311	34.8	1.927	218.441	9.38	14.975	498.754	50.199	33.521	-9.359	28.8	0.0	257.48	9.2	16.1	0.0	49.992	24.513	-11.319	0.0	0.98	206.333	11.28	22.038	0.0	49.686	30.833	-7.548	35.0	0.0	176.497	10.24	15.85	0.0	50.009	10.927	-10.484	0.0	2.036	205.461	10.34	13.412	0.0	49.9	0.0	0.0	0.2	0.913	206.817	11.19	15.287	513.11	49.243	10.419	-1.0	0.0	0.0	173.881	10.18	13.412	0.0	51.648	26.838	-13.601	31.6	0.0	244.79	10.91	16.663	0.0	48.432	22.115	-1.0	0.0	0.0	195.968	10.62	19.35	0.0	49.353	10.201	-31.871	37.2	1.869	283.15
10.7	15.225	531.72	51.233	24.803	-13.021	34.8	0.0	233.553	9.36	14.412	550.331	51.049	33.667	-9.244	28.8	0.0	281.116	9.34	17.163	0.0	51.441	23.859	-11.505	0.0	0.0	220.379	11.0	22.288	0.0	50.417	30.833	-7.635	35.0	0.0	191.318	10.56	15.787	0.0	50.786	10.492	-10.318	0.0	0.0	204.88	10.59	13.975	0.0	50.025	0.0	0.0	0.2	2.053	205.655	11.43	15.912	529.062	51.271	10.346	-1.0	0.0	1.559	180.856	10.1	13.912	0.0	51.636	26.474	-13.652	31.6	1.651	197.518	11.04	17.288	0.0	49.747	22.188	-1.0	0.0	0.0	172.331	10.68	20.913	0.0	49.638	10.201	-1.0	37.2	1.584	219.216
11.02	17.475	575.322	54.717	25.239	-13.563	34.8	0.0	239.172	9.33	15.287	587.019	52.616	33.303	-9.543	28.8	0.0	297.1	9.66	17.85	0.0	52.331	24.585	-11.576	0.0	1.249	232.778	10.67	21.788	0.0	50.465	30.761	-7.462	35.0	1.207	192.48	10.18	15.85	0.0	52.374	10.709	-10.311	0.0	0.0	209.336	10.86	14.225	0.0	50.46	0.0	0.0	0.2	0.0	190.155	11.71	16.6	594.995	51.737	10.419	-1.0	0.0	1.877	167.488	10.17	14.1	0.0	51.646	26.547	-13.946	31.6	0.0	221.057	10.94	16.6	0.0	49.426	22.406	-1.0	0.0	0.0	170.007	10.75	20.475	0.0	51.27	9.692	-32.986	37.2	0.0	208.27
11.1	19.1	601.376	52.866	25.167	-13.746	34.8	1.634	244.112	9.97	16.288	600.844	51.952	33.521	-9.603	28.8	1.793	282.86	9.59	17.788	0.0	52.231	24.585	-11.6	0.0	1.332	214.47	11.32	22.538	0.0	51.744	30.761	-8.421	35.0	1.081	204.008	10.55	16.35	0.0	52.638	11.145	-10.389	0.0	0.0	211.079	10.87	14.475	0.0	51.986	0.0	0.0	0.2	1.031	207.398	11.47	16.85	611.479	51.856	10.274	-1.0	0.0	0.0	182.696	10.17	14.287	0.0	52.946	26.474	-14.368	31.6	0.947	231.519	10.84	17.1	0.0	50.549	22.406	-1.0	0.0	0.0	155.67	10.66	20.725	0.0	52.017	10.782	-33.007	37.2	0.0	208.658
