6.68	3.538	0.532	75.828	25.094	-14.366	34.8	0.0	177.272	5.46	4.35	0.0	76.045	32.795	-7.921	28.8	0.0	30.127	5.84	4.912	0.0	78.512	23.568	-13.894	0.0	0.0	242.078	6.6	5.725	0.0	77.723	30.688	-1.028	35.0	1.961	219.991	6.38	6.412	0.0	77.108	11.218	-9.248	0.0	1.148	301.362	6.4	5.412	0.0	78.293	0.0	0.0	0.2	1.659	200.617	7.02	5.662	0.532	76.574	8.893	-1.0	0.0	1.022	182.406	5.93	5.725	0.0	77.012	26.692	-10.85	31.6	1.341	233.069	6.74	5.475	0.0	76.788	20.953	-9.642	0.0	0.0	142.786	5.99	5.037	0.0	79.707	8.748	-1.0	37.2	1.827	240.334	6.86
6.63	3.288	4.254	76.192	24.44	-15.038	34.8	0.0	247.405	5.32	4.162	0.0	76.93	33.013	-7.867	28.8	0.0	6.103	5.84	4.787	0.0	78.073	24.077	-13.935	0.0	1.902	232.391	6.56	5.6	0.0	77.369	30.543	-0.988	35.0	0.0	211.079	6.32	6.35	0.0	77.49	10.782	-9.241	0.0	0.0	344.275	6.41	4.912	0.0	78.27	0.0	0.0	0.2	0.0	194.224	7.2	5.662	1.063	75.534	9.184	-1.0	0.0	1.86	241.496	5.91	5.6	0.0	77.057	26.402	-10.919	31.6	1.106	216.117	6.72	5.475	0.0	76.585	20.88	-9.628	0.0	0.0	154.895	5.88	4.662	0.0	80.354	8.821	-1.0	37.2	0.0	52.019	6.86
6.46	3.6	0.532	77.323	24.44	-14.378	34.8	0.0	240.431	5.26	4.787	0.532	77.213	32.722	-7.913	28.8	1.676	289.156	5.72	4.537	0.0	78.559	24.077	-13.519	0.0	0.0	198.292	6.53	5.1	0.0	77.953	30.906	-0.861	35.0	0.0	191.608	6.24	5.6	0.0	78.697	10.782	-9.167	0.0	0.0	194.708	6.44	5.162	0.0	77.737	0.0	0.0	0.2	0.0	209.917	6.88	5.162	4.254	77.314	8.603	-1.0	0.0	0.0	198.583	5.84	5.6	0.0	77.337	26.329	-10.919	31.6	0.0	216.407	6.62	5.225	0.0	77.036	21.244	-9.667	0.0	0.0	131.452	5.86	4.35	0.0	80.302	8.966	-1.0	37.2	0.0	238.397	6.81
6.58	3.538	0.532	76.207	24.44	-14.864	34.8	1.358	12.012	5.31	4.475	0.0	76.162	32.65	-7.899	28.8	2.12	328.389	5.67	4.537	0.0	79.202	23.714	-13.953	0.0	1.232	174.269	6.26	5.037	0.0	80.008	30.252	-1.047	35.0	1.332	171.169	6.17	5.912	0.0	78.949	11.218	-9.222	0.0	0.0	195.58	6.12	4.662	0.0	79.35	0.0	0.0	0.2	0.0	160.998	6.66	5.162	0.532	78.349	8.457	-1.0	0.0	1.542	175.237	5.78	5.6	0.0	77.693	26.474	-10.861	31.6	0.98	202.458	6.62	4.912	0.0	77.011	20.953	-9.613	0.0	0.0	161.482	5.87	4.35	0.0	80.448	9.184	-25.694	37.2	0.0	240.043	6.54
6.45	3.1	0.532	77.271	25.021	-13.694	34.8	0.0	246.631	5.3	4.162	0.0	76.828	32.795	-7.893	28.8	0.0	251.668	5.63	4.225	0.0	79.531	23.496	-13.896	0.0	0.0	187.346	6.18	4.6	0.0	80.254	30.979	-0.665	35.0	1.073	171.169	6.22	5.725	0.0	78.424	10.782	-9.191	0.0	0.0	195.58	5.97	4.412	0.0	79.967	0.0	0.0	0.2	0.0	166.713	6.74	4.85	1.595	78.023	8.385	-1.0	0.0	2.053	179.306	5.9	5.412	0.0	77.301	26.547	-11.669	31.6	1.081	199.261	6.54	4.975	0.0	77.34	20.735	-9.565	0.0	0.0	132.712	5.96	3.788	0.0	79.507	8.893	-1.0	37.2	0.0	230.066	6.63
6.37	3.225	0.532	77.698	25.021	-14.588	34.8	0.0	195.968	5.22	3.85	0.0	77.229	32.722	-7.836	28.8	1.098	283.15	5.52	4.225	0.0	79.986	23.496	-14.223	0.0	0.0	197.13	6.11	4.225	0.0	80.525	31.124	0.0	35.0	0.0	171.169	6.06	5.85	0.0	79.698	11.218	-9.215	0.0	0.0	195.58	5.92	4.1	0.0	80.22	0.0	0.0	0.2	0.0	166.713	6.56	4.975	0.0	78.913	8.603	-1.0	0.0	1.567	185.603	5.87	5.475	0.0	76.925	26.402	-10.815	31.6	0.0	179.887	6.62	4.85	0.0	77.159	20.953	-9.55	0.0	0.0	160.126	5.87	3.35	0.0	80.065	9.111	-25.444	37.2	0.0	229.872	6.59
6.47	3.35	1.063	76.433	24.513	-14.331	34.8	0.964	168.457	5.33	3.913	0.0	76.315	32.577	-7.842	28.8	2.02	262.227	5.56	4.225	0.0	79.635	23.641	-13.896	0.0	0.905	199.455	5.96	3.975	0.0	81.277	31.124	-0.464	35.0	0.0	171.169	6.15	5.725	0.0	78.58	11.145	-9.199	0.0	0.0	240.915	5.78	4.162	0.0	80.904	0.0	0.0	0.2	0.0	166.713	6.87	4.912	5.317	77.089	9.111	-1.0	0.0	0.0	185.118	5.79	5.1	0.0	77.105	26.474	-10.733	31.6	0.0	179.693	6.54	4.85	0.0	77.389	20.735	-9.806	0.0	0.0	139.783	5.74	3.6	0.0	80.371	9.329	-1.0	37.2	0.0	288.478	6.64
6.4	2.975	4.254	77.285	25.312	-14.262	34.8	0.0	165.744	5.24	3.975	0.0	76.765	32.722	-7.883	28.8	0.0	254.089	5.7	4.225	0.0	78.846	24.15	-13.96	0.0	0.0	228.903	5.94	3.975	0.0	81.035	30.543	-0.397	35.0	0.0	171.169	6.2	6.037	0.0	77.735	11.073	-9.273	0.0	0.0	244.402	5.8	4.1	0.0	80.789	0.0	0.0	0.2	0.0	166.422	6.62	4.912	0.0	78.439	9.184	-1.0	0.0	0.0	186.668	5.74	5.225	0.0	77.316	26.184	-10.779	31.6	0.0	184.634	6.73	4.912	0.0	76.138	20.953	-9.571	0.0	0.0	149.47	5.72	3.6	0.0	80.39	8.457	-1.0	37.2	0.0	208.658	6.56
6.36	3.35	0.0	77.695	25.457	-14.195	34.8	0.0	250.602	5.2	4.162	0.532	77.298	32.867	-7.876	28.8	1.291	261.258	5.68	4.662	0.0	79.301	23.786	-14.171	0.0	2.003	226.869	6.28	4.787	0.0	79.24	30.615	-0.692	35.0	1.148	188.605	6.07	6.037	0.0	79.218	10.709	-9.211	0.0	0.0	192.868	5.94	4.412	0.0	80.104	0.0	0.0	0.2	0.0	187.056	6.52	4.912	1.595	78.953	9.184	-1.0	0.0	0.0	187.443	5.88	5.225	0.0	76.704	26.765	-10.779	31.6	0.0	185.021	6.77	5.225	0.0	75.771	20.59	-9.492	0.0	0.0	145.983	5.69	4.037	0.0	81.097	8.748	-25.302	37.2	0.0	171.847	6.39
6.45	3.725	0.532	77.592	24.731	-14.264	34.8	1.659	235.103	5.23	4.662	0.0	77.329	32.795	-7.918	28.8	2.062	245.856	5.62	4.6	0.0	79.552	23.859	-13.837	0.0	1.198	210.982	6.34	5.537	0.0	79.35	31.051	-0.863	35.0	1.768	218.441	6.06	6.162	0.0	79.022	10.855	-9.27	0.0	1.265	194.418	6.03	4.725	0.0	79.812	0.0	0.0	0.2	1.332	186.474	6.47	5.225	2.127	79.886	8.53	-1.0	0.0	1.458	187.637	5.88	5.475	0.0	76.803	26.474	-10.843	31.6	1.71	227.547	6.64	5.225	0.0	76.394	21.098	-9.583	0.0	0.0	154.314	5.72	4.1	0.0	81.388	9.111	-1.0	37.2	0.0	200.23	6.3
6.55	3.913	0.532	76.4	24.876	-14.232	34.8	1.651	289.35	5.26	4.725	4.254	76.72	32.577	-7.916	28.8	0.0	286.638	5.74	4.85	0.0	78.806	24.077	-13.696	0.0	0.0	238.009	6.48	5.225	0.0	77.525	31.051	-0.867	35.0	0.922	223.091	6.28	6.1	0.0	77.383	10.637	-9.281	0.0	1.927	228.032	6.08	4.85	0.0	79.727	0.0	0.0	0.2	0.0	167.294	6.73	5.35	1.063	78.218	9.111	-1.0	0.0	1.282	186.571	5.78	5.412	0.0	77.619	26.402	-10.75	31.6	0.0	227.644	6.64	5.225	0.0	76.866	21.171	-9.569	0.0	0.0	148.211	5.88	4.912	0.0	79.875	8.893	-1.0	37.2	2.062	232.294	6.58
6.52	3.538	0.0	76.94	25.312	-14.23	34.8	0.0	266.101	5.2	4.537	0.532	77.298	32.722	-7.905	28.8	1.911	268.329	5.82	4.725	0.0	78.069	23.641	-13.923	0.0	0.0	266.101	6.6	5.6	0.0	76.907	30.47	-0.918	35.0	1.701	198.099	6.25	6.412	0.0	77.302	10.927	-9.347	0.0	1.374	254.089	6.37	5.037	0.0	77.845	0.0	0.0	0.2	1.643	210.886	6.58	5.162	0.532	78.674	8.603	-1.0	0.0	0.0	186.862	5.83	5.6	0.0	77.311	26.692	-10.776	31.6	0.0	220.088	6.52	5.35	0.0	77.779	20.372	-9.626	0.0	0.0	121.862	5.92	4.85	0.0	78.748	9.329	-1.0	37.2	2.02	295.55	6.57
6.42	3.35	1.063	77.561	24.731	-14.331	34.8	0.0	292.256	5.19	4.662	0.0	77.443	32.722	-7.909	28.8	1.659	307.852	5.8	4.412	0.0	78.015	24.15	-13.994	0.0	2.095	245.081	6.56	5.475	0.0	76.75	30.397	-0.774	35.0	0.0	199.746	6.25	6.037	0.0	77.154	10.782	-9.282	0.0	0.0	226.578	6.48	5.225	0.0	76.584	0.0	0.0	0.2	0.0	225.029	6.81	5.475	1.063	77.349	8.748	-1.0	0.0	1.718	186.281	5.8	5.412	0.0	77.329	26.184	-11.043	31.6	1.282	218.151	6.4	5.037	0.0	78.195	21.098	-9.573	0.0	0.0	132.421	5.81	4.35	0.0	79.811	8.966	-1.0	37.2	0.0	295.84	6.62
6.4	3.725	0.0	77.507	24.295	-14.401	34.8	0.0	263.292	5.2	4.6	0.0	77.42	32.722	-7.868	28.8	1.819	259.902	5.7	4.662	0.0	78.287	24.15	-13.976	0.0	0.0	203.136	6.52	5.412	0.0	76.841	30.252	-0.893	35.0	1.349	208.367	6.16	6.162	0.0	78.045	10.709	-9.335	0.0	0.0	226.772	6.5	5.162	0.0	76.414	0.0	0.0	0.2	0.0	221.541	6.6	5.225	1.595	78.678	8.821	-1.0	0.0	1.391	150.342	5.79	5.475	0.0	77.179	26.402	-10.843	31.6	0.0	204.008	6.44	5.412	0.0	78.155	20.953	-9.593	0.0	0.0	140.946	5.77	4.287	0.0	80.616	8.748	-25.766	37.2	0.0	295.84	6.76
6.28	2.975	0.0	78.022	25.021	-15.596	34.8	0.0	212.339	5.2	4.6	0.0	77.102	32.795	-7.912	28.8	1.299	263.68	5.61	4.787	0.0	79.043	24.222	-14.063	0.0	0.0	203.136	6.34	5.475	0.0	78.621	30.615	-1.296	35.0	0.0	158.285	6.1	6.162	0.0	78.52	10.782	-9.326	0.0	0.0	226.966	6.18	4.912	0.0	78.489	0.0	0.0	0.2	0.0	163.419	6.54	5.35	1.063	78.958	9.038	-1.0	0.0	1.374	166.713	5.66	5.475	0.0	77.814	26.402	-10.731	31.6	0.0	173.3	6.54	5.225	0.0	77.291	20.372	-9.696	0.0	0.0	140.849	5.83	4.6	0.0	79.743	8.53	-1.0	37.2	0.0	262.227	6.45
6.29	3.038	0.0	78.049	25.312	-14.274	34.8	0.0	276.563	5.26	4.475	0.0	76.819	32.795	-7.925	28.8	1.056	282.085	5.48	4.6	0.0	79.545	24.15	-14.226	0.0	0.0	203.136	6.26	5.225	0.0	78.969	30.47	-0.902	35.0	0.0	157.607	6.12	6.1	0.0	78.962	11.073	-9.328	0.0	0.0	215.148	6.09	4.662	0.0	78.907	0.0	0.0	0.2	0.0	163.613	6.84	5.6	0.532	77.503	8.893	-1.0	0.0	1.307	185.118	5.9	5.662	0.0	76.237	26.474	-10.758	31.6	0.0	193.255	6.56	5.225	0.0	77.32	20.662	-9.583	0.0	0.0	153.732	5.87	4.35	0.0	79.68	8.966	-1.0	37.2	0.0	262.614	6.45
6.22	3.35	0.532	78.838	24.803	-14.331	34.8	0.0	218.441	5.24	3.913	0.0	76.889	32.722	-7.851	28.8	0.0	281.891	5.52	4.6	0.0	79.313	23.859	-13.713	0.0	0.0	196.355	6.13	5.225	0.0	79.69	30.543	-0.902	35.0	0.0	157.607	5.96	5.912	0.0	79.676	10.782	-9.286	0.0	0.0	214.954	5.96	4.662	0.0	79.483	0.0	0.0	0.2	0.0	163.71	7.08	5.412	0.532	75.811	8.821	-1.0	0.0	0.0	201.295	5.9	5.225	0.0	76.535	26.547	-10.669	31.6	0.0	192.868	6.51	5.225	0.0	77.21	21.171	-9.638	0.0	0.0	155.67	5.79	4.475	0.0	80.382	9.256	-25.832	37.2	0.0	206.817	6.55
6.48	3.788	0.532	76.285	25.239	-14.01	34.8	1.098	198.389	5.06	3.975	1.595	77.561	32.722	-7.848	28.8	0.0	190.155	5.58	4.225	0.0	79.495	23.568	-13.707	0.0	0.0	206.817	6.08	5.35	0.0	80.591	30.397	-0.562	35.0	0.0	167.197	5.91	6.037	0.0	80.074	10.782	-9.349	0.0	0.0	214.954	5.95	4.6	0.0	79.65	0.0	0.0	0.2	0.0	165.938	6.6	5.037	1.063	78.41	8.385	-1.0	0.0	0.913	201.005	5.75	5.225	0.0	77.515	26.402	-10.642	31.6	0.0	193.158	6.52	5.162	0.0	77.237	20.808	-9.602	0.0	0.0	145.983	5.74	3.975	0.0	80.823	8.966	-1.0	37.2	0.0	206.43	6.42
6.68	3.6	0.532	74.593	24.803	-14.447	34.8	1.081	219.604	5.34	4.1	0.532	74.72	32.504	-7.904	28.8	1.249	220.766	5.58	4.287	0.0	79.423	23.714	-13.718	0.0	0.0	206.817	6.12	4.975	0.0	80.36	31.051	-1.914	35.0	0.0	167.1	5.74	6.037	0.0	80.514	10.782	-9.349	0.0	0.0	215.148	5.84	4.412	0.0	80.465	0.0	0.0	0.2	0.0	165.841	6.4	5.037	1.063	79.412	9.111	-1.0	0.0	1.156	198.971	5.76	5.225	0.0	77.32	26.402	-10.669	31.6	0.0	193.255	6.52	5.037	0.0	77.286	20.59	-9.687	0.0	0.0	166.132	5.68	3.913	0.0	81.686	8.603	-1.0	37.2	0.0	206.43	6.38
6.66	3.663	0.532	74.437	24.876	-14.119	34.8	0.0	193.933	5.26	3.663	0.0	75.455	33.086	-7.86	28.8	0.0	193.255	5.4	4.537	0.0	79.72	23.859	-13.826	0.0	0.0	206.817	5.96	4.662	0.0	81.561	31.197	-0.584	35.0	0.0	166.907	5.66	5.85	0.0	80.734	10.782	-9.307	0.0	0.0	214.954	5.82	4.475	0.0	80.293	0.0	0.0	0.2	0.0	165.938	6.32	4.85	0.0	79.636	9.256	-1.0	0.0	1.14	198.874	5.58	5.225	0.0	78.163	26.474	-10.836	31.6	0.0	193.643	6.48	4.662	0.0	77.327	20.227	-9.461	0.0	0.0	156.057	5.52	3.85	0.0	82.26	8.53	-1.0	37.2	0.0	206.623	6.33
6.62	2.975	0.0	74.935	24.367	-14.127	34.8	0.0	192.48	5.3	3.538	0.0	75.388	32.65	-7.762	28.8	0.0	168.069	5.6	4.35	0.0	78.678	24.15	-13.607	0.0	0.0	175.044	6.03	4.6	0.0	80.436	30.833	-0.631	35.0	0.0	167.1	5.6	5.787	0.0	80.482	11.218	-9.319	0.0	0.0	214.954	5.98	4.412	0.0	79.028	0.0	0.0	0.2	0.0	165.744	6.66	4.975	0.532	77.809	8.675	-1.0	0.0	0.93	199.358	5.71	5.225	0.0	77.039	26.474	-10.59	31.6	0.0	192.287	6.6	4.975	0.0	76.585	20.59	-9.607	0.0	0.0	150.148	5.45	3.6	0.0	82.36	9.547	-1.0	37.2	0.0	206.43	6.28
6.44	2.725	0.0	76.052	24.731	-13.949	34.8	0.0	192.48	5.27	3.288	3.19	75.182	32.722	-7.898	28.8	0.0	168.36	5.5	4.537	0.0	78.922	23.641	-14.017	0.0	0.0	160.998	6.02	4.475	0.0	80.601	30.47	-0.321	35.0	0.0	167.875	5.58	5.85	0.0	80.621	11.872	-9.356	0.0	0.0	215.148	5.92	3.913	0.0	78.918	0.0	0.0	0.2	0.0	165.647	6.62	4.912	1.063	77.283	8.748	-1.0	0.0	0.0	166.907	5.9	5.475	0.0	75.389	26.038	-10.704	31.6	0.0	167.1	6.78	5.1	0.0	74.842	20.953	-9.608	0.0	0.0	149.954	5.37	3.663	0.0	82.599	9.111	-1.0	37.2	0.0	206.623	6.5
6.43	3.038	1.063	76.325	25.167	-14.624	34.8	0.0	192.48	5.16	3.475	1.063	76.304	32.504	-7.824	28.8	0.0	168.263	5.76	4.662	0.0	77.197	23.423	-13.786	0.0	0.0	124.962	6.28	5.037	0.0	78.12	31.051	-0.362	35.0	0.905	167.1	5.6	6.162	0.0	80.195	10.855	-9.415	0.0	0.0	215.342	5.95	4.225	0.0	78.536	0.0	0.0	0.2	0.0	164.969	6.49	5.037	0.532	78.043	9.402	-1.0	0.0	0.0	166.907	5.92	5.412	0.0	75.593	26.402	-10.722	31.6	0.0	174.85	6.69	4.975	0.0	75.126	21.026	-9.593	0.0	0.0	157.22	5.34	3.913	0.0	82.568	8.966	-1.0	37.2	0.0	206.43	6.38
6.34	2.35	2.659	76.48	24.44	-14.148	34.8	0.0	191.899	5.21	2.913	0.0	75.793	32.722	-7.794	28.8	0.0	168.166	5.63	4.475	0.0	77.734	24.295	-14.827	0.0	0.0	114.5	6.42	5.225	0.0	76.695	31.124	-0.798	35.0	0.0	135.908	5.6	5.787	0.0	80.434	10.855	-9.338	0.0	0.0	215.148	6.12	4.412	0.0	76.855	0.0	0.0	0.2	0.0	164.969	6.59	5.037	1.063	77.45	9.402	-1.0	0.0	1.508	194.999	6.0	5.6	0.0	74.882	26.983	-10.565	31.6	0.0	162.644	6.64	4.787	0.0	75.543	20.662	-9.489	0.0	0.0	157.22	5.32	3.788	0.0	82.026	8.966	-25.593	37.2	0.0	206.43	6.37
6.24	1.475	0.532	76.558	24.731	-13.992	34.8	0.0	193.255	5.09	2.663	0.0	76.239	32.867	-7.778	28.8	0.0	168.263	5.52	4.162	0.0	78.247	24.077	-13.758	0.0	0.0	114.888	6.52	4.475	0.0	76.144	30.979	-0.693	35.0	0.0	83.986	5.52	5.6	0.0	80.273	10.782	-9.356	0.0	0.0	214.954	6.25	4.225	0.0	76.486	0.0	0.0	0.2	0.0	60.641	7.16	5.225	0.532	74.819	8.748	-1.0	0.0	1.718	257.189	5.96	5.037	0.0	75.125	26.474	-10.564	31.6	0.0	164.582	6.64	4.537	0.0	75.995	21.098	-9.484	0.0	0.0	172.331	5.25	3.163	0.0	82.361	9.402	-1.0	37.2	0.0	206.236	6.74
6.3	1.725	0.0	76.247	24.513	-13.838	34.8	0.0	192.48	5.08	2.913	2.127	75.84	32.795	-7.828	28.8	0.0	168.069	5.56	4.037	0.0	77.89	24.222	-13.674	0.0	0.0	142.883	6.34	4.287	0.0	77.494	30.833	-0.666	35.0	0.0	90.573	5.54	5.35	0.0	79.919	11.073	-9.295	0.0	0.0	214.954	6.16	3.725	0.0	76.913	0.0	0.0	0.2	0.0	60.253	7.13	4.787	2.127	74.152	8.748	-1.0	0.0	0.0	325.676	5.82	4.85	0.0	75.697	26.474	-10.487	31.6	0.0	156.445	6.72	4.475	0.0	74.551	20.517	-9.531	0.0	0.0	178.144	5.22	2.6	0.0	82.517	8.457	-1.0	37.2	0.0	206.623	6.71
6.34	1.663	0.0	76.703	24.949	-13.826	34.8	0.0	192.48	5.12	2.475	0.532	76.295	32.722	-7.735	28.8	0.0	218.732	5.54	3.85	0.0	77.812	23.932	-13.64	0.0	0.0	97.838	6.37	4.412	0.0	76.362	30.18	-0.302	35.0	1.265	166.422	5.56	5.475	0.0	80.258	10.927	-9.3	0.0	0.0	214.857	5.96	3.913	0.0	78.148	0.0	0.0	0.2	0.0	159.351	6.6	4.475	1.595	77.031	9.402	-1.0	0.0	0.93	208.754	5.68	4.85	0.0	76.315	26.62	-10.487	31.6	0.0	168.457	6.62	4.537	0.0	74.91	20.517	-9.511	0.0	0.0	169.135	5.28	2.663	0.0	82.04	9.038	-1.0	37.2	0.0	206.43	6.32
6.33	2.038	0.532	76.552	25.021	-14.025	34.8	0.0	235.878	5.02	3.225	0.0	77.014	32.722	-7.791	28.8	0.0	247.018	5.63	4.225	0.0	78.149	23.859	-13.464	0.0	1.45	232.391	6.5	4.662	0.0	75.489	30.906	-0.856	35.0	0.0	118.084	5.86	5.6	0.0	79.002	10.637	-9.315	0.0	0.0	214.954	6.32	4.162	0.0	75.852	0.0	0.0	0.2	0.0	64.418	6.4	4.85	0.0	77.704	9.184	-1.0	0.0	1.433	176.497	5.83	5.225	0.0	74.897	26.474	-10.539	31.6	0.0	139.783	6.72	4.975	0.0	74.652	21.026	-9.486	0.0	0.0	140.946	5.35	3.35	0.0	81.892	9.111	-25.258	37.2	0.0	220.766	6.52
6.28	1.475	0.0	76.343	24.658	-13.859	34.8	0.0	236.265	5.26	3.475	0.0	73.441	32.722	-7.747	28.8	0.0	248.084	5.58	3.85	0.0	78.504	23.786	-13.34	0.0	0.0	234.716	6.36	4.975	0.0	77.129	30.761	-0.821	35.0	2.112	153.345	5.72	5.6	0.0	79.791	10.782	-9.286	0.0	0.0	214.954	6.09	4.537	0.0	77.021	0.0	0.0	0.2	1.19	202.748	6.8	5.225	0.532	75.451	8.821	-1.0	0.0	1.131	182.793	5.82	5.1	0.0	75.447	26.692	-10.547	31.6	1.115	155.089	6.74	5.162	0.0	73.767	20.808	-9.602	0.0	0.0	137.458	5.41	3.538	0.0	79.746	9.111	-25.508	37.2	0.0	307.465	6.53
6.22	1.788	0.532	76.826	24.367	-13.914	34.8	0.0	236.169	5.16	3.1	0.532	74.154	32.867	-7.779	28.8	0.0	247.405	5.56	4.475	0.0	78.329	24.15	-13.815	0.0	0.0	221.735	6.41	4.85	0.0	77.04	30.47	-0.746	35.0	0.0	170.394	5.94	6.037	0.0	77.137	10.709	-9.32	0.0	0.0	176.787	6.26	4.412	0.0	77.354	0.0	0.0	0.2	1.14	213.307	6.8	5.225	3.722	74.947	9.256	-1.0	0.0	1.123	178.337	5.9	5.225	0.0	75.013	26.329	-11.879	31.6	0.0	198.292	6.74	5.162	0.0	73.537	20.444	-9.472	0.0	0.0	144.82	5.59	3.663	0.0	78.942	9.038	-1.0	37.2	0.0	307.562	6.61
