4.13	4.537	0.532	87.281	27.419	-8.296	18.4	0.0	206.817	4.57	4.725	2.127	89.736	34.321	-13.318	4.6	0.0	263.001	4.31	5.225	0.0	91.738	26.402	-0.833	24.0	0.0	204.88	5.07	5.912	0.0	93.349	32.577	-2.418	18.8	0.0	182.018	4.68	5.225	0.0	89.893	21.825	-8.386	45.4	0.0	196.355	4.62	5.35	0.0	86.474	0.0	0.0	17.0	0.0	199.746	5.52	5.6	2.127	90.816	17.32	-22.115	38.8	0.0	174.075	4.71	5.225	0.0	87.382	26.765	-1.0	11.0	1.291	207.883	5.21	5.537	0.0	85.723	26.983	-24.173	17.8	1.969	180.468	4.44	5.225	0.0	94.717	15.359	-22.989	28.0	1.458	203.911	5.56
4.68	4.475	0.532	84.962	27.056	-8.274	18.4	1.391	178.144	4.78	4.725	0.0	88.972	35.047	-13.376	4.6	1.55	172.622	4.45	5.162	0.0	91.629	25.748	-0.847	24.0	1.869	225.222	5.73	5.912	0.0	89.042	32.65	-2.314	18.8	2.036	13.949	5.18	5.35	0.0	88.553	21.97	-8.437	45.6	1.299	199.842	4.8	5.475	0.0	87.272	0.0	0.0	17.2	1.643	216.504	6.12	5.912	1.595	88.045	17.756	-22.985	38.8	0.0	194.805	4.66	5.475	0.0	88.246	26.983	-1.0	11.2	1.534	222.704	5.62	5.787	0.0	84.734	26.256	-24.148	17.8	0.0	175.044	4.82	5.412	0.0	92.911	15.432	-22.938	28.2	0.0	251.183	5.4
4.52	4.412	0.0	85.375	27.346	-8.275	18.4	0.0	174.656	4.98	4.85	0.0	87.802	34.611	-13.005	4.6	1.425	267.942	4.8	5.35	0.0	90.563	26.038	-0.977	24.0	0.0	186.959	5.82	6.1	0.0	88.541	32.141	-2.312	19.0	1.391	215.148	5.52	5.912	0.0	85.957	21.026	-8.521	45.6	0.0	220.379	5.14	5.1	0.0	85.728	0.0	0.0	17.2	0.0	200.617	6.1	5.912	0.0	89.18	17.393	-22.653	38.8	1.441	189.38	5.18	5.6	0.0	85.986	26.62	-26.04	11.2	1.156	208.367	5.78	5.725	0.0	84.177	27.201	-24.977	18.0	1.249	175.722	5.1	5.537	0.0	91.949	15.577	-22.867	28.2	0.0	220.573	6.24
4.36	4.475	0.532	87.118	27.564	-8.274	18.4	1.391	207.979	4.64	4.787	0.0	89.454	34.902	-13.871	4.8	1.911	283.925	4.54	5.162	0.0	90.791	27.201	-0.916	24.2	0.0	217.182	5.21	5.975	0.0	91.137	32.722	-2.44	19.0	1.467	208.27	4.91	5.475	0.0	88.179	21.897	-8.524	45.6	1.651	178.725	5.34	5.537	0.0	83.519	0.0	0.0	17.2	0.913	204.298	6.46	6.162	1.063	87.153	17.538	-22.175	39.0	0.0	182.6	5.41	5.6	0.0	84.797	27.056	-25.943	11.2	1.123	203.33	6.05	5.787	0.0	82.546	27.056	-24.256	18.0	0.0	162.063	4.84	5.475	0.0	92.088	15.504	-23.177	28.2	1.349	205.848	6.43
4.38	4.475	0.532	87.519	27.056	-8.259	18.6	1.056	184.634	4.58	4.662	0.532	89.696	34.321	-13.848	4.8	0.0	254.768	4.36	5.225	0.0	91.584	25.748	-0.764	24.2	0.0	201.392	5.06	5.912	0.0	93.182	32.432	-2.452	19.2	1.089	194.418	4.81	5.475	0.0	89.927	22.043	-8.559	45.8	0.0	199.746	4.62	5.037	0.0	86.496	0.0	0.0	17.2	1.173	185.506	5.62	5.6	1.063	90.137	17.32	-22.446	39.2	0.0	173.784	4.78	5.412	0.0	87.002	26.91	-1.0	11.4	1.567	204.105	5.32	5.6	0.0	85.57	25.385	-23.979	18.0	1.894	169.232	4.52	5.35	0.0	95.139	15.577	-22.699	28.4	1.668	238.203	5.75
4.5	4.412	2.127	87.505	27.128	-8.26	18.8	0.0	207.398	4.57	4.725	2.659	89.35	36.645	-13.797	4.8	1.659	256.414	4.33	5.225	0.0	91.68	25.82	-0.833	24.4	2.062	207.495	5.01	5.912	0.0	93.538	32.068	-2.452	19.2	1.701	186.668	4.76	5.6	0.0	89.999	21.825	-8.566	46.0	0.0	202.361	4.46	5.225	0.0	87.671	0.0	0.0	17.4	0.0	182.212	5.46	5.6	0.0	91.625	17.466	-22.225	39.2	1.844	186.474	4.61	5.537	0.0	88.408	26.765	-25.823	11.4	1.257	208.561	5.18	5.6	0.0	86.21	25.893	-24.301	18.2	2.103	166.713	4.4	5.225	0.0	95.384	15.577	-22.88	28.4	0.0	204.105	5.4
8.17	4.287	0.0	90.234	27.419	-8.209	19.0	1.156	221.541	4.61	4.662	0.0	89.489	34.902	-13.912	5.0	0.0	266.392	4.37	5.1	0.0	91.587	25.748	-0.758	24.4	0.0	224.544	5.34	5.912	0.0	92.013	32.577	-2.452	19.4	0.0	204.88	4.75	5.6	0.0	89.31	21.752	-8.552	46.2	1.726	219.894	4.56	5.225	0.0	87.564	0.0	0.0	17.6	1.777	206.43	5.74	5.787	1.063	91.001	17.538	-21.73	39.4	0.0	202.264	4.62	5.287	0.0	88.192	26.91	-1.0	11.6	1.475	227.16	5.34	5.6	0.0	86.047	27.273	-24.514	18.4	0.0	169.232	4.44	5.225	0.0	95.037	15.65	-23.098	28.6	0.0	226.869	5.45
13.85	4.412	0.532	89.261	26.983	-8.29	19.0	0.0	215.923	4.68	4.662	0.0	88.882	34.248	-13.848	5.2	0.0	233.069	4.35	5.35	0.0	91.873	26.474	-0.838	24.6	1.659	194.418	5.14	5.912	0.0	93.245	32.795	-2.418	19.4	2.011	193.836	4.87	5.6	0.0	89.168	22.043	-8.516	46.2	1.911	188.121	4.55	5.162	0.0	87.254	0.0	0.0	17.6	0.0	191.899	5.59	5.725	0.0	90.493	17.466	-21.164	39.6	0.0	168.457	4.68	5.35	0.0	88.251	27.564	-1.0	11.6	0.0	202.167	5.56	5.6	0.0	85.038	26.62	-24.408	18.4	0.0	178.919	4.52	5.35	0.0	94.939	15.577	-23.573	28.6	0.0	230.356	5.47
65.13	4.412	0.0	0.0	27.056	-8.268	19.2	1.785	242.756	4.58	4.662	0.0	89.352	34.611	-14.237	5.2	1.844	252.636	4.42	5.412	0.0	91.725	26.765	-0.754	24.8	1.668	207.108	5.36	5.912	0.0	93.305	32.214	-2.314	19.6	0.0	197.324	4.8	5.6	0.0	89.409	21.534	-8.487	46.4	2.036	203.717	4.54	5.225	0.0	87.581	0.0	0.0	17.8	1.651	209.336	5.54	5.662	0.0	91.034	17.175	-21.913	39.6	0.0	186.281	4.78	5.6	0.0	87.62	27.419	-26.136	11.8	1.86	216.407	5.29	5.662	0.0	86.035	26.111	-24.107	18.6	1.777	182.987	4.58	5.475	0.0	95.395	15.577	-23.177	28.8	0.0	240.818	5.56
13.38	4.475	1.063	90.661	27.782	-8.29	19.2	1.24	188.896	4.5	4.662	0.532	89.974	34.902	-13.786	5.4	0.972	266.779	4.28	5.35	0.0	92.021	26.402	-1.011	24.8	0.0	235.103	5.05	5.85	0.0	93.385	32.504	-2.361	19.6	0.0	192.577	4.68	5.725	0.0	90.234	21.534	-8.478	46.4	1.785	207.011	4.5	5.537	0.0	87.922	0.0	0.0	17.8	0.0	202.167	5.54	5.85	1.595	91.457	17.393	-22.08	39.8	0.0	194.418	4.64	5.475	0.0	88.285	27.637	-25.995	11.8	0.0	219.604	5.24	5.475	0.0	86.09	27.056	-24.153	18.8	0.0	168.844	4.35	5.225	0.0	95.012	15.65	-23.641	29.0	1.307	244.306	5.44
12.23	4.412	0.532	89.402	27.491	-8.275	19.4	1.525	233.456	4.5	4.662	0.0	89.589	34.248	-14.04	5.4	1.517	257.577	4.26	5.162	0.0	92.016	26.474	-0.812	24.8	0.0	213.307	5.06	6.1	0.0	93.878	32.141	-2.45	19.8	0.0	195.774	4.66	5.537	0.0	89.994	22.333	-8.45	46.6	2.112	199.358	4.44	5.35	0.0	88.19	0.0	0.0	18.0	1.785	192.383	5.48	5.6	0.532	91.588	17.684	-22.666	39.8	0.0	183.956	4.58	5.475	0.0	88.748	27.346	-25.801	12.0	1.726	217.279	5.12	5.6	0.0	86.597	26.038	-24.087	18.8	0.0	188.509	4.34	5.225	0.0	95.605	15.65	-23.207	29.0	0.0	241.884	5.36
7.3	4.287	0.0	87.964	27.346	-8.255	19.4	0.0	229.581	4.51	4.6	0.0	89.592	34.321	-13.591	5.6	1.458	260.677	4.3	5.1	0.0	91.902	26.62	-0.792	25.0	2.028	233.166	5.04	6.1	0.0	93.75	32.214	-2.381	19.8	0.0	200.617	4.74	5.662	0.0	90.165	22.115	-8.508	46.6	1.349	206.43	4.46	5.1	0.0	88.239	0.0	0.0	18.0	0.0	195.968	5.42	5.6	1.063	91.909	17.175	-22.225	40.0	0.0	180.565	4.58	5.35	0.0	88.269	26.838	-25.951	12.0	0.0	207.592	5.09	5.6	0.0	86.612	25.893	-23.979	18.8	0.0	185.021	4.42	5.162	0.0	95.785	15.722	-23.188	29.2	0.0	228.903	5.36
7.25	4.225	4.254	88.374	27.056	-8.248	19.4	1.316	226.191	4.52	4.6	4.785	89.616	34.175	-13.412	5.6	1.483	255.93	4.31	5.162	0.0	91.779	26.765	-0.881	25.0	0.939	210.207	5.04	5.725	0.0	93.607	32.286	-2.316	20.0	0.905	197.808	4.72	5.6	0.0	89.818	21.462	-8.523	46.8	1.894	216.117	4.48	5.225	0.0	87.851	0.0	0.0	18.0	0.0	209.432	5.49	5.537	1.595	91.232	17.393	-22.647	40.0	0.0	179.112	4.6	5.412	0.0	88.318	26.765	-25.779	12.2	0.0	207.495	5.12	5.6	0.0	86.575	26.111	-24.087	18.8	0.0	201.586	4.46	5.412	0.0	95.836	15.722	-23.701	29.2	0.0	216.698	5.41
9.36	4.35	0.0	89.616	27.419	-8.215	19.6	1.617	227.741	4.48	4.475	0.0	89.926	34.684	-13.449	5.6	1.534	238.687	4.32	5.162	0.0	91.824	25.82	-0.812	25.0	0.0	204.88	5.01	5.912	0.0	94.007	32.141	-2.418	20.0	0.922	196.161	4.7	5.412	0.0	90.069	21.462	-8.567	46.8	1.751	196.549	4.53	5.162	0.0	88.082	0.0	0.0	18.0	0.0	203.039	5.54	5.725	0.0	91.899	17.466	-23.256	40.0	0.0	198.099	4.58	5.225	0.0	88.596	27.346	-1.0	12.2	0.0	230.066	5.13	5.662	0.0	86.778	26.329	-24.107	19.0	1.819	182.987	4.38	5.412	0.0	95.892	15.722	-23.485	29.2	0.0	228.419	5.39
32.85	4.412	0.532	0.0	27.273	-8.268	19.6	0.0	214.373	4.43	4.475	0.0	89.999	34.175	-13.274	5.6	1.601	242.271	4.29	5.225	0.0	91.982	26.402	-0.936	25.0	0.0	209.917	4.96	5.85	0.0	94.358	31.923	-2.429	20.0	0.0	203.136	4.65	5.537	0.0	90.226	21.462	-8.644	46.8	1.986	197.905	4.4	5.037	0.0	88.398	0.0	0.0	18.0	1.969	191.608	5.4	5.662	1.063	91.882	16.812	-22.796	40.2	0.913	185.893	4.56	5.537	0.0	88.786	27.637	-25.625	12.2	0.0	201.78	5.08	5.537	0.0	86.877	27.491	-24.066	19.0	0.0	180.759	4.3	5.225	0.0	95.87	15.722	-23.425	29.4	0.0	240.043	5.4
6.3	4.475	0.532	88.465	27.419	-8.305	19.6	2.028	215.729	4.45	4.537	0.0	90.004	34.829	-13.116	5.6	1.944	262.42	4.24	5.162	0.0	92.238	25.893	-0.881	25.0	0.0	222.607	5.01	5.787	0.0	94.108	32.504	-2.339	20.0	0.0	197.13	4.66	5.475	0.0	90.399	21.462	-8.616	46.8	2.112	217.957	4.48	5.537	0.0	88.331	0.0	0.0	18.2	0.0	204.105	5.44	5.537	0.0	91.662	17.902	-22.757	40.2	0.0	179.5	4.54	5.35	0.0	88.737	27.855	-26.142	12.2	0.0	222.994	5.1	5.6	0.0	86.704	26.184	-24.087	19.0	0.0	188.605	4.36	5.35	0.0	95.63	15.722	-22.699	29.4	0.989	218.054	5.32
5.32	4.35	0.0	88.545	27.273	-8.291	19.6	1.592	214.567	4.41	4.662	0.532	90.419	34.321	-12.973	5.6	1.458	255.252	4.21	5.162	0.0	92.519	26.402	-0.847	25.0	0.0	214.179	4.94	5.975	0.0	93.906	32.722	-2.509	20.2	1.064	200.036	4.61	5.35	0.0	90.641	22.551	-8.466	47.0	2.062	205.17	4.5	5.35	0.0	88.38	0.0	0.0	18.2	0.0	200.23	5.42	5.725	1.063	91.657	17.756	-23.256	40.2	0.0	175.431	4.52	5.475	0.0	89.423	26.91	-25.703	12.2	1.844	209.432	5.09	5.537	0.0	86.968	26.184	-24.066	19.2	0.0	173.494	4.28	5.1	0.0	95.627	15.795	-23.816	29.4	1.751	267.361	5.34
5.54	4.287	0.532	88.732	27.128	-8.285	19.6	0.0	184.731	4.43	4.537	0.0	90.424	34.321	-13.06	5.8	0.0	267.651	4.2	5.1	0.0	92.289	26.765	-0.827	25.2	0.0	214.082	4.92	5.85	0.0	94.69	32.359	-2.361	20.2	2.112	183.471	4.6	5.6	0.0	90.807	22.842	-8.509	47.0	1.24	186.184	4.36	5.037	0.0	88.691	0.0	0.0	18.4	2.036	204.492	5.36	5.537	0.532	92.332	17.756	-23.306	40.4	0.0	194.708	4.48	5.475	0.0	89.455	27.056	-25.703	12.4	0.0	209.529	5.06	5.725	0.0	87.116	26.765	-1.0	19.2	0.0	177.562	4.38	5.225	0.0	96.266	15.867	-23.316	29.4	0.0	237.622	5.33
5.79	4.35	0.532	88.795	27.201	-8.328	19.8	0.0	226.578	4.38	4.6	1.063	90.411	34.393	-13.713	5.8	1.299	263.486	4.21	5.162	0.0	92.209	26.256	-0.847	25.2	0.0	222.994	4.86	5.725	0.0	94.512	32.504	-2.35	20.2	0.0	198.971	4.56	5.725	0.0	90.839	24.658	-8.537	47.2	1.659	196.646	4.33	5.225	0.0	88.857	0.0	0.0	18.4	1.676	187.249	5.32	5.537	0.0	92.425	17.611	-26.114	40.4	0.0	177.465	4.5	5.225	0.0	88.814	27.273	-25.516	12.4	2.053	210.692	5.06	5.537	0.0	86.983	26.474	-23.742	19.2	0.0	184.634	4.28	5.35	0.0	96.257	15.722	-23.897	29.4	1.291	258.739	5.24
6.19	4.412	0.0	88.744	27.564	-8.313	19.8	1.835	218.829	4.4	4.537	0.0	90.374	34.902	-12.689	6.0	1.307	255.155	4.18	5.037	0.0	92.861	26.765	-0.841	25.2	0.0	225.029	5.04	5.912	0.0	94.035	32.286	-2.141	20.4	0.0	212.92	4.6	5.475	0.0	90.765	24.15	-8.509	47.2	1.785	204.105	4.46	5.162	0.0	88.976	0.0	0.0	18.4	1.986	205.267	5.58	5.725	0.532	91.783	17.756	-24.02	40.4	0.0	189.284	4.52	5.225	0.0	88.905	26.983	-25.516	12.6	0.0	216.31	5.26	5.6	0.0	86.766	27.201	-23.871	19.2	2.062	171.072	4.44	5.6	0.0	96.028	17.974	-23.762	29.6	1.19	241.303	5.3
-1.0	4.35	0.532	86.553	27.346	-8.215	19.8	1.785	206.623	4.41	4.662	0.532	90.121	34.538	-12.866	6.0	1.726	243.628	4.24	5.162	0.0	92.3	26.111	-1.639	25.2	0.0	225.029	4.98	5.725	0.0	94.323	32.432	-8.046	20.4	2.12	179.693	4.64	5.537	0.0	90.479	24.803	-8.545	47.2	1.953	202.845	4.41	5.225	0.0	88.704	0.0	0.0	18.4	1.827	203.33	5.41	5.6	1.063	92.073	17.829	-24.62	40.6	2.095	184.634	4.54	5.412	0.0	88.954	26.838	-25.381	12.6	0.0	211.854	5.12	5.6	0.0	86.642	27.056	-24.087	19.4	2.07	192.868	4.44	5.787	0.0	96.146	26.038	-23.496	29.6	0.0	218.926	5.32
16.98	4.412	1.063	90.709	27.346	-8.32	19.8	0.972	213.404	4.52	4.475	0.0	89.637	34.538	-12.679	6.0	1.215	264.551	4.3	5.225	0.0	91.964	26.62	-0.936	25.4	0.0	216.407	5.01	5.85	0.0	93.905	32.577	-8.006	20.4	0.0	198.292	4.7	5.475	0.0	89.684	25.748	-8.671	47.4	1.55	203.33	4.44	5.35	0.0	88.278	0.0	0.0	18.4	0.0	194.999	5.43	5.412	0.0	91.512	17.393	-24.451	40.6	0.0	180.759	4.54	5.162	0.0	88.737	26.765	-25.494	12.6	1.978	217.957	5.16	5.662	0.0	86.563	26.474	-24.215	19.4	1.961	182.406	4.46	5.787	0.0	95.836	28.872	-23.932	29.6	0.0	229.872	5.34
4.42	4.287	3.722	87.221	27.273	-8.27	20.0	1.71	216.31	4.5	4.725	0.0	89.288	34.829	-12.877	6.0	1.399	234.522	4.3	5.1	0.0	91.902	26.184	-0.861	25.4	0.0	207.979	5.01	5.725	0.0	93.905	32.504	-7.966	20.4	0.0	194.611	4.67	5.412	0.0	89.633	25.82	-8.588	47.4	2.112	195.968	4.44	5.1	0.0	88.103	0.0	0.0	18.6	2.07	185.409	5.44	5.662	0.0	91.578	17.829	-25.059	40.6	0.0	179.597	4.6	5.475	0.0	88.471	27.564	-25.703	12.6	1.751	221.057	5.2	5.662	0.0	86.192	27.273	-24.429	19.4	0.0	193.643	4.52	5.912	0.0	95.774	29.235	-24.19	29.8	0.0	231.422	5.4
4.56	4.35	0.0	87.476	27.128	-8.291	20.0	1.006	193.933	4.54	4.662	0.0	89.642	34.829	-12.609	6.0	1.701	272.979	4.3	5.1	0.0	91.86	26.111	-0.861	25.4	0.0	206.72	5.01	6.037	0.0	93.986	32.286	-7.989	20.4	0.0	202.555	4.69	5.537	0.0	90.066	24.222	-8.602	47.4	2.045	219.604	4.49	5.225	0.0	88.072	0.0	0.0	18.6	0.0	186.281	5.48	5.725	0.0	91.209	17.611	-24.235	40.6	0.0	180.759	4.62	5.412	0.0	88.28	27.782	-25.381	12.6	2.062	203.233	5.2	5.537	0.0	86.08	26.983	-24.173	19.4	0.0	158.77	4.42	5.787	0.0	95.588	29.38	-23.932	29.8	0.0	211.37	5.36
4.85	4.475	0.532	87.218	27.491	-8.282	20.0	0.0	195.096	4.56	4.662	0.0	89.69	34.829	-12.461	6.0	0.0	265.229	4.42	5.35	0.0	91.433	26.838	-0.942	25.4	1.048	209.432	5.05	5.787	0.0	93.426	32.214	-2.407	20.4	0.0	198.68	4.75	5.6	0.0	89.697	25.021	-8.623	47.4	1.148	202.748	4.49	5.037	0.0	88.159	0.0	0.0	18.6	1.994	201.683	5.46	5.662	0.532	91.646	17.538	-24.851	40.6	0.0	156.445	4.65	5.412	0.0	88.309	27.637	-25.482	12.6	0.0	211.854	5.24	5.6	0.0	86.045	26.983	-24.408	19.6	2.078	158.673	4.5	5.912	0.0	95.808	29.38	-23.316	29.8	0.0	227.741	5.38
10.71	4.475	0.532	89.155	26.91	-8.267	20.0	1.056	198.196	4.58	4.725	0.0	89.524	34.321	-12.569	6.2	0.0	235.781	4.45	4.975	0.0	91.315	26.765	-0.786	25.4	0.0	212.242	5.08	5.787	0.0	93.883	32.359	-2.339	20.4	1.894	190.155	4.82	5.35	0.0	89.801	25.167	-8.553	47.4	1.156	211.757	4.52	5.225	0.0	87.73	0.0	0.0	18.6	1.634	180.468	5.58	5.6	0.532	90.853	17.248	-24.934	40.8	1.953	169.522	4.74	5.412	0.0	87.829	27.273	-25.482	12.6	1.978	210.692	5.32	5.537	0.0	85.885	27.273	-24.28	19.6	0.0	164.001	4.5	5.85	0.0	95.531	29.38	-24.169	29.8	0.0	244.79	5.44
42.51	4.537	2.659	0.0	27.564	-8.348	20.0	1.198	219.119	4.66	4.6	0.0	89.071	34.611	-12.7	6.2	0.0	273.463	4.46	5.162	0.0	91.485	26.111	-0.881	25.4	0.0	217.182	5.13	5.912	0.0	93.427	31.996	-2.383	20.6	0.0	191.221	4.86	5.6	0.0	89.467	25.021	-8.552	47.4	1.534	208.754	4.64	5.225	0.0	87.782	0.0	0.0	18.8	1.919	195.968	5.82	5.662	1.063	90.06	17.175	-24.535	40.8	0.0	178.144	4.72	5.412	0.0	88.174	26.983	-25.28	12.8	2.12	225.319	5.34	5.6	0.0	86.025	26.184	-24.194	19.6	1.643	180.662	4.52	5.85	0.0	95.179	29.453	-24.598	29.8	0.0	225.319	5.6
83.26	4.475	0.532	0.0	27.201	-8.282	20.0	0.0	192.383	4.68	4.85	0.0	89.464	34.902	-12.845	6.2	0.0	274.626	4.46	4.975	0.0	91.527	26.62	-0.889	25.6	0.0	208.367	5.18	5.912	0.0	93.911	32.577	-2.383	20.6	0.0	193.546	4.82	5.475	0.0	89.715	24.44	-8.588	47.6	1.441	202.167	4.6	5.162	0.0	87.838	0.0	0.0	18.8	1.793	195.193	5.56	5.6	1.595	91.356	17.32	-24.514	40.8	0.0	184.343	4.7	5.225	0.0	88.082	27.564	-25.417	12.8	1.877	222.51	5.31	5.537	0.0	85.883	27.056	-24.173	19.6	0.0	180.856	4.54	5.975	0.0	95.105	29.453	-24.534	29.8	0.0	230.841	5.5
23.08	4.412	1.063	92.219	27.201	-8.283	20.2	2.095	182.018	4.68	4.6	0.0	89.593	34.829	-12.856	6.2	0.0	266.779	4.46	5.162	0.0	91.381	25.893	-0.985	25.6	0.972	205.945	5.09	5.787	0.0	93.846	31.996	-2.373	20.6	2.062	193.062	4.79	5.537	0.0	89.707	25.457	-8.602	47.6	1.651	180.275	4.56	5.537	0.0	87.696	0.0	0.0	18.8	1.877	182.89	5.56	5.6	0.0	91.251	17.756	-24.514	40.8	0.0	166.132	4.76	5.412	0.0	87.79	27.419	-25.28	12.8	1.902	201.392	5.36	5.537	0.0	85.85	27.056	-23.958	19.6	0.0	178.144	4.54	6.1	0.0	95.125	29.526	-24.469	29.8	0.0	207.979	5.44
25.14	4.537	5.849	92.643	26.983	-8.311	20.2	0.0	190.737	4.64	4.725	0.0	89.625	34.248	-13.038	6.2	1.743	261.645	4.5	5.225	0.0	91.412	26.838	-1.213	25.6	0.0	204.395	5.1	6.1	0.0	93.542	32.359	-2.381	20.6	1.994	190.543	4.84	5.6	0.0	89.548	25.675	-8.671	47.6	1.467	182.309	4.56	5.475	0.0	87.52	0.0	0.0	18.8	1.944	182.212	5.55	5.6	1.063	91.269	17.393	-24.725	40.8	2.053	187.637	4.75	5.35	0.0	87.832	26.765	-25.055	12.8	1.793	213.792	5.33	5.725	0.0	85.933	25.966	-24.235	19.6	2.137	152.957	4.5	5.85	0.0	95.333	29.38	-24.277	30.0	0.0	213.404	5.46
