-1.0	1.788	533.847	0.0	24.367	-13.783	0.0	2.447	55.603	-7.92	-2.15	570.536	86.353	32.359	-7.494	0.0	3.369	84.761	-8.6	-6.213	0.0	90.164	22.987	-19.712	0.0	1.601	69.165	-5.34	5.35	0.0	74.599	0.0	-8.746	0.0	2.305	37.392	-8.24	-5.088	0.0	91.827	4.607	-1.0	39.8	1.156	65.097	-8.24	-1.962	0.0	88.543	0.0	0.0	0.0	2.003	45.238	-7.64	-2.462	84.543	91.35	6.35	-1.0	0.2	2.296	25.574	-7.5	-0.963	0.0	88.86	27.128	-16.302	0.4	0.0	47.079	-7.46	-1.775	0.0	86.738	20.88	0.0	0.2	1.617	21.021	-5.7	9.412	0.0	78.685	11.654	-1.0	0.0	1.416	91.639
-1.0	-0.338	346.682	0.0	24.44	-13.297	0.0	2.179	61.997	-7.78	-2.775	313.715	86.451	32.65	-7.476	0.0	3.402	86.311	-8.5	-6.338	0.0	90.23	23.278	-19.589	0.0	1.374	53.278	-5.66	0.163	0.0	74.578	0.0	-7.675	0.0	2.17	56.863	-7.99	-4.9	0.0	91.972	4.316	-1.0	42.8	1.148	59.865	-8.36	-2.087	0.0	88.392	0.0	0.0	0.0	2.12	32.742	-7.4	-2.212	178.126	91.798	5.769	-1.0	0.2	1.944	21.021	-7.66	-1.712	0.0	88.837	27.346	-16.763	0.4	1.081	36.326	-7.48	-2.587	0.0	86.733	20.009	0.0	0.2	1.492	23.927	-5.76	7.6	0.0	74.936	11.799	-1.0	0.0	1.575	87.667
-1.0	1.475	533.316	0.0	24.513	-13.665	0.0	2.045	50.76	-7.84	-1.837	529.062	86.374	32.214	-7.439	0.0	3.201	88.636	-8.48	-6.15	0.0	90.236	23.35	-20.008	0.0	1.433	46.401	-5.88	-1.525	0.0	76.388	0.0	-7.428	0.0	2.556	43.688	-8.13	-4.775	0.0	91.858	4.825	-1.0	45.4	1.257	58.025	-8.47	-2.275	0.0	88.402	0.0	0.0	0.0	2.003	36.81	-7.66	-3.525	84.012	91.306	6.132	-1.0	0.2	3.235	27.705	-7.62	-2.462	0.0	88.709	27.564	-16.262	0.4	1.123	18.502	-7.62	-2.587	0.0	86.635	21.389	0.0	0.2	1.953	18.502	-5.92	8.975	0.0	77.099	11.944	-1.0	0.0	1.508	110.238
-1.0	3.725	572.131	0.0	24.367	-13.998	0.0	1.994	59.575	-7.32	-1.65	611.479	86.693	32.432	-7.401	0.0	3.21	94.351	-8.4	-6.275	0.0	90.296	22.915	-19.885	0.0	1.793	41.267	-5.88	0.787	0.0	78.644	0.0	-7.623	0.0	2.698	37.876	-7.98	-4.588	0.0	91.787	4.825	-1.0	45.8	1.844	58.509	-8.32	-2.15	0.0	88.284	0.0	0.0	0.0	2.254	40.104	-7.52	-0.525	567.877	91.077	5.987	-1.0	0.2	2.573	29.352	-7.58	-2.212	0.0	88.799	27.564	-16.573	0.4	2.036	30.32	-7.12	1.038	0.0	86.868	19.863	0.0	0.2	1.827	1.937	-5.74	6.975	0.0	77.6	12.017	-1.0	0.0	1.86	100.26
-1.0	2.85	535.443	0.0	24.658	-13.841	0.0	3.235	52.019	-7.52	-0.9	607.225	86.641	32.504	-7.637	0.0	3.419	80.789	-8.38	-6.15	0.0	90.302	23.423	-19.632	0.0	2.238	37.101	-5.4	1.85	0.0	76.237	0.0	-7.74	0.0	2.506	56.863	-8.03	-4.338	0.0	91.886	4.679	-1.0	46.2	1.86	60.544	-8.55	-2.462	0.0	88.043	0.0	0.0	0.0	2.665	41.363	-7.46	-2.462	113.788	90.94	5.842	-1.0	0.2	2.522	20.827	-7.64	-0.775	0.0	88.743	27.637	-16.514	0.4	2.078	30.417	-7.27	-1.9	0.0	86.849	20.009	0.0	0.2	2.028	12.012	-5.62	8.725	0.0	78.612	12.09	-1.0	0.0	2.028	94.642
-1.0	2.413	511.515	0.0	24.295	-14.092	0.0	2.749	57.347	-7.13	-1.15	437.074	86.824	32.65	-7.516	0.0	2.992	85.827	-8.34	-6.275	0.0	90.332	22.842	-19.697	0.0	2.137	45.916	-5.28	6.725	0.0	76.217	0.0	-8.206	0.0	2.589	61.125	-8.09	-3.4	0.0	91.906	3.444	-1.0	47.0	2.02	69.359	-8.29	-2.462	0.0	88.252	0.0	0.0	0.0	2.455	43.01	-7.2	0.225	572.131	91.281	6.35	-1.0	0.2	2.212	25.186	-7.6	-0.9	0.0	88.774	27.346	-16.488	0.4	1.827	30.223	-6.84	1.663	0.0	86.94	20.081	0.0	0.2	2.02	356.384	-5.86	8.037	0.0	78.808	11.944	-1.0	0.0	1.726	99.97
-1.0	0.6	346.15	0.0	24.513	-13.207	0.0	2.757	54.247	-7.58	-1.275	552.458	86.585	32.359	-7.61	0.0	3.344	91.251	-8.46	-6.4	0.0	90.299	22.842	-19.855	0.0	1.944	54.925	-4.67	6.662	0.0	75.455	0.0	-8.234	0.0	2.631	48.047	-8.06	-1.962	0.0	91.877	4.534	-1.0	4.0	1.81	59.962	-8.26	-2.212	0.0	88.379	0.0	0.0	0.0	2.221	43.591	-7.5	0.725	573.726	91.198	6.06	-1.0	0.2	2.288	22.668	-7.2	-0.65	0.0	89.0	27.346	-16.452	0.4	1.483	30.03	-7.14	3.1	0.0	86.862	20.735	-0.247	0.2	1.886	2.519	-5.44	9.35	0.0	77.76	11.872	-1.0	0.0	1.718	96.87
-1.0	1.725	394.005	0.0	24.367	-13.518	0.0	2.506	41.363	-7.6	-1.9	255.226	86.579	32.504	-7.59	0.0	3.394	87.764	-8.42	-6.275	0.0	90.31	22.987	-19.039	0.0	2.045	53.375	-5.44	1.538	0.0	74.029	0.0	-7.727	0.0	2.011	52.988	-7.82	-1.15	0.0	92.02	4.098	-1.0	18.4	1.735	61.028	-7.94	-2.15	0.0	88.742	0.0	0.0	0.0	2.254	43.979	-7.62	-2.275	77.1	90.665	6.132	-1.0	0.2	1.349	19.955	-7.55	-1.462	0.0	88.886	27.273	-16.116	0.4	1.291	30.708	-7.58	-1.4	0.0	86.666	20.59	0.0	0.2	1.324	14.143	-5.9	7.6	0.0	76.779	11.872	-26.876	0.0	1.902	95.707
-1.0	-3.275	115.383	0.0	24.658	-12.953	0.0	2.749	65.678	-7.72	-2.025	346.682	86.507	32.068	-7.578	0.0	3.235	84.277	-8.58	-6.275	0.0	90.246	23.278	-19.415	0.0	1.651	60.253	-6.0	1.413	0.0	76.222	0.0	-7.682	0.0	1.567	46.788	-8.06	-3.15	0.0	91.915	4.098	-1.0	21.8	1.291	61.997	-8.65	-2.4	0.0	87.997	0.0	0.0	0.0	1.911	42.429	-7.82	-1.9	314.247	91.185	6.06	-1.0	0.2	1.408	21.215	-7.64	-2.15	0.0	88.823	27.564	-16.066	0.4	0.0	30.03	-7.66	-0.15	0.0	86.605	20.081	0.0	0.2	1.014	4.553	-6.42	0.475	0.0	76.548	11.944	-1.0	0.0	1.433	91.736
-1.0	-0.713	477.485	0.0	25.021	-13.298	0.0	1.994	66.065	-8.14	-1.9	541.291	86.276	32.504	-7.494	0.0	3.193	82.339	-8.56	-6.088	0.0	90.233	23.568	-19.741	0.0	1.115	42.332	-5.67	0.412	0.0	72.561	0.0	-7.628	0.0	1.735	57.056	-8.04	-1.337	0.0	91.845	3.808	-1.0	23.2	1.249	63.74	-8.55	-2.462	0.0	88.341	0.0	0.0	0.0	1.19	38.07	-7.78	-2.4	156.326	91.273	5.915	-1.0	0.2	1.349	27.123	-7.63	-1.9	0.0	88.766	27.564	-16.373	0.4	0.0	30.805	-7.46	-0.338	0.0	86.616	20.662	0.0	0.2	1.299	1.162	-6.36	9.725	0.0	76.538	12.09	-1.0	0.0	1.123	109.657
-1.0	-0.212	171.746	0.0	24.44	-13.38	0.0	1.844	65.193	-7.84	-1.087	564.687	86.415	32.286	-7.59	0.0	3.059	81.661	-8.58	-6.213	0.0	90.208	23.278	-19.524	0.0	1.416	59.672	-5.38	1.788	0.0	74.209	0.0	-8.233	0.0	1.835	52.116	-8.08	-1.4	0.0	91.853	4.171	-1.0	23.2	1.324	59.284	-8.62	-2.4	0.0	88.164	0.0	0.0	0.0	1.383	44.463	-7.62	-0.212	588.615	91.925	6.568	-1.0	0.2	1.626	29.158	-7.68	-1.712	0.0	88.614	27.637	-15.898	0.4	0.0	30.514	-7.14	1.475	0.0	86.781	20.299	0.0	0.2	1.156	3.875	-5.82	6.35	0.0	76.285	11.581	-1.0	0.0	1.265	96.967
-1.0	2.725	523.213	0.0	24.585	-13.629	0.0	1.852	75.365	-7.84	-0.212	557.775	86.395	32.577	-7.723	0.0	3.067	86.505	-8.49	-6.213	0.0	90.271	23.496	-18.677	0.0	1.416	57.928	-5.42	2.1	0.0	72.783	0.0	-7.821	0.0	1.919	55.7	-7.8	-0.463	0.0	92.007	4.534	-1.0	23.6	1.056	58.413	-8.56	-2.212	0.0	88.16	0.0	0.0	0.0	1.609	35.939	-7.75	-0.212	445.582	91.813	6.35	-1.0	0.2	1.274	25.767	-7.72	-1.212	0.0	88.603	28.073	-16.252	0.4	1.048	30.611	-7.12	0.287	0.0	86.765	20.444	0.0	0.2	0.964	13.465	-6.0	9.162	0.0	75.802	12.017	-1.0	0.0	1.483	92.317
-1.0	3.288	531.189	0.0	24.513	-13.919	0.0	2.036	57.831	-7.62	-0.9	566.814	86.533	32.359	-7.607	0.0	3.503	87.183	-8.52	-6.275	0.0	90.263	23.641	-19.603	0.0	1.508	56.669	-5.04	5.412	0.0	74.711	0.0	-8.151	0.0	1.911	55.603	-7.84	0.037	0.0	91.977	4.534	-1.0	25.4	1.718	53.86	-8.52	-2.4	0.0	88.309	0.0	0.0	0.0	1.643	40.782	-7.48	-0.275	526.935	90.161	5.842	-1.0	0.2	2.078	25.089	-7.72	-2.15	0.0	88.702	27.637	-16.066	0.4	0.0	30.708	-7.36	-0.212	0.0	86.56	20.59	0.0	0.2	1.927	14.53	-5.8	11.1	0.0	74.191	12.162	-1.0	0.0	1.567	103.844
-1.0	2.6	516.832	0.0	24.731	-13.483	0.0	2.346	67.228	-7.3	-0.4	549.267	86.739	32.65	-7.698	0.0	3.428	89.023	-8.44	-6.025	0.0	90.285	22.987	-19.567	0.0	1.383	56.766	-4.92	1.85	0.0	73.032	0.0	-7.757	0.0	2.288	45.238	-7.61	-0.463	0.0	92.174	4.026	-1.0	27.8	1.207	62.772	-8.56	-2.462	0.0	87.742	0.0	0.0	0.0	1.492	38.167	-7.52	-1.587	209.498	90.693	6.35	-1.0	0.2	2.263	14.724	-7.41	-1.462	0.0	88.805	27.201	-16.031	0.4	1.483	28.48	-6.94	0.912	0.0	86.628	20.372	0.0	0.2	1.81	12.109	-5.12	10.287	0.0	77.231	11.944	-1.0	0.0	1.751	88.636
-1.0	2.913	449.304	0.0	24.513	-13.599	0.0	2.372	79.724	-7.76	-0.963	575.853	86.477	32.359	-7.668	0.0	3.905	86.505	-8.38	-6.15	0.0	90.34	23.496	-19.067	0.0	1.71	54.247	-5.0	4.662	0.0	73.859	0.0	-8.03	0.0	2.598	54.538	-7.76	-1.775	0.0	92.112	3.59	-1.0	28.4	1.399	61.997	-8.52	-2.212	0.0	87.872	0.0	0.0	0.0	2.045	36.714	-7.33	-0.4	426.972	87.827	5.842	-1.0	0.2	2.883	32.645	-7.4	-1.025	0.0	88.688	27.637	-16.118	0.4	1.525	25.38	-7.0	1.1	0.0	86.468	20.953	0.0	0.2	2.296	11.14	-5.67	7.037	0.0	76.225	11.654	-1.0	0.0	1.601	101.52
-1.0	-1.025	428.567	0.0	24.585	-13.004	0.0	2.204	50.663	-8.01	-3.15	186.634	86.33	32.504	-7.45	0.0	3.536	88.055	-8.32	-5.775	0.0	90.395	23.278	-19.34	0.0	1.919	50.953	-5.04	3.725	0.0	72.983	0.0	-7.95	0.0	3.126	46.982	-7.58	-0.212	0.0	92.069	4.026	-1.0	29.2	1.835	57.638	-8.28	-2.275	0.0	87.856	0.0	0.0	0.0	2.313	33.226	-7.1	-0.838	148.882	88.769	5.842	-1.0	0.2	2.732	26.445	-7.28	-0.338	0.0	88.521	27.564	-16.781	0.4	2.07	23.927	-6.82	0.1	0.0	86.576	20.081	0.0	0.2	2.062	0.291	-5.34	8.975	0.0	73.883	11.799	-1.0	0.0	1.835	92.511
-1.0	1.788	546.609	0.0	24.731	-13.592	0.0	2.858	49.307	-7.56	-0.65	583.829	86.549	32.359	-7.653	0.0	3.671	93.77	-8.32	-6.025	0.0	90.395	23.133	-19.943	0.0	2.489	52.794	-5.46	-0.525	0.0	74.645	0.0	-7.542	0.0	2.464	54.053	-7.62	-1.275	0.0	92.039	4.244	-1.0	29.2	2.095	55.894	-8.63	-2.275	0.0	86.718	0.0	0.0	0.0	2.992	35.358	-7.39	-2.4	133.462	88.452	6.132	-1.0	0.2	2.464	34.583	-7.48	-2.025	0.0	88.746	28.218	-15.427	0.4	1.76	34.583	-7.06	-1.837	0.0	86.288	20.299	0.0	0.2	1.785	18.308	-5.52	4.85	0.0	73.749	12.017	-1.0	0.0	1.978	103.651
-1.0	-3.587	162.175	0.0	24.222	-12.726	0.0	2.858	53.085	-7.62	-2.587	175.999	86.554	32.432	-7.499	0.0	3.428	92.22	-8.14	-5.713	0.0	90.483	23.278	-21.496	0.0	2.011	46.207	-5.44	-0.588	0.0	74.459	0.0	-7.496	0.0	2.531	46.885	-7.74	-1.4	0.0	91.93	3.88	-1.0	29.4	1.969	63.644	-8.22	-1.9	0.0	87.792	0.0	0.0	0.0	2.12	42.332	-7.27	-0.338	605.63	86.583	6.132	-1.0	0.2	2.665	30.03	-7.44	-2.212	0.0	88.817	27.273	-14.997	0.4	1.609	33.033	-6.88	1.475	0.0	86.19	20.517	0.0	0.2	2.003	0.194	-5.96	2.538	0.0	76.091	11.799	-1.0	0.0	1.718	102.391
-1.0	-1.4	382.839	0.0	24.44	-12.77	0.0	2.439	68.778	-7.68	-2.525	308.398	86.518	32.359	-7.476	0.0	3.394	84.083	-8.24	-5.713	0.0	90.456	23.35	-19.639	0.0	2.204	42.72	-5.16	6.162	0.0	73.705	0.0	-8.197	0.0	2.765	53.666	-7.64	-2.275	0.0	92.071	4.171	-1.0	29.4	2.053	51.147	-8.32	-2.15	0.0	87.203	0.0	0.0	0.0	2.455	40.879	-6.96	-0.15	361.038	84.921	6.35	-1.0	0.2	2.539	23.442	-7.5	-0.338	0.0	88.383	27.419	-15.266	0.4	2.204	17.727	-6.71	1.663	0.0	86.44	20.59	0.0	0.2	1.902	0.0	-5.96	1.163	0.0	75.716	11.508	-1.0	0.0	1.592	101.52
-1.0	-1.837	330.73	0.0	24.658	-12.589	0.0	2.615	48.629	-7.94	-2.775	355.189	86.369	32.359	-7.468	0.0	3.637	73.718	-8.36	-5.65	0.0	90.403	23.205	-19.559	0.0	2.33	53.86	-5.16	3.85	0.0	72.376	0.0	-8.004	0.0	2.807	58.122	-7.47	-0.212	0.0	92.194	4.171	-1.0	30.2	2.103	57.734	-8.32	-2.212	0.0	87.123	0.0	0.0	0.0	2.439	45.819	-6.98	-1.15	182.38	82.141	5.842	-1.0	0.2	2.673	17.146	-7.32	-1.025	0.0	88.829	27.564	-15.374	0.4	1.693	47.66	-7.0	-0.713	0.0	85.745	20.372	0.0	0.2	2.154	5.522	-5.23	7.35	0.0	74.765	12.235	-1.0	0.0	1.852	95.417
-1.0	-1.15	265.328	0.0	24.585	-13.289	0.0	3.159	57.928	-7.56	-0.212	509.92	86.549	32.286	-7.76	0.0	3.796	72.555	-8.2	-5.275	0.0	90.467	23.423	-19.836	0.0	2.598	46.788	-5.39	0.1	0.0	73.464	0.0	-7.599	0.0	3.0	44.948	-7.65	-1.4	0.0	91.917	3.372	-1.0	33.8	2.246	52.6	-8.44	-2.025	0.0	86.909	0.0	0.0	0.0	2.464	34.776	-7.18	-2.087	144.096	81.745	6.06	-1.0	0.2	2.514	29.352	-7.56	-1.837	0.0	88.646	27.709	-17.745	0.4	1.944	43.785	-7.01	-1.4	0.0	85.701	20.372	0.0	0.2	1.651	2.228	-5.32	3.538	0.0	73.551	12.235	-25.037	0.0	2.028	95.998
-1.0	-1.587	147.287	0.0	24.295	-13.035	0.0	3.008	62.287	-7.58	-1.587	201.522	86.544	31.705	-7.604	0.0	3.93	81.564	-8.38	-5.275	0.0	90.417	23.568	-19.836	0.0	2.464	55.41	-5.48	-0.4	0.0	73.853	0.0	-7.465	0.0	1.76	49.985	-7.8	-2.462	0.0	92.026	3.59	-1.0	35.8	1.953	61.028	-8.5	-2.15	0.0	86.752	0.0	0.0	0.0	2.883	32.742	-6.84	-2.025	151.54	82.11	5.987	-1.0	0.2	1.76	19.18	-7.64	-2.025	0.0	88.465	27.273	-14.725	0.4	1.148	19.083	-6.86	-1.15	0.0	85.615	20.517	0.0	0.2	1.542	4.843	-5.98	0.662	0.0	73.364	12.09	-1.0	0.0	1.835	84.567
-1.0	-4.338	116.447	0.0	24.585	-13.893	0.0	2.036	62.287	-7.98	-3.775	119.637	86.317	32.359	-7.41	0.0	3.201	88.345	-8.33	-5.213	0.0	90.431	23.06	-19.66	0.0	1.844	57.153	-4.9	4.162	0.0	74.502	0.0	-8.036	0.0	2.413	42.913	-7.79	-1.087	0.0	92.066	3.953	-1.0	36.0	1.366	57.541	-8.56	-2.212	0.0	87.502	0.0	0.0	0.0	1.793	45.722	-6.42	-0.212	379.117	81.314	6.132	-1.0	0.2	2.732	27.705	-7.36	-1.837	0.0	88.62	27.273	-14.988	0.4	1.5	30.611	-6.84	1.35	0.0	84.867	20.081	0.0	0.2	2.087	22.377	-6.35	1.725	0.0	75.467	12.017	-1.0	0.0	1.232	108.01
-1.0	0.662	413.678	0.0	24.222	-13.59	0.0	1.944	65.581	-7.86	-1.9	284.47	86.389	32.432	-7.681	0.0	3.092	89.605	-8.1	-5.025	0.0	90.533	23.133	-19.895	0.0	2.271	38.167	-5.14	0.537	0.0	73.829	0.0	-7.671	0.0	2.698	46.304	-7.02	0.037	0.0	92.397	4.171	-1.0	36.2	1.86	61.028	-8.08	-0.838	0.0	86.74	0.0	0.0	0.0	2.346	37.392	-6.48	-2.15	99.432	82.132	5.769	-1.0	0.2	2.338	32.451	-7.34	-1.962	0.0	88.744	27.346	-14.512	0.4	2.028	44.851	-6.58	-1.462	0.0	85.227	20.59	0.0	0.2	1.902	7.362	-5.56	6.225	0.0	74.123	12.162	-26.363	0.0	1.844	90.283
-1.0	-3.525	128.676	0.0	24.222	-12.677	0.0	2.631	43.688	-7.78	-3.65	134.525	86.492	32.504	-7.399	0.0	3.411	85.633	-8.16	-5.025	0.0	90.516	23.278	-19.513	0.0	2.665	45.819	-5.4	1.913	0.0	75.674	0.0	-7.811	0.0	2.958	46.013	-7.62	-1.9	0.0	91.584	3.662	-1.0	37.4	2.422	54.538	-7.98	-1.65	0.0	86.807	0.0	0.0	0.0	2.573	47.369	-5.95	0.662	587.019	81.844	5.479	-1.0	0.2	2.95	37.295	-7.28	-1.962	0.0	88.401	27.346	-19.754	0.4	1.911	27.608	-6.54	0.912	0.0	84.563	20.953	0.0	0.2	2.221	5.037	-5.92	-0.15	0.0	76.17	11.581	-24.22	0.0	2.011	94.254
-1.0	2.225	545.013	0.0	24.367	-13.731	0.0	3.226	73.621	-7.54	-1.15	539.165	86.595	32.359	-7.715	0.0	3.486	91.639	-7.94	-4.713	0.0	90.615	22.915	-19.969	0.0	2.992	44.851	-4.86	2.725	0.0	72.899	0.0	-7.867	0.0	3.201	42.816	-7.62	0.287	0.0	91.279	3.953	-1.0	38.6	2.581	59.865	-7.7	-0.65	0.0	87.447	0.0	0.0	0.0	2.799	42.429	-6.02	-1.15	179.722	79.764	5.987	-1.0	0.2	3.578	21.021	-7.2	-1.462	0.0	88.582	27.637	-14.237	0.4	2.263	34.001	-6.42	-0.087	0.0	82.754	20.662	0.0	0.2	3.067	0.0	-5.12	8.537	0.0	74.288	11.654	-27.237	0.0	2.279	88.055
-1.0	2.163	601.908	0.0	24.731	-13.17	0.0	2.824	77.399	-7.58	-0.9	571.068	86.564	32.432	-7.71	0.0	3.888	87.861	-7.92	-4.4	0.0	90.659	22.987	-19.948	0.0	2.941	38.651	-5.32	4.1	0.0	73.887	0.0	-7.861	0.0	2.983	48.629	-7.48	-1.4	0.0	91.699	4.098	-1.0	40.8	2.221	62.19	-8.0	-1.087	0.0	86.169	0.0	0.0	0.0	3.428	40.976	-6.28	-0.338	381.244	79.118	6.06	-1.0	0.2	2.883	25.767	-7.25	-1.712	0.0	88.269	27.564	-14.556	0.4	2.564	29.448	-5.92	1.038	0.0	81.168	20.009	0.0	0.2	2.011	7.943	-5.04	3.413	0.0	73.946	11.944	-24.995	0.0	2.011	93.673
-1.0	2.038	523.213	0.0	24.15	-13.762	0.0	2.589	54.247	-7.31	-0.838	436.542	86.736	32.504	-7.737	0.0	3.184	87.861	-8.1	-4.463	0.0	90.571	22.987	-20.125	0.0	2.472	65.097	-5.44	0.475	0.0	74.53	0.0	-7.65	0.0	3.05	51.922	-7.5	-0.65	0.0	91.997	3.299	-1.0	42.2	1.76	59.284	-7.87	-1.275	0.0	86.937	0.0	0.0	0.0	2.472	39.038	-6.36	-1.775	113.788	79.258	5.842	-1.0	0.2	3.084	29.545	-7.22	-1.837	0.0	88.377	27.637	-14.244	0.4	2.053	32.451	-5.96	-0.463	0.0	78.078	20.081	0.0	0.2	2.397	7.556	-5.86	4.537	0.0	74.914	11.944	-1.0	0.0	1.81	94.448
-1.0	-3.212	89.861	0.0	24.44	-13.085	0.0	2.388	58.703	-7.63	-3.462	93.583	86.572	32.504	-8.335	0.0	3.511	90.186	-8.1	-4.65	0.0	90.571	23.423	-20.08	0.0	2.682	44.754	-5.66	-1.462	0.0	75.312	0.0	-7.496	0.0	2.447	49.307	-7.54	-2.212	0.0	91.244	3.517	-1.0	42.8	2.397	54.538	-8.03	-2.025	0.0	85.853	0.0	0.0	0.0	2.765	37.586	-6.02	-2.212	109.003	79.921	5.842	-1.0	0.2	2.481	30.611	-7.4	-2.4	0.0	88.33	27.273	-13.8	0.4	2.12	30.127	-6.0	-1.9	0.0	76.385	20.154	0.0	0.2	2.036	2.712	-5.96	-0.713	0.0	75.176	11.726	-24.047	0.0	2.078	96.192
-1.0	-3.462	166.428	0.0	24.658	-12.628	0.0	3.168	49.694	-7.74	-3.65	172.277	86.502	32.504	-7.428	0.0	3.712	76.14	-8.09	-4.775	0.0	90.574	22.842	-19.379	0.0	2.388	53.085	-5.22	3.725	0.0	72.533	0.0	-8.0	0.0	2.657	41.557	-7.31	-0.525	0.0	92.126	3.299	-1.0	43.0	1.651	60.156	-8.22	-2.212	0.0	86.906	0.0	0.0	0.0	2.263	37.392	-5.91	-0.775	319.032	78.819	6.205	-1.0	0.2	2.631	25.477	-6.98	-1.775	0.0	88.681	27.419	-14.043	0.4	1.659	28.964	-5.88	0.787	0.0	75.945	20.299	0.0	0.2	2.539	2.615	-5.95	6.912	0.0	76.023	12.162	-26.714	0.0	1.659	97.16
