11.84	4.475	0.532	89.168	27.201	-8.282	20.2	2.036	202.555	4.66	4.537	2.659	89.695	34.684	-13.006	6.4	1.969	250.893	4.5	5.1	0.0	91.328	26.184	-0.861	25.6	0.0	210.982	5.11	5.912	0.0	94.014	32.432	-2.418	20.6	0.0	191.996	4.82	5.6	0.0	89.929	24.949	-8.664	47.6	1.341	195.968	4.58	5.037	0.0	87.745	0.0	0.0	18.8	1.953	180.468	5.58	5.662	1.595	91.129	17.175	-24.322	40.8	0.0	182.987	4.74	5.412	0.0	87.873	27.346	-24.345	12.8	2.028	220.282	5.33	5.662	0.0	86.067	27.056	-24.322	19.6	0.0	184.731	4.54	6.037	0.0	95.443	29.526	-24.768	30.0	0.0	199.455
54.98	4.35	0.532	99.873	27.419	-8.306	20.2	1.55	190.93	4.7	4.6	3.19	89.405	34.756	-13.016	6.4	0.0	269.976	4.46	5.225	0.0	91.59	26.765	-0.902	25.6	2.087	209.529	5.14	5.85	0.0	93.859	32.504	-2.327	20.6	1.86	192.48	4.79	5.475	0.0	89.964	25.893	-8.623	47.8	0.0	209.045	4.58	5.475	0.0	87.613	0.0	0.0	18.8	1.592	197.13	5.6	5.6	0.0	91.092	17.829	-24.62	41.0	0.0	187.443	4.78	5.412	0.0	87.839	27.782	-25.482	12.8	0.0	222.316	5.35	5.662	0.0	85.982	26.765	-24.215	19.6	1.953	171.556	4.54	6.1	0.0	95.344	29.526	-24.683	30.0	0.0	216.891
45.13	4.475	0.532	98.014	27.564	-8.29	20.4	1.726	160.707	4.7	4.85	0.0	89.512	34.393	-13.17	6.4	0.0	255.543	4.45	5.225	0.0	91.566	25.966	-0.936	25.6	1.064	210.982	5.14	5.725	0.0	93.798	32.359	-2.385	20.8	0.0	206.43	4.77	5.475	0.0	89.873	25.603	-8.566	47.8	1.768	198.292	4.56	5.225	0.0	87.828	0.0	0.0	18.8	1.71	184.924	5.56	5.6	0.532	91.694	17.684	-24.514	41.0	0.0	184.537	4.75	5.35	0.0	88.073	27.056	-24.952	13.0	2.02	209.917	5.32	5.662	0.0	86.155	26.91	-24.215	19.8	0.0	182.018	4.54	6.037	0.0	95.423	29.671	-24.448	30.0	0.0	204.202
12.5	4.35	0.0	89.334	26.62	-8.284	20.4	0.0	196.646	4.7	4.787	0.0	89.641	34.321	-13.272	6.4	1.475	275.013	4.48	5.162	0.0	91.532	26.547	-0.95	25.8	0.0	205.461	5.08	5.725	0.0	93.393	32.214	-2.248	20.8	0.0	198.68	4.81	5.6	0.0	89.669	25.312	-8.566	47.8	2.087	188.218	4.61	5.35	0.0	87.709	0.0	0.0	19.0	0.0	200.036	5.61	5.787	1.063	91.243	17.466	-24.894	41.2	0.0	187.443	4.78	5.6	0.0	87.971	26.983	-25.038	13.0	1.064	204.783	5.36	5.662	0.0	85.85	26.256	-24.215	20.0	0.0	168.844	4.51	5.975	0.0	94.857	29.453	-24.319	30.2	1.391	211.661
79.7	4.475	0.532	0.0	27.273	-8.282	20.4	0.922	196.743	4.71	4.662	0.0	89.558	34.538	-13.307	6.6	1.902	259.902	4.54	5.162	0.0	91.381	26.62	-0.95	25.8	0.0	218.054	5.14	5.975	0.0	93.859	31.705	-7.974	20.8	1.584	197.421	4.83	5.6	0.0	89.546	25.82	-8.595	48.0	1.592	208.27	4.56	5.6	0.0	87.981	0.0	0.0	19.2	1.416	184.731	5.56	5.662	0.0	91.525	17.466	-24.322	41.2	1.71	170.781	4.74	5.35	0.0	88.092	27.346	-24.849	13.0	1.425	205.558	5.36	5.475	0.0	86.007	26.692	-24.472	20.0	1.651	180.468	4.62	5.975	0.0	94.927	29.598	-24.319	30.2	0.0	238.106
63.32	4.6	0.0	0.0	27.056	-8.288	20.6	0.0	209.432	4.76	4.725	0.0	89.269	34.248	-13.318	6.6	1.961	268.426	4.48	5.225	0.0	91.574	25.603	-0.936	25.8	0.0	213.695	5.22	5.912	0.0	93.534	32.286	-2.383	20.8	1.902	192.48	4.86	5.6	0.0	89.768	25.893	-8.671	48.0	1.324	203.33	4.61	5.35	0.0	87.928	0.0	0.0	19.2	1.291	198.874	5.63	5.662	0.532	91.142	16.957	-24.956	41.2	1.894	185.796	4.78	5.35	0.0	88.014	26.62	-24.641	13.0	1.483	209.917	5.36	5.537	0.0	86.097	25.893	-24.493	20.0	1.634	185.893	4.59	5.912	0.0	94.638	29.598	-24.082	30.2	0.0	228.419
7.13	4.537	1.063	87.431	27.346	-8.326	20.6	0.0	204.105	4.8	4.725	0.0	88.977	34.393	-13.204	6.6	0.0	254.477	4.45	5.225	0.0	91.942	26.184	-1.005	26.0	2.095	201.005	5.21	5.912	0.0	93.633	32.286	-2.314	21.0	1.927	183.181	4.93	5.6	0.0	89.313	25.021	-8.754	48.0	1.55	201.78	4.64	5.225	0.0	88.023	0.0	0.0	19.2	1.265	194.708	5.72	5.6	0.0	90.677	17.103	-24.934	41.2	2.112	178.144	4.77	5.537	0.0	88.231	26.692	-25.016	13.2	1.567	205.655	5.35	5.662	0.0	86.162	26.038	-23.236	20.0	1.785	178.919	4.63	6.1	0.0	94.569	29.671	-24.035	30.2	0.0	223.479
71.4	4.662	0.0	0.0	26.91	-8.302	20.6	0.0	214.082	4.79	4.85	0.0	89.212	34.321	-13.515	6.6	1.508	233.941	4.42	5.225	0.0	92.141	26.765	-0.936	26.0	1.634	192.48	5.17	5.787	0.0	93.684	32.359	-7.945	21.0	1.416	182.793	4.87	5.725	0.0	89.513	25.893	-8.734	48.2	0.0	203.523	4.61	5.225	0.0	87.884	0.0	0.0	19.2	1.416	189.671	5.64	5.787	0.532	91.335	17.175	-24.577	41.2	1.693	173.978	4.82	5.475	0.0	88.09	27.056	-24.995	13.2	1.291	183.471	5.45	5.662	0.0	85.804	27.346	-24.215	20.0	2.036	130.096	4.68	6.287	0.0	95.343	29.962	-23.215	30.2	0.0	239.365
97.75	4.662	0.532	0.0	27.201	-8.279	20.6	1.433	186.184	4.78	4.912	0.0	89.167	35.047	-13.586	6.6	0.0	243.143	4.54	5.412	0.0	91.632	26.62	-1.24	26.0	1.936	205.17	5.24	5.912	0.0	93.948	32.65	-8.021	21.0	1.626	192.868	4.95	5.6	0.0	89.189	24.876	-8.74	48.2	1.609	205.461	4.69	5.037	0.0	87.575	0.0	0.0	19.2	1.391	191.996	5.69	5.662	1.063	91.179	17.175	-24.535	41.4	1.408	180.372	4.89	5.412	0.0	87.691	27.056	-24.974	13.2	0.0	215.632	5.46	5.662	0.0	85.874	27.273	-24.322	20.0	1.165	158.77	4.62	6.037	0.0	94.967	29.598	-24.014	30.4	0.0	204.88
116.79	4.537	0.532	0.0	27.491	-8.274	20.8	0.0	209.917	4.77	4.85	0.0	89.164	34.538	-13.515	6.8	0.0	283.925	4.53	5.225	0.0	91.588	26.038	-1.04	26.0	0.939	228.516	5.25	5.975	0.0	93.151	32.94	-2.474	21.0	0.0	193.643	4.88	5.6	0.0	89.623	24.876	-8.609	48.2	1.701	194.418	4.71	5.412	0.0	87.997	0.0	0.0	19.2	1.425	220.185	5.7	5.787	0.532	91.182	17.684	-24.471	41.4	0.0	179.984	4.9	5.537	0.0	87.518	26.765	-24.599	13.2	2.062	214.567	5.44	5.725	0.0	85.734	27.056	-24.235	20.2	1.969	170.588	4.66	6.287	0.0	95.258	29.526	-23.436	30.4	1.282	231.519
123.03	4.537	0.532	0.0	27.128	-8.274	20.8	1.626	191.124	4.76	4.725	0.0	89.399	34.538	-13.674	6.8	2.045	256.414	4.46	5.225	0.0	91.944	26.62	-1.04	26.0	1.86	203.136	5.17	5.912	0.0	93.602	32.867	-7.985	21.0	1.592	183.956	4.8	5.6	0.0	90.138	24.949	-8.637	48.2	0.0	183.084	4.6	5.162	0.0	87.728	0.0	0.0	19.2	1.877	181.437	5.63	5.662	1.063	91.797	17.393	-24.535	41.4	1.601	164.291	4.84	5.412	0.0	87.81	26.91	-24.132	13.2	1.626	214.276	5.5	5.725	0.0	85.749	25.82	-24.343	20.2	1.257	167.682	4.65	6.037	0.0	95.415	29.598	-23.466	30.4	0.0	228.419
0.0	4.35	1.063	0.0	27.056	-8.238	20.8	1.492	200.133	4.82	4.912	0.0	89.112	34.248	-13.351	6.8	1.374	251.765	4.43	5.225	0.0	92.123	26.692	-1.074	26.0	0.0	194.805	5.16	5.787	0.0	93.783	32.577	-7.963	21.0	1.081	186.087	4.84	5.225	0.0	89.934	26.184	-8.629	48.2	0.0	196.743	4.59	5.1	0.0	87.879	0.0	0.0	19.4	0.0	184.634	5.66	5.662	0.0	91.298	17.175	-24.535	41.4	0.997	170.394	4.8	5.6	0.0	88.282	26.765	-25.548	13.4	0.0	204.88	5.44	5.6	0.0	85.847	27.056	-24.301	20.2	0.0	135.908	4.72	6.225	0.0	95.235	29.526	-23.637	30.4	1.71	212.242
113.44	4.412	0.0	0.0	27.201	-8.26	20.8	0.0	176.206	4.85	4.912	0.0	89.055	34.248	-13.293	6.8	2.129	242.465	4.62	5.1	0.0	91.528	26.402	-1.068	26.0	1.584	207.592	5.24	5.975	0.0	93.272	32.141	-7.983	21.0	2.112	185.021	4.92	5.6	0.0	89.655	25.167	-8.74	48.2	1.374	184.343	4.67	5.162	0.0	87.833	0.0	0.0	19.4	0.0	187.734	5.71	5.725	0.532	91.142	17.32	-24.662	41.4	1.056	176.594	4.94	5.537	0.0	87.704	27.273	-25.016	13.4	0.0	199.455	5.56	5.85	0.0	85.492	26.838	-1.0	20.2	0.0	176.109	4.68	6.162	0.0	94.824	29.598	-23.507	30.4	0.0	208.464
90.38	4.537	0.0	0.0	27.346	-8.266	20.8	0.0	197.518	4.84	4.85	0.0	89.096	34.466	-14.408	6.8	1.978	290.803	4.58	5.225	0.0	91.391	25.748	-1.04	26.0	0.0	208.754	5.22	5.85	0.0	93.328	32.577	-2.464	21.0	0.0	192.19	4.92	5.475	0.0	89.483	25.239	-8.801	48.2	1.953	198.583	4.71	5.1	0.0	87.426	0.0	0.0	19.4	0.0	186.087	5.64	5.787	0.0	91.736	17.538	-24.471	41.4	0.0	188.605	4.94	5.537	0.0	87.484	27.491	-25.119	13.4	0.0	208.27	5.56	5.662	0.0	85.243	26.62	-24.535	20.2	0.0	151.989	4.68	5.975	0.0	94.864	29.816	-23.115	30.4	1.391	234.328
82.78	4.725	0.532	0.0	27.346	-8.301	20.8	0.0	220.476	4.96	4.787	0.0	88.497	34.103	-12.994	6.8	0.0	244.015	4.61	5.35	0.0	91.231	26.111	-1.15	26.0	0.0	201.295	5.7	6.412	0.0	92.963	32.214	-2.176	21.0	1.693	179.112	5.0	5.6	0.0	89.59	24.949	-8.795	48.2	0.0	209.045	4.72	5.225	0.0	87.714	0.0	0.0	19.4	1.559	200.23	5.78	5.787	0.532	91.076	17.175	-24.998	41.4	1.626	186.087	4.92	5.412	0.0	87.721	27.782	-25.076	13.4	1.961	200.23	5.54	5.725	0.0	85.487	26.329	-24.767	20.2	2.053	145.886	4.78	6.412	0.0	94.932	29.598	-23.143	30.4	0.0	249.246
37.14	4.537	1.063	95.212	27.346	-8.258	20.8	2.003	236.169	4.85	4.912	2.659	88.665	34.248	-12.962	6.8	1.006	292.741	4.68	5.35	0.0	91.46	26.62	-1.944	26.0	1.282	205.558	5.32	6.225	0.0	93.026	32.432	-8.045	21.0	0.905	183.084	5.04	5.725	0.0	88.735	26.111	-8.734	48.2	0.0	213.017	4.71	5.287	0.0	87.448	0.0	0.0	19.4	0.0	150.148	5.88	5.787	1.063	90.441	17.32	-24.683	41.4	1.927	177.95	4.98	5.537	0.0	87.361	26.91	-25.119	13.4	0.0	176.206	5.84	5.85	0.0	84.695	25.893	-24.704	20.2	1.257	153.248	5.53	6.662	0.0	91.264	29.671	-23.558	30.6	0.0	256.317
31.36	4.475	0.0	94.059	27.201	-8.267	20.8	1.978	179.693	4.83	4.912	0.0	89.158	34.684	-12.803	6.8	0.0	268.426	4.61	5.35	0.0	91.399	26.111	-1.011	26.0	0.0	191.415	5.32	6.1	0.0	93.622	32.504	-2.207	21.0	0.0	203.717	5.02	5.6	0.0	89.12	25.893	-8.857	48.2	1.81	219.023	4.72	5.162	0.0	87.605	0.0	0.0	19.4	1.726	187.831	5.76	5.662	1.063	90.9	17.103	-24.215	41.4	0.0	172.719	4.99	5.475	0.0	87.143	27.564	-24.472	13.4	1.626	197.227	5.72	5.6	0.0	84.666	26.62	-24.408	20.2	1.978	190.93	4.74	6.225	0.0	94.438	29.598	-23.747	30.6	1.098	219.991
29.17	4.662	0.0	94.418	27.273	-8.34	20.8	1.249	212.242	4.83	4.975	1.063	89.136	34.756	-13.136	6.8	0.0	218.054	4.64	5.35	0.0	91.449	26.038	-1.115	26.0	1.441	216.31	5.38	6.037	0.0	93.269	32.577	-7.98	21.0	1.332	213.985	5.05	5.975	0.0	89.387	25.021	-8.797	48.2	2.087	221.541	4.84	5.475	0.0	87.194	0.0	0.0	19.4	1.483	222.704	5.92	6.1	0.0	90.601	16.812	-25.106	41.4	1.014	193.255	4.9	5.537	0.0	87.957	26.983	-25.222	13.4	0.0	231.131	5.54	5.725	0.0	85.849	25.675	-24.235	20.2	1.978	192.868	4.65	6.1	0.0	94.615	29.671	-24.361	30.6	0.972	235.878
31.14	4.662	0.0	94.894	27.128	-8.325	20.8	1.994	212.92	4.88	4.912	0.0	89.257	34.321	-12.803	6.8	0.0	244.402	4.66	5.35	0.0	91.664	25.893	-1.358	26.0	0.0	213.017	5.49	6.1	0.0	92.554	32.432	-7.987	21.0	0.0	223.382	5.09	5.6	0.0	89.16	26.038	-8.802	48.2	0.0	201.683	4.83	5.225	0.0	87.412	0.0	0.0	19.4	0.0	205.751	5.91	5.787	1.063	90.577	17.103	-24.256	41.4	0.989	186.281	4.94	5.6	0.0	87.879	27.346	-24.62	13.4	0.0	222.897	5.62	5.725	0.0	85.642	26.111	-24.235	20.2	0.0	184.731	4.78	6.35	0.0	95.252	29.598	-24.118	30.6	0.0	242.465
121.99	4.787	1.063	0.0	27.273	-8.375	20.8	2.062	241.69	4.9	4.85	0.0	88.743	34.684	-12.69	6.8	0.0	255.252	4.73	5.412	0.0	91.473	26.765	-1.136	26.0	0.0	200.133	6.47	6.6	0.0	89.623	32.286	-2.594	21.0	1.006	225.222	5.08	5.787	0.0	89.373	25.603	-8.844	48.2	0.0	220.282	4.96	5.537	0.0	87.511	0.0	0.0	19.4	0.0	194.902	6.33	6.037	1.063	89.543	16.885	-24.555	41.4	0.0	184.343	4.97	5.6	0.0	88.325	26.983	-25.346	13.4	0.0	205.558	6.02	6.1	0.0	85.058	25.82	-24.469	20.2	1.525	168.844	4.78	6.287	0.0	94.852	29.526	-24.424	30.6	1.668	247.696
40.28	4.912	1.063	97.285	27.564	-8.298	20.8	1.056	220.669	4.96	4.912	0.0	89.278	34.393	-12.551	6.8	0.0	309.79	4.76	5.412	0.0	91.481	26.983	-1.101	26.2	0.0	263.389	5.72	6.225	0.0	91.483	32.65	-8.009	21.0	1.131	233.747	5.24	5.975	0.0	88.829	25.82	-8.893	48.2	1.793	222.704	5.45	5.725	0.0	85.737	0.0	0.0	19.4	0.0	219.119	7.0	6.412	0.0	87.933	17.248	-24.79	41.4	0.0	178.628	5.08	5.537	0.0	87.761	27.491	-25.119	13.4	0.0	202.264	6.45	6.037	0.0	83.457	27.201	-24.232	20.2	0.0	178.144	4.72	6.1	0.0	94.795	29.671	-24.683	30.6	1.257	278.016
9.52	4.725	0.0	88.205	27.128	-8.339	20.8	1.835	208.367	4.94	4.975	0.0	88.861	34.321	-12.611	6.8	1.785	280.826	4.8	5.412	0.0	91.029	26.184	-1.171	26.2	1.324	224.157	6.27	6.35	0.0	90.241	32.359	-8.022	21.0	0.0	210.207	5.1	5.662	0.0	89.011	26.038	-8.822	48.2	0.0	202.167	5.08	5.6	0.0	86.632	0.0	0.0	19.4	0.0	210.014	6.57	6.225	0.532	89.125	16.667	-24.076	41.4	1.902	184.149	5.08	5.6	0.0	88.2	26.765	-25.447	13.4	1.634	226.482	6.06	5.912	0.0	84.565	27.128	-24.619	20.2	1.567	160.513	4.75	6.35	0.0	94.763	29.598	-24.661	30.6	1.877	259.514
7.16	4.725	1.063	87.773	27.273	-8.286	20.8	1.115	208.367	4.9	4.912	0.532	89.219	34.756	-12.551	6.8	1.483	256.221	4.69	5.475	0.0	91.797	26.111	-1.435	26.2	1.684	238.978	5.92	6.225	0.0	91.24	32.504	-2.495	21.0	0.0	218.054	5.08	5.85	0.0	89.696	24.803	-8.796	48.2	1.819	211.757	5.0	5.6	0.0	87.145	0.0	0.0	19.4	0.0	194.805	6.58	6.162	0.532	88.337	17.103	-24.273	41.4	2.103	186.959	4.96	5.6	0.0	88.344	27.273	-25.244	13.4	0.0	226.966	6.21	5.912	0.0	84.279	27.491	-24.619	20.2	0.0	150.051	4.75	6.225	0.0	94.844	29.671	-25.15	30.6	1.869	257.577
77.75	4.537	0.0	0.0	27.419	-8.341	20.8	1.617	215.632	4.88	4.975	1.063	89.602	34.538	-12.661	6.8	1.358	253.218	4.64	5.412	0.0	91.993	26.038	-1.275	26.2	0.0	217.666	5.64	6.1	0.0	92.302	32.577	-7.996	21.0	2.112	196.258	5.02	5.162	0.0	89.81	24.513	-8.724	48.2	1.517	203.33	4.88	5.412	0.0	87.557	0.0	0.0	19.4	0.0	200.811	5.98	5.725	0.532	90.488	17.32	-23.803	41.6	0.0	185.893	4.94	5.6	0.0	88.535	26.838	-25.038	13.4	0.0	212.145	5.68	5.85	0.0	85.567	26.983	-24.598	20.2	0.0	178.919	4.7	6.475	0.0	94.91	29.671	-24.919	30.6	1.433	225.416
0.0	4.725	0.0	0.0	27.201	-8.383	20.8	1.307	211.757	4.84	4.912	3.722	89.548	34.756	-12.6	6.8	0.955	235.781	4.58	5.225	0.0	92.143	25.966	-1.178	26.2	1.944	211.37	5.46	6.1	0.0	93.414	32.577	-8.032	21.0	1.676	185.796	4.96	5.85	0.0	89.923	25.021	-8.851	48.2	1.215	197.518	4.84	5.475	0.0	87.898	0.0	0.0	19.4	1.542	188.218	5.9	5.725	0.532	90.937	16.812	-23.476	41.6	0.0	173.784	4.88	5.537	0.0	88.694	27.128	-25.222	13.4	1.592	206.042	5.6	5.725	0.0	85.909	25.82	-24.45	20.2	0.0	210.692	5.02	6.412	0.0	94.798	29.526	-24.79	30.6	0.0	231.034
0.0	4.787	0.0	0.0	27.273	-8.346	20.8	1.5	218.441	4.86	4.912	2.659	89.553	34.829	-12.312	6.8	0.0	249.924	4.59	5.225	0.0	92.062	26.184	-1.178	26.2	2.053	221.929	5.38	6.1	0.0	93.803	32.286	-8.05	21.0	1.994	195.871	5.0	5.787	0.0	89.611	24.585	-8.927	48.2	0.0	201.586	4.74	5.35	0.0	87.939	0.0	0.0	19.4	1.291	196.743	5.75	5.725	1.063	91.47	16.885	-23.256	41.6	1.844	192.383	4.88	5.6	0.0	88.433	27.056	-25.346	13.4	1.182	203.717	5.66	5.725	0.0	85.833	26.692	-24.556	20.2	2.062	186.281	4.72	6.287	0.0	94.835	29.598	-24.96	30.6	0.0	213.307
0.0	4.787	3.19	0.0	27.491	-8.353	20.8	1.115	203.136	4.88	5.037	0.0	89.602	34.902	-12.621	6.8	0.0	244.402	4.6	5.225	0.0	92.107	26.038	-1.178	26.2	0.0	216.02	5.54	6.162	0.0	93.148	32.286	-2.438	21.0	0.0	203.717	5.05	5.6	0.0	89.925	24.731	-8.891	48.4	2.045	193.933	4.75	5.287	0.0	88.116	0.0	0.0	19.4	2.137	194.902	5.86	5.912	0.0	91.288	17.175	-23.095	41.6	0.964	180.856	4.88	5.6	0.0	88.564	26.765	-25.244	13.4	2.036	218.345	5.66	5.787	0.0	85.81	26.329	-24.364	20.2	0.0	183.471	4.86	6.412	0.0	95.234	29.598	-24.897	30.6	0.0	255.543
0.0	4.725	0.0	0.0	27.201	-8.412	20.8	1.559	219.119	4.94	4.975	0.0	89.143	34.902	-12.661	6.8	1.307	250.699	4.67	5.475	0.0	92.001	26.038	-1.052	26.2	0.0	232.294	5.62	6.162	0.0	92.797	32.577	-8.03	21.2	0.0	204.88	5.08	5.662	0.0	89.546	26.111	-8.843	48.4	2.036	199.842	4.82	5.225	0.0	87.871	0.0	0.0	19.4	0.0	196.161	5.88	5.912	0.0	91.272	17.466	-23.095	41.6	0.0	177.756	4.87	5.6	0.0	88.822	26.983	-25.346	13.4	0.0	212.242	5.65	5.85	0.0	85.966	27.201	-24.704	20.4	0.0	169.619	4.98	6.35	0.0	94.686	29.671	-24.227	30.6	1.274	238.203
120.13	4.787	0.0	0.0	27.273	-8.353	20.8	1.073	231.906	4.92	4.85	0.0	89.094	34.756	-12.64	6.8	1.249	270.46	4.68	5.35	0.0	91.899	26.111	-1.115	26.2	2.045	198.971	5.42	5.975	0.0	92.991	32.722	-8.001	21.2	2.028	190.93	4.92	5.85	0.0	90.254	26.111	-8.844	48.4	1.953	207.883	4.82	5.225	0.0	87.981	0.0	0.0	19.4	1.802	203.911	5.9	5.725	0.0	90.98	16.812	-22.926	41.6	0.0	177.756	4.96	5.787	0.0	88.322	27.564	-24.894	13.4	0.0	209.82	5.7	5.725	0.0	85.888	26.765	-24.128	20.4	0.0	143.852	5.09	6.475	0.0	94.535	29.598	-22.717	30.6	0.0	251.183
0.0	4.787	0.0	0.0	26.91	-8.346	20.8	0.0	216.407	4.94	4.975	0.532	89.013	34.611	-12.561	6.8	0.0	228.806	4.74	5.225	0.0	91.581	26.838	-1.178	26.2	0.0	210.111	5.46	6.1	0.0	93.558	32.359	-7.996	21.2	0.0	198.196	4.92	5.85	0.0	90.446	24.803	-8.837	48.4	1.467	192.868	4.8	5.35	0.0	88.129	0.0	0.0	19.4	1.257	195.871	5.94	5.85	1.063	90.777	16.739	-22.523	41.6	0.0	179.306	5.04	5.6	0.0	88.102	27.637	-25.346	13.4	1.416	207.786	5.76	5.912	0.0	85.45	27.637	-24.513	20.4	1.961	141.333	4.97	6.35	0.0	95.065	29.671	-23.346	30.6	0.0	195.58
