-1.0	7.037	0.532	0.0	26.329	-8.453	26.0	0.0	357.546	7.84	7.037	1.063	87.45	35.556	-15.344	11.2	2.095	273.367	7.52	7.037	0.0	90.479	26.692	-2.5	31.2	0.0	223.769	8.25	7.85	0.0	90.255	32.795	-2.93	26.2	0.0	212.92	8.0	8.537	0.0	86.609	14.415	-8.74	3.0	1.115	233.553	7.82	6.85	0.0	85.032	0.0	0.0	24.8	0.0	188.412	8.72	7.225	1.063	88.476	13.252	-12.034	46.6	1.131	180.372	7.9	7.6	0.0	85.97	27.201	-24.318	18.4	1.399	232.972	8.3	7.162	0.0	84.545	27.273	-23.722	24.8	1.366	162.257	7.64	7.35	0.0	92.585	19.936	-14.487	35.8	0.0	245.468
-1.0	6.787	0.532	0.0	26.111	-8.425	26.0	1.617	197.905	7.84	7.225	0.532	86.66	34.902	-15.611	11.2	1.098	288.478	7.63	7.225	0.0	89.877	26.765	-2.602	31.2	0.0	248.277	8.23	7.787	0.0	90.097	32.867	-2.908	26.2	1.668	201.392	7.95	8.412	0.0	86.868	14.705	-8.717	3.0	0.0	250.215	7.76	7.1	0.0	85.409	0.0	0.0	24.8	0.0	200.036	8.73	7.35	1.595	88.12	13.034	-12.137	46.6	0.0	183.181	7.79	7.6	0.0	86.239	26.838	-24.875	18.4	0.0	240.14	8.29	7.037	0.0	84.496	25.82	-24.46	24.8	1.106	185.506	7.61	7.35	0.0	92.535	19.791	-14.828	35.8	1.668	251.571
-1.0	6.662	4.785	0.0	26.402	-8.403	26.0	1.433	207.979	7.72	7.162	0.532	87.824	34.756	-15.295	11.2	0.0	219.894	7.62	7.037	0.0	89.787	27.419	-2.643	31.2	0.0	255.155	8.24	7.725	0.0	90.121	32.577	-2.922	26.2	0.0	226.191	7.9	8.537	0.0	86.992	14.56	-8.732	3.0	1.115	219.216	7.83	6.975	0.0	84.665	0.0	0.0	24.8	1.265	216.795	8.76	7.162	0.0	87.453	12.308	-12.024	46.6	2.129	195.386	7.8	7.6	0.0	85.831	26.91	-25.095	18.4	1.668	256.802	8.4	6.975	0.0	83.939	25.893	-24.328	24.8	2.137	209.336	7.67	7.037	0.0	92.042	19.863	-15.122	35.8	1.71	240.043
-1.0	6.662	0.0	0.0	26.329	-8.403	26.0	1.307	223.188	7.7	6.975	0.0	87.213	34.829	-15.714	11.2	0.0	271.526	7.64	6.975	0.0	89.398	26.983	-2.478	31.2	1.676	230.744	8.34	7.975	0.0	89.158	33.158	-2.938	26.2	1.701	223.382	7.86	8.662	0.0	87.027	14.56	-8.77	3.0	1.634	225.803	7.72	6.725	0.0	85.147	0.0	0.0	24.8	0.0	207.204	8.92	7.225	0.532	86.948	13.107	-12.158	46.6	1.215	201.683	7.76	7.6	0.0	86.277	26.692	-24.43	18.4	1.978	252.54	8.6	7.1	0.0	82.76	26.038	-1.0	24.8	0.0	228.516	7.58	7.162	0.0	92.103	19.936	-15.075	35.8	1.014	232.197
-1.0	6.787	0.0	0.0	26.329	-8.433	26.0	1.232	207.011	7.72	6.85	0.0	87.51	34.684	-18.333	11.2	0.0	211.854	7.42	6.975	0.0	90.518	27.128	-2.443	31.2	0.0	236.362	8.13	8.037	0.0	90.507	33.158	-3.106	26.2	1.835	207.495	7.78	8.35	0.0	87.39	14.705	-8.725	3.0	1.927	207.108	7.6	7.1	0.0	85.897	0.0	0.0	24.8	1.031	202.167	8.6	7.35	0.0	88.178	12.526	-12.096	46.6	0.0	183.859	7.73	7.662	0.0	86.247	27.491	-24.452	18.4	1.852	223.285	8.37	7.162	0.0	83.815	25.893	-24.613	24.8	0.0	202.942	7.54	7.162	0.0	92.558	20.081	-15.003	35.8	1.693	257.189
-1.0	6.912	0.532	0.0	25.893	-8.414	26.0	0.0	225.029	7.76	6.912	0.0	87.25	34.611	-15.545	11.2	2.095	324.126	7.47	7.037	0.0	90.401	26.692	-2.429	31.2	1.827	224.254	8.2	7.912	0.0	89.695	32.141	-3.061	26.2	1.265	199.842	7.89	8.412	0.0	86.967	14.85	-8.741	3.0	1.919	205.848	7.6	6.975	0.0	85.783	0.0	0.0	24.8	0.0	205.461	8.73	7.412	0.532	87.581	12.816	-12.189	46.6	1.156	192.48	7.75	7.725	0.0	86.161	27.491	-24.249	18.4	1.969	234.328	8.37	7.35	0.0	83.721	25.82	-23.785	24.8	0.0	158.188	7.59	7.35	0.0	92.106	20.081	-15.485	35.8	1.048	223.382
-1.0	7.037	1.063	0.0	26.256	-8.428	26.0	1.592	280.051	7.72	7.1	0.0	87.33	34.756	-15.282	11.2	1.366	326.839	7.56	7.037	0.0	89.663	27.128	-2.856	31.2	2.095	217.666	8.22	7.975	0.0	89.81	32.867	-8.253	26.2	1.182	247.502	7.82	8.35	0.0	87.04	14.56	-8.725	3.0	1.659	211.273	7.64	7.1	0.0	85.724	0.0	0.0	24.8	1.006	230.26	8.74	7.412	0.532	87.988	12.526	-12.189	46.6	0.913	167.875	7.7	7.537	0.0	86.058	26.765	-24.409	18.4	1.056	242.078	8.4	7.162	0.0	83.634	25.893	-25.05	24.8	1.617	207.979	7.46	7.537	0.0	92.664	20.227	-15.449	35.8	1.098	247.502
-1.0	6.85	0.0	0.0	25.966	-8.432	26.0	0.0	290.125	7.7	7.1	0.0	87.348	34.829	-15.208	11.2	1.55	278.016	7.4	7.1	0.0	90.383	27.128	-2.522	31.2	0.0	222.51	8.3	7.85	0.0	89.059	33.303	-2.967	26.2	0.0	199.842	7.77	8.475	0.0	87.365	14.124	-8.787	3.0	0.0	209.723	7.74	7.162	0.0	84.875	0.0	0.0	24.8	0.0	208.367	8.72	7.412	0.0	87.668	12.38	-12.106	46.6	0.0	182.018	7.75	7.85	0.0	85.888	26.62	-24.065	18.4	1.14	233.553	8.3	7.162	0.0	84.102	27.056	-24.392	24.8	1.148	165.26	7.44	7.35	0.0	92.384	20.154	-15.716	35.8	1.726	247.405
-1.0	6.85	0.0	0.0	25.82	-8.44	26.0	1.693	279.276	7.63	7.35	0.0	88.069	34.829	-15.409	11.2	1.441	268.039	7.29	7.1	0.0	90.743	27.128	-2.522	31.2	0.0	224.544	8.22	8.037	0.0	89.634	32.504	-3.033	26.2	1.718	202.361	7.71	8.35	0.0	87.642	14.487	-8.749	3.0	0.0	260.289	7.62	6.912	0.0	85.582	0.0	0.0	24.8	1.969	210.692	8.6	7.412	0.532	88.29	12.889	-12.189	46.6	0.0	188.605	7.67	7.725	0.0	86.505	26.983	-24.361	18.4	1.777	229.678	8.5	7.225	0.0	83.375	26.765	-24.079	24.8	0.0	204.88	7.4	7.35	0.0	92.963	20.227	-15.485	35.8	0.0	266.004
-1.0	7.037	0.532	0.0	25.82	-8.428	26.0	0.0	278.694	7.55	7.225	0.0	88.405	35.41	-15.383	11.2	0.0	303.493	7.36	7.037	0.0	90.611	27.056	-2.572	31.2	0.0	230.356	8.02	8.037	0.0	90.977	32.577	-3.142	26.2	1.19	201.392	7.66	8.225	0.0	87.674	14.56	-8.734	3.0	1.659	243.918	7.59	7.1	0.0	85.666	0.0	0.0	24.8	1.802	215.729	8.62	7.412	0.532	88.451	13.034	-12.827	46.6	1.056	183.181	7.6	7.6	0.0	86.669	27.201	-24.318	18.4	0.0	246.631	8.2	6.912	0.0	84.451	25.675	-24.307	24.8	0.0	175.044	7.36	7.6	0.0	93.475	19.863	-15.092	35.8	1.634	238.978
-1.0	6.975	0.0	0.0	26.692	-8.454	26.0	2.062	284.216	7.62	7.287	0.532	87.799	34.466	-15.247	11.2	1.089	271.139	7.22	7.225	0.0	90.639	26.62	-2.494	31.2	1.106	259.805	7.98	8.1	0.0	90.75	32.722	-3.019	26.2	0.0	224.932	7.7	8.225	0.0	87.595	14.56	-8.75	3.0	1.232	240.431	7.49	7.1	0.0	85.665	0.0	0.0	24.8	1.525	197.711	8.6	7.6	1.063	87.886	12.889	-12.096	46.6	1.559	177.95	7.5	7.725	0.0	86.645	26.838	-24.585	18.4	1.852	237.428	8.3	7.35	0.0	83.751	26.91	-24.456	24.8	0.0	216.117	7.25	7.287	0.0	92.86	19.936	-14.816	35.8	0.0	298.262
-1.0	7.037	0.0	0.0	25.893	-8.437	26.0	0.0	330.035	7.53	7.162	0.0	87.575	35.047	-15.148	11.2	1.45	322.092	7.34	7.162	0.0	90.584	26.474	-2.472	31.2	0.0	228.903	7.91	7.975	0.0	91.207	33.013	-3.047	26.2	1.827	210.595	7.69	8.35	0.0	87.39	14.633	-8.765	3.0	2.095	208.367	7.46	7.1	0.0	86.022	0.0	0.0	24.8	1.383	210.304	8.63	7.537	0.532	88.096	12.526	-12.295	46.6	1.751	182.018	7.54	7.787	0.0	86.835	27.273	-24.383	18.4	1.86	229.194	8.22	7.35	0.0	84.293	25.603	-24.677	24.8	2.053	136.199	7.31	7.35	0.0	93.316	19.936	-14.828	35.8	2.137	249.827
-1.0	6.787	0.532	0.0	26.184	-8.433	26.0	1.224	308.24	7.56	7.225	0.0	87.985	35.047	-15.383	11.2	1.14	285.378	7.21	7.162	0.0	90.852	27.056	-2.616	31.2	1.173	226.482	7.9	7.912	0.0	91.226	32.577	-3.025	26.2	0.0	194.805	7.65	7.912	0.0	87.65	14.923	-8.705	3.0	1.869	216.891	7.49	7.037	0.0	86.143	0.0	0.0	24.8	0.0	210.789	8.44	7.662	1.595	89.117	12.526	-12.403	46.6	0.0	181.34	7.53	7.85	0.0	86.788	26.474	-24.628	18.4	0.0	222.607	8.05	7.287	0.0	84.926	26.111	-24.545	24.8	0.0	176.206	7.28	7.35	0.0	93.537	20.227	-14.487	35.8	0.0	242.078
-1.0	6.787	0.0	0.0	25.893	-8.4	26.0	1.064	207.883	7.52	6.975	0.0	87.908	34.902	-15.256	11.2	2.137	306.787	7.32	7.162	0.0	90.557	27.273	-2.11	31.2	0.0	223.866	7.93	7.975	0.0	91.018	33.086	-3.047	26.2	2.02	202.748	7.64	8.162	0.0	87.625	14.633	-8.75	3.0	1.919	211.757	7.38	7.037	0.0	86.207	0.0	0.0	24.8	0.0	200.908	8.42	7.412	0.0	89.068	12.889	-12.361	46.6	1.508	185.893	7.5	7.85	0.0	86.735	27.128	-23.611	18.4	0.0	217.957	8.1	7.287	0.0	84.776	27.056	-24.434	24.8	0.0	151.795	7.22	7.1	0.0	93.145	19.791	-13.989	35.8	1.919	268.426
-1.0	6.725	1.063	0.0	25.893	-8.402	26.0	0.0	313.277	7.59	7.1	0.0	87.657	34.902	-15.208	11.2	1.291	324.223	7.34	7.1	0.0	90.649	26.838	-2.45	31.2	0.0	233.941	7.96	7.975	0.0	90.897	32.65	-8.179	26.2	2.062	209.82	7.73	8.162	0.0	87.198	14.56	-8.719	3.0	1.718	236.847	7.43	7.037	0.0	86.265	0.0	0.0	24.8	1.802	206.623	8.48	7.6	6.912	88.905	12.453	-12.482	46.6	1.835	166.713	7.54	7.725	0.0	86.926	27.273	-23.57	18.4	1.575	222.122	8.06	7.287	0.0	85.067	26.62	-24.545	24.8	1.659	172.719	7.35	7.287	0.0	93.138	19.863	-14.087	35.8	1.341	254.864
-1.0	6.787	0.0	0.0	26.474	-8.409	26.0	0.0	314.536	7.56	7.1	3.722	87.851	34.466	-15.135	11.2	1.433	287.025	7.22	7.037	0.0	90.725	27.201	-2.429	31.2	1.802	236.944	8.03	8.162	0.0	90.416	32.867	-2.783	26.2	1.006	225.416	7.71	8.225	0.0	87.283	14.705	-8.734	3.0	1.056	240.334	7.48	7.162	0.0	85.913	0.0	0.0	24.8	0.0	204.105	8.53	7.537	0.532	88.428	12.453	-12.382	46.6	1.316	181.631	7.51	7.787	0.0	86.828	26.983	-24.495	18.4	1.056	257.189	8.1	7.1	0.0	84.706	25.53	-24.591	24.8	1.399	164.969	7.29	7.287	0.0	93.206	19.863	-14.024	35.8	0.0	243.628
-1.0	6.975	0.0	0.0	26.111	-8.446	26.0	1.651	344.372	7.66	7.225	0.0	87.361	34.902	-15.383	11.2	1.978	290.803	7.46	7.225	0.0	90.095	26.765	-2.602	31.2	1.743	234.425	8.1	7.975	0.0	90.216	32.722	-3.12	26.2	0.939	180.081	7.92	8.412	0.0	86.203	14.56	-8.772	3.0	0.0	207.979	7.5	6.912	0.0	85.553	0.0	0.0	24.8	0.0	200.036	8.6	7.6	1.063	88.178	12.961	-12.262	46.6	0.0	185.409	7.6	7.725	0.0	86.397	26.838	-24.249	18.4	0.98	222.607	8.2	7.287	0.0	84.335	27.128	-24.656	24.8	1.542	162.935	7.52	7.412	0.0	91.96	19.936	-13.805	35.8	1.207	237.815
-1.0	6.975	0.532	0.0	26.111	-8.421	26.0	0.0	298.65	7.68	7.287	0.0	87.545	34.829	-15.247	11.2	0.0	285.863	7.44	7.225	0.0	90.112	26.765	-2.53	31.2	1.626	237.04	8.06	8.037	0.0	90.554	32.795	-8.186	26.2	1.366	199.746	7.79	8.225	0.0	87.1	14.342	-8.765	3.0	0.0	257.964	7.61	7.412	0.0	85.488	0.0	0.0	24.8	1.123	203.717	8.58	7.537	1.063	88.463	12.744	-12.382	46.6	1.098	184.343	7.68	7.662	0.0	86.212	26.983	-24.452	18.4	1.257	232.681	8.17	7.162	0.0	84.444	25.603	-24.613	24.8	1.793	187.637	7.44	7.412	0.0	92.932	19.791	-13.865	35.8	0.947	228.71
-1.0	6.85	0.532	0.0	26.038	-8.415	26.0	2.062	222.51	7.58	7.287	0.0	88.501	34.538	-15.472	11.2	0.972	242.659	7.3	7.162	0.0	90.725	26.547	-2.436	31.2	0.0	287.8	8.02	8.1	0.0	90.804	32.867	-8.193	26.2	0.0	197.421	7.7	8.225	0.0	87.908	14.487	-8.742	3.0	1.944	211.37	7.6	7.1	0.0	85.393	0.0	0.0	24.8	0.0	213.792	8.59	7.6	0.0	88.443	12.816	-12.392	46.6	1.123	177.369	7.75	7.85	0.0	85.979	27.419	-24.178	18.4	1.416	229.581	8.2	7.1	0.0	84.614	27.201	-24.591	24.8	1.877	179.306	7.38	7.537	0.0	93.021	19.936	-13.769	35.8	0.0	254.089
-1.0	6.662	1.063	0.0	26.184	-8.386	26.0	1.567	286.928	7.63	7.35	3.19	87.645	34.611	-15.26	11.2	1.291	302.428	7.4	7.287	0.0	90.556	27.201	-2.624	31.2	0.98	243.918	7.98	8.162	0.0	91.225	32.577	-8.2	26.2	0.0	225.416	7.72	8.35	0.0	87.645	14.487	-8.765	3.0	0.0	257.964	7.53	7.1	0.0	85.834	0.0	0.0	24.8	1.802	202.942	8.54	7.537	0.0	88.743	12.38	-12.426	46.6	0.0	181.534	7.66	7.787	0.0	86.503	27.346	-24.044	18.4	1.978	228.806	8.25	7.35	0.0	84.417	25.603	-24.567	24.8	1.316	213.404	7.36	7.412	0.0	93.141	19.936	-13.986	35.8	1.165	254.477
-1.0	6.975	0.0	0.0	26.329	-8.446	26.0	1.324	264.939	7.58	7.225	0.0	87.475	34.902	-14.873	11.2	1.433	245.468	7.36	7.1	0.0	90.719	27.201	-2.27	31.2	0.0	238.493	7.99	7.975	0.0	91.228	32.867	-3.192	26.2	1.601	211.079	7.63	8.412	0.0	87.757	14.56	-8.78	3.0	0.0	218.732	7.54	7.1	0.0	86.064	0.0	0.0	24.8	1.609	247.309	8.56	7.725	1.063	88.659	12.453	-12.458	46.6	1.802	193.449	7.58	7.85	0.0	86.958	27.346	-24.065	18.4	0.0	254.477	8.16	7.35	0.0	84.744	25.457	-24.456	24.8	1.291	162.935	7.35	7.537	0.0	93.431	19.645	-14.198	35.8	0.0	267.167
-1.0	6.975	0.0	0.0	25.82	-8.446	26.0	1.064	323.061	7.62	7.287	0.0	87.485	34.321	-15.101	11.2	1.525	320.736	7.38	7.162	0.0	90.248	26.402	-2.472	31.2	1.215	223.285	8.04	8.1	0.0	90.462	33.013	-2.614	26.2	1.441	196.355	7.77	8.35	0.0	87.028	14.705	-8.856	3.0	1.324	212.532	7.46	7.225	0.0	85.772	0.0	0.0	24.8	1.609	190.93	8.58	7.6	2.127	88.53	12.526	-12.573	46.6	0.0	179.597	7.61	7.975	0.0	86.491	26.838	-24.221	18.4	1.458	228.903	8.16	7.225	0.0	84.628	26.474	-24.524	24.8	0.0	172.622	7.42	7.412	0.0	92.821	19.791	-13.687	35.8	1.291	241.303
-1.0	6.912	0.532	0.0	26.329	-8.431	26.0	1.073	202.555	7.63	7.162	0.0	87.846	34.902	-15.221	11.2	2.087	249.052	7.44	7.287	0.0	90.177	26.983	-2.516	31.2	0.0	243.821	8.08	7.975	0.0	90.385	32.867	-2.644	26.2	0.0	211.37	7.71	8.287	0.0	87.485	14.342	-8.773	3.0	0.0	213.695	7.58	7.037	0.0	85.595	0.0	0.0	24.8	0.0	219.41	8.58	7.6	5.849	88.419	12.598	-12.392	46.6	1.777	188.605	7.61	7.975	0.0	86.491	26.91	-23.539	18.4	2.103	240.14	8.16	7.287	0.0	84.605	26.692	-24.656	24.8	0.0	214.373	7.42	7.412	0.0	92.863	19.791	-13.805	35.8	0.972	238.784
-1.0	7.037	0.0	0.0	25.966	-8.51	26.0	0.0	197.808	7.56	7.1	0.0	87.784	34.538	-15.208	11.2	1.659	277.338	7.42	7.162	0.0	90.215	27.201	-2.436	31.2	1.391	226.966	8.0	7.975	0.0	90.365	32.722	-2.681	26.2	1.969	210.207	7.76	8.225	0.0	87.025	14.56	-8.757	3.0	0.0	267.651	7.58	6.912	0.0	85.572	0.0	0.0	24.8	0.0	203.717	8.57	7.6	1.063	88.26	12.526	-12.437	46.6	0.0	174.269	7.61	7.85	0.0	86.309	26.91	-24.628	18.4	0.0	242.465	8.18	7.225	0.0	84.33	25.457	-24.634	24.8	0.0	221.154	7.39	7.412	0.0	92.939	20.081	-13.986	35.8	1.064	248.374
-1.0	6.6	0.0	0.0	26.402	-8.396	26.0	0.0	237.428	7.61	7.162	0.0	87.617	35.12	-15.221	11.2	1.467	255.93	7.32	7.037	0.0	90.622	26.62	-2.429	31.2	1.198	271.139	7.96	7.85	0.0	90.875	32.722	-2.638	26.2	0.0	193.255	7.7	8.475	0.0	87.348	14.705	-8.772	3.0	1.852	271.526	7.54	7.35	0.0	85.654	0.0	0.0	24.8	2.011	203.717	8.57	7.6	0.532	88.304	13.107	-12.619	46.6	1.827	190.446	7.56	7.662	0.0	86.501	27.056	-24.34	18.4	0.0	245.468	8.26	7.287	0.0	83.976	27.128	-24.545	24.8	1.751	177.369	7.38	7.287	0.0	92.684	20.009	-14.343	35.8	1.316	250.118
-1.0	6.787	1.063	0.0	25.966	-8.409	26.0	1.156	299.037	7.63	6.725	0.0	87.667	34.684	-15.058	11.2	0.0	279.566	7.38	7.1	0.0	90.508	26.692	-2.378	31.2	0.0	231.228	8.02	7.85	0.0	90.196	33.086	-2.638	26.2	0.0	214.567	7.7	8.162	0.0	87.415	14.56	-8.727	3.0	1.006	216.891	7.6	6.975	0.0	85.416	0.0	0.0	24.8	0.0	210.692	8.59	7.35	2.127	88.13	12.816	-12.307	46.6	1.877	165.163	7.6	7.787	0.0	86.352	26.692	-24.383	18.4	0.0	249.73	8.21	7.225	0.0	84.104	26.692	-24.634	24.8	0.939	174.947	7.36	7.287	0.0	93.141	20.081	-14.278	35.8	0.0	255.252
-1.0	6.6	0.0	0.0	26.184	-8.379	26.0	1.777	233.941	7.54	6.912	0.532	87.779	35.047	-15.024	11.2	0.0	248.665	7.38	7.1	0.0	90.205	26.765	-2.45	31.2	1.349	249.537	7.94	7.787	0.0	90.675	33.086	-2.616	26.2	0.0	189.768	7.74	8.037	0.0	87.02	14.56	-8.728	3.0	0.0	246.243	7.48	7.1	0.0	85.754	0.0	0.0	24.8	0.0	204.686	8.52	7.35	1.063	88.403	12.816	-12.485	46.6	0.0	176.303	7.58	7.6	0.0	86.392	27.273	-24.318	18.4	0.0	222.704	8.08	7.037	0.0	84.632	27.201	-24.57	24.8	0.913	161.869	7.35	7.225	0.0	92.761	20.081	-14.331	35.8	1.089	280.729
-1.0	6.287	0.0	0.0	25.82	-8.353	26.0	0.0	330.714	7.54	6.912	0.532	87.51	34.538	-14.881	11.2	0.0	306.69	7.4	7.1	0.0	90.253	27.056	-2.378	31.2	0.0	198.777	8.0	7.912	0.0	90.539	32.722	-2.549	26.2	0.0	213.017	7.74	8.35	0.0	87.02	14.487	-8.772	3.0	0.0	275.401	7.52	7.287	0.0	85.144	0.0	0.0	24.8	0.947	213.404	8.53	7.412	1.063	88.003	12.598	-12.541	46.6	0.0	184.343	7.5	7.725	0.0	86.169	27.128	-24.023	18.4	0.0	238.203	8.15	7.037	0.0	84.37	26.111	-24.57	24.8	0.0	149.664	7.4	7.162	0.0	92.268	19.718	-14.45	35.8	1.525	325.773
-1.0	6.35	2.127	0.0	25.675	-8.376	26.0	0.0	184.343	7.54	6.787	0.0	87.756	34.829	-14.785	11.2	1.936	196.355	7.36	7.1	0.0	90.351	26.547	-2.414	31.2	2.062	242.853	8.0	7.912	0.0	90.365	32.577	-2.586	26.2	0.0	208.27	7.58	8.475	0.0	87.722	14.923	-8.756	3.0	0.0	204.008	7.63	7.1	0.0	85.033	0.0	0.0	24.8	0.0	207.883	8.57	7.225	3.19	88.036	12.453	-12.418	46.6	1.735	189.284	7.6	7.6	0.0	86.216	27.201	-23.981	18.4	0.0	239.559	8.23	7.225	0.0	83.992	26.765	-1.0	24.8	0.0	205.461	7.36	7.037	0.0	92.784	20.009	-14.294	35.8	0.0	271.429
-1.0	5.912	0.532	0.0	25.82	-8.32	26.0	1.978	209.045	7.5	6.225	0.0	87.679	35.12	-16.706	11.2	1.224	191.705	7.35	6.85	0.0	90.067	26.765	-2.292	31.2	0.0	228.032	8.0	7.975	0.0	90.321	32.795	-2.681	26.2	0.0	209.432	7.62	8.287	0.0	87.171	14.415	-8.749	3.0	1.575	220.669	7.31	6.85	0.0	86.009	0.0	0.0	24.8	2.003	200.617	8.39	7.35	1.063	88.816	12.889	-12.767	46.6	1.584	169.619	7.5	7.6	0.0	86.373	26.91	-24.094	18.4	1.86	222.897	8.08	7.162	0.0	84.539	25.53	-25.05	24.8	0.0	189.38	7.36	6.912	0.0	92.973	20.009	-14.671	35.8	1.106	235.394
