11.04	19.6	702.934	50.79	25.312	-13.816	34.8	1.156	247.115	9.58	16.85	726.33	51.898	33.449	-9.696	28.8	0.0	278.404	9.66	20.35	0.0	52.783	24.367	-12.065	0.0	0.0	243.24	11.3	25.225	0.0	49.411	31.342	-8.492	35.0	1.039	207.204	10.56	17.788	0.0	51.305	10.564	-10.622	0.0	1.81	192.48	10.64	14.287	0.0	50.736	0.0	0.0	0.2	1.458	200.908	11.4	16.475	719.949	51.938	10.492	-1.0	0.0	1.416	191.318	10.38	14.412	0.0	53.096	26.474	-14.282	31.6	1.081	244.693	10.87	17.913	0.0	51.408	22.406	-1.0	0.0	0.0	171.556	10.89	23.6	0.0	53.259	10.201	-1.0	37.2	1.718	249.73
11.83	21.663	709.315	51.845	24.44	-14.514	34.8	0.0	298.94	9.64	17.038	703.466	51.361	33.594	-9.685	28.8	2.078	240.043	9.68	21.85	0.0	51.942	23.859	-12.294	0.0	2.087	239.365	11.13	26.663	0.0	51.23	31.051	-8.986	35.0	0.0	176.109	10.92	18.475	0.0	50.192	10.782	-10.729	0.0	0.0	186.668	10.57	15.225	0.0	49.623	0.0	0.0	0.2	2.137	211.757	11.86	18.413	714.101	52.093	10.056	-1.0	0.0	1.894	186.668	10.6	14.912	0.0	50.731	26.402	-16.225	31.6	1.936	225.029	11.26	19.913	0.0	51.187	22.551	-1.0	0.0	0.0	166.907	11.18	25.413	0.0	49.673	9.91	-36.069	37.2	1.098	191.705
11.91	21.6	737.496	50.448	25.893	-14.321	34.8	1.014	357.934	9.58	16.35	741.75	52.26	33.812	-9.584	28.8	0.0	292.741	9.48	20.85	0.0	51.551	24.513	-12.164	0.0	2.137	223.479	11.42	28.038	0.0	49.612	31.051	-9.514	35.0	1.969	182.406	10.66	17.85	0.0	51.349	11.291	-10.633	0.0	1.224	158.382	11.18	16.538	0.0	50.718	0.0	0.0	0.2	1.701	177.175	11.66	18.85	749.194	49.057	10.274	-1.0	0.0	1.927	178.047	10.38	15.787	0.0	53.126	26.474	-14.816	31.6	1.659	218.054	11.52	20.725	0.0	50.18	22.043	-1.0	0.0	0.0	167.875	11.38	25.913	0.0	49.268	10.419	-36.414	37.2	0.0	196.549
11.42	20.163	657.738	53.846	25.239	-14.07	34.8	1.86	210.304	9.81	16.538	703.466	52.533	33.376	-9.592	28.8	0.0	256.705	9.86	21.288	0.0	51.391	24.513	-12.43	0.0	1.944	247.502	11.88	26.1	0.0	51.119	30.906	-8.793	35.0	0.0	207.011	10.89	17.788	0.0	51.197	10.782	-10.639	0.0	0.0	181.631	10.98	16.225	0.0	49.954	0.0	0.0	0.2	0.0	211.854	11.62	17.975	691.768	50.194	10.419	-1.0	0.0	1.969	168.844	10.89	15.975	0.0	53.59	26.474	-14.859	31.6	2.045	232.584	11.54	19.85	0.0	50.275	22.697	-1.0	0.0	0.0	133.874	11.69	26.725	0.0	51.49	9.91	-36.988	37.2	1.24	215.342
11.92	20.475	724.735	51.949	25.312	-14.187	34.8	1.886	169.135	10.3	18.85	730.584	51.664	33.521	-10.07	28.8	2.02	300.781	9.74	21.163	0.0	52.433	24.077	-12.343	0.0	0.0	205.267	11.58	26.225	0.0	50.311	31.124	-9.105	35.0	0.0	194.805	11.12	18.475	0.0	51.747	11.218	-10.755	0.0	1.173	205.945	11.16	16.1	0.0	51.173	0.0	0.0	0.2	1.986	202.167	12.12	19.1	732.711	53.222	10.274	-1.0	0.0	1.961	188.993	10.63	15.287	0.0	52.346	26.765	-15.528	31.6	2.137	214.954	11.89	20.663	0.0	50.599	22.115	-1.0	0.0	0.0	166.713	11.54	25.788	0.0	49.412	9.983	-1.0	37.2	1.819	192.577
11.72	19.725	673.158	52.408	25.675	-14.014	34.8	2.12	225.029	9.68	18.038	696.554	51.76	33.449	-9.787	28.8	2.12	256.802	9.8	20.663	0.0	52.863	24.004	-12.366	0.0	0.0	230.841	12.08	26.6	0.0	51.666	30.615	-9.019	35.0	0.0	199.842	10.98	18.788	0.0	51.393	11.291	-10.773	0.0	1.969	201.199	11.23	16.475	0.0	50.755	0.0	0.0	0.2	0.0	183.375	11.77	18.913	719.418	51.257	10.274	-1.0	0.0	0.0	184.537	10.53	15.6	0.0	53.568	26.474	-15.017	31.6	0.0	199.746	11.78	20.975	0.0	49.815	22.479	-1.0	0.0	0.0	183.568	11.22	25.913	0.0	51.943	9.91	-1.0	37.2	1.802	231.228
11.43	20.725	726.33	49.799	24.949	-14.29	34.8	0.0	228.903	9.74	17.038	732.711	49.605	33.158	-9.646	28.8	0.0	268.426	9.94	21.1	0.0	50.122	24.585	-12.661	0.0	1.064	250.118	11.86	25.163	0.0	49.794	30.833	-8.63	35.0	0.0	202.942	10.95	18.35	0.0	48.778	10.782	-10.691	0.0	0.0	211.467	11.54	16.538	0.0	49.412	0.0	0.0	0.2	0.0	183.568	11.93	19.1	753.98	50.173	10.201	-1.0	0.0	1.827	172.331	10.82	16.288	0.0	54.179	26.765	-15.239	31.6	2.078	225.222	11.4	19.6	0.0	49.548	21.97	-1.0	0.0	0.0	154.992	10.74	23.35	0.0	49.029	10.564	-1.0	37.2	2.053	208.658
11.58	20.725	728.457	50.925	25.53	-14.245	34.8	0.0	290.319	10.0	18.288	744.409	49.977	33.594	-9.815	28.8	1.844	288.866	9.92	21.6	0.0	49.905	24.077	-12.603	0.0	1.55	236.653	11.54	24.85	0.0	50.152	30.979	-8.574	35.0	1.332	198.971	10.93	18.725	0.0	49.239	11.218	-10.754	0.0	1.886	263.776	11.04	15.412	0.0	49.747	0.0	0.0	0.2	1.542	204.105	11.82	17.663	754.511	50.927	10.201	-1.0	0.0	1.324	184.149	10.6	15.537	0.0	51.28	26.474	-14.76	31.6	1.55	225.416	11.28	19.35	0.0	49.779	22.333	-1.0	0.0	0.0	149.858	10.92	25.225	0.0	49.392	10.056	-1.0	37.2	1.827	229.097
12.47	21.038	694.427	50.523	25.53	-14.319	34.8	0.0	55.603	10.37	19.288	731.116	50.455	33.449	-10.032	28.8	1.165	288.866	9.98	22.475	0.0	50.586	24.585	-12.767	0.0	0.0	252.443	11.74	27.788	0.0	46.916	31.342	-9.372	35.0	1.994	189.284	11.06	19.038	0.0	51.8	11.145	-10.799	0.0	0.0	263.776	10.9	16.288	0.0	49.42	0.0	0.0	0.2	0.0	199.455	11.65	18.788	722.608	48.279	10.056	-1.0	0.0	0.0	210.304	10.56	16.35	0.0	51.274	26.329	-14.71	31.6	0.964	233.941	12.08	21.35	0.0	51.054	22.043	-1.0	0.0	0.0	167.585	11.2	27.85	0.0	48.904	10.201	-1.0	37.2	0.0	176.303
11.5	20.413	732.711	49.283	25.239	-14.261	34.8	0.0	298.94	9.66	17.1	741.218	50.451	33.521	-9.358	28.8	1.173	293.031	9.93	23.038	0.0	50.12	24.295	-12.867	0.0	1.265	252.83	12.28	28.35	0.0	48.33	30.906	-9.789	35.0	0.0	168.844	11.27	18.85	0.0	49.037	10.637	-10.775	0.0	1.048	209.917	11.6	17.788	0.0	50.037	0.0	0.0	0.2	0.947	190.446	11.88	20.35	770.995	47.56	9.983	-1.0	0.0	0.0	221.057	10.94	16.85	0.0	50.471	26.62	-14.542	31.6	1.433	252.733	12.18	23.038	0.0	48.161	22.479	-1.0	0.0	0.0	198.292	11.92	28.163	0.0	51.247	9.983	-1.0	37.2	0.0	157.607
12.32	23.538	752.384	50.349	25.312	-15.032	34.8	0.0	348.828	10.48	18.663	767.273	50.592	33.667	-9.873	28.8	2.036	312.599	10.36	23.85	0.0	48.454	24.15	-13.025	0.0	1.751	249.052	11.76	28.1	0.0	48.542	31.415	-9.702	35.0	2.062	202.942	11.45	20.038	0.0	47.631	11.0	-10.982	0.0	0.964	264.842	11.58	17.788	0.0	48.27	0.0	0.0	0.2	1.299	208.658	12.74	21.288	789.605	47.67	10.782	-1.0	0.0	0.0	221.735	10.96	17.413	0.0	49.859	26.474	-14.507	31.6	0.0	221.541	12.85	23.35	0.0	47.056	22.261	-1.0	0.0	0.0	156.638	11.39	26.85	0.0	46.684	10.128	-1.0	37.2	1.215	245.952
13.16	22.038	742.813	47.063	25.603	-17.308	34.8	0.0	212.145	10.24	18.35	759.828	51.078	33.739	-9.794	28.8	2.129	254.768	10.18	21.85	0.0	49.141	23.932	-12.526	0.0	1.5	218.345	11.7	27.725	0.0	49.711	30.543	-9.517	35.0	1.215	184.537	10.97	18.788	0.0	48.936	11.145	-10.739	0.0	1.056	122.54	11.76	17.538	0.0	46.888	0.0	0.0	0.2	0.0	162.644	12.28	20.913	779.502	46.292	10.637	-1.0	0.0	0.0	338.172	11.72	18.1	0.0	50.145	27.056	-14.611	31.6	0.0	323.739	12.49	22.538	0.0	45.051	22.406	-1.0	0.0	0.0	197.518	12.24	29.1	0.0	50.277	10.564	-1.0	37.2	0.0	182.6
11.91	21.6	737.496	47.063	25.82	-14.638	34.8	2.062	258.352	9.94	18.538	734.306	49.785	33.594	-9.914	28.8	0.0	264.067	9.92	22.163	0.0	47.498	24.004	-12.471	0.0	0.0	230.841	11.83	27.85	0.0	49.543	30.833	-9.504	35.0	0.0	173.397	11.29	19.6	0.0	49.039	11.218	-10.879	0.0	0.972	46.594	11.33	16.913	0.0	46.332	0.0	0.0	0.2	2.112	185.893	12.58	19.413	768.868	47.085	10.492	-1.0	0.0	1.341	172.719	10.8	16.85	0.0	46.611	26.184	-14.223	31.6	1.936	223.769	12.12	21.288	0.0	45.988	22.115	-1.0	0.0	0.0	148.889	12.12	28.288	0.0	50.23	9.838	-1.0	37.2	0.0	226.966
12.7	24.163	765.146	48.477	25.021	-15.343	34.8	0.0	248.568	10.54	19.663	782.161	50.6	33.376	-9.979	28.8	0.93	278.791	10.76	24.225	0.0	46.292	24.44	-13.065	0.0	0.0	277.726	12.91	29.225	0.0	43.473	31.051	-10.092	35.0	0.0	234.328	11.6	20.725	0.0	46.836	10.782	-11.088	0.0	0.0	68.003	11.43	17.725	0.0	46.376	0.0	0.0	0.2	1.534	196.355	11.84	20.288	802.898	48.304	9.91	-32.88	0.0	0.0	179.112	11.29	17.663	0.0	48.637	26.329	-14.353	31.6	1.265	270.364	11.82	21.288	0.0	47.928	22.333	-1.0	0.0	0.0	169.135	12.22	27.35	0.0	48.789	10.128	-1.0	37.2	0.0	44.366
13.09	23.538	772.59	47.589	25.603	-14.845	34.8	0.0	206.333	9.99	18.163	790.668	50.404	33.376	-9.826	28.8	1.802	262.905	11.07	25.225	0.0	45.576	24.295	-13.436	0.0	0.0	15.596	13.63	29.725	0.0	43.589	30.543	-10.323	35.0	0.0	223.866	12.17	20.975	0.0	46.215	10.855	-11.124	0.0	0.0	182.212	11.8	18.663	0.0	44.715	0.0	0.0	0.2	0.0	57.638	12.09	21.1	811.937	50.533	9.91	-33.099	0.0	0.0	32.451	11.87	18.538	0.0	46.682	26.402	-14.4	31.6	0.0	276.176	11.62	22.163	0.0	48.307	22.261	-1.0	0.0	0.0	322.673	12.28	29.538	0.0	47.549	10.419	-1.0	37.2	0.0	233.456
12.06	20.538	739.623	47.833	25.167	-14.524	34.8	1.24	255.252	9.83	17.85	794.922	49.709	33.158	-9.698	28.8	0.0	262.711	10.59	23.413	0.0	47.459	24.44	-12.84	0.0	0.93	215.729	12.72	28.975	0.0	45.745	30.979	-11.64	35.0	0.0	68.196	11.84	20.788	0.0	47.117	11.363	-11.099	0.0	0.0	161.676	12.68	18.6	0.0	42.707	0.0	0.0	0.2	0.0	61.028	11.6	20.163	814.064	54.472	10.346	-1.0	0.0	0.0	21.215	12.02	19.038	0.0	46.826	26.474	-14.465	31.6	0.0	310.177	12.57	22.163	0.0	52.466	22.333	-1.0	0.0	0.0	319.961	12.3	26.975	0.0	50.346	9.91	-1.0	37.2	0.0	148.114
12.44	19.538	645.509	51.654	24.731	-14.242	34.8	0.0	297.778	10.22	15.225	677.944	53.073	33.158	-9.365	28.8	1.718	236.556	10.37	22.975	0.0	48.393	24.15	-12.683	0.0	1.508	207.979	12.65	26.85	0.0	46.464	30.543	-9.647	35.0	1.86	50.76	11.94	20.288	0.0	48.13	10.927	-11.009	0.0	0.0	121.087	12.4	18.663	0.0	46.496	0.0	0.0	0.2	0.0	61.222	11.38	18.975	662.524	51.356	10.201	-31.913	0.0	0.0	11.624	10.83	18.1	0.0	50.792	26.547	-14.3	31.6	1.19	42.913	11.52	21.413	0.0	51.008	22.188	-1.0	0.0	0.0	315.699	12.68	26.975	0.0	44.533	10.056	-1.0	37.2	0.0	245.565
12.14	20.163	713.569	50.755	25.312	-14.483	34.8	2.028	259.127	9.84	16.1	718.354	52.296	32.94	-9.509	28.8	0.0	357.159	10.18	21.1	0.0	48.956	24.004	-12.252	0.0	0.0	248.277	12.12	27.6	0.0	45.704	31.487	-10.13	35.0	1.156	46.013	11.8	19.913	0.0	47.8	11.218	-10.934	0.0	0.0	213.404	12.3	18.538	0.0	47.583	0.0	0.0	0.2	0.0	52.988	11.38	19.35	748.131	50.653	10.201	-32.236	0.0	1.844	22.861	11.21	17.6	0.0	49.708	26.547	-14.09	31.6	0.947	57.831	12.4	22.163	0.0	50.729	22.406	-1.0	0.0	0.0	318.411	11.4	24.85	0.0	47.843	9.765	-1.0	37.2	1.299	229.678
11.78	19.663	640.191	50.645	24.949	-14.414	34.8	2.02	210.982	10.21	16.538	684.856	51.044	33.158	-9.687	28.8	0.922	301.749	10.08	21.913	0.0	49.681	24.077	-12.38	0.0	0.0	202.845	12.53	26.038	0.0	47.455	30.906	-9.413	35.0	1.718	213.307	11.54	19.663	0.0	48.141	11.363	-10.907	0.0	0.0	174.075	11.86	17.225	0.0	45.641	0.0	0.0	0.2	1.291	188.605	11.81	19.538	699.212	50.956	10.346	-1.0	0.0	1.617	26.833	11.76	18.163	0.0	48.791	26.402	-14.265	31.6	0.0	14.918	11.88	20.663	0.0	51.669	22.188	-1.0	0.0	0.0	314.149	11.59	24.538	0.0	47.929	10.419	-1.0	37.2	1.399	209.529
11.62	19.163	574.258	50.47	24.731	-14.203	34.8	0.0	222.704	9.8	15.787	612.542	48.69	33.303	-9.386	28.8	1.182	259.127	10.37	19.85	0.0	49.196	24.803	-11.986	0.0	0.0	220.766	12.79	25.475	0.0	48.364	30.979	-9.003	35.0	1.165	169.619	11.32	18.6	0.0	49.476	10.782	-10.733	0.0	0.0	225.803	11.69	17.225	0.0	46.816	0.0	0.0	0.2	1.458	206.139	11.11	18.413	633.811	49.633	10.564	-31.251	0.0	2.036	33.517	11.88	16.538	0.0	47.654	26.474	-13.859	31.6	1.659	255.639	11.69	19.288	0.0	54.575	22.333	-1.0	0.0	0.0	313.664	11.78	23.1	0.0	48.203	10.056	-1.0	37.2	1.877	206.43
11.96	19.163	526.935	49.931	24.949	-14.11	34.8	0.0	255.252	9.8	14.975	553.521	49.183	32.94	-9.369	28.8	0.0	272.495	10.14	18.788	0.0	49.197	24.367	-12.524	0.0	1.291	225.029	12.54	24.038	0.0	47.895	30.906	-8.447	35.0	1.148	194.805	11.84	18.663	0.0	48.615	10.927	-10.752	0.0	1.886	165.163	11.48	15.975	0.0	47.884	0.0	0.0	0.2	2.095	197.324	11.32	18.038	543.95	50.981	9.838	-31.057	0.0	1.307	45.141	11.45	16.475	0.0	50.109	26.474	-14.35	31.6	0.0	246.727	11.15	18.1	0.0	52.389	22.333	-1.0	0.0	0.0	310.952	11.68	22.475	0.0	47.472	9.692	-1.0	37.2	1.994	233.844
11.58	17.413	570.536	51.383	25.603	-13.724	34.8	0.0	228.516	10.05	14.975	568.409	50.687	33.086	-9.378	28.8	0.913	261.548	10.23	19.788	0.0	49.239	24.513	-12.129	0.0	0.0	231.131	12.72	25.163	0.0	47.353	31.342	-8.788	35.0	1.031	194.418	11.63	19.288	0.0	48.65	10.927	-11.031	0.0	1.207	218.248	11.52	16.1	0.0	46.638	0.0	0.0	0.2	1.45	207.592	11.42	18.413	602.971	52.608	10.201	-31.006	0.0	1.249	23.539	11.22	16.413	0.0	50.784	26.474	-14.23	31.6	1.76	220.185	11.46	18.913	0.0	51.885	22.333	-1.0	0.0	0.0	288.575	11.64	21.413	0.0	47.78	9.765	-1.0	37.2	1.433	257.092
11.36	16.225	555.116	50.742	25.603	-13.474	34.8	1.643	231.131	10.28	15.475	575.322	50.412	33.158	-9.439	28.8	1.249	280.438	10.14	19.85	0.0	49.105	24.077	-12.142	0.0	0.0	244.693	12.7	24.038	0.0	49.038	31.342	-8.344	35.0	1.575	196.743	11.94	19.038	0.0	50.483	10.782	-10.807	0.0	1.71	219.604	11.34	15.662	0.0	48.488	0.0	0.0	0.2	1.467	211.661	11.17	18.475	605.63	51.632	10.274	-31.038	0.0	1.902	20.536	11.43	16.788	0.0	50.322	26.547	-14.21	31.6	1.232	236.459	10.97	19.538	0.0	51.33	22.043	-1.0	0.0	0.0	288.381	11.66	23.1	0.0	49.366	10.056	-1.0	37.2	1.919	269.589
11.28	17.225	560.965	51.617	25.603	-13.51	34.8	0.93	228.516	9.94	15.662	566.814	50.275	33.086	-9.504	28.8	1.198	235.49	10.82	19.85	0.0	49.779	24.077	-12.062	0.0	1.592	252.927	12.62	22.663	0.0	47.341	30.979	-8.016	35.0	0.989	192.093	11.46	18.1	0.0	51.092	10.709	-10.683	0.0	1.081	216.02	11.32	15.037	0.0	48.237	0.0	0.0	0.2	0.0	209.336	11.21	18.225	591.805	51.607	9.838	-30.661	0.0	2.028	25.38	11.15	15.725	0.0	50.958	26.474	-14.238	31.6	0.0	230.841	11.54	19.288	0.0	52.928	22.551	-1.0	0.0	0.0	326.936	11.8	21.538	0.0	48.33	9.838	-1.0	37.2	2.003	226.869
11.48	19.1	561.497	50.513	25.021	-13.917	34.8	0.964	254.768	10.22	17.288	562.56	49.269	33.303	-9.78	28.8	1.341	253.702	10.43	19.6	0.0	49.543	24.077	-12.093	0.0	1.215	218.441	11.42	21.85	0.0	46.845	31.124	-7.533	35.0	1.274	231.616	11.38	18.663	0.0	50.591	10.855	-10.822	0.0	1.852	211.37	11.32	14.85	0.0	48.423	0.0	0.0	0.2	0.0	212.532	11.26	17.975	592.337	50.544	10.419	-30.534	0.0	1.81	18.115	11.08	15.287	0.0	51.285	26.474	-14.36	31.6	0.0	221.541	11.29	19.163	0.0	52.105	22.043	-1.0	0.0	0.0	308.627	11.45	23.163	0.0	47.943	10.637	-1.0	37.2	0.0	201.78
11.91	17.475	531.72	49.647	25.385	-13.357	34.8	1.307	208.076	10.4	15.975	560.965	50.459	33.303	-9.549	28.8	1.919	275.401	10.38	20.975	0.0	49.321	24.077	-12.366	0.0	0.0	226.578	12.42	23.788	0.0	47.817	30.833	-8.051	35.0	1.718	165.55	11.62	18.913	0.0	49.886	11.218	-10.864	0.0	0.0	211.467	11.26	15.537	0.0	48.26	0.0	0.0	0.2	0.0	197.13	10.98	17.725	556.711	52.365	10.419	-30.408	0.0	1.584	19.665	11.47	16.35	0.0	51.551	26.329	-14.71	31.6	2.003	246.727	11.22	19.538	0.0	53.607	22.333	-1.0	0.0	0.0	316.474	11.57	23.288	0.0	48.611	10.274	-1.0	37.2	0.0	137.361
11.86	17.725	514.174	48.089	25.094	-13.791	34.8	1.718	249.052	10.16	15.6	524.808	47.932	33.158	-9.541	28.8	0.0	264.842	10.48	19.1	0.0	49.026	24.222	-11.899	0.0	0.0	232.197	12.47	24.225	0.0	46.882	30.325	-8.253	35.0	0.0	152.376	11.58	18.225	0.0	48.364	11.073	-10.774	0.0	2.036	217.182	11.69	16.35	0.0	47.786	0.0	0.0	0.2	0.0	181.534	10.88	17.788	542.887	51.623	10.056	-30.808	0.0	1.399	20.246	11.4	16.413	0.0	51.389	26.329	-14.666	31.6	1.391	244.402	10.98	19.1	0.0	52.517	22.697	-1.0	0.0	0.0	328.292	11.68	22.038	0.0	48.501	9.838	-1.0	37.2	1.123	206.914
11.8	17.35	512.047	49.724	25.53	-13.537	34.8	1.416	249.827	10.03	15.1	518.959	50.897	33.158	-9.442	28.8	0.0	290.513	10.32	19.1	0.0	48.511	23.932	-11.976	0.0	1.265	296.712	12.32	23.038	0.0	48.615	31.124	-7.996	35.0	1.257	118.472	11.45	18.163	0.0	48.067	10.782	-10.799	0.0	0.0	349.409	10.86	14.787	0.0	45.739	0.0	0.0	0.2	1.643	218.829	11.06	17.538	521.086	54.124	10.419	-30.315	0.0	1.651	27.123	11.52	15.6	0.0	48.325	26.474	-13.952	31.6	0.0	251.377	11.66	19.413	0.0	53.247	22.261	-1.0	0.0	0.0	0.872	11.38	21.163	0.0	50.438	10.274	-33.383	37.2	1.316	342.822
11.81	15.662	504.603	48.518	25.603	-13.358	34.8	0.0	189.187	10.43	15.225	504.603	50.279	33.376	-9.385	28.8	0.0	182.309	10.41	20.225	0.0	48.12	24.731	-12.175	0.0	0.0	279.857	11.3	22.225	0.0	51.833	30.761	-7.463	35.0	1.022	46.11	11.98	18.225	0.0	48.509	11.073	-10.783	0.0	0.0	223.866	11.25	15.287	0.0	47.605	0.0	0.0	0.2	1.182	62.481	11.38	17.788	534.379	53.75	10.492	-29.812	0.0	0.0	30.611	11.56	16.475	0.0	47.957	26.692	-13.942	31.6	1.115	258.642	11.37	19.35	0.0	52.237	22.624	-1.0	0.0	0.0	299.425	11.68	21.413	0.0	48.873	9.91	-1.0	37.2	0.0	163.807
11.74	17.913	467.382	49.408	24.585	-13.656	34.8	1.651	190.059	10.4	16.6	493.968	48.737	33.231	-9.687	28.8	1.542	196.355	10.32	18.163	0.0	48.077	24.585	-11.78	0.0	2.02	217.57	12.05	22.788	0.0	49.325	30.833	-7.757	35.0	1.198	57.831	11.46	17.788	0.0	48.845	11.218	-10.665	0.0	0.0	212.242	10.48	14.85	0.0	51.507	0.0	0.0	0.2	1.584	32.839	11.18	17.288	508.856	53.721	10.056	-29.819	0.0	1.886	36.52	11.18	16.6	0.0	52.302	26.329	-13.422	31.6	0.0	42.623	11.34	17.85	0.0	50.555	22.115	-1.0	0.0	0.0	342.822	11.32	20.413	0.0	46.676	9.91	-1.0	37.2	0.0	204.492
