3.33	6.225	144.096	90.304	25.312	-15.326	35.0	0.0	47.176	2.02	6.662	169.619	0.0	32.577	-8.137	29.0	0.0	45.238	1.64	6.6	0.0	96.542	24.077	-13.201	0.2	0.0	41.073	2.3	7.662	0.0	31.855	30.688	-2.133	35.2	1.232	46.401	2.29	7.6	0.0	94.554	11.0	-9.577	0.4	0.0	59.381	-1.0	5.975	0.0	0.0	0.0	0.0	0.6	0.0	35.648	2.62	6.975	151.54	92.722	9.62	-1.0	0.2	0.0	30.223	1.92	6.662	0.0	93.297	26.838	-12.066	31.8	0.0	41.848	2.5	7.912	0.0	35.898	21.316	-10.796	0.2	0.0	355.996	2.42	6.662	0.0	28.196	9.329	-1.0	37.4	0.0	86.698
3.24	6.1	128.145	90.344	24.731	-14.58	35.0	0.0	47.369	1.86	6.85	137.716	0.0	32.867	-2.753	29.0	0.0	45.141	1.83	6.975	0.0	96.559	24.15	-13.378	0.2	0.0	48.241	2.42	8.225	0.0	31.833	30.833	-2.209	35.2	0.0	46.691	2.53	7.6	0.0	94.621	11.218	-9.396	0.4	0.0	59.284	-1.0	6.475	0.0	0.0	0.0	0.0	0.6	0.964	35.939	2.92	7.725	177.063	92.763	9.256	-1.0	0.2	0.0	30.514	1.95	6.85	0.0	93.305	26.62	-12.055	31.8	0.0	41.46	2.67	8.475	0.0	35.883	21.026	-11.115	0.2	0.0	355.996	2.16	6.537	0.0	28.242	8.966	-1.0	37.4	0.0	87.473
3.33	6.162	122.296	90.389	24.876	-14.661	35.0	0.0	47.273	1.99	7.037	135.589	0.0	32.504	-8.159	29.0	0.913	45.529	1.82	7.412	0.0	96.594	24.077	-13.805	0.2	0.0	47.951	2.7	8.662	0.0	31.792	30.47	-2.618	35.2	0.0	46.788	2.41	7.912	0.0	94.666	10.709	-9.547	0.4	0.0	59.284	-1.0	7.225	0.0	0.0	0.0	0.0	0.6	0.0	35.745	2.72	7.35	108.471	92.749	9.111	-1.0	0.2	0.0	30.32	2.21	6.975	0.0	93.336	27.128	-11.507	31.8	0.0	41.363	2.64	7.912	0.0	35.88	20.59	-11.03	0.2	0.0	355.996	2.46	6.725	0.0	28.199	8.53	-1.0	37.4	0.0	86.602
3.28	6.412	140.906	90.418	24.876	-15.14	35.0	0.0	47.176	2.2	7.1	138.247	0.0	32.94	-8.102	29.0	0.0	45.529	2.12	7.662	0.0	96.605	23.568	-13.392	0.2	0.0	48.532	3.06	8.975	0.0	31.725	31.269	-2.61	35.2	0.0	47.079	2.49	7.975	0.0	94.689	11.0	-9.343	0.4	0.0	59.091	-1.0	7.162	0.0	0.0	0.0	0.0	0.6	0.0	35.454	2.72	7.037	112.193	92.769	9.256	-1.0	0.2	0.0	30.32	2.31	7.162	0.0	93.364	26.402	-12.408	31.8	0.0	41.17	2.52	7.6	0.0	35.933	20.662	-11.011	0.2	0.0	320.639	2.48	7.725	0.0	28.201	8.966	-1.0	37.4	0.0	86.795
3.56	7.162	167.492	90.491	25.021	-14.319	35.0	0.0	47.176	2.05	6.912	170.151	0.0	32.795	-8.082	29.0	0.0	45.044	2.15	7.725	0.0	96.613	24.004	-13.459	0.2	0.0	48.047	2.49	8.412	0.0	31.873	30.979	-2.459	35.2	0.0	46.691	2.64	7.975	0.0	94.691	11.145	-9.462	0.4	0.0	59.284	-1.0	7.225	0.0	0.0	0.0	0.0	0.6	0.0	35.745	2.75	6.6	94.646	92.798	9.329	-1.0	0.2	1.073	30.417	2.37	7.037	0.0	93.38	26.692	-12.299	31.8	0.0	40.879	2.87	7.412	0.0	35.838	20.59	-10.956	0.2	0.0	354.931	2.58	7.787	0.0	28.209	8.748	-1.0	37.4	0.0	121.378
3.58	6.787	168.024	90.539	24.44	-15.292	35.0	0.0	49.888	2.14	7.225	189.292	0.0	33.013	-2.959	29.0	0.0	45.432	2.27	7.787	0.0	96.61	24.295	-13.199	0.2	0.0	47.66	2.61	8.225	0.0	31.817	30.906	-2.47	35.2	0.0	46.594	2.74	8.225	0.0	94.719	10.782	-9.441	0.4	0.0	59.478	-1.0	7.225	0.0	0.0	0.0	0.0	0.6	0.0	35.648	2.53	6.725	109.534	92.799	9.184	-1.0	0.2	0.98	30.223	2.44	7.037	0.0	93.4	27.056	-13.013	31.8	0.0	41.267	2.82	7.35	0.0	35.898	21.244	-11.117	0.2	0.0	355.609	2.59	8.037	0.0	28.21	8.893	-1.0	37.4	0.0	121.184
3.74	7.912	191.419	90.539	24.949	-15.378	35.0	0.0	50.082	2.04	7.6	193.546	0.0	32.795	-8.138	29.0	1.215	45.529	2.2	7.537	0.0	96.628	23.496	-13.261	0.2	0.0	47.757	2.4	7.787	0.0	31.864	30.543	-2.064	35.2	1.349	40.395	2.86	8.287	0.0	94.793	11.073	-9.52	0.4	0.0	59.187	-1.0	6.725	0.0	0.0	0.0	0.0	0.6	0.0	35.551	2.3	6.225	122.827	92.756	9.038	-1.0	0.2	1.198	20.149	2.36	6.975	0.0	93.418	26.184	-11.798	31.8	0.964	41.17	2.57	7.662	0.0	35.938	21.171	-11.106	0.2	0.0	322.576	2.96	8.162	0.0	28.105	8.966	-1.0	37.4	0.0	117.116
3.76	7.225	154.731	90.544	24.44	-15.088	35.0	0.0	47.854	2.5	8.1	171.214	0.0	32.795	-8.193	29.0	0.0	45.335	2.02	7.1	0.0	96.614	24.004	-13.076	0.2	1.743	42.138	2.81	8.412	0.0	31.802	31.705	-2.271	35.2	1.307	45.432	2.83	8.162	0.0	94.824	11.0	-9.569	0.4	1.626	57.056	-1.0	6.412	0.0	0.0	0.0	0.0	0.6	1.5	35.842	2.53	7.162	133.462	92.859	8.893	-1.0	0.2	0.0	19.761	2.04	7.1	0.0	93.37	26.692	-11.669	31.8	0.955	41.267	2.54	7.662	0.0	35.935	20.372	-11.512	0.2	0.0	326.451	3.13	7.6	0.0	28.051	8.603	-1.0	37.4	0.939	83.986
3.58	6.475	148.35	90.56	25.021	-15.08	35.0	1.399	50.179	2.2	7.412	150.477	0.0	32.795	-8.29	29.0	1.257	45.044	1.74	7.225	0.0	96.609	23.932	-13.423	0.2	1.056	41.848	2.26	8.037	0.0	31.918	30.47	-2.295	35.2	0.98	46.11	2.45	7.787	0.0	94.796	11.0	-9.511	0.4	1.064	57.444	-1.0	6.537	0.0	0.0	0.0	0.0	0.6	1.198	35.648	2.6	6.85	127.081	92.858	9.038	-1.0	0.2	1.064	42.041	2.0	6.975	0.0	93.379	26.692	-11.723	31.8	0.0	41.073	2.56	7.787	0.0	35.937	20.808	-11.125	0.2	0.0	345.535	2.76	7.037	0.0	28.156	8.966	-1.0	37.4	0.939	98.904
3.48	6.6	158.984	90.596	24.658	-15.403	35.0	0.98	50.469	2.42	7.6	160.58	0.0	32.795	-8.184	29.0	1.265	45.529	1.8	7.412	0.0	96.627	24.004	-14.174	0.2	1.064	40.298	2.86	8.85	0.0	31.807	30.906	-2.34	35.2	1.156	46.401	2.64	8.1	0.0	94.849	11.218	-9.571	0.4	0.98	57.056	-1.0	6.787	0.0	0.0	0.0	0.0	0.6	0.0	35.745	2.44	7.537	195.673	92.875	9.256	-1.0	0.2	0.0	42.332	2.12	7.162	0.0	93.392	26.474	-11.828	31.8	0.0	41.267	2.42	8.912	0.0	35.987	20.372	-11.387	0.2	0.0	345.535	2.48	6.975	0.0	28.201	8.603	-1.0	37.4	0.922	91.833
3.74	6.787	122.296	90.665	24.803	-15.144	35.0	0.0	50.179	2.12	7.35	135.057	0.0	32.867	-2.932	29.0	0.0	45.529	1.97	7.6	0.0	96.619	23.786	-13.272	0.2	0.0	42.623	2.51	8.787	0.0	31.907	30.833	-2.32	35.2	1.274	47.466	2.42	8.037	0.0	94.827	10.927	-9.506	0.4	0.0	57.25	-1.0	7.35	0.0	0.0	0.0	0.0	0.6	0.0	35.745	2.94	7.975	154.731	92.911	8.966	-1.0	0.2	0.0	42.138	2.11	7.6	0.0	93.389	26.474	-12.055	31.8	0.0	41.267	2.68	8.85	0.0	35.949	20.953	-11.566	0.2	0.0	345.825	2.74	8.1	0.0	28.188	8.675	-1.0	37.4	0.0	91.833
3.84	7.037	110.598	90.67	24.44	-14.906	35.0	0.0	50.566	2.27	6.85	119.105	0.0	32.867	-8.166	29.0	0.0	45.432	1.74	7.412	0.0	96.59	23.714	-13.079	0.2	0.0	53.085	2.38	9.1	0.0	31.929	30.833	-2.385	35.2	0.0	47.563	2.52	7.912	0.0	94.855	11.073	-9.481	0.4	0.0	57.056	-1.0	6.85	0.0	0.0	0.0	0.0	0.6	0.0	35.939	2.87	7.85	170.682	92.912	8.893	-1.0	0.2	0.0	42.235	2.12	7.35	0.0	93.392	26.692	-12.137	31.8	0.0	41.363	2.7	9.35	0.0	35.951	21.244	-11.613	0.2	0.0	323.061	2.51	7.1	0.0	28.237	8.675	-1.0	37.4	0.0	101.52
3.59	6.287	93.051	90.668	24.15	-14.548	35.0	0.0	50.275	2.16	6.787	97.837	0.0	32.577	-8.078	29.0	0.0	45.238	2.14	7.412	0.0	96.649	23.641	-13.185	0.2	0.0	53.181	2.54	8.787	0.0	31.943	30.761	-2.509	35.2	0.0	47.369	2.44	7.975	0.0	94.872	11.145	-9.498	0.4	0.0	56.669	-1.0	7.225	0.0	0.0	0.0	0.0	0.6	0.0	35.648	2.8	7.662	109.003	92.933	8.748	-1.0	0.2	0.0	42.332	2.5	7.6	0.0	93.457	26.402	-11.712	31.8	0.0	41.267	2.49	8.037	0.0	35.994	20.517	-11.374	0.2	0.0	319.186	2.2	7.1	0.0	28.312	8.53	-1.0	37.4	0.0	101.132
3.46	6.162	102.622	90.717	24.513	-14.257	35.0	0.0	49.985	2.3	6.6	103.154	0.0	33.158	-8.103	29.0	0.0	45.238	2.15	7.412	0.0	96.613	23.932	-13.132	0.2	0.0	53.181	2.46	8.6	0.0	31.936	31.342	-2.409	35.2	0.0	47.466	2.62	8.1	0.0	94.883	11.291	-9.478	0.4	0.0	57.25	-1.0	7.35	0.0	0.0	0.0	0.0	0.6	0.0	35.648	2.84	7.037	105.812	92.904	8.893	-1.0	0.2	0.0	42.332	2.22	7.162	0.0	93.439	26.329	-11.944	31.8	0.0	41.557	2.88	7.975	0.0	35.904	20.444	-11.364	0.2	0.0	347.859	2.38	7.35	0.0	28.294	8.603	-1.0	37.4	0.0	102.198
3.69	6.6	106.344	90.715	24.15	-14.275	35.0	0.0	50.469	1.87	6.85	110.066	0.0	32.795	-8.085	29.0	0.0	45.529	2.31	7.412	0.0	96.641	23.641	-13.132	0.2	0.0	52.988	2.62	8.225	0.0	31.884	31.051	-2.022	35.2	0.0	47.369	2.56	7.975	0.0	94.886	11.508	-9.453	0.4	0.0	57.153	-1.0	7.287	0.0	0.0	0.0	0.0	0.6	0.0	35.745	2.87	7.037	87.734	92.953	9.329	-1.0	0.2	0.0	42.72	2.24	7.1	0.0	93.445	26.547	-11.818	31.8	0.0	41.17	3.04	7.662	0.0	35.855	21.389	-11.106	0.2	0.0	348.247	2.48	7.537	0.0	28.268	8.675	-1.0	37.4	0.0	101.81
3.7	6.475	100.495	90.76	24.513	-15.764	35.0	0.0	50.275	2.3	7.037	106.344	0.0	32.722	-8.159	29.0	0.0	45.238	2.48	7.537	0.0	96.632	24.15	-12.609	0.2	0.0	52.988	2.48	7.787	0.0	31.938	30.979	-2.211	35.2	0.0	47.854	2.69	7.912	0.0	94.903	10.709	-9.419	0.4	0.0	57.056	-1.0	6.475	0.0	0.0	0.0	0.0	0.6	0.0	35.745	2.93	6.6	73.909	92.969	8.53	-1.0	0.2	0.0	42.235	2.08	6.975	0.0	93.421	26.329	-11.798	31.8	0.0	41.267	2.63	7.537	0.0	35.976	20.953	-11.205	0.2	0.0	348.247	2.67	6.912	0.0	28.216	9.111	-1.0	37.4	0.0	101.229
3.9	6.537	95.71	90.791	24.658	-14.07	35.0	0.0	51.05	2.19	6.475	103.154	0.0	33.086	-8.09	29.0	0.0	45.044	2.32	6.787	0.0	96.662	23.714	-12.868	0.2	0.0	46.207	2.64	7.912	0.0	31.919	30.833	-2.105	35.2	0.0	47.951	2.89	8.037	0.0	94.919	11.218	-9.461	0.4	0.0	57.153	-1.0	6.225	0.0	0.0	0.0	0.0	0.6	0.0	35.551	2.66	6.537	71.251	92.936	9.329	-1.0	0.2	0.0	32.451	2.2	6.912	0.0	93.434	26.402	-11.944	31.8	0.0	41.267	2.88	7.35	0.0	35.904	20.517	-11.177	0.2	0.0	297.778	3.02	7.037	0.0	28.177	8.675	-1.0	37.4	0.0	101.035
3.79	5.6	72.314	90.783	24.876	-14.551	35.0	0.0	52.988	2.54	6.725	85.075	0.0	32.795	-8.117	29.0	0.0	45.432	2.22	6.412	0.0	96.653	23.859	-12.956	0.2	1.391	50.857	2.75	7.287	0.0	31.896	30.543	-1.642	35.2	1.45	39.135	2.88	7.6	0.0	94.956	11.0	-9.345	0.4	1.517	57.056	-1.0	6.1	0.0	0.0	0.0	0.0	0.6	0.0	35.067	2.54	6.287	71.782	92.943	9.256	-1.0	0.2	0.0	32.645	2.25	6.725	0.0	93.468	26.329	-11.539	31.8	0.0	43.204	2.56	6.975	0.0	36.001	21.244	-11.061	0.2	0.0	297.487	2.98	6.412	0.0	28.174	8.748	-1.0	37.4	1.064	87.377
3.33	5.225	85.075	90.767	24.658	-14.975	35.0	1.668	52.6	2.16	6.162	74.441	0.0	32.94	-8.039	29.0	1.609	45.335	1.86	6.225	0.0	96.644	24.15	-13.189	0.2	1.366	46.013	2.76	7.6	0.0	31.897	30.833	-1.965	35.4	0.939	46.594	2.6	7.787	0.0	94.936	11.363	-9.429	0.4	1.198	56.959	-1.0	5.912	0.0	0.0	0.0	0.0	0.6	1.265	36.036	2.64	6.537	91.456	92.971	9.256	-1.0	0.4	0.0	32.258	2.2	6.85	0.0	93.454	26.692	-11.894	31.8	0.0	39.038	2.38	7.162	0.0	36.048	20.953	-11.031	0.2	0.0	297.487	2.86	5.662	0.0	28.164	9.038	-1.0	37.4	1.182	88.636
3.48	5.662	122.827	90.785	24.658	-15.21	35.0	0.0	52.697	2.03	6.225	110.066	0.0	32.577	-8.108	29.0	1.039	45.529	1.98	6.912	0.0	96.679	23.714	-13.043	0.2	0.0	44.173	2.63	7.975	0.0	31.951	30.688	-3.156	35.4	0.93	46.788	2.62	8.037	0.0	94.942	11.363	-9.417	0.4	0.0	56.863	-1.0	6.35	0.0	0.0	0.0	0.0	0.6	0.0	36.036	2.83	6.975	130.803	92.982	8.821	-1.0	0.4	0.0	32.355	2.1	6.975	0.0	93.466	26.256	-11.686	32.0	0.0	39.038	2.76	7.6	0.0	35.989	20.662	-11.039	0.2	0.0	334.685	2.8	6.475	0.0	28.227	9.111	-1.0	37.4	0.0	89.217
3.46	6.412	123.891	90.78	24.876	-14.78	35.0	0.0	52.697	2.0	6.225	130.272	0.0	32.867	-8.027	29.0	0.0	45.432	1.96	7.1	0.0	96.673	23.641	-13.29	0.2	0.0	42.041	2.36	7.912	0.0	31.993	30.615	-2.216	35.4	1.408	44.851	2.7	7.975	0.0	94.945	11.436	-9.376	0.4	0.0	56.766	-1.0	6.725	0.0	0.0	0.0	0.0	0.6	0.939	35.745	2.77	7.037	115.915	93.006	9.184	-1.0	0.4	0.0	32.548	2.06	6.975	0.0	93.455	26.983	-12.117	32.0	0.0	56.088	2.88	7.725	0.0	35.969	20.517	-10.975	0.2	0.0	335.073	2.95	7.225	0.0	28.172	8.966	-1.0	37.4	0.0	89.701
3.88	6.537	138.779	90.849	25.021	-14.007	35.0	0.0	52.891	2.4	6.85	146.223	0.0	33.086	-8.094	29.0	0.0	45.819	1.88	6.912	0.0	96.688	23.786	-13.202	0.2	0.0	41.363	2.56	7.725	0.0	31.945	30.979	-2.117	35.4	0.947	45.626	2.67	8.037	0.0	94.976	10.927	-9.376	0.4	0.0	56.959	-1.0	6.475	0.0	0.0	0.0	0.0	0.6	0.913	35.842	3.0	6.912	124.423	92.988	9.038	-1.0	0.4	0.0	32.161	2.28	7.037	0.0	93.476	26.62	-11.964	32.0	0.0	48.725	2.78	7.85	0.0	35.991	20.517	-10.667	0.4	0.0	335.073	2.76	6.475	0.0	28.224	8.675	-1.0	37.6	0.0	89.701
3.74	7.037	147.287	90.854	24.658	-14.765	35.0	0.0	50.372	2.51	7.1	155.794	0.0	33.013	-8.211	29.0	0.0	45.432	1.84	7.35	0.0	96.676	23.859	-13.017	0.2	0.0	43.398	2.63	7.912	0.0	31.951	30.397	-2.179	35.4	0.0	45.529	2.54	8.1	0.0	94.979	11.291	-9.442	0.4	0.0	56.863	-1.0	6.475	0.0	0.0	0.0	0.0	0.8	0.0	36.229	2.81	7.35	148.882	93.017	8.893	-1.0	0.4	0.0	32.451	2.54	7.225	0.0	93.508	26.62	-11.689	32.2	0.0	48.629	2.66	8.225	0.0	36.011	20.662	-10.97	0.4	0.0	335.073	2.8	7.1	0.0	28.261	9.184	-1.0	37.6	0.0	89.508
3.76	6.662	127.081	90.838	24.44	-15.045	35.0	0.0	50.469	2.72	7.162	141.969	0.0	32.867	-8.2	29.0	0.0	45.044	1.95	7.6	0.0	96.708	23.786	-13.218	0.2	0.0	42.429	3.0	8.537	0.0	31.852	30.833	-1.973	35.4	0.0	45.529	2.46	7.6	0.0	94.995	10.709	-9.362	0.4	0.0	56.475	-1.0	7.35	0.0	0.0	0.0	0.0	0.8	0.0	35.939	2.87	7.975	154.199	93.034	9.256	-1.0	0.6	0.0	32.451	2.62	7.35	0.0	93.53	26.983	-12.014	32.2	0.0	48.532	2.98	8.537	0.0	35.979	20.735	-11.239	0.4	0.0	335.363	2.56	6.85	0.0	28.275	8.603	-1.0	37.6	0.0	89.895
3.42	6.475	160.048	90.832	24.803	-15.153	35.0	0.0	50.76	1.88	6.975	139.842	0.0	32.867	-8.153	29.0	0.955	45.529	2.18	7.85	0.0	96.737	23.859	-15.44	0.2	0.0	42.332	2.95	8.537	0.0	31.848	31.051	-2.426	35.6	0.972	45.529	2.87	8.412	0.0	95.032	11.291	-9.491	0.6	0.0	57.347	-1.0	7.35	0.0	0.0	0.0	0.0	0.8	0.0	40.976	2.88	7.35	140.906	93.036	9.474	-1.0	0.6	0.0	28.674	2.32	7.537	0.0	93.527	26.256	-11.595	32.2	0.0	48.629	2.88	8.662	0.0	35.969	20.88	-11.846	0.4	0.0	325.773	2.75	6.912	0.0	28.29	9.038	-1.0	37.6	0.0	89.508
4.03	9.1	332.857	90.931	25.167	-15.864	35.0	0.0	50.663	2.62	8.412	306.271	0.0	32.867	-8.265	29.0	1.148	45.044	2.23	8.787	0.0	96.751	24.004	-12.779	0.2	0.0	56.475	3.07	10.225	0.0	31.859	30.761	-2.716	35.6	1.291	47.176	2.88	9.6	0.0	95.035	11.363	-9.74	0.6	0.0	56.669	-1.0	7.912	0.0	0.0	0.0	0.0	0.8	0.0	41.363	2.83	8.975	328.072	93.023	9.329	-1.0	0.6	0.0	29.061	2.6	8.1	0.0	93.564	27.056	-11.979	32.2	0.0	48.338	2.84	10.475	0.0	35.965	20.662	-12.003	0.4	0.0	326.064	2.8	7.975	0.0	28.227	8.748	-1.0	37.6	0.0	89.701
3.8	8.225	211.625	90.891	24.367	-15.672	35.0	1.089	38.457	2.92	9.85	292.978	0.0	33.231	-8.477	29.0	0.0	45.529	2.46	8.725	0.0	96.78	23.932	-13.424	0.2	1.316	37.101	3.14	10.1	0.0	31.832	30.543	-2.871	35.6	1.24	46.691	2.8	9.225	0.0	94.973	10.855	-9.606	0.6	1.064	56.863	-1.0	8.412	0.0	0.0	0.0	0.0	0.8	1.291	36.617	2.9	8.225	157.389	93.042	9.329	-1.0	0.6	1.291	25.38	2.63	8.475	0.0	93.573	26.474	-11.78	32.2	0.955	48.725	3.56	9.287	0.0	35.81	20.517	-11.703	0.4	0.0	332.36	3.17	9.1	0.0	28.122	8.893	-1.0	37.6	0.0	95.804
3.88	7.537	183.975	90.912	25.021	-15.449	35.0	0.947	36.81	2.46	8.537	188.761	0.0	33.013	-8.316	29.0	1.131	44.366	2.18	7.787	0.0	96.775	23.714	-13.306	0.2	1.341	35.454	2.94	9.1	0.0	31.913	30.833	-2.614	35.6	1.441	46.498	2.68	8.85	0.0	95.018	10.782	-9.557	0.6	0.0	57.056	-1.0	7.662	0.0	0.0	0.0	0.0	0.8	0.989	34.292	2.92	7.537	130.803	93.068	9.184	-1.0	0.6	1.425	32.064	2.78	7.912	0.0	93.574	26.983	-11.69	32.2	1.006	34.776	3.34	8.787	0.0	35.885	20.372	-11.656	0.4	0.0	348.634	3.06	7.912	0.0	28.181	9.038	-1.0	37.6	0.0	95.126
3.83	7.35	180.253	90.941	25.094	-15.716	35.0	0.947	52.6	2.85	8.725	240.338	0.0	32.722	-8.319	29.0	0.0	45.432	2.08	7.6	0.0	96.784	23.859	-13.165	0.4	1.592	40.588	3.15	9.162	0.0	31.866	31.124	-2.94	35.6	1.751	38.845	2.73	8.6	0.0	94.993	10.782	-9.533	0.6	1.324	57.347	-1.0	6.912	0.0	0.0	0.0	0.0	0.8	1.668	37.101	2.92	7.725	200.99	93.047	8.966	-1.0	0.6	1.131	24.605	2.44	7.787	0.0	93.56	26.474	-11.928	32.2	1.156	35.067	2.92	9.225	0.0	36.005	20.662	-11.316	0.4	0.0	316.861	3.22	7.912	0.0	28.126	8.675	-1.0	37.6	0.0	89.12
3.72	6.912	184.507	90.912	24.585	-16.432	35.0	1.358	61.028	2.02	7.725	195.141	0.0	32.577	-8.216	29.0	1.902	56.088	2.03	8.037	0.0	96.827	24.077	-13.244	0.4	1.316	42.138	2.97	9.537	0.0	31.883	31.051	-2.645	35.6	1.198	51.825	2.8	8.787	0.0	95.052	11.218	-9.54	0.6	0.0	57.638	3.31	7.35	0.0	98.092	0.0	0.0	0.8	1.492	31.58	3.18	8.037	206.308	93.078	8.821	-1.0	0.6	1.198	23.83	2.36	8.162	0.0	93.558	26.765	-11.913	32.2	1.089	34.97	3.47	9.6	0.0	35.866	20.662	-11.526	0.4	0.0	350.087	3.1	7.6	0.0	28.184	8.675	-1.0	37.6	1.115	93.673
