-1.0	20.413	572.663	50.014	25.312	-14.042	0.4	0.0	221.929	12.67	13.537	562.56	48.349	35.265	-1.0	40.6	0.0	247.115	12.28	16.163	0.0	45.629	25.021	-5.203	11.2	0.0	212.629	14.41	24.85	0.0	44.258	31.197	-11.083	0.0	1.592	183.568	13.99	19.1	0.0	46.091	11.654	-10.767	24.8	0.972	185.312	13.32	16.038	0.0	42.716	0.0	0.0	0.0	1.601	204.783	14.45	18.725	620.518	42.812	11.073	-29.359	19.0	1.182	217.085	13.27	15.975	0.0	44.986	26.838	-25.491	46.2	1.777	235.394	14.0	19.975	0.0	42.405	26.256	-1.0	0.0	0.0	188.509	13.98	24.788	0.0	42.985	11.654	-32.362	8.6	1.316	186.571	14.36
-1.0	21.6	597.122	48.356	24.803	-14.278	0.4	1.852	249.827	12.94	14.225	627.43	48.29	34.321	-1.0	40.6	1.106	239.268	12.23	16.975	0.0	46.947	25.239	-5.569	11.2	0.0	235.006	14.92	25.413	0.0	44.864	31.56	-11.127	0.0	1.978	207.011	13.86	19.038	0.0	45.503	11.508	-10.765	24.8	1.986	230.453	13.28	16.475	0.0	43.997	0.0	0.0	0.0	1.777	178.337	14.82	18.413	634.874	42.628	10.564	-29.471	19.0	1.274	204.105	12.97	16.475	0.0	47.008	27.128	-25.695	46.2	1.911	195.193	14.13	19.788	0.0	45.504	26.692	-1.0	0.0	1.374	164.969	14.36	26.913	0.0	46.232	11.726	-32.582	8.6	0.0	234.328	14.83
-1.0	23.038	646.04	46.92	25.021	-14.585	0.4	0.939	186.474	13.25	15.35	660.929	48.829	33.594	-1.0	40.6	0.0	241.593	12.31	17.913	0.0	45.41	25.239	-5.751	11.2	0.0	231.616	14.27	26.288	0.0	42.565	31.415	-11.301	0.0	0.0	197.13	14.45	20.225	0.0	44.07	11.218	-10.98	24.8	1.048	201.005	13.37	16.413	0.0	44.392	0.0	0.0	0.0	0.0	204.783	15.01	19.913	697.086	44.875	11.0	-29.952	19.0	1.349	169.91	13.04	16.413	0.0	47.331	27.201	-25.799	46.2	1.869	212.435	14.08	20.663	0.0	45.275	26.62	-1.0	0.0	1.534	152.473	14.18	27.225	0.0	42.587	12.017	-32.779	8.6	1.366	233.166	14.6
-1.0	24.475	656.675	46.378	25.53	-15.044	0.4	0.98	240.431	12.9	15.475	673.69	47.062	34.248	-1.0	40.6	0.0	289.738	12.6	18.975	0.0	46.142	25.239	-6.158	11.2	1.584	252.152	15.01	28.288	0.0	40.758	31.487	-11.71	0.0	0.0	185.506	13.9	20.038	0.0	49.319	11.436	-10.93	24.8	1.651	202.555	13.42	17.038	0.0	42.048	0.0	0.0	0.0	1.676	195.968	14.77	20.475	711.974	39.55	10.782	-30.104	19.0	1.768	207.979	13.72	17.413	0.0	48.484	27.056	-26.616	46.2	1.425	219.604	14.78	22.038	0.0	46.061	26.547	-1.0	0.0	0.0	207.979	14.54	28.35	0.0	42.693	12.017	-33.509	8.6	1.374	190.833	14.48
-1.0	23.35	601.376	45.532	25.239	-14.936	0.4	0.0	200.133	12.86	15.162	639.66	47.277	34.611	-1.0	40.6	1.617	216.891	12.61	19.1	0.0	46.837	25.312	-6.153	11.2	1.575	223.672	15.01	26.725	0.0	42.714	31.415	-11.321	0.0	1.123	207.979	14.28	20.475	0.0	43.664	11.508	-11.008	24.8	0.0	201.78	13.87	17.475	0.0	44.739	0.0	0.0	0.0	0.0	216.407	15.02	20.475	652.421	41.381	10.564	-30.104	19.0	0.0	199.455	14.15	17.975	0.0	49.414	27.056	-26.996	46.2	0.0	239.172	14.33	21.225	0.0	43.025	26.111	-1.0	0.0	0.0	193.062	14.1	27.413	0.0	42.869	12.09	-32.898	8.6	1.022	159.157	15.01
-1.0	22.288	558.306	45.683	25.021	-14.531	0.4	1.927	266.586	13.18	14.787	610.415	44.88	34.103	-1.0	40.6	0.0	303.687	12.82	18.538	0.0	46.043	24.949	-5.962	11.2	0.964	209.045	14.28	26.225	0.0	43.986	31.051	-11.277	0.0	0.0	150.923	14.37	19.788	0.0	43.191	11.581	-10.886	24.8	0.0	193.449	14.41	18.038	0.0	45.41	0.0	0.0	0.0	0.0	172.041	14.76	19.1	613.074	42.069	10.782	-29.275	19.0	0.947	166.132	13.89	17.1	0.0	47.501	26.983	-26.747	46.2	0.964	155.282	14.2	20.975	0.0	44.394	26.111	-1.0	0.0	0.0	192.868	14.52	26.475	0.0	42.917	11.872	-31.994	8.6	1.299	174.269	15.27
-1.0	22.538	608.82	45.319	25.094	-14.593	0.4	0.0	235.103	13.2	15.037	613.605	45.677	34.03	-30.148	40.6	1.651	276.854	12.49	18.663	0.0	45.306	24.658	-5.957	11.2	0.93	201.005	14.97	26.85	0.0	40.393	30.979	-11.405	0.0	1.232	194.224	14.5	20.725	0.0	42.462	11.581	-11.035	24.8	0.0	193.158	14.15	17.163	0.0	43.133	0.0	0.0	0.0	0.955	206.43	14.72	18.788	656.143	46.53	11.0	-29.39	19.0	1.458	186.668	13.56	16.913	0.0	48.932	26.91	-26.402	46.2	0.922	170.297	14.58	21.1	0.0	44.278	26.184	-1.0	0.0	0.0	129.321	14.73	27.288	0.0	44.841	12.017	-33.139	8.6	0.0	202.07	14.78
-1.0	21.475	599.249	46.468	25.167	-14.469	0.4	1.039	117.891	13.35	15.85	637.533	43.62	34.03	-30.086	40.6	1.643	274.626	12.43	17.538	0.0	47.943	25.312	-5.578	11.2	1.341	185.118	14.38	24.6	0.0	45.757	31.269	-10.97	0.0	1.852	122.928	14.94	20.788	0.0	42.706	11.436	-11.064	24.8	0.0	187.831	13.41	16.85	0.0	44.108	0.0	0.0	0.0	1.031	123.025	14.72	19.1	657.738	45.256	10.709	-29.275	19.0	1.341	185.215	13.67	17.038	0.0	48.007	27.056	-26.72	46.2	0.0	169.038	14.96	21.35	0.0	43.485	26.765	-1.0	0.0	0.0	157.51	14.86	27.975	0.0	40.644	11.944	-32.447	8.6	0.0	140.461	14.34
-1.0	22.225	555.116	44.955	26.111	-14.606	0.4	0.0	226.482	13.46	14.537	596.59	45.836	33.957	-29.124	40.6	1.693	277.338	12.46	17.1	0.0	43.26	24.949	-5.521	11.2	2.112	192.771	14.28	25.038	0.0	45.65	31.415	-11.087	0.0	0.0	176.594	14.35	19.975	0.0	46.864	11.508	-10.91	24.8	0.0	187.346	13.16	15.912	0.0	46.432	0.0	0.0	0.0	1.475	180.275	15.04	19.6	611.479	43.882	10.492	-29.658	19.0	0.0	164.969	13.84	16.975	0.0	46.516	27.346	-26.957	46.2	1.039	164.485	14.26	20.475	0.0	41.46	26.692	-1.0	0.0	0.0	207.495	15.22	27.225	0.0	40.453	12.09	-32.459	8.6	1.425	178.337	14.56
-1.0	21.85	554.053	48.95	25.675	-14.469	0.4	0.0	112.466	13.2	14.162	558.306	48.135	34.03	-28.839	40.6	1.886	266.779	12.3	16.85	0.0	44.87	24.731	-5.391	11.2	1.894	228.613	14.78	24.85	0.0	43.884	31.197	-11.007	0.0	1.584	171.75	14.01	19.913	0.0	45.362	11.799	-10.908	24.8	0.0	171.169	13.48	16.1	0.0	42.572	0.0	0.0	0.0	1.659	178.144	15.01	18.663	606.693	42.227	11.0	-28.794	19.0	1.886	160.707	13.44	16.663	0.0	43.888	27.346	-27.084	46.2	1.291	213.307	13.84	19.6	0.0	43.838	26.765	-1.0	0.0	1.475	161.869	15.01	26.288	0.0	43.426	11.872	-32.195	8.6	1.24	207.592	14.46
-1.0	21.35	568.941	42.935	25.893	-14.484	0.4	1.215	225.416	13.03	14.162	580.639	44.83	33.957	-28.723	40.6	0.0	282.375	12.59	17.538	0.0	45.635	25.457	-5.67	11.2	2.103	283.054	14.76	23.788	0.0	38.491	31.56	-10.795	0.0	0.0	211.661	14.08	19.538	0.0	44.316	11.799	-10.868	24.8	1.366	186.474	13.43	15.85	0.0	41.92	0.0	0.0	0.0	0.0	193.158	14.78	19.038	619.986	39.353	10.564	-28.839	19.0	1.886	163.71	13.18	16.35	0.0	44.752	27.056	-26.427	46.2	1.71	202.942	13.98	19.538	0.0	37.615	26.62	-1.0	0.0	1.877	157.026	14.87	26.475	0.0	44.119	11.944	-31.994	8.6	1.684	185.312	14.35
-1.0	21.475	585.424	44.407	25.312	-14.514	0.4	1.014	246.727	13.21	14.85	612.542	46.438	33.812	-28.677	40.6	1.735	260.58	12.54	16.975	0.0	42.401	24.803	-5.524	11.2	0.955	220.185	15.4	25.85	0.0	38.955	31.124	-11.157	0.0	1.844	220.185	13.96	19.538	0.0	47.919	11.872	-10.894	24.8	1.852	201.78	13.54	15.662	0.0	38.067	0.0	0.0	0.0	0.0	199.067	15.37	19.788	632.747	41.616	10.492	-29.068	19.0	1.039	174.656	13.74	16.413	0.0	46.915	27.056	-27.366	46.2	1.659	219.604	14.5	20.538	0.0	39.981	26.256	-1.0	0.0	0.0	173.881	14.73	26.913	0.0	36.892	11.872	-32.104	8.6	1.433	232.778	15.21
-1.0	20.1	584.892	45.35	25.021	-15.993	0.4	1.827	178.919	13.08	13.912	558.838	47.838	33.885	-28.495	40.6	0.0	258.158	12.3	16.913	0.0	46.2	25.021	-5.548	11.2	0.0	217.666	15.01	25.788	0.0	44.618	30.979	-11.144	0.0	0.0	190.543	13.69	19.163	0.0	41.592	11.508	-10.812	24.8	1.374	220.379	13.47	15.787	0.0	44.019	0.0	0.0	0.0	1.852	194.805	15.35	19.538	641.787	37.621	10.492	-29.219	19.0	1.366	186.571	13.23	15.975	0.0	44.023	27.056	-27.047	46.2	1.76	213.695	14.48	20.788	0.0	38.925	26.329	-1.0	0.0	1.056	194.224	14.78	25.288	0.0	42.169	12.017	-31.132	8.6	1.944	175.431	15.17
-1.0	22.288	578.512	45.319	24.949	-14.714	0.4	1.232	243.143	13.16	14.475	613.074	44.814	34.175	-29.21	40.6	0.0	262.614	12.54	17.663	0.0	44.612	25.239	-5.85	11.2	1.693	228.128	15.1	24.975	0.0	40.899	31.269	-10.986	0.0	1.927	199.455	14.14	19.663	0.0	41.869	11.508	-10.864	24.8	1.684	191.512	13.47	16.038	0.0	43.763	0.0	0.0	0.0	0.0	141.624	15.1	19.038	634.342	42.27	10.782	-28.158	19.0	1.659	206.042	13.0	16.475	0.0	46.823	27.056	-27.393	46.2	2.137	180.856	13.82	19.413	0.0	44.509	26.474	-1.0	0.0	1.944	163.807	14.88	26.288	0.0	36.973	12.017	-31.723	8.6	0.0	240.431	14.85
-1.0	20.6	519.491	41.824	25.457	-14.26	0.4	0.0	231.616	13.12	13.35	559.902	43.818	34.611	-28.928	40.6	0.0	272.592	12.74	18.225	0.0	42.939	24.731	-6.043	11.2	1.232	238.397	14.67	24.6	0.0	41.571	31.051	-10.914	0.0	1.458	169.038	14.01	19.538	0.0	41.497	11.363	-10.808	24.8	0.913	234.231	13.8	16.225	0.0	40.037	0.0	0.0	0.0	1.408	202.458	15.06	18.475	570.536	45.233	11.073	-28.301	19.0	1.399	170.007	13.68	17.163	0.0	46.528	27.273	-27.567	46.2	0.0	180.856	14.3	19.913	0.0	44.438	26.474	-1.0	0.0	1.115	149.373	14.9	25.413	0.0	39.695	11.726	-31.05	8.6	1.198	237.331	14.74
-1.0	19.913	482.27	40.33	25.312	-14.057	0.4	0.0	188.702	13.0	13.475	488.119	44.475	34.393	-1.0	40.6	0.989	243.628	12.59	16.413	0.0	42.503	25.094	-5.422	11.2	1.76	201.392	14.94	24.163	0.0	37.679	31.487	-10.821	0.0	0.0	172.719	13.79	18.35	0.0	41.343	11.291	-10.565	24.8	1.743	213.695	13.82	15.725	0.0	40.301	0.0	0.0	0.0	0.913	208.367	15.01	18.725	513.642	39.509	11.0	-28.554	19.0	0.0	161.094	14.0	16.975	0.0	44.626	26.91	-27.615	46.2	0.0	217.666	14.34	18.725	0.0	39.372	26.474	-1.0	0.0	0.0	135.036	15.18	25.788	0.0	38.7	11.944	-31.425	8.6	0.0	184.731	15.01
-1.0	20.038	433.884	35.097	25.312	-14.085	0.4	0.0	163.516	13.18	14.037	475.89	45.357	33.231	-1.0	40.6	1.433	261.452	12.53	16.038	0.0	43.397	25.021	-5.294	11.2	0.0	204.105	14.93	22.288	0.0	40.881	31.415	-10.503	0.0	2.028	191.318	14.29	18.413	0.0	42.632	11.654	-10.543	24.8	1.76	185.118	13.43	14.85	0.0	39.932	0.0	0.0	0.0	1.718	190.93	15.02	18.1	471.636	40.431	11.073	-27.992	19.0	0.0	164.969	13.56	15.787	0.0	43.773	27.273	-27.351	46.2	0.0	204.395	14.68	18.85	0.0	43.259	26.765	-1.0	0.0	0.0	136.296	14.8	23.788	0.0	38.031	11.872	-29.986	8.6	1.383	196.355	15.58
-1.0	19.475	465.787	28.849	25.021	-13.829	0.4	0.0	194.999	12.99	12.35	395.6	45.779	33.739	-1.0	40.6	1.265	268.814	12.44	14.912	0.0	44.568	25.094	-4.996	11.2	1.534	168.457	13.84	22.163	0.0	42.516	30.979	-10.449	0.0	0.0	177.756	14.02	18.35	0.0	43.022	11.363	-10.524	24.8	0.0	184.537	12.97	14.037	0.0	45.173	0.0	0.0	0.0	2.129	167.488	14.74	16.538	515.769	43.428	10.564	-27.16	19.0	1.994	171.363	12.9	15.1	0.0	45.672	27.346	-27.309	46.2	2.003	197.518	14.13	18.538	0.0	41.771	26.765	-1.0	0.0	0.964	155.282	14.84	23.163	0.0	42.175	11.944	-29.651	8.6	0.0	207.592	14.58
-1.0	20.225	525.872	28.617	25.53	-14.085	0.4	1.274	149.083	13.57	14.287	524.276	45.722	33.739	-1.0	40.6	1.332	152.182	12.4	15.85	0.0	43.734	25.239	-5.407	11.2	0.0	199.746	14.22	22.725	0.0	42.462	31.633	-10.57	0.0	1.911	178.531	13.66	18.6	0.0	42.819	11.726	-10.541	24.8	2.095	191.512	13.34	15.225	0.0	45.663	0.0	0.0	0.0	1.232	178.919	14.53	17.975	574.79	44.529	10.855	-27.935	19.0	2.036	166.132	13.18	15.35	0.0	46.877	26.983	-26.78	46.2	1.366	177.95	14.02	18.475	0.0	43.763	26.329	-1.0	0.0	1.525	157.026	15.01	23.288	0.0	41.999	11.726	-29.421	8.6	1.676	193.255	14.17
-1.0	21.663	468.977	27.883	25.239	-14.38	0.4	0.0	145.595	13.82	15.85	503.539	45.307	33.667	-30.086	40.6	0.0	141.817	12.54	16.35	0.0	40.847	24.949	-5.758	11.2	1.86	234.619	13.88	20.538	0.0	36.807	31.051	-10.152	0.0	0.0	209.142	14.41	18.975	0.0	39.182	11.363	-10.562	24.8	0.0	191.705	13.34	14.475	0.0	38.014	0.0	0.0	0.0	0.0	225.029	14.58	17.663	516.832	41.789	10.855	-30.623	19.0	0.0	197.033	13.02	15.912	0.0	42.552	27.273	-26.114	46.2	0.0	199.842	13.92	18.413	0.0	41.096	26.692	-1.0	0.0	1.575	204.008	14.34	23.475	0.0	38.15	11.944	-29.669	8.6	1.953	146.37	14.26
-1.0	20.288	407.83	21.193	25.239	-14.056	0.4	0.0	121.087	13.74	14.912	457.811	44.563	33.957	-29.527	40.6	0.0	135.618	12.56	16.225	0.0	40.296	24.876	-5.67	11.2	0.0	106.847	13.81	21.163	0.0	38.921	31.633	-10.224	0.0	1.366	141.624	13.95	18.6	0.0	38.771	11.436	-10.516	24.8	0.0	249.052	13.72	15.475	0.0	40.422	0.0	0.0	0.0	0.989	144.82	14.56	16.6	432.82	37.674	10.492	-27.318	19.0	0.0	176.884	13.34	15.725	0.0	41.293	26.838	-25.778	46.2	1.399	178.822	14.05	18.163	0.0	40.654	26.329	-1.0	0.0	0.0	207.108	14.14	22.663	0.0	36.766	11.799	-29.241	8.6	1.014	160.223	14.7
-1.0	19.788	432.289	23.936	24.949	-14.072	0.4	0.0	228.128	13.79	13.912	399.322	47.709	34.175	-28.378	40.6	0.0	254.477	12.44	15.475	0.0	44.058	24.876	-5.799	11.2	1.123	155.67	14.35	21.6	0.0	42.51	31.56	-10.518	0.0	0.0	135.133	14.24	18.225	0.0	44.045	11.654	-10.454	24.8	0.0	232.972	14.04	15.162	0.0	40.685	0.0	0.0	0.0	0.0	134.165	14.44	17.225	466.319	40.762	10.927	-27.198	19.0	1.299	175.141	13.71	15.662	0.0	43.727	26.765	-26.011	46.2	0.0	163.032	14.08	18.85	0.0	41.538	26.329	-1.0	0.0	0.0	164.872	14.64	22.663	0.0	37.782	11.654	-29.534	8.6	0.0	152.086	14.39
-1.0	16.913	363.165	27.649	25.094	-13.201	0.4	0.0	242.078	12.77	12.537	423.781	50.994	33.957	-27.44	40.6	0.0	263.292	12.38	15.225	0.0	46.965	24.876	-5.408	11.2	1.5	231.422	14.22	21.163	0.0	45.068	30.833	-10.214	0.0	1.366	187.056	13.78	17.35	0.0	47.393	11.581	-10.451	24.8	1.282	178.531	13.52	15.1	0.0	44.409	0.0	0.0	0.0	1.106	173.784	14.93	16.975	381.244	41.175	10.492	-26.957	19.0	0.0	168.166	13.83	16.475	0.0	45.404	27.056	-26.087	46.2	0.0	191.318	13.89	16.913	0.0	43.748	26.184	-1.0	0.0	1.14	136.296	14.54	21.788	0.0	43.049	12.09	-28.362	8.6	1.567	209.529	14.22
-1.0	17.913	386.029	0.0	25.603	-13.489	0.4	1.584	229.678	13.14	12.475	381.775	49.282	34.175	-27.063	40.6	0.0	275.11	12.52	15.725	0.0	49.758	25.021	-5.451	11.2	0.0	240.528	14.52	20.663	0.0	46.188	30.906	-10.131	0.0	0.0	188.218	13.87	17.1	0.0	49.937	11.581	-10.257	24.8	1.567	199.358	13.15	14.037	0.0	47.408	0.0	0.0	0.0	1.927	185.796	14.71	16.913	426.972	46.782	11.073	-26.798	19.0	1.207	190.155	13.09	15.037	0.0	48.715	26.838	-25.118	46.2	1.416	219.41	13.68	16.975	0.0	44.524	26.038	-1.0	0.0	1.735	162.16	14.18	21.038	0.0	45.733	11.581	-27.712	8.6	1.869	210.304	14.22
-1.0	18.163	437.606	17.011	25.385	-13.461	0.4	1.148	248.955	12.91	13.037	437.074	43.889	34.175	-26.936	40.6	1.827	256.705	12.68	15.787	0.0	43.253	24.731	-5.297	11.2	1.978	206.817	14.57	21.038	0.0	38.206	31.415	-10.193	0.0	0.0	254.477	13.96	18.1	0.0	43.208	11.581	-10.425	24.8	1.006	200.036	13.5	14.475	0.0	45.714	0.0	0.0	0.0	1.785	192.771	14.68	16.913	469.509	46.335	10.782	-27.061	19.0	2.095	191.705	13.24	15.037	0.0	47.23	27.201	-24.991	46.2	1.458	215.148	14.21	18.975	0.0	45.195	26.256	-1.0	0.0	1.131	217.279	14.14	22.163	0.0	39.45	11.944	-28.404	8.6	1.022	250.602	14.51
-1.0	19.413	467.382	20.709	25.53	-13.459	0.4	0.0	177.369	13.64	14.787	465.787	47.029	33.957	-27.674	40.6	0.98	267.554	12.6	15.787	0.0	43.661	25.021	-5.473	11.2	1.994	222.51	14.46	20.6	0.0	39.714	31.197	-10.184	0.0	1.626	205.655	13.68	18.1	0.0	42.434	11.654	-10.45	24.8	1.684	202.07	13.59	14.912	0.0	42.94	0.0	0.0	0.0	1.366	201.586	14.62	17.913	504.071	39.138	10.927	-27.505	19.0	1.592	190.833	13.38	15.912	0.0	45.222	26.983	-23.552	46.2	1.19	207.689	14.17	18.85	0.0	42.942	26.62	-1.0	0.0	1.131	160.513	14.5	22.6	0.0	38.696	11.872	-27.896	8.6	1.148	191.318	14.93
-1.0	17.663	383.37	26.643	25.748	-13.356	0.4	1.056	162.838	13.04	13.287	397.195	51.981	33.957	-26.43	40.6	1.198	226.869	12.42	14.6	0.0	47.159	24.658	-5.189	11.2	0.0	224.544	14.24	19.788	0.0	44.783	30.833	-9.988	0.0	0.0	194.224	13.48	17.225	0.0	49.264	11.654	-10.244	24.8	1.994	211.079	13.3	14.1	0.0	43.325	0.0	0.0	0.0	0.0	182.406	14.52	16.85	429.098	41.88	10.419	-27.034	19.0	1.643	169.813	13.29	15.475	0.0	43.709	26.91	-24.524	46.2	2.045	212.532	13.69	16.413	0.0	44.717	26.62	-1.0	0.0	1.869	146.661	14.5	21.913	0.0	45.261	12.09	-28.424	8.6	1.182	200.036	14.49
-1.0	19.038	411.552	25.091	25.312	-13.991	0.4	0.0	257.189	12.8	12.6	397.195	52.589	33.957	-26.638	40.6	0.0	237.04	12.32	15.225	0.0	50.964	24.876	-5.581	11.2	0.0	254.864	14.51	20.225	0.0	47.863	31.705	-10.08	0.0	0.0	190.737	13.46	17.35	0.0	50.872	11.508	-10.272	24.8	1.71	189.768	13.14	13.6	0.0	48.877	0.0	0.0	0.0	0.0	199.746	14.62	16.475	437.606	46.93	10.564	-26.741	19.0	0.0	194.224	13.05	14.725	0.0	50.2	27.637	-24.113	46.2	1.827	218.441	13.75	17.6	0.0	45.426	26.111	-1.0	0.0	1.693	174.172	13.88	20.538	0.0	47.311	11.654	-27.757	8.6	1.626	200.424	14.4
-1.0	18.913	360.506	25.294	25.385	-13.543	0.4	0.0	166.229	13.03	13.162	386.561	50.968	34.974	-25.765	40.6	1.609	253.218	12.32	14.85	0.0	51.699	25.021	-5.276	11.2	0.0	217.279	14.02	19.6	0.0	43.505	31.56	-9.958	0.0	0.0	207.592	13.68	17.163	0.0	49.881	11.944	-10.274	24.8	1.148	171.75	12.92	13.975	0.0	48.193	0.0	0.0	0.0	0.0	190.833	14.24	16.475	388.156	48.801	10.782	-27.002	19.0	0.0	176.303	12.96	14.725	0.0	51.48	27.273	-23.988	46.2	1.961	216.117	13.68	17.288	0.0	47.065	26.038	-1.0	0.0	1.659	163.71	14.38	20.975	0.0	43.224	11.872	-27.259	8.6	1.232	190.543	14.2
-1.0	17.288	369.546	22.775	25.239	-13.318	0.4	0.0	224.06	12.69	12.537	412.615	52.787	34.321	-25.645	40.6	1.902	253.993	12.4	14.662	0.0	50.79	25.094	-4.91	11.2	2.095	204.105	14.0	20.038	0.0	46.536	31.415	-10.081	0.0	0.0	182.406	13.6	16.85	0.0	51.137	11.581	-10.241	24.8	1.643	212.145	13.29	14.412	0.0	48.053	0.0	0.0	0.0	1.567	201.005	14.62	16.538	408.361	45.468	11.0	-26.768	19.0	1.86	187.443	13.08	15.35	0.0	48.151	26.91	-24.096	46.2	1.676	213.404	13.68	17.413	0.0	44.652	25.893	-1.0	0.0	1.316	168.844	13.92	20.788	0.0	46.558	11.944	-27.735	8.6	1.483	207.883	14.24
