0.24	0.037	24.459	91.344	24.658	-14.01	35.2	0.0	68.39	-0.96	0.85	25.523	45.87	33.086	-7.563	29.0	0.0	89.895	-1.02	0.662	0.0	69.392	23.859	-10.144	0.8	0.0	49.791	-0.16	2.35	0.0	60.811	31.415	-0.608	36.0	1.425	45.141	-0.22	1.725	0.0	94.356	11.799	-8.66	1.6	1.366	55.313	-1.0	1.475	0.0	0.0	0.0	0.0	1.2	0.0	47.273	0.1	2.1	15.952	90.674	9.838	-1.0	1.0	1.86	21.699	-0.48	2.913	0.0	71.7	26.474	-11.187	32.6	0.0	45.916	0.23	2.288	0.0	38.006	21.389	-13.43	1.0	0.0	343.113	-0.08	1.475	0.0	29.791	9.184	-1.0	38.0	2.137	91.058
0.32	0.163	20.205	91.346	24.803	-13.318	35.2	0.0	68.971	-0.94	0.6	23.396	45.721	32.722	-7.573	29.0	0.0	89.12	-0.98	0.6	0.0	69.4	23.714	-10.244	0.8	0.0	54.731	-0.18	2.35	0.0	60.313	31.197	-0.576	36.0	0.0	45.432	-0.29	1.85	0.0	94.336	11.436	-8.69	1.6	0.0	63.062	-1.0	1.538	0.0	0.0	0.0	0.0	1.2	0.0	46.885	-0.02	1.975	14.357	90.622	9.474	-1.0	1.0	1.785	30.03	-0.58	3.1	0.0	71.629	27.056	-10.841	32.6	0.0	45.238	0.34	2.413	0.0	37.986	20.735	-13.637	1.0	0.0	349.7	-0.03	1.288	0.0	30.722	9.038	-1.0	38.0	1.827	85.827
0.31	0.35	28.181	91.323	24.513	-13.601	35.2	0.0	68.293	-0.94	0.662	24.459	45.57	32.795	-7.538	29.0	0.0	89.895	-1.02	0.85	0.0	69.367	23.859	-10.221	0.8	0.0	52.019	-0.16	2.475	0.0	60.014	31.415	-0.555	36.0	1.341	45.044	-0.29	2.225	0.0	94.336	11.363	-8.779	1.6	1.123	59.865	-1.0	1.788	0.0	0.0	0.0	0.0	1.2	0.0	46.788	0.1	2.1	17.547	90.654	9.256	-24.471	1.0	2.053	30.998	-0.59	2.725	0.0	71.627	27.056	-13.264	32.6	0.0	46.013	0.38	2.413	0.0	37.958	20.88	-13.212	1.0	0.0	355.996	-0.01	1.163	0.0	30.129	8.893	-1.0	38.0	1.626	112.95
0.22	0.1	28.181	91.319	24.44	-13.688	35.2	0.0	68.487	-0.94	0.912	27.649	45.145	32.94	-7.586	29.0	0.0	89.798	-1.02	1.038	0.0	69.392	24.077	-10.3	0.8	0.0	46.304	-0.26	2.413	0.0	61.506	31.487	-0.756	36.0	1.081	45.722	-0.32	2.038	0.0	94.328	11.508	-8.792	1.6	1.475	69.262	-1.0	1.475	0.0	0.0	0.0	0.0	1.2	0.0	46.498	0.16	1.975	18.078	90.649	9.838	-1.0	1.0	1.307	39.523	-0.46	2.913	0.0	71.679	26.474	-11.411	32.6	0.0	45.819	0.44	2.413	0.0	37.933	20.735	-13.39	1.0	0.0	347.859	-0.05	1.225	0.0	31.281	9.184	-1.0	38.0	0.0	87.57
0.19	0.225	36.689	91.29	24.44	-13.709	35.2	0.0	69.068	-0.9	0.662	35.625	44.846	33.086	-7.546	29.0	0.0	89.605	-1.0	0.912	0.0	69.396	24.15	-10.284	0.8	0.0	50.372	-0.22	2.35	0.0	60.609	31.415	-1.111	36.0	1.064	45.238	-0.32	1.85	0.0	94.328	11.363	-8.779	1.6	1.416	71.199	-1.0	1.288	0.0	0.0	0.0	0.0	1.2	0.0	47.273	0.09	2.1	17.547	90.631	9.256	-24.844	1.0	1.575	34.292	-0.52	2.85	0.0	71.717	26.62	-11.178	32.6	0.0	45.916	0.34	2.475	0.0	37.954	21.389	-13.585	1.0	0.0	355.609	-0.09	1.225	0.0	31.573	9.038	-1.0	38.0	1.953	77.399
0.24	0.225	30.308	91.304	24.513	-13.841	35.2	0.0	68.487	-0.94	0.725	38.816	45.327	32.359	-7.585	29.0	0.0	89.314	-1.04	0.85	0.0	69.388	24.077	-10.448	0.8	0.0	53.956	-0.22	2.163	0.0	60.499	31.269	-0.607	36.0	0.0	45.335	-0.29	1.538	0.0	94.356	11.654	-8.72	1.6	1.165	67.034	-1.0	1.475	0.0	0.0	0.0	0.0	1.2	0.0	46.788	0.0	2.038	14.888	90.586	9.692	-24.355	1.0	1.726	26.833	-0.56	2.85	0.0	71.633	26.329	-11.214	32.6	0.0	45.819	0.34	2.163	0.0	37.954	20.953	-13.17	1.0	0.0	321.414	-0.12	1.225	0.0	31.472	8.748	-1.0	38.0	1.609	80.499
0.22	0.287	24.991	91.298	25.094	-13.72	35.2	0.0	68.874	-0.98	0.787	30.308	45.746	32.795	-7.655	29.0	0.0	89.895	-1.08	0.662	0.0	69.381	23.859	-10.64	0.8	0.0	40.492	-0.22	2.475	0.0	60.664	31.415	-0.682	36.0	1.559	45.238	-0.36	1.913	0.0	94.316	11.581	-8.744	1.6	0.0	63.74	-1.0	1.413	0.0	0.0	0.0	0.0	1.2	0.0	46.885	0.06	2.038	14.888	90.582	9.329	-24.545	1.0	1.726	26.639	-0.6	2.913	0.0	71.625	26.547	-11.081	32.6	0.0	45.916	0.2	2.163	0.0	37.939	21.244	-13.229	1.0	0.0	342.047	-0.14	1.225	0.0	31.174	9.184	-1.0	38.0	1.676	88.151
0.3	0.163	22.332	91.3	24.44	-13.764	35.2	0.0	69.165	-0.98	0.662	27.649	46.169	33.013	-7.644	29.0	0.0	89.992	-1.04	0.6	0.0	69.388	23.859	-10.73	0.8	0.0	54.344	-0.39	2.225	0.0	62.786	31.415	-0.628	36.0	0.0	45.238	-0.31	1.788	0.0	94.331	11.654	-8.714	1.6	1.148	59.962	-1.0	1.475	0.0	0.0	0.0	0.0	1.2	0.0	46.594	0.06	1.85	13.293	90.561	9.91	-1.0	1.0	1.5	25.574	-0.6	2.725	0.0	71.575	26.62	-11.054	32.6	0.0	45.819	0.39	2.35	0.0	37.928	21.462	-13.44	1.0	0.0	353.478	-0.14	1.225	0.0	31.47	9.184	-1.0	38.0	1.768	80.499
0.27	0.1	17.547	91.292	24.513	-14.587	35.2	0.0	68.681	-0.93	0.537	20.205	45.237	32.867	-7.534	29.0	0.0	90.186	-1.04	0.662	0.0	69.388	24.077	-10.84	0.8	0.0	52.503	-0.14	2.413	0.0	58.825	31.342	-0.598	36.0	0.0	45.044	-0.32	1.913	0.0	94.328	11.581	-8.704	1.6	0.0	62.578	-1.0	1.475	0.0	0.0	0.0	0.0	1.2	0.0	46.788	0.06	1.85	10.103	90.561	9.474	-23.813	1.0	1.257	36.229	-0.63	2.663	0.0	71.594	26.91	-10.977	32.6	0.0	47.176	0.36	2.288	0.0	37.956	21.316	-13.249	1.0	0.0	353.284	-0.16	1.225	0.0	31.238	9.111	-1.0	38.0	1.567	87.183
0.26	0.35	26.054	91.269	24.876	-14.065	35.2	0.0	68.778	-0.95	0.475	25.523	45.659	33.086	-7.545	29.0	0.0	90.089	-1.0	0.6	0.0	69.396	23.932	-11.523	0.8	0.0	52.794	-0.23	2.35	0.0	59.809	31.124	-0.703	36.0	0.0	45.141	-0.3	2.038	0.0	94.333	11.363	-8.679	1.6	0.0	64.225	-1.0	1.35	0.0	0.0	0.0	0.0	1.2	0.0	46.788	-0.04	1.975	15.952	90.534	9.91	-24.144	1.0	1.224	31.289	-0.66	2.85	0.0	71.563	25.966	-11.107	32.6	0.0	45.626	0.3	2.35	0.0	37.95	20.517	-13.626	1.0	0.0	346.697	-0.18	1.225	0.0	30.643	8.748	-1.0	38.0	1.425	74.977
0.24	0.1	24.459	91.263	24.731	-13.886	35.2	0.0	68.584	-0.84	0.725	28.181	42.646	33.013	-7.585	29.0	0.0	89.992	-1.06	0.725	0.0	69.385	23.859	-10.991	0.8	0.0	55.894	-0.26	2.038	0.0	60.355	31.269	-0.469	36.0	0.0	45.044	-0.38	2.288	0.0	94.311	11.073	-8.811	1.6	0.0	67.034	-1.0	1.725	0.0	0.0	0.0	0.0	1.2	0.0	46.013	0.03	2.1	13.293	90.512	9.402	-24.471	1.0	1.224	26.639	-0.62	2.85	0.0	71.596	26.62	-11.003	32.6	0.0	45.722	0.32	2.163	0.0	37.952	20.953	-13.229	1.0	0.0	348.538	-0.16	1.1	0.0	30.38	9.256	-1.0	38.0	1.048	93.092
0.2	0.037	18.078	91.252	25.021	-13.677	35.2	0.0	68.778	-1.0	0.662	21.8	46.529	33.086	-7.538	29.0	0.0	89.798	-1.06	0.6	0.0	69.385	24.15	-10.73	0.8	0.0	56.088	-0.24	2.413	0.0	60.88	30.979	-0.629	36.0	0.0	45.432	-0.4	1.975	0.0	94.305	11.145	-8.657	1.6	0.0	73.04	-1.0	1.288	0.0	0.0	0.0	0.0	1.2	0.0	46.401	0.02	1.85	11.698	90.468	9.838	-24.2	1.0	1.073	25.864	-0.72	2.725	0.0	71.476	26.62	-11.233	32.6	0.0	45.916	0.24	2.288	0.0	37.975	20.372	-13.075	1.0	0.0	0.194	-0.18	1.163	0.0	30.379	9.038	-1.0	38.0	1.617	88.055
0.24	-0.087	15.952	91.263	24.876	-13.591	35.2	0.0	68.487	-1.0	0.6	19.142	46.679	33.086	-7.557	29.0	0.0	89.895	-1.08	0.725	0.0	69.381	23.859	-10.884	0.8	0.0	51.632	-0.27	2.225	0.0	61.286	31.197	-0.502	36.0	0.0	45.238	-0.36	1.913	0.0	94.316	11.218	-8.585	1.6	0.0	56.669	-1.0	1.538	0.0	0.0	0.0	0.0	1.2	0.0	46.788	0.06	1.975	9.039	90.459	9.256	-24.43	1.0	0.0	44.076	-0.66	2.85	0.0	71.538	26.474	-11.854	32.6	0.0	46.013	0.2	2.225	0.0	38.003	21.026	-12.951	1.0	0.0	349.022	-0.19	1.225	0.0	30.245	8.966	-1.0	38.0	1.534	94.739
0.22	-0.025	13.825	91.258	24.803	-13.287	35.2	0.0	68.487	-0.97	0.662	15.952	46.563	32.722	-7.562	29.0	0.0	89.992	-1.06	0.662	0.0	69.385	23.641	-10.738	0.8	0.0	62.868	-0.18	2.288	0.0	59.208	31.778	-0.618	36.0	0.0	45.335	-0.36	1.85	0.0	94.297	11.291	-8.629	1.6	0.0	77.883	-1.0	1.475	0.0	0.0	0.0	0.0	1.2	0.0	46.885	0.06	2.038	9.571	90.479	8.966	-24.915	1.0	0.0	34.098	-0.72	2.663	0.0	71.451	26.256	-11.299	32.6	0.0	45.916	0.3	2.225	0.0	37.982	21.026	-13.064	1.0	0.0	0.0	-0.19	1.225	0.0	30.179	9.111	-1.0	38.0	1.534	79.724
0.19	0.163	13.293	91.25	24.585	-13.442	35.2	0.0	68.487	-0.92	0.537	14.888	45.935	32.722	-7.543	29.0	0.0	90.186	-1.06	0.6	0.0	69.385	23.932	-10.832	0.8	0.0	70.037	-0.22	2.413	0.0	59.755	31.124	-0.534	36.0	0.0	45.335	-0.34	1.85	0.0	94.303	11.218	-8.659	1.6	0.0	71.49	-1.0	1.35	0.0	0.0	0.0	0.0	1.2	0.0	46.788	0.06	1.975	5.849	90.479	9.692	-24.711	1.0	0.0	40.492	-0.72	2.788	0.0	71.501	26.402	-11.471	32.6	0.0	46.013	0.36	2.475	0.0	37.988	21.389	-12.992	1.0	0.0	11.527	-0.22	1.225	0.0	30.044	8.748	-1.0	38.0	1.031	75.946
0.22	0.287	14.888	91.258	24.658	-13.463	35.2	0.0	68.487	-1.06	0.35	17.547	47.96	33.158	-7.484	29.0	0.0	89.798	-1.06	0.662	0.0	69.385	24.15	-10.84	0.8	0.0	59.575	-0.3	2.038	0.0	61.39	31.269	-0.407	36.0	0.0	45.044	-0.33	1.725	0.0	94.305	11.581	-8.623	1.6	0.0	60.447	-1.0	1.475	0.0	0.0	0.0	0.0	1.2	0.0	46.788	-0.08	1.85	10.103	90.421	9.329	-24.578	1.0	0.939	26.833	-0.7	2.663	0.0	71.505	26.474	-11.492	32.6	0.0	45.916	0.2	2.163	0.0	38.035	21.244	-12.885	1.0	0.0	347.472	-0.2	1.413	0.0	30.013	8.748	-1.0	38.0	1.408	102.004
0.08	-0.15	18.078	91.22	24.803	-13.328	35.2	0.0	68.584	-1.04	0.725	19.674	47.544	32.94	-7.519	29.0	0.0	89.798	-1.13	0.662	0.0	69.371	23.714	-10.672	0.8	0.0	48.338	-0.16	2.225	0.0	58.515	31.269	-0.597	36.0	0.0	45.335	-0.38	1.725	0.0	94.311	11.291	-8.668	1.6	0.0	69.165	-1.0	1.413	0.0	0.0	0.0	0.0	1.2	0.0	46.982	0.02	1.913	10.634	90.468	9.329	-24.965	1.0	0.0	48.435	-0.69	2.6	0.0	71.507	27.056	-11.73	32.6	0.0	45.722	0.44	2.1	0.0	37.996	20.808	-12.657	1.0	0.0	355.609	-0.22	1.225	0.0	30.044	9.038	-1.0	38.0	1.517	85.924
0.22	-0.087	14.888	91.237	24.44	-13.527	35.2	0.0	68.778	-1.06	0.6	17.015	48.08	32.795	-7.515	29.0	0.0	89.895	-1.1	0.662	0.0	69.351	23.786	-10.705	0.8	0.0	70.715	-0.12	2.413	0.0	57.232	31.415	-0.534	36.0	0.0	45.238	-0.56	1.913	0.0	94.26	11.218	-8.658	1.6	0.0	67.325	-1.0	1.475	0.0	0.0	0.0	0.0	1.2	0.0	46.691	0.1	2.038	10.103	90.469	9.547	-1.0	1.0	0.0	40.782	-0.68	2.725	0.0	71.509	26.91	-11.665	32.6	0.0	46.11	0.42	2.288	0.0	38.058	20.735	-13.43	1.0	0.0	344.372	-0.24	0.975	0.0	29.976	9.329	-1.0	38.2	0.0	92.414
0.3	0.1	13.293	91.239	24.731	-13.307	35.2	0.0	68.778	-1.02	0.537	14.357	46.947	33.013	-7.476	29.0	0.0	89.895	-1.1	0.725	0.0	69.377	23.786	-10.461	0.8	0.0	65.0	-0.29	2.163	0.0	59.909	31.124	-0.449	36.0	0.0	45.335	-0.42	1.725	0.0	94.28	11.436	-8.623	1.6	0.0	63.256	-1.0	1.663	0.0	0.0	0.0	0.0	1.2	0.0	46.788	-0.01	1.788	6.912	90.44	9.547	-1.0	1.0	1.215	27.317	-0.72	2.663	0.0	71.451	26.692	-11.492	32.6	0.0	45.916	0.36	1.913	0.0	38.337	21.316	-12.47	1.0	0.0	355.222	-0.28	1.163	0.0	30.039	9.184	-1.0	38.2	1.517	71.684
0.14	0.1	11.166	91.236	24.949	-13.246	35.2	0.0	68.003	-1.04	0.6	12.761	47.843	33.303	-7.515	29.0	0.0	90.186	-1.16	0.412	0.0	69.365	24.077	-10.672	0.8	0.0	49.888	-0.38	2.038	0.0	61.376	31.124	-0.281	36.0	0.0	45.529	-0.46	1.725	0.0	94.288	11.581	-8.7	1.6	1.098	66.453	-1.0	1.038	0.0	0.0	0.0	0.0	1.2	0.0	47.757	-0.15	1.788	6.381	90.341	9.62	-1.0	1.0	1.534	32.064	-0.82	2.413	0.0	71.38	26.838	-11.496	32.6	0.0	45.626	0.21	2.163	0.0	38.48	20.444	-12.458	1.0	0.0	0.194	-0.3	1.038	0.0	29.971	8.748	-1.0	38.2	1.542	84.18
0.04	-0.087	10.103	91.209	25.021	-13.215	35.2	0.0	68.39	-0.99	0.475	11.698	47.311	33.013	-7.504	29.0	0.0	89.798	-1.12	0.662	0.0	69.347	24.077	-10.84	0.8	0.0	53.763	-0.31	2.35	0.0	60.319	31.197	-0.226	36.0	0.0	45.044	-0.48	1.538	0.0	94.282	11.581	-8.625	1.6	0.0	66.065	-1.0	1.288	0.0	0.0	0.0	0.0	1.2	0.0	47.079	-0.08	1.788	3.19	90.359	9.111	-1.0	1.0	1.022	18.502	-0.83	2.663	0.0	71.328	26.983	-11.046	32.6	0.0	46.594	-0.05	1.975	0.0	38.642	21.098	-12.328	1.0	0.0	352.122	-0.36	1.288	0.0	29.999	8.821	-1.0	38.2	1.793	81.952
0.2	-0.15	8.508	91.212	24.44	-13.328	35.2	0.0	68.584	-1.11	0.412	10.103	48.876	32.867	-7.523	29.0	0.0	90.186	-1.1	0.475	0.0	69.351	24.077	-10.615	0.8	0.0	52.697	-0.37	2.038	0.0	61.405	31.415	-0.249	36.0	0.0	45.141	-0.54	1.663	0.0	94.266	11.654	-8.654	1.6	0.0	54.344	-1.0	1.35	0.0	0.0	0.0	0.0	1.2	0.0	46.498	-0.15	1.725	3.722	90.32	9.91	-24.903	1.0	1.299	39.038	-0.82	2.538	0.0	71.33	26.91	-11.243	32.6	0.0	45.819	0.14	1.788	0.0	38.472	20.735	-12.399	1.0	0.0	351.637	-0.34	1.288	0.0	29.968	9.111	-1.0	38.2	1.45	83.695
0.06	0.037	9.039	91.174	24.44	-13.359	35.2	0.0	68.39	-1.15	0.287	9.571	49.344	32.94	-7.503	29.0	0.0	89.508	-1.12	0.6	0.0	69.347	23.932	-10.6	0.8	0.0	61.319	-0.34	1.913	0.0	61.274	31.124	-0.018	36.0	0.0	45.335	-0.52	1.475	0.0	94.271	11.145	-8.634	1.6	0.939	69.068	-1.0	1.038	0.0	0.0	0.0	0.0	1.2	0.0	46.982	-0.04	1.725	4.785	90.329	9.765	-1.0	1.0	1.173	21.602	-0.73	2.475	0.0	71.273	26.692	-10.603	32.6	0.0	45.722	0.1	1.975	0.0	38.437	20.808	-12.328	1.0	0.0	352.122	-0.4	1.038	0.0	29.962	9.111	-1.0	38.2	1.668	75.268
0.18	-0.15	12.23	91.206	24.585	-13.085	35.2	0.0	68.39	-1.1	0.35	11.698	48.788	32.867	-7.501	29.0	0.0	90.089	-1.13	0.537	0.0	69.345	23.496	-10.529	0.8	0.0	51.05	-0.32	2.288	0.0	61.414	31.487	-1.057	36.0	0.0	45.238	-0.46	1.538	0.0	94.249	11.218	-8.671	1.6	0.0	56.959	-1.0	1.663	0.0	0.0	0.0	0.0	1.2	0.0	46.594	-0.19	1.725	5.849	90.289	9.474	-24.722	1.0	1.291	42.72	-0.7	2.475	0.0	71.304	26.62	-11.197	32.6	0.0	46.013	-0.05	1.788	0.0	38.452	21.171	-12.502	1.0	0.0	352.025	-0.38	1.163	0.0	29.964	8.603	-1.0	38.2	1.659	70.134
0.12	-0.15	10.103	91.19	24.731	-13.266	35.2	0.0	68.487	-1.13	0.225	11.698	49.288	33.231	-7.481	29.0	0.0	90.476	-1.12	0.412	0.0	69.347	23.859	-10.575	0.8	0.0	57.444	-0.38	1.913	0.0	61.894	31.56	-0.489	36.0	0.0	46.304	-0.48	1.35	0.0	94.244	11.508	-8.651	1.6	0.0	59.962	-1.0	1.1	0.0	0.0	0.0	0.0	1.2	0.0	46.982	-0.16	1.538	5.317	90.277	9.402	-24.662	1.0	1.24	30.901	-0.78	2.538	0.0	71.288	27.056	-10.994	32.6	0.0	45.626	0.11	2.1	0.0	38.501	20.662	-12.347	1.0	0.0	352.025	-0.46	1.1	0.0	29.99	9.038	-1.0	38.2	1.819	86.214
0.08	-0.15	9.039	91.179	24.44	-14.763	35.2	0.0	69.068	-1.09	0.35	12.761	48.938	33.086	-7.509	29.0	0.0	90.186	-1.12	0.412	0.0	69.347	24.731	-10.841	0.8	0.0	52.407	-0.38	2.038	0.0	61.894	31.124	-0.344	36.0	0.0	45.335	-0.49	1.413	0.0	94.241	11.581	-8.682	1.6	1.039	60.253	-1.0	1.225	0.0	0.0	0.0	0.0	1.2	0.0	46.498	-0.18	1.725	4.785	90.251	9.402	-1.0	1.0	1.274	34.97	-0.74	2.413	0.0	71.296	26.547	-11.339	32.6	0.0	46.11	0.09	1.913	0.0	38.435	20.59	-12.419	1.0	0.0	352.509	-0.46	1.163	0.0	29.957	8.748	-1.0	38.2	1.575	75.558
0.06	-0.338	2.127	91.174	24.949	-13.745	35.2	0.0	68.681	-1.06	0.475	7.976	48.377	32.867	-7.479	29.0	0.0	90.089	-1.13	0.412	0.0	69.371	24.077	-10.392	0.8	0.0	54.635	-0.42	1.85	0.0	62.321	31.124	0.0	36.0	0.0	45.722	-0.58	1.475	0.0	94.254	11.363	-8.689	1.6	1.148	63.353	-1.0	1.038	0.0	0.0	0.0	0.0	1.2	0.0	46.691	-0.1	1.538	5.849	90.272	9.474	-24.753	1.0	0.0	35.551	-0.82	2.538	0.0	71.255	26.91	-11.063	32.6	0.0	45.916	0.04	1.788	0.0	38.462	20.953	-12.399	1.0	0.0	352.122	-0.52	0.975	0.0	29.952	9.402	-1.0	38.2	1.751	83.017
0.0	-0.15	7.976	91.158	24.367	-13.453	35.2	0.0	68.39	-1.08	0.662	11.698	49.028	32.867	-7.513	29.0	0.0	89.411	-1.12	0.412	0.0	69.347	23.568	-10.392	0.8	0.0	44.948	-0.31	2.038	0.0	60.594	31.051	-0.249	36.0	0.0	45.044	-0.56	1.35	0.0	94.24	11.436	-8.675	1.6	0.0	66.55	-1.0	1.225	0.0	0.0	0.0	0.0	1.2	0.0	46.691	-0.17	1.538	3.19	90.253	9.329	-24.197	1.0	0.0	18.308	-0.77	2.288	0.0	71.29	26.474	-10.925	32.6	0.0	45.916	-0.05	1.725	0.0	38.547	21.098	-12.39	1.0	0.0	352.025	-0.52	0.975	0.0	29.952	8.675	-1.0	38.2	1.793	90.573
0.14	-0.087	7.976	91.195	24.949	-13.338	35.2	0.0	69.068	-1.12	0.35	6.912	49.082	32.867	-7.484	29.0	0.0	90.186	-1.04	0.475	0.0	69.363	23.859	-10.341	0.8	0.0	60.641	-0.27	1.975	0.0	60.078	31.342	-0.071	36.0	0.0	45.626	-0.56	1.288	0.0	94.221	11.073	-8.71	1.6	0.0	62.868	-1.0	1.038	0.0	0.0	0.0	0.0	1.2	0.0	46.788	-0.18	1.475	0.0	90.21	9.765	-23.891	1.0	0.0	25.767	-0.77	2.475	0.0	71.29	26.474	-11.125	32.6	0.0	46.013	0.18	1.85	0.0	38.635	21.244	-12.46	1.0	0.0	352.412	-0.54	0.912	0.0	29.884	8.821	-1.0	38.2	1.441	79.336
0.04	-0.212	11.698	91.168	25.021	-13.443	35.2	0.0	69.262	-1.12	0.35	5.317	49.112	33.231	-7.558	29.0	0.0	89.798	-1.1	0.412	0.0	69.351	23.496	-10.248	0.8	0.0	50.566	-0.3	1.85	0.0	59.604	31.051	-0.993	36.0	0.0	45.141	-0.53	0.912	0.0	94.23	11.073	-8.712	1.6	0.0	59.187	-1.0	1.038	0.0	0.0	0.0	0.0	1.2	0.0	46.691	-0.14	1.475	7.444	90.22	9.038	-23.891	1.0	0.0	23.539	-0.76	2.288	0.0	71.317	27.273	-10.993	32.6	0.0	45.916	0.24	1.913	0.0	38.61	21.098	-12.844	1.0	0.0	352.412	-0.53	1.163	0.0	29.885	8.821	-1.0	38.2	1.693	79.724
