7.64	4.1	1.063	64.182	25.82	-10.488	34.8	1.391	215.729	5.55	4.037	0.0	70.721	33.521	-8.064	28.8	0.0	201.683	5.79	3.85	0.0	72.372	24.876	-8.762	0.0	0.0	212.048	6.56	4.912	0.0	71.361	31.269	-1.791	35.0	0.0	151.795	6.56	5.6	0.0	72.035	10.927	-8.948	0.0	1.106	220.766	6.27	3.913	0.0	73.033	0.0	0.0	0.2	0.0	154.41	7.14	4.475	0.532	71.213	10.492	-23.721	0.0	0.0	163.322	6.23	5.1	0.0	70.435	26.256	-11.158	31.6	1.835	184.924	7.36	4.912	0.0	67.273	23.932	-23.648	0.0	0.0	166.519	6.94	4.85	0.0	65.241	10.419	-23.628	37.2	0.0	245.952
6.66	3.413	0.0	71.432	25.385	-10.448	34.8	0.0	198.874	5.32	3.538	0.0	72.098	33.449	-8.013	28.8	1.768	207.883	6.08	4.037	0.0	68.773	24.44	-8.783	0.0	0.0	187.152	7.45	5.412	0.0	65.03	31.124	-2.272	35.0	0.0	199.455	6.43	5.6	0.0	72.268	11.073	-8.97	0.0	0.0	206.042	6.58	4.225	0.0	73.044	0.0	0.0	0.2	0.0	209.432	7.04	4.6	1.063	71.897	10.128	-23.867	0.0	0.0	152.861	6.08	4.85	0.0	71.162	26.692	-12.076	31.6	1.81	162.257	7.41	4.912	0.0	66.008	24.15	-23.862	0.0	0.0	137.071	6.69	4.662	0.0	68.702	10.128	-23.462	37.2	2.045	241.884
6.6	3.225	0.532	71.472	25.748	-10.449	34.8	0.0	189.284	5.04	3.35	1.063	72.76	33.667	-7.854	28.8	1.374	210.692	6.14	3.85	0.0	70.549	25.021	-8.748	0.0	0.0	205.461	6.74	4.787	0.0	72.381	30.833	-1.476	35.0	0.0	197.518	6.34	5.6	0.0	72.61	10.419	-8.934	0.0	0.0	192.868	6.54	4.537	0.0	71.305	0.0	0.0	0.2	0.0	181.437	7.28	4.725	1.063	70.112	9.91	-23.908	0.0	0.0	168.069	6.26	5.162	0.0	68.489	26.62	-11.2	31.6	1.492	205.655	7.5	4.6	0.0	64.158	24.15	-24.391	0.0	0.0	162.451	6.41	4.35	0.0	72.367	10.201	-23.256	37.2	1.668	216.504
6.58	3.35	0.532	72.426	25.094	-10.286	34.8	0.0	209.917	5.31	3.35	1.595	72.097	33.449	-7.97	28.8	1.006	258.449	5.96	3.913	0.0	71.658	24.658	-8.748	0.0	0.0	211.079	6.65	4.725	0.0	72.415	31.415	-1.725	35.0	0.0	200.23	6.32	5.787	0.0	72.606	11.436	-8.963	0.0	0.0	204.395	6.19	3.788	0.0	73.757	0.0	0.0	0.2	0.0	193.449	7.0	4.725	1.063	71.993	10.128	-24.013	0.0	1.299	181.243	6.16	5.037	0.0	71.1	26.474	-11.249	31.6	0.0	210.304	7.14	4.537	0.0	68.119	24.295	-24.881	0.0	0.0	135.133	6.32	4.162	0.0	72.915	10.201	-23.198	37.2	1.467	231.809
6.84	3.6	0.532	71.024	25.457	-10.246	34.8	0.0	211.079	5.2	3.475	0.0	72.536	33.521	-7.982	28.8	1.793	202.652	5.86	3.913	0.0	72.437	25.021	-8.727	0.0	0.0	226.094	7.08	5.537	0.0	69.836	30.761	-2.113	35.0	1.123	218.054	6.24	5.6	0.0	73.971	10.782	-8.948	0.0	1.869	222.316	6.34	4.412	0.0	73.991	0.0	0.0	0.2	0.0	210.595	6.7	4.6	1.063	73.759	10.201	-24.494	0.0	0.939	192.868	6.04	5.037	0.0	71.803	26.256	-11.216	31.6	0.0	212.629	7.16	4.725	0.0	68.016	23.932	-24.013	0.0	0.0	169.619	6.24	4.162	0.0	73.971	10.201	-22.877	37.2	1.492	266.392
6.64	3.6	0.532	71.844	25.893	-10.473	34.8	0.0	200.617	5.28	3.663	0.0	72.065	34.103	-8.002	28.8	1.793	220.863	5.96	3.913	0.0	71.865	25.167	-8.734	0.0	0.0	208.948	6.92	4.912	0.0	70.909	31.633	-1.689	35.0	0.0	189.574	6.43	5.6	0.0	72.783	11.508	-8.963	0.0	0.0	212.048	6.41	4.1	0.0	73.189	0.0	0.0	0.2	0.0	200.617	7.21	4.912	0.532	71.774	9.91	-24.18	0.0	0.964	186.571	5.68	4.912	0.0	73.678	26.765	-11.197	31.6	0.0	220.573	6.96	4.787	0.0	70.024	24.222	-25.066	0.0	0.0	161.094	6.22	4.225	0.0	74.119	10.419	-23.217	37.2	1.441	249.73
6.91	3.663	0.532	70.698	25.021	-10.352	34.8	0.955	190.059	5.22	3.288	0.0	72.079	33.449	-8.157	28.8	1.584	178.919	6.16	3.913	0.0	70.944	24.876	-8.741	0.0	0.0	237.331	6.82	5.1	0.0	71.645	30.979	-1.754	35.0	0.0	202.07	6.52	5.6	0.0	71.95	11.073	-8.941	0.0	0.0	214.76	6.52	4.162	0.0	72.698	0.0	0.0	0.2	2.053	190.543	6.9	4.475	1.063	73.288	9.692	-23.932	0.0	0.922	179.306	5.96	4.975	0.0	71.916	26.62	-11.24	31.6	0.0	199.358	6.92	4.85	0.0	69.858	24.15	-24.68	0.0	0.0	157.413	6.3	4.412	0.0	73.626	10.128	-23.596	37.2	1.693	227.16
6.48	3.1	3.19	72.458	25.53	-10.229	34.8	0.0	197.905	5.15	2.663	0.0	72.424	33.594	-7.901	28.8	0.0	248.18	6.13	3.975	0.0	70.233	25.021	-8.734	0.0	0.0	204.492	6.59	4.85	0.0	72.84	30.761	-1.836	35.0	0.0	186.959	6.38	5.85	0.0	72.387	11.363	-8.97	0.0	0.0	199.358	6.5	4.287	0.0	73.156	0.0	0.0	0.2	0.0	193.158	6.86	4.975	0.532	73.228	10.274	-23.776	0.0	1.115	168.457	6.07	5.037	0.0	71.628	26.402	-11.284	31.6	0.0	213.017	7.02	4.85	0.0	69.719	23.859	-24.986	0.0	0.0	163.322	6.22	4.412	0.0	73.202	10.419	-1.0	37.2	2.011	231.616
6.46	2.913	0.0	72.325	25.675	-10.253	34.8	1.793	196.646	5.32	3.225	0.0	71.893	33.667	-7.908	28.8	0.0	251.28	5.85	3.85	0.0	71.688	24.15	-8.727	0.0	0.0	189.284	6.26	4.662	0.0	73.72	31.342	-1.703	35.0	0.0	186.959	6.27	5.912	0.0	73.033	11.363	-9.007	0.0	1.953	195.193	6.12	3.788	0.0	73.768	0.0	0.0	0.2	0.0	172.719	6.96	4.537	1.063	72.01	10.492	-24.37	0.0	1.182	184.924	6.36	5.162	0.0	69.962	26.474	-11.337	31.6	0.0	197.518	7.14	4.912	0.0	68.68	24.15	-25.108	0.0	0.0	135.424	6.23	3.725	0.0	73.306	10.492	-23.379	37.2	1.131	226.578
6.94	3.6	1.063	70.389	25.239	-10.27	34.8	1.994	199.552	5.7	4.225	0.532	69.888	34.248	-8.124	28.8	0.0	262.13	5.71	3.663	0.0	72.176	24.585	-8.658	0.0	1.953	189.962	6.5	4.662	0.0	71.764	31.051	-1.87	35.0	0.0	162.548	6.42	5.475	0.0	72.007	11.363	-8.963	0.0	2.07	213.792	6.12	3.85	0.0	73.36	0.0	0.0	0.2	0.0	165.26	6.89	4.537	0.0	72.333	10.346	-23.635	0.0	0.989	177.756	6.29	5.1	0.0	70.08	26.765	-11.293	31.6	0.0	186.184	7.13	4.787	0.0	68.811	24.44	-25.462	0.0	0.0	135.424	6.3	4.35	0.0	72.396	10.782	-23.576	37.2	1.542	226.869
6.63	2.85	5.317	71.608	25.82	-10.172	34.8	1.852	195.968	5.62	3.85	0.0	70.5	33.594	-8.061	28.8	1.835	264.261	5.58	3.725	0.0	72.484	24.803	-8.727	0.0	0.0	190.059	6.46	4.787	0.0	71.497	31.051	-1.781	35.0	0.0	175.044	6.25	5.475	0.0	73.284	11.0	-8.97	0.0	0.0	189.671	6.04	3.538	0.0	73.446	0.0	0.0	0.2	2.095	162.063	7.0	4.725	0.532	71.577	9.983	-24.328	0.0	0.905	183.859	6.24	4.85	0.0	70.332	26.474	-11.397	31.6	0.0	183.568	7.1	4.787	0.0	68.832	24.077	-25.265	0.0	0.0	175.722	6.6	4.537	0.0	70.847	10.927	-23.529	37.2	2.07	238.106
6.55	3.038	1.063	71.748	25.167	-11.353	34.8	1.718	189.38	5.56	3.725	0.0	70.175	33.594	-8.016	28.8	1.684	231.228	5.92	3.85	0.0	71.365	24.513	-8.679	0.0	0.0	192.287	6.44	4.662	0.0	72.733	31.269	-1.97	35.0	0.0	189.09	6.24	5.412	0.0	72.745	11.363	-8.926	0.0	0.0	197.421	6.12	4.225	0.0	73.539	0.0	0.0	0.2	0.0	184.343	6.98	4.662	0.532	71.391	9.91	-23.675	0.0	0.0	170.297	6.33	5.1	0.0	69.032	26.692	-11.363	31.6	1.718	205.655	7.26	4.6	0.0	66.253	24.077	-25.398	0.0	0.0	144.045	6.28	3.85	0.0	72.444	10.419	-23.101	37.2	1.659	211.854
6.6	3.35	0.0	71.784	25.239	-10.261	34.8	0.0	173.203	5.57	3.538	0.0	70.543	33.449	-7.973	28.8	1.441	216.504	6.08	3.913	0.0	70.641	25.021	-8.692	0.0	0.913	208.658	6.28	4.6	0.0	73.495	31.197	-1.681	35.0	0.0	192.093	6.28	5.225	0.0	72.701	10.782	-8.933	0.0	0.0	197.905	6.0	4.225	0.0	73.769	0.0	0.0	0.2	0.0	185.893	6.79	4.35	0.0	72.184	10.492	-23.997	0.0	1.123	174.85	6.0	4.975	0.0	70.73	26.329	-11.489	31.6	2.087	176.497	7.27	4.912	0.0	66.797	24.222	-25.308	0.0	0.0	155.089	6.34	4.162	0.0	72.533	10.492	-23.304	37.2	1.5	213.307
6.42	3.1	7.444	72.266	25.53	-10.205	34.8	0.0	194.03	5.4	2.913	0.0	71.107	33.449	-7.885	28.8	0.0	261.936	5.96	3.975	0.0	70.957	24.803	-8.692	0.0	1.5	202.458	6.38	4.85	0.0	72.901	30.833	-1.87	35.0	0.997	188.218	6.29	5.412	0.0	72.677	11.363	-8.955	0.0	0.0	185.893	6.05	3.975	0.0	73.83	0.0	0.0	0.2	0.0	190.252	6.76	4.537	1.595	72.72	9.838	-24.162	0.0	1.517	182.503	6.08	5.1	0.0	70.876	26.474	-11.583	31.6	0.0	211.079	6.99	4.475	0.0	68.519	24.222	-25.452	0.0	0.0	148.114	6.32	4.225	0.0	72.246	10.492	-22.573	37.2	0.0	217.279
6.76	3.6	2.127	71.061	25.603	-10.246	34.8	0.0	199.842	5.47	3.538	0.0	70.784	33.449	-8.021	28.8	1.299	230.938	5.93	3.85	0.0	71.081	24.585	-8.651	0.0	1.022	207.592	6.4	4.662	0.0	72.931	30.688	-2.003	35.0	0.0	180.275	6.3	5.412	0.0	72.731	11.508	-9.015	0.0	0.0	216.117	6.13	3.725	0.0	73.465	0.0	0.0	0.2	0.0	185.021	6.9	4.287	1.595	71.297	10.274	-24.185	0.0	1.534	161.288	6.04	4.912	0.0	69.769	26.765	-11.75	31.6	0.0	185.893	7.12	4.725	0.0	68.196	23.714	-25.244	0.0	0.0	155.089	6.32	4.1	0.0	72.76	10.128	-23.072	37.2	1.869	235.103
6.63	3.163	0.532	71.322	25.82	-10.142	34.8	0.0	177.756	5.46	3.663	0.0	70.755	32.795	-8.151	28.8	1.651	225.803	5.86	3.788	0.0	71.145	24.949	-8.685	0.0	0.997	201.586	6.36	4.6	0.0	73.562	31.342	-1.781	35.0	0.0	190.446	6.42	5.225	0.0	71.463	11.0	-8.963	0.0	0.0	205.461	5.96	3.913	0.0	74.116	0.0	0.0	0.2	0.0	180.662	6.61	4.287	0.0	72.947	10.419	-24.185	0.0	0.0	170.588	5.88	4.662	0.0	71.331	26.402	-11.752	31.6	1.869	181.34	7.02	4.912	0.0	68.817	24.15	-25.506	0.0	0.0	153.635	6.37	4.537	0.0	72.848	10.492	-23.847	37.2	1.919	252.346
6.67	3.35	0.0	71.226	25.312	-10.098	34.8	0.0	186.571	5.28	3.038	0.532	71.524	33.449	-7.906	28.8	0.0	235.394	6.04	3.85	0.0	70.555	24.585	-8.679	0.0	1.76	197.518	6.62	5.037	0.0	71.943	31.342	-1.733	35.0	0.0	192.383	6.31	5.225	0.0	72.373	10.927	-8.985	0.0	0.905	203.62	6.1	3.975	0.0	74.069	0.0	0.0	0.2	0.0	188.024	6.78	4.475	1.063	72.337	10.346	-24.246	0.0	0.0	176.012	5.95	4.662	0.0	71.449	26.692	-11.752	31.6	1.894	186.959	7.02	4.35	0.0	68.043	24.004	-24.717	0.0	0.0	163.226	6.32	4.162	0.0	72.142	10.492	-24.041	37.2	1.701	228.128
6.65	3.35	0.0	71.3	25.385	-10.261	34.8	0.0	196.549	5.25	2.725	0.0	71.285	33.594	-7.867	28.8	0.0	235.49	6.07	3.913	0.0	70.3	24.731	-8.692	0.0	1.626	205.267	6.71	4.912	0.0	71.181	31.269	-2.06	35.0	1.048	195.483	6.35	5.475	0.0	71.683	11.0	-9.015	0.0	0.0	200.133	6.14	3.975	0.0	74.001	0.0	0.0	0.2	0.0	202.942	6.59	4.287	0.0	73.787	10.056	-24.288	0.0	1.156	190.059	6.05	4.912	0.0	71.209	26.62	-11.48	31.6	0.0	208.658	6.83	4.412	0.0	68.968	24.15	-24.637	0.0	0.0	154.12	6.35	4.35	0.0	72.174	10.274	-23.47	37.2	0.0	231.422
6.64	3.1	0.532	71.037	25.82	-10.253	34.8	0.0	178.822	5.2	2.163	0.0	71.56	33.667	-7.851	28.8	0.0	248.665	6.2	3.975	0.0	69.615	25.167	-8.692	0.0	1.115	203.717	6.22	4.287	0.0	73.814	31.415	-1.572	35.0	0.0	182.406	6.3	5.225	0.0	72.319	10.782	-9.008	0.0	0.0	205.267	6.07	4.037	0.0	73.35	0.0	0.0	0.2	0.0	185.215	6.88	4.162	1.063	71.943	10.782	-1.0	0.0	1.056	176.594	6.14	4.787	0.0	70.182	26.256	-11.498	31.6	0.0	180.953	6.96	4.35	0.0	67.898	24.44	-25.116	0.0	0.0	144.045	6.25	4.225	0.0	72.669	10.201	-23.43	37.2	1.869	225.416
6.82	3.538	0.532	70.287	25.675	-10.311	34.8	0.997	184.924	5.1	1.663	0.0	72.055	33.739	-7.865	28.8	0.0	206.042	6.0	3.663	0.0	70.312	25.312	-8.685	0.0	0.0	203.233	6.3	4.475	0.0	72.654	31.197	-7.82	35.0	0.0	184.731	6.26	5.35	0.0	72.182	11.073	-9.039	0.0	0.0	185.506	6.02	3.913	0.0	73.671	0.0	0.0	0.2	0.0	180.662	6.69	4.35	0.532	72.345	10.492	-23.997	0.0	0.0	170.975	5.94	4.725	0.0	70.719	26.547	-12.1	31.6	1.919	192.674	7.13	4.537	0.0	67.015	24.15	-24.576	0.0	0.0	159.157	6.1	3.975	0.0	72.845	10.274	-23.246	37.2	1.953	219.507
6.86	3.725	1.595	70.163	25.82	-10.311	34.8	1.416	188.605	4.93	2.225	0.0	72.354	33.449	-7.858	28.8	0.0	200.908	6.15	4.037	0.0	69.974	24.949	-8.894	0.0	0.947	206.817	6.32	4.35	0.0	72.915	30.688	-1.593	35.0	0.0	192.19	6.31	5.225	0.0	71.908	11.508	-9.032	0.0	0.0	207.011	5.97	3.85	0.0	73.661	0.0	0.0	0.2	2.137	179.5	6.66	4.287	0.0	71.744	10.492	-24.391	0.0	0.0	196.743	5.98	4.6	0.0	69.705	26.474	-12.037	31.6	2.011	167.585	7.1	4.412	0.0	66.82	23.859	-24.535	0.0	0.0	137.071	6.08	3.85	0.0	73.658	10.709	-23.313	37.2	0.0	211.467
6.8	3.6	0.532	70.362	25.53	-10.554	34.8	0.905	206.236	5.04	2.6	3.19	72.12	33.667	-7.911	28.8	1.022	206.236	6.14	3.663	0.0	69.946	24.367	-8.685	0.0	0.922	204.105	6.64	4.85	0.0	71.662	31.124	-1.735	35.0	1.022	205.073	6.44	5.1	0.0	71.415	11.436	-9.16	0.0	0.0	206.817	6.01	3.663	0.0	73.771	0.0	0.0	0.2	0.0	197.518	6.77	4.1	1.063	72.18	10.419	-24.431	0.0	1.358	175.722	6.1	4.912	0.0	70.436	26.474	-11.999	31.6	0.0	207.495	6.9	4.162	0.0	68.475	24.077	-24.554	0.0	0.0	156.251	6.14	4.1	0.0	73.032	10.274	-23.391	37.2	1.894	228.903
6.88	3.35	4.785	70.325	25.748	-10.237	34.8	0.0	208.561	5.36	3.288	0.0	71.177	33.376	-7.972	28.8	1.467	248.18	5.88	3.788	0.0	70.811	24.876	-8.685	0.0	0.0	210.304	6.68	4.725	0.0	71.332	30.761	-1.926	35.0	0.0	197.13	6.54	5.6	0.0	71.461	10.927	-9.1	0.0	0.0	204.88	6.12	3.85	0.0	73.743	0.0	0.0	0.2	2.12	189.574	6.87	4.537	1.063	72.407	10.492	-24.576	0.0	1.006	182.018	6.0	4.787	0.0	70.913	26.474	-12.2	31.6	0.0	205.364	6.81	4.287	0.0	69.6	24.004	-24.696	0.0	0.0	168.457	6.12	4.162	0.0	73.59	10.492	-23.41	37.2	2.103	233.553
6.51	2.913	0.532	71.818	25.748	-10.229	34.8	0.0	218.345	5.5	3.663	0.0	70.529	33.667	-7.993	28.8	0.0	258.352	5.84	3.725	0.0	71.556	24.585	-8.685	0.0	0.0	180.468	6.28	4.662	0.0	73.291	31.342	-1.703	35.0	0.0	181.243	6.3	4.975	0.0	72.19	11.363	-9.018	0.0	0.0	205.17	6.21	3.85	0.0	73.863	0.0	0.0	0.2	0.0	183.956	6.7	4.287	1.063	72.991	10.637	-24.493	0.0	0.955	177.95	6.08	4.85	0.0	71.058	26.62	-12.076	31.6	0.0	209.723	6.92	4.662	0.0	68.505	23.786	-24.72	0.0	0.0	152.957	6.28	4.287	0.0	73.826	10.782	-23.13	37.2	2.095	229.097
6.65	3.038	0.532	71.326	25.094	-10.103	34.8	2.028	202.361	5.46	3.6	0.532	70.73	33.158	-8.043	28.8	2.137	263.001	5.86	3.475	0.0	71.171	24.731	-8.671	0.0	0.0	202.942	6.38	4.475	0.0	73.029	31.269	-1.671	35.0	1.006	183.762	6.17	5.1	0.0	72.499	10.782	-9.057	0.0	0.0	197.033	5.9	3.725	0.0	73.774	0.0	0.0	0.2	0.0	174.753	7.04	4.475	0.0	69.723	9.765	-24.555	0.0	1.609	170.007	6.37	4.85	0.0	68.323	26.474	-12.032	31.6	0.0	183.665	7.15	4.6	0.0	67.261	24.367	-24.597	0.0	0.0	142.495	6.03	4.225	0.0	73.978	10.056	-23.43	37.2	0.0	249.343
6.86	3.413	0.0	70.504	25.021	-10.222	34.8	0.0	227.16	5.53	3.725	0.0	70.483	34.03	-8.072	28.8	0.0	254.186	5.76	3.663	0.0	71.773	25.167	-8.713	0.0	0.0	207.883	6.02	4.1	0.0	74.559	31.051	-1.572	35.0	0.0	197.421	6.21	5.225	0.0	72.713	11.073	-9.105	0.0	0.0	201.683	5.9	3.538	0.0	73.8	0.0	0.0	0.2	0.0	167.1	6.82	4.225	1.063	71.463	11.145	-24.473	0.0	1.341	176.884	6.01	4.725	0.0	70.183	26.474	-11.97	31.6	2.087	166.713	7.05	4.662	0.0	68.556	23.859	-24.618	0.0	0.0	117.987	6.18	4.412	0.0	72.733	10.492	-23.596	37.2	1.936	256.802
6.66	3.038	0.0	71.432	25.457	-10.221	34.8	0.0	228.032	5.46	3.913	0.532	70.834	33.449	-8.075	28.8	2.028	270.364	5.8	3.413	0.0	71.936	24.658	-8.644	0.0	0.0	198.292	6.06	4.35	0.0	75.02	30.833	-1.726	35.0	0.0	181.437	6.28	5.475	0.0	72.341	10.927	-9.102	0.0	0.0	195.193	5.85	3.475	0.0	74.851	0.0	0.0	0.2	0.0	174.947	6.78	4.35	0.0	72.363	10.419	-24.514	0.0	1.24	176.206	5.9	4.787	0.0	71.153	26.402	-13.159	31.6	0.0	190.446	6.82	4.6	0.0	69.681	24.44	-24.391	0.0	0.0	141.43	6.28	4.162	0.0	72.829	10.564	-23.622	37.2	1.886	245.468
6.26	2.475	1.063	72.543	25.021	-10.054	34.8	1.416	182.696	5.33	3.475	0.0	71.714	33.086	-7.974	28.8	1.869	255.639	5.69	3.538	0.0	72.095	25.385	-8.706	0.0	0.0	214.082	6.01	4.537	0.0	74.632	30.833	-1.793	35.0	0.0	186.281	6.11	5.1	0.0	73.409	10.782	-9.074	0.0	0.0	205.655	5.78	3.6	0.0	74.786	0.0	0.0	0.2	0.0	187.346	6.52	4.1	4.254	73.875	10.346	-23.916	0.0	1.492	173.3	5.85	4.662	0.0	72.075	26.402	-11.917	31.6	0.0	214.954	6.82	4.6	0.0	69.918	24.15	-24.494	0.0	0.0	136.49	6.04	4.037	0.0	73.268	10.056	-23.582	37.2	2.062	251.377
6.22	2.225	0.0	73.176	25.021	-10.116	34.8	1.575	229.872	5.26	3.725	0.0	71.623	33.449	-7.992	28.8	0.0	264.551	5.84	3.6	0.0	71.556	24.949	-8.706	0.0	0.0	213.017	6.04	4.35	0.0	74.411	31.124	-1.759	35.0	0.0	187.734	6.13	4.725	0.0	72.799	11.073	-9.013	0.0	0.0	215.342	5.74	3.538	0.0	75.28	0.0	0.0	0.2	0.0	178.337	6.48	4.1	4.785	73.484	10.419	-24.734	0.0	1.408	171.072	5.8	4.475	0.0	71.859	25.893	-11.846	31.6	0.0	207.592	6.72	4.287	0.0	69.978	24.367	-1.0	0.0	0.0	158.673	5.93	3.725	0.0	74.666	10.346	-23.484	37.2	1.332	218.829
6.21	2.538	7.444	72.764	25.021	-10.062	34.8	2.036	188.605	5.28	3.475	0.0	71.549	33.158	-7.974	28.8	0.0	264.067	5.9	3.788	0.0	71.179	24.513	-8.755	0.0	1.441	205.655	6.53	4.787	0.0	72.494	30.906	-1.713	35.0	1.274	197.13	6.09	5.35	0.0	73.507	11.508	-9.07	0.0	0.0	204.492	5.7	3.538	0.0	75.172	0.0	0.0	0.2	0.0	187.734	6.64	4.412	1.063	73.593	10.637	-24.738	0.0	1.458	186.571	5.89	4.725	0.0	71.773	26.692	-12.013	31.6	0.0	207.979	6.6	4.35	0.0	70.428	24.44	-24.308	0.0	0.0	153.635	5.89	4.1	0.0	74.708	10.274	-23.497	37.2	1.936	265.714
