0.0	2.725	1.063	77.401	25.167	-10.492	0.4	0.0	200.908	7.63	2.163	0.0	58.396	34.538	-24.395	40.6	1.751	203.33	7.48	3.038	0.0	55.261	25.167	-1.197	11.2	2.112	158.673	7.41	3.913	0.0	59.365	31.342	-8.099	0.0	0.0	207.786	6.04	2.725	0.0	65.463	11.654	-8.851	24.8	1.76	196.161	5.86	2.725	0.0	62.796	0.0	0.0	0.0	1.802	211.757	7.04	2.913	1.595	63.885	11.0	-22.92	19.0	0.0	188.218	6.8	3.225	0.0	60.517	26.983	-23.432	46.2	1.265	179.693	7.54	3.35	0.0	56.965	26.474	-24.684	0.0	0.0	161.191	7.9	2.1	0.0	56.204	12.453	-19.145	8.6	0.0	219.41
-1.0	2.85	0.0	0.0	25.167	-10.427	0.4	0.0	201.974	7.42	2.1	0.0	59.738	34.03	-23.891	40.6	1.894	205.558	7.4	2.975	0.0	56.682	25.312	-1.143	11.2	0.0	158.963	7.38	4.162	0.0	60.754	30.979	-8.172	0.0	0.0	231.616	6.6	2.85	0.0	62.728	11.799	-8.873	24.8	0.0	200.23	5.95	2.788	0.0	61.698	0.0	0.0	0.0	1.726	191.221	7.67	3.475	0.0	60.886	10.709	-22.986	19.0	0.0	194.708	7.21	3.1	0.0	58.359	26.983	-23.29	46.2	1.584	177.562	7.2	2.913	0.0	58.644	26.765	-23.439	0.0	0.0	169.91	7.5	2.413	0.0	59.608	12.308	-18.921	8.6	0.0	219.894
-1.0	3.038	0.0	0.0	25.675	-10.295	0.4	0.0	199.358	7.56	2.538	0.532	58.788	33.957	-24.225	40.6	2.103	202.458	7.53	3.1	0.0	55.181	26.184	-1.187	11.2	0.0	158.382	7.2	3.913	0.0	62.495	31.124	-8.154	0.0	0.0	200.617	6.87	3.288	0.0	62.913	11.654	-8.914	24.8	0.0	220.379	5.74	2.913	0.0	62.858	0.0	0.0	0.0	0.0	211.37	6.91	2.975	0.0	64.716	11.145	-23.458	19.0	0.0	181.631	6.9	3.163	0.0	59.739	26.838	-23.309	46.2	1.525	173.494	7.46	3.225	0.0	57.272	26.692	-24.74	0.0	0.0	147.436	7.6	2.725	0.0	59.195	12.09	-18.897	8.6	0.964	222.316
-1.0	2.413	1.063	0.0	25.603	-10.479	0.4	0.0	195.483	7.44	2.6	0.0	58.941	34.466	-24.147	40.6	2.036	216.407	7.52	3.288	0.0	55.414	25.312	-1.221	11.2	0.0	151.601	7.42	4.1	0.0	60.986	31.124	-8.181	0.0	0.0	194.611	6.78	3.038	0.0	63.397	12.09	-8.853	24.8	0.0	221.929	5.88	3.225	0.0	63.408	0.0	0.0	0.0	0.0	195.968	6.86	2.975	0.532	65.446	10.782	-23.044	19.0	0.0	170.297	7.02	3.288	0.0	59.445	26.474	-23.034	46.2	1.634	177.369	7.66	3.163	0.0	56.488	26.983	-24.912	0.0	0.0	158.285	8.04	3.1	0.0	56.692	11.944	-19.294	8.6	1.207	242.853
0.0	2.913	0.532	0.0	25.167	-10.408	0.4	0.0	203.136	7.65	2.538	0.0	58.111	33.885	-23.929	40.6	1.81	218.054	7.54	3.35	0.0	55.182	25.893	-1.243	11.2	0.0	156.057	7.75	4.35	0.0	58.789	31.487	-8.129	0.0	0.0	215.535	6.68	3.225	0.0	63.85	11.872	-8.933	24.8	0.0	209.142	6.31	3.038	0.0	60.55	0.0	0.0	0.0	0.0	200.714	7.1	3.35	1.063	63.48	10.709	-23.367	19.0	0.0	176.497	6.96	3.225	0.0	59.521	26.838	-20.997	46.2	1.383	179.984	7.67	3.163	0.0	56.432	26.692	-24.72	0.0	0.0	169.135	8.13	3.413	0.0	56.589	12.162	-19.169	8.6	1.182	238.59
-1.0	2.725	0.0	0.0	25.603	-10.331	0.4	0.0	202.942	7.41	2.475	0.0	59.365	34.611	-23.099	40.6	1.844	225.997	7.56	3.413	0.0	55.244	25.893	-1.426	11.2	0.0	152.764	6.61	3.475	0.0	64.827	31.124	-8.015	0.0	0.0	197.905	6.65	3.038	0.0	63.485	11.799	-8.92	24.8	0.0	216.504	6.08	2.85	0.0	60.906	0.0	0.0	0.0	0.0	198.486	7.22	2.975	0.0	63.056	10.709	-23.251	19.0	0.0	183.956	6.97	3.225	0.0	59.295	27.056	-23.12	46.2	1.148	171.944	7.53	3.225	0.0	57.37	27.056	-24.74	0.0	0.0	162.451	8.29	3.538	0.0	56.057	11.872	-19.201	8.6	1.106	246.921
-1.0	3.1	0.0	0.0	25.312	-10.38	0.4	0.0	206.43	7.42	2.1	2.659	59.395	34.248	-23.792	40.6	2.003	220.669	7.55	3.35	0.0	55.565	25.748	-1.275	11.2	0.0	155.767	6.36	3.1	0.0	66.47	30.979	-8.07	0.0	0.0	193.255	6.93	3.35	0.0	62.728	11.581	-8.947	24.8	0.0	221.154	6.0	2.663	0.0	61.398	0.0	0.0	0.0	1.894	196.646	7.22	3.163	0.0	63.028	11.073	-22.68	19.0	0.0	197.13	7.07	3.1	0.0	58.853	26.765	-22.556	46.2	1.391	190.737	7.72	3.35	0.0	56.556	26.184	-24.586	0.0	0.0	159.545	8.15	3.538	0.0	56.971	12.308	-20.026	8.6	1.19	245.952
-1.0	2.975	1.595	0.0	25.021	-10.39	0.4	0.0	191.318	7.28	2.225	0.0	59.715	34.538	-23.732	40.6	1.911	205.848	7.92	3.35	0.0	54.471	25.312	-1.404	11.2	1.902	171.944	7.08	3.225	0.0	62.67	31.56	-8.068	0.0	0.0	191.705	6.86	3.163	0.0	62.911	11.654	-8.935	24.8	0.0	220.96	6.62	3.1	0.0	59.181	0.0	0.0	0.0	2.028	153.345	6.97	2.975	1.063	64.424	10.637	-23.458	19.0	1.944	190.737	6.6	3.225	0.0	61.133	26.765	-23.224	46.2	1.735	184.731	7.21	3.35	0.0	59.561	26.474	-24.974	0.0	0.913	157.22	8.32	3.538	0.0	55.974	12.09	-19.099	8.6	1.224	252.83
-1.0	3.038	0.0	0.0	25.167	-10.346	0.4	0.0	190.155	7.38	2.288	0.0	58.96	34.175	-23.949	40.6	2.053	185.506	7.54	3.163	0.0	56.674	25.748	-1.177	11.2	1.617	146.564	6.99	3.538	0.0	61.984	30.979	-8.153	0.0	0.0	197.808	6.1	2.663	0.0	65.555	11.799	-8.827	24.8	1.651	211.079	6.62	2.663	0.0	59.096	0.0	0.0	0.0	1.534	178.24	7.21	2.725	0.0	63.332	11.0	-22.55	19.0	2.07	183.956	7.42	3.475	0.0	58.737	27.128	-23.406	46.2	0.0	185.893	7.24	3.35	0.0	60.334	26.547	-24.782	0.0	1.232	156.251	8.16	2.975	0.0	56.594	11.944	-19.161	8.6	1.098	259.902
-1.0	2.6	1.063	0.0	25.53	-11.215	0.4	2.137	188.509	7.68	2.288	0.0	57.769	34.248	-23.751	40.6	1.852	191.996	7.74	3.288	0.0	55.975	25.82	-1.317	11.2	0.0	152.086	6.73	3.038	0.0	63.554	31.051	-8.094	0.0	0.0	181.534	6.46	2.85	0.0	63.977	11.726	-8.865	24.8	1.902	211.757	6.78	3.288	0.0	58.377	0.0	0.0	0.0	1.584	174.463	7.2	3.1	1.063	64.106	10.637	-23.393	19.0	1.651	192.868	7.61	3.538	0.0	57.845	26.329	-1.0	46.2	1.994	163.807	7.27	3.413	0.0	59.657	26.474	-24.899	0.0	0.0	148.889	7.42	2.913	0.0	59.481	12.162	-19.044	8.6	0.0	227.741
-1.0	2.225	1.063	0.0	24.803	-10.265	0.4	1.902	192.868	7.13	2.163	0.532	60.543	34.393	-23.411	40.6	1.693	198.196	7.34	2.913	0.0	57.108	25.53	-1.185	11.2	1.827	154.507	7.09	3.413	0.0	62.057	30.979	-8.087	0.0	2.036	193.643	6.5	2.913	0.0	63.376	12.017	-8.951	24.8	2.103	202.167	6.2	2.85	0.0	61.347	0.0	0.0	0.0	1.5	194.902	7.32	3.163	0.0	63.462	11.145	-23.309	19.0	1.961	189.671	7.36	3.35	0.0	58.296	27.273	-23.678	46.2	1.014	177.756	7.5	3.163	0.0	58.52	26.402	-24.912	0.0	0.0	158.673	7.64	2.725	0.0	58.915	11.944	-18.402	8.6	0.0	235.006
-1.0	2.288	0.532	0.0	25.239	-10.248	0.4	1.927	199.455	7.18	2.038	0.0	60.693	34.175	-23.474	40.6	1.71	194.805	7.73	3.1	0.0	55.269	25.312	-1.187	11.2	1.718	161.482	7.39	3.788	0.0	60.727	31.269	-8.126	0.0	0.0	188.799	6.38	2.913	0.0	64.65	11.872	-8.924	24.8	0.0	200.23	5.88	2.725	0.0	62.605	0.0	0.0	0.0	1.961	204.492	6.88	3.1	0.0	65.422	11.073	-24.307	19.0	1.919	199.649	7.16	3.35	0.0	59.468	27.128	-23.471	46.2	1.575	171.46	7.81	3.35	0.0	56.832	26.256	-24.974	0.0	0.0	154.992	8.2	2.85	0.0	56.015	12.308	-19.029	8.6	1.048	241.303
-1.0	2.35	5.317	0.0	24.513	-10.388	0.4	1.86	207.592	7.46	2.225	0.0	59.287	34.756	-23.632	40.6	1.232	222.51	7.42	2.788	0.0	56.364	25.53	-1.141	11.2	1.978	144.723	7.37	3.85	0.0	60.724	31.487	-8.282	0.0	0.0	224.641	6.44	3.1	0.0	64.304	11.581	-8.973	24.8	2.078	191.318	5.7	2.85	0.0	63.515	0.0	0.0	0.0	0.0	206.623	6.98	2.913	0.0	64.481	10.564	-23.541	19.0	0.0	174.559	6.99	3.038	0.0	59.924	26.983	-23.271	46.2	1.559	157.026	7.08	3.1	0.0	60.024	26.547	-24.307	0.0	0.0	162.548	7.94	2.288	0.0	57.781	12.235	-18.592	8.6	0.0	241.787
-1.0	2.35	0.0	0.0	25.094	-10.308	0.4	1.844	201.005	7.59	2.163	0.0	58.993	33.957	-23.411	40.6	1.433	194.321	6.99	2.725	0.0	58.152	25.966	-1.119	11.2	2.053	154.12	7.09	3.475	0.0	62.337	31.56	-8.054	0.0	0.0	210.304	6.54	2.913	0.0	63.134	11.654	-8.942	24.8	2.129	188.121	5.66	2.725	0.0	63.397	0.0	0.0	0.0	1.441	200.52	6.92	3.163	0.0	65.019	11.073	-23.309	19.0	0.0	188.509	7.02	3.288	0.0	59.474	26.765	-23.555	46.2	1.441	167.197	7.23	3.038	0.0	58.707	26.474	-24.582	0.0	0.0	153.248	8.12	2.538	0.0	56.295	12.235	-19.052	8.6	0.0	244.015
-1.0	2.663	0.0	0.0	25.675	-10.402	0.4	1.743	203.33	7.71	2.1	0.0	58.466	34.321	-23.392	40.6	1.676	204.976	7.23	3.225	0.0	56.539	25.675	-1.295	11.2	0.0	159.641	7.35	3.85	0.0	60.522	30.979	-8.116	0.0	0.0	207.011	6.35	2.85	0.0	63.958	11.799	-8.935	24.8	0.0	209.917	5.84	2.663	0.0	63.014	0.0	0.0	0.0	1.978	207.786	6.88	2.913	0.532	64.984	11.073	-23.336	19.0	0.0	175.334	7.21	3.35	0.0	58.732	26.838	-23.781	46.2	1.55	193.062	7.5	3.1	0.0	57.712	26.983	-24.891	0.0	0.0	155.573	7.55	2.35	0.0	59.187	12.017	-18.905	8.6	0.0	236.265
-1.0	2.538	0.0	0.0	25.82	-10.156	0.4	1.777	204.395	7.44	1.913	0.0	59.341	34.03	-23.436	40.6	1.668	206.817	7.7	3.163	0.0	54.646	25.603	-1.273	11.2	1.886	158.77	7.4	3.788	0.0	59.905	31.051	-8.126	0.0	0.0	218.829	6.37	3.1	0.0	63.989	11.799	-8.973	24.8	0.0	205.848	5.88	2.725	0.0	62.438	0.0	0.0	0.0	2.02	198.583	6.76	2.725	1.595	65.455	10.709	-23.686	19.0	0.0	188.605	7.2	3.163	0.0	58.902	26.62	-23.413	46.2	1.215	185.99	7.53	3.038	0.0	57.399	26.547	-1.0	0.0	0.0	163.613	7.21	2.163	0.0	60.273	11.944	-18.86	8.6	0.0	233.553
-1.0	2.413	0.532	0.0	25.82	-10.213	0.4	1.626	200.52	7.54	2.1	0.0	58.784	34.538	-22.986	40.6	1.626	198.874	7.02	2.788	0.0	57.724	26.038	-1.204	11.2	1.944	149.761	7.35	4.1	0.0	60.805	31.56	-8.212	0.0	0.0	222.897	6.44	2.913	0.0	63.974	11.508	-8.951	24.8	2.129	214.179	5.94	2.913	0.0	62.365	0.0	0.0	0.0	1.886	206.817	6.74	2.725	1.595	65.288	11.073	-1.0	19.0	0.0	179.79	7.18	3.1	0.0	59.071	26.983	-23.393	46.2	1.383	168.747	7.35	3.163	0.0	58.064	26.256	-24.912	0.0	0.0	173.881	6.93	2.413	0.0	62.114	11.944	-18.821	8.6	0.0	198.292
-1.0	2.475	0.0	0.0	25.748	-10.197	0.4	1.827	173.591	7.26	1.975	3.19	59.112	34.393	-23.152	40.6	1.693	191.221	7.44	3.1	0.0	56.017	25.53	-1.251	11.2	1.559	145.208	7.46	4.287	0.0	59.744	31.778	-8.193	0.0	0.0	209.529	6.7	3.038	0.0	61.767	11.872	-8.92	24.8	2.036	206.623	6.14	2.725	0.0	61.197	0.0	0.0	0.0	1.525	203.523	7.21	3.288	0.532	63.36	10.419	-23.863	19.0	0.0	180.856	7.4	3.163	0.0	57.581	26.765	-23.413	46.2	1.081	166.713	7.16	2.913	0.0	59.468	26.838	-24.829	0.0	0.0	170.781	6.92	2.6	0.0	62.224	12.235	-18.967	8.6	0.0	222.897
-1.0	2.475	3.722	0.0	25.82	-10.222	0.4	2.095	183.956	7.38	1.788	0.0	58.069	34.393	-23.096	40.6	1.391	197.808	7.76	3.163	0.0	54.714	26.038	-7.785	11.2	1.131	139.783	7.83	3.725	0.0	58.168	31.415	-8.111	0.0	0.0	202.748	6.72	2.725	0.0	62.72	11.654	-8.958	24.8	1.291	200.036	6.22	2.725	0.0	60.958	0.0	0.0	0.0	1.86	202.845	7.1	3.1	0.532	63.95	11.145	-23.702	19.0	0.0	186.281	7.08	2.975	0.0	59.112	26.838	-23.148	46.2	1.332	183.568	7.21	3.163	0.0	59.304	26.838	-24.912	0.0	0.913	178.822	7.53	2.975	0.0	58.582	12.162	-18.959	8.6	1.064	232.681
-1.0	1.975	2.127	0.0	25.748	-10.285	0.4	1.165	215.245	7.32	1.788	0.0	58.232	34.538	-23.197	40.6	1.341	224.157	7.2	2.725	0.0	56.942	25.603	-1.15	11.2	1.324	163.419	7.37	3.6	0.0	60.327	31.269	-8.091	0.0	0.0	196.743	6.77	2.725	0.0	62.255	11.508	-9.037	24.8	1.726	201.974	5.94	2.725	0.0	61.892	0.0	0.0	0.0	1.777	188.605	7.1	2.788	0.532	63.008	11.073	-24.008	19.0	0.0	167.004	7.34	3.288	0.0	57.687	26.838	-23.348	46.2	1.249	196.355	7.3	3.35	0.0	58.775	26.765	-24.782	0.0	0.964	177.369	7.66	2.725	0.0	57.882	12.235	-18.797	8.6	0.0	235.878
-1.0	1.663	1.063	0.0	25.748	-10.168	0.4	1.433	202.07	7.65	1.913	0.0	56.807	34.248	-23.133	40.6	1.391	207.689	7.08	2.663	0.0	57.242	25.603	-1.16	11.2	1.24	155.476	7.21	3.225	0.0	61.008	30.761	-8.068	0.0	0.0	207.786	6.8	2.85	0.0	62.789	11.581	-8.972	24.8	1.844	214.857	6.06	2.538	0.0	61.66	0.0	0.0	0.0	1.835	205.267	6.78	2.788	3.19	64.857	10.855	-23.908	19.0	1.785	163.419	6.86	3.163	0.0	60.102	26.765	-22.891	46.2	1.056	181.05	7.44	3.163	0.0	57.963	26.765	-24.622	0.0	1.031	155.089	7.92	2.913	0.0	56.324	11.944	-18.843	8.6	0.0	239.753
-1.0	1.475	0.0	0.0	25.239	-10.144	0.4	1.299	199.746	7.62	1.725	5.849	56.919	34.248	-22.874	40.6	1.282	195.096	7.28	3.1	0.0	56.227	25.893	-1.283	11.2	1.517	154.507	7.29	3.725	0.0	60.058	31.051	-8.111	0.0	0.0	202.07	6.71	2.975	0.0	62.44	11.654	-9.055	24.8	2.011	216.407	6.38	2.663	0.0	59.797	0.0	0.0	0.0	1.316	188.799	6.96	2.725	4.785	63.428	10.564	-23.988	19.0	1.877	179.306	6.82	3.1	0.0	60.124	26.765	-23.186	46.2	1.542	179.403	7.48	3.163	0.0	57.709	26.474	-24.912	0.0	1.182	159.157	7.98	2.788	0.0	55.63	12.017	-18.614	8.6	0.0	239.753
-1.0	1.35	0.532	29.314	24.803	-10.078	0.4	1.19	186.571	7.68	1.913	0.0	56.666	34.538	-23.032	40.6	1.517	198.292	7.37	3.038	0.0	56.065	25.457	-1.325	11.2	1.802	145.983	7.48	3.975	0.0	59.262	31.124	-8.137	0.0	0.0	206.817	6.6	3.1	0.0	62.95	11.654	-9.189	24.8	2.028	227.257	6.26	2.35	0.0	60.005	0.0	0.0	0.0	1.617	193.255	6.67	2.975	2.127	65.494	10.709	-23.967	19.0	0.0	185.506	6.72	3.163	0.0	60.645	26.91	-22.996	46.2	1.626	176.206	7.48	3.288	0.0	57.536	26.184	-24.953	0.0	0.0	159.157	8.03	2.725	0.0	55.608	12.162	-18.698	8.6	0.964	240.043
-1.0	1.913	1.063	22.02	25.021	-10.2	0.4	1.567	196.839	7.65	1.975	0.0	56.895	34.103	-23.05	40.6	1.5	231.131	7.31	2.538	0.0	56.144	25.603	-1.146	11.2	1.751	144.433	7.36	3.6	0.0	59.7	31.197	-8.091	0.0	0.0	192.771	6.86	2.913	0.0	62.465	11.581	-8.951	24.8	2.045	220.766	6.22	2.288	0.0	60.111	0.0	0.0	0.0	1.098	204.88	6.82	2.975	0.0	64.398	11.073	-24.366	19.0	0.0	182.018	7.29	3.1	0.0	58.112	27.419	-23.186	46.2	1.483	187.734	7.46	3.163	0.0	57.562	26.329	-25.007	0.0	1.014	159.545	8.09	2.913	0.0	55.764	12.017	-18.843	8.6	0.922	238.978
-1.0	2.288	0.0	0.0	25.385	-10.3	0.4	1.693	189.962	7.28	1.85	0.0	58.053	34.103	-22.809	40.6	1.467	189.38	7.52	2.913	0.0	55.267	25.675	-0.993	11.2	0.93	147.048	7.57	4.037	0.0	58.3	31.051	-8.144	0.0	0.0	202.748	7.05	2.975	0.0	61.742	11.581	-9.035	24.8	1.701	235.878	6.5	2.475	0.0	59.134	0.0	0.0	0.0	1.944	205.267	6.91	2.725	0.532	63.641	10.855	-23.988	19.0	0.0	169.619	7.3	3.288	0.0	57.739	26.91	-23.761	46.2	1.374	201.586	7.74	3.163	0.0	56.209	26.547	-24.912	0.0	1.207	155.476	8.0	2.663	0.0	56.16	11.944	-18.683	8.6	0.922	238.784
-1.0	2.163	1.063	17.293	25.239	-10.232	0.4	1.852	197.13	7.32	1.663	0.0	57.684	34.103	-22.957	40.6	1.844	196.258	7.28	2.6	0.0	56.022	25.675	-1.2	11.2	0.0	167.004	7.03	3.663	0.0	60.894	31.56	-8.089	0.0	0.0	189.38	7.48	3.163	0.0	59.176	11.944	-9.017	24.8	1.844	228.806	6.39	2.725	0.0	59.543	0.0	0.0	0.0	1.844	184.246	6.82	2.975	0.532	65.248	11.291	-24.267	19.0	0.0	186.765	7.28	3.288	0.0	57.62	26.91	-23.555	46.2	1.399	170.588	7.81	3.6	0.0	55.839	27.056	-25.249	0.0	0.0	162.451	8.14	3.038	0.0	54.947	12.453	-18.477	8.6	1.19	229.194
-1.0	2.225	0.0	13.036	25.893	-10.344	0.4	1.802	198.68	7.38	1.85	0.0	57.172	34.611	-23.013	40.6	1.785	203.911	7.3	2.538	0.0	56.025	25.893	-1.084	11.2	1.207	222.607	6.84	2.975	0.0	61.651	31.705	-8.057	0.0	0.0	196.355	7.67	2.913	0.0	58.345	11.291	-8.998	24.8	1.751	231.616	6.54	2.663	0.0	58.712	0.0	0.0	0.0	1.433	169.813	7.2	2.85	0.532	61.879	11.145	-23.624	19.0	2.045	182.987	7.21	3.038	0.0	58.071	27.273	-23.167	46.2	1.332	179.5	7.78	3.413	0.0	56.419	26.184	-24.995	0.0	0.972	158.382	8.08	3.038	0.0	55.615	12.162	-18.575	8.6	1.115	244.015
-1.0	2.225	1.063	15.953	25.094	-10.24	0.4	1.643	192.771	7.61	1.913	0.532	56.335	34.248	-23.133	40.6	1.408	188.024	7.16	2.85	0.0	56.703	25.53	-0.908	11.2	1.592	167.682	6.99	3.163	0.0	60.944	31.415	-8.061	0.0	2.103	190.737	7.64	3.225	0.0	58.311	11.508	-9.015	24.8	1.86	229.485	6.7	3.038	0.0	57.703	0.0	0.0	0.0	1.869	178.919	7.19	2.725	0.532	62.493	11.581	-24.48	19.0	1.777	185.506	7.47	3.1	0.0	56.896	26.838	-22.977	46.2	1.391	189.768	7.58	3.288	0.0	57.84	26.765	-24.858	0.0	1.467	159.835	8.26	3.1	0.0	55.201	11.944	-18.59	8.6	1.131	252.54
-1.0	2.663	1.063	20.502	24.949	-10.322	0.4	1.844	185.409	7.64	1.725	0.0	56.34	34.248	-22.975	40.6	1.567	193.74	7.21	3.038	0.0	56.507	25.603	-1.133	11.2	1.886	161.288	6.74	3.163	0.0	62.473	30.906	-8.107	0.0	0.0	188.896	7.24	2.725	0.0	60.277	11.654	-8.939	24.8	1.684	218.732	6.43	2.85	0.0	58.866	0.0	0.0	0.0	1.76	189.38	7.0	2.725	0.532	64.071	11.218	-23.888	19.0	1.668	195.193	6.96	3.1	0.0	59.379	26.838	-22.662	46.2	1.601	176.787	7.78	3.163	0.0	56.653	26.474	-24.912	0.0	0.964	170.975	8.22	3.35	0.0	53.327	12.162	-18.851	8.6	1.299	275.207
-1.0	2.475	0.0	0.0	24.803	-10.298	0.4	1.994	195.096	7.88	2.413	0.0	55.497	34.538	-23.08	40.6	1.391	211.467	7.42	2.975	0.0	56.189	25.53	-1.397	11.2	2.062	193.062	6.92	3.288	0.0	62.196	30.979	-8.112	0.0	0.0	204.105	7.6	3.038	0.0	58.42	11.872	-8.993	24.8	1.919	234.328	6.68	2.663	0.0	57.93	0.0	0.0	0.0	1.994	173.591	6.66	2.725	2.127	65.192	11.291	-24.187	19.0	1.852	189.284	7.0	2.975	0.0	59.385	26.692	-23.148	46.2	1.508	200.133	7.82	3.35	0.0	56.075	26.692	-24.974	0.0	0.0	171.46	8.14	2.975	0.0	54.622	12.235	-18.859	8.6	1.475	266.683
