-1.0	2.475	0.0	0.0	24.803	-10.298	0.4	1.994	195.096	7.88	2.413	0.0	55.497	34.538	-23.08	40.6	1.391	211.467	7.42	2.975	0.0	56.189	25.53	-1.397	11.2	2.062	193.062	6.92	3.288	0.0	62.196	30.979	-8.112	0.0	0.0	204.105	7.6	3.038	0.0	58.42	11.872	-8.993	24.8	1.919	234.328	6.68	2.663	0.0	57.93	0.0	0.0	0.0	1.994	173.591	6.66	2.725	2.127	65.192	11.291	-24.187	19.0	1.852	189.284	7.0	2.975	0.0	59.385	26.692	-23.148	46.2	1.508	200.133	7.82	3.35	0.0	56.075	26.692	-24.974	0.0	0.0	171.46	8.14	2.975	0.0	54.622	12.235	-18.859	8.6	1.475	266.683	7.22
0.0	2.538	0.0	0.0	25.239	-10.28	0.4	2.07	189.187	7.61	2.038	0.0	56.16	34.466	-22.967	40.6	1.944	184.731	7.53	2.913	0.0	55.181	25.893	-1.312	11.2	0.0	156.251	7.19	3.725	0.0	59.957	31.415	-8.103	0.0	0.0	197.905	7.54	3.288	0.0	58.411	11.799	-9.061	24.8	0.0	223.479	6.42	2.788	0.0	58.75	0.0	0.0	0.0	1.86	192.48	6.54	2.475	0.532	65.743	10.564	-24.107	19.0	2.003	193.546	6.87	3.038	0.0	59.905	27.056	-22.643	46.2	1.416	181.243	7.79	3.163	0.0	55.894	27.273	-25.195	0.0	0.0	156.638	7.88	2.6	0.0	55.556	11.944	-18.867	8.6	0.922	247.502	6.98
-1.0	2.538	7.444	0.0	25.675	-10.28	0.4	0.0	202.555	7.65	2.163	0.532	56.049	33.957	-23.107	40.6	2.087	191.124	7.61	2.725	0.0	54.869	25.82	-1.245	11.2	1.919	187.249	7.46	3.413	0.0	58.915	31.051	-8.04	0.0	0.0	205.655	7.48	3.038	0.0	58.631	11.508	-9.042	24.8	1.978	228.516	6.2	2.725	0.0	59.91	0.0	0.0	0.0	1.953	192.48	7.2	3.225	1.063	62.774	11.0	-24.348	19.0	1.936	206.526	7.3	3.225	0.0	57.97	27.201	-22.699	46.2	1.458	177.369	7.2	3.038	0.0	58.902	27.056	-24.871	0.0	1.71	158.576	7.91	2.6	0.0	56.0	12.017	-18.767	8.6	1.039	245.952	6.74
-1.0	2.663	0.0	0.0	25.603	-10.322	0.4	2.129	191.996	7.88	2.288	0.0	55.38	34.756	-23.145	40.6	1.718	206.817	7.34	2.975	0.0	55.797	25.457	-1.366	11.2	0.0	154.895	7.65	3.538	0.0	57.851	31.705	-8.069	0.0	0.0	205.655	7.37	2.725	0.0	59.273	11.581	-8.977	24.8	1.994	228.806	6.35	2.725	0.0	59.423	0.0	0.0	0.0	1.877	201.489	6.63	2.663	0.532	64.94	10.782	-23.566	19.0	1.86	190.349	6.94	2.913	0.0	59.518	27.346	-22.711	46.2	1.508	188.605	7.63	2.975	0.0	56.396	26.91	-24.85	0.0	1.617	150.923	8.08	2.85	0.0	54.584	12.017	-19.029	8.6	1.014	226.966	6.83
-1.0	2.85	1.063	55.483	25.675	-10.347	0.4	0.0	191.996	7.74	2.163	1.063	55.623	33.957	-22.902	40.6	1.886	195.774	7.39	3.1	0.0	55.512	26.038	-7.675	11.2	0.0	162.644	7.46	3.038	0.0	58.915	31.415	-8.033	0.0	1.961	193.933	7.39	3.038	0.0	59.076	11.581	-9.073	24.8	0.0	226.966	6.54	2.725	0.0	58.196	0.0	0.0	0.0	1.785	183.859	6.81	2.413	0.532	63.623	11.291	-23.89	19.0	1.768	174.947	7.2	3.35	0.0	58.156	26.91	-22.737	46.2	1.24	194.321	7.3	2.913	0.0	57.681	26.765	-24.924	0.0	2.053	154.701	8.18	3.288	0.0	54.006	11.944	-19.239	8.6	1.207	243.24	7.21
-1.0	2.85	1.595	55.909	25.021	-11.768	0.4	0.0	194.418	7.44	1.788	0.0	57.327	34.248	-22.994	40.6	1.626	200.811	7.46	3.225	0.0	55.405	25.966	-1.519	11.2	0.0	160.901	7.76	3.35	0.0	57.376	31.705	-8.002	0.0	1.643	198.971	7.34	2.913	0.0	59.468	11.508	-9.038	24.8	0.0	236.169	6.02	2.413	0.0	60.756	0.0	0.0	0.0	1.643	194.321	6.24	2.288	1.063	68.005	10.346	-23.042	19.0	2.02	189.671	7.2	3.163	0.0	58.012	26.983	-22.996	46.2	0.0	210.207	7.2	3.163	0.0	58.242	26.91	-24.72	0.0	1.592	170.2	7.98	2.85	0.0	55.189	12.235	-18.334	8.6	1.207	230.066	7.0
-1.0	3.038	0.0	0.0	25.82	-10.346	0.4	0.0	185.893	7.54	1.85	0.0	56.616	34.175	-23.114	40.6	1.609	195.193	7.02	2.475	0.0	57.059	25.893	-1.155	11.2	0.0	146.661	7.16	2.85	0.0	60.037	31.415	-7.959	0.0	1.676	183.181	7.44	3.163	0.0	59.027	12.162	-9.027	24.8	2.12	225.319	6.34	2.413	0.0	58.709	0.0	0.0	0.0	1.324	174.075	6.32	2.538	0.0	67.539	10.709	-23.425	19.0	1.534	182.987	7.3	2.725	0.0	56.957	27.056	-22.759	46.2	0.0	195.096	7.37	2.913	0.0	57.287	26.983	-24.924	0.0	1.969	158.382	8.05	3.35	0.0	55.022	12.162	-18.851	8.6	1.182	247.502	7.84
0.0	2.725	0.0	0.0	25.457	-10.305	0.4	2.12	193.255	7.74	1.913	0.532	56.062	34.103	-23.335	40.6	1.492	216.407	6.83	2.538	0.0	57.608	25.748	-1.271	11.2	1.257	167.294	6.78	2.413	0.0	61.388	31.415	-8.008	0.0	1.584	177.853	7.21	2.85	0.0	60.13	11.726	-9.001	24.8	1.835	231.809	6.47	2.288	0.0	58.185	0.0	0.0	0.0	1.198	153.926	6.62	2.475	0.532	65.621	9.983	-24.009	19.0	1.601	184.731	7.1	2.85	0.0	58.083	27.056	-23.006	46.2	0.0	192.868	7.6	3.038	0.0	56.45	26.474	-25.06	0.0	1.785	157.995	7.96	2.725	0.0	55.274	11.944	-18.897	8.6	0.0	248.084	8.08
0.0	2.6	0.532	46.379	25.239	-10.34	0.4	1.994	192.48	7.57	2.163	0.0	56.853	34.393	-23.005	40.6	1.693	203.814	6.89	2.163	0.0	57.242	25.457	-1.075	11.2	0.0	167.682	6.53	2.35	0.0	63.132	31.124	-7.971	0.0	1.71	200.52	7.25	2.975	0.0	59.539	11.799	-9.015	24.8	2.12	229.678	6.53	2.663	0.0	57.993	0.0	0.0	0.0	1.5	169.522	7.21	2.663	0.0	61.262	10.855	-23.869	19.0	1.483	159.06	7.15	2.913	0.0	57.802	27.056	-22.816	46.2	0.0	190.93	7.6	2.663	0.0	56.392	26.692	-24.936	0.0	1.584	169.91	8.0	2.725	0.0	55.544	12.162	-18.897	8.6	0.0	249.052	7.71
0.0	2.6	0.0	16.474	25.82	-10.314	0.4	1.969	209.82	7.46	1.788	0.0	57.185	34.248	-23.197	40.6	1.643	207.398	6.84	2.413	0.0	58.042	25.748	-1.133	11.2	0.0	101.616	6.69	2.725	0.0	62.52	31.124	-8.001	0.0	1.844	194.611	6.82	3.038	0.0	61.535	11.799	-9.013	24.8	2.045	225.222	6.96	2.663	0.0	56.236	0.0	0.0	0.0	1.073	191.608	6.46	2.475	0.532	66.515	11.145	-23.81	19.0	1.684	197.518	7.59	2.975	0.0	55.981	27.273	-22.834	46.2	0.947	177.756	7.3	2.975	0.0	57.479	26.91	-24.945	0.0	0.0	163.032	7.51	2.1	0.0	58.262	11.872	-18.945	8.6	0.0	238.203	7.54
0.0	2.788	0.0	0.0	25.82	-10.339	0.4	1.961	205.267	7.28	1.788	0.0	57.967	34.248	-22.892	40.6	1.617	197.13	6.99	2.538	0.0	56.88	26.038	-1.146	11.2	1.324	156.445	6.68	2.725	0.0	62.435	30.833	-8.017	0.0	1.827	212.435	6.4	2.288	0.0	62.554	11.581	-8.881	24.8	1.777	197.808	6.08	1.913	0.0	60.343	0.0	0.0	0.0	0.0	200.23	6.31	2.475	0.0	66.0	10.564	-23.709	19.0	1.743	183.568	7.23	2.913	0.0	57.555	27.201	-22.606	46.2	0.0	202.845	7.11	2.975	0.0	58.401	27.128	-25.225	0.0	0.0	168.457	7.62	2.1	0.0	57.528	11.944	-18.646	8.6	0.0	238.397	7.78
-1.0	2.163	0.0	0.0	25.748	-10.309	0.4	1.819	208.948	7.14	1.788	0.532	58.75	34.393	-22.892	40.6	1.668	207.979	6.84	2.725	0.0	57.811	25.603	-1.308	11.2	1.048	152.57	7.0	3.35	0.0	60.946	31.705	-8.119	0.0	0.0	205.267	6.35	2.975	0.0	63.737	11.872	-8.996	24.8	1.584	217.473	6.04	2.288	0.0	60.308	0.0	0.0	0.0	1.366	208.173	6.19	2.288	0.0	66.601	10.782	-23.851	19.0	1.978	182.115	7.71	3.163	0.0	55.237	27.346	-22.575	46.2	0.0	180.759	6.99	2.725	0.0	59.241	26.038	-1.0	0.0	0.0	164.872	7.8	2.163	0.0	56.48	11.944	-18.661	8.6	0.0	238.009	6.95
0.0	2.35	0.0	0.0	25.893	-10.308	0.4	1.651	209.045	6.94	1.475	0.532	59.461	34.393	-22.901	40.6	1.584	204.88	7.02	2.538	0.0	57.059	25.603	-1.178	11.2	1.207	151.311	6.67	3.35	0.0	63.35	31.633	-8.141	0.0	0.0	210.982	5.87	2.475	0.0	65.133	11.654	-8.949	24.8	1.86	204.492	5.61	2.35	0.0	62.365	0.0	0.0	0.0	1.626	216.02	6.1	2.538	1.063	67.525	10.492	-1.0	19.0	0.0	179.693	7.0	3.038	0.0	59.356	26.692	-22.748	46.2	0.0	180.372	7.2	2.85	0.0	58.501	26.111	-24.713	0.0	0.0	166.907	7.96	2.288	0.0	55.803	11.944	-18.991	8.6	0.0	256.608	6.73
-1.0	2.163	4.785	39.735	25.239	-10.257	0.4	1.701	207.204	7.21	1.663	0.532	58.416	34.756	-22.651	40.6	1.567	206.236	7.82	2.913	0.0	53.775	25.82	-1.375	11.2	1.173	124.187	6.78	3.35	0.0	61.949	31.415	-8.073	0.0	0.0	214.567	5.88	2.725	0.0	64.999	11.872	-9.006	24.8	1.634	205.558	5.92	2.288	0.0	60.767	0.0	0.0	0.0	2.036	183.859	6.09	2.413	1.595	67.55	10.709	-24.087	19.0	0.0	180.081	7.22	2.913	0.0	57.553	27.128	-22.078	46.2	0.0	182.212	7.23	2.85	0.0	58.276	26.184	-24.904	0.0	0.0	157.995	7.72	1.725	0.0	56.41	12.308	-18.556	8.6	0.0	257.092	6.55
-1.0	1.975	0.532	0.0	25.167	-10.312	0.4	1.626	205.655	7.06	1.725	0.532	59.366	33.739	-22.669	40.6	1.584	195.483	7.48	2.475	0.0	54.938	26.038	-7.692	11.2	0.0	158.382	7.2	3.6	0.0	59.474	31.705	-8.059	0.0	0.0	209.723	5.7	2.725	0.0	64.967	11.799	-8.894	24.8	2.12	209.045	5.66	2.6	0.0	61.956	0.0	0.0	0.0	1.701	207.883	6.3	2.475	2.127	66.513	10.492	-24.009	19.0	0.0	181.147	6.69	2.85	0.0	59.876	27.273	-22.692	46.2	1.299	169.91	7.16	2.725	0.0	58.667	26.038	-24.862	0.0	0.0	172.331	7.57	1.475	0.0	56.708	12.017	-18.012	8.6	0.0	256.802	6.64
-1.0	1.913	0.532	35.9	24.876	-10.251	0.4	1.626	205.267	7.32	1.975	0.0	58.347	34.321	-22.64	40.6	1.601	194.418	6.89	2.538	0.0	57.473	25.603	-7.63	11.2	1.433	148.114	7.21	3.788	0.0	59.875	31.342	-8.141	0.0	0.0	214.567	5.74	2.913	0.0	64.947	11.508	-8.979	24.8	1.802	195.968	5.82	2.538	0.0	61.648	0.0	0.0	0.0	1.793	217.666	6.3	2.538	0.0	66.405	10.709	-23.628	19.0	0.0	184.246	6.83	2.788	0.0	59.015	27.273	-22.358	46.2	0.922	174.656	7.22	2.85	0.0	58.188	25.893	-24.617	0.0	0.0	159.351	7.21	1.413	0.0	58.99	12.308	-18.384	8.6	0.0	257.092	6.18
-1.0	1.788	0.0	0.0	25.457	-10.209	0.4	1.609	204.783	7.54	1.913	7.976	57.776	34.466	-22.93	40.6	1.517	195.386	7.0	2.788	0.0	57.114	25.893	-7.645	11.2	0.0	154.798	7.21	3.663	0.0	59.846	31.051	-8.105	0.0	0.0	207.592	6.2	2.788	0.0	63.325	11.944	-8.919	24.8	2.053	205.848	5.41	2.475	0.0	63.327	0.0	0.0	0.0	1.693	210.595	6.39	2.6	1.595	65.689	10.927	-23.849	19.0	0.0	176.594	6.73	2.788	0.0	59.626	26.765	-22.569	46.2	0.98	175.044	7.33	2.913	0.0	57.686	26.838	-25.018	0.0	0.0	180.662	7.2	1.35	0.0	57.925	12.09	-18.565	8.6	0.0	256.802	6.63
-1.0	2.163	0.0	0.0	25.312	-10.309	0.4	1.416	204.783	7.6	1.913	0.0	57.728	33.957	-21.895	40.6	1.592	207.495	7.42	2.725	0.0	55.37	26.692	-1.276	11.2	1.936	151.504	7.21	3.35	0.0	59.561	31.124	-8.111	0.0	0.0	202.555	6.46	2.725	0.0	62.314	12.162	-8.912	24.8	0.0	197.905	5.62	2.35	0.0	62.116	0.0	0.0	0.0	2.036	213.307	6.29	2.538	0.0	66.862	11.073	-24.612	19.0	0.0	186.571	6.98	2.85	0.0	58.81	26.91	-22.482	46.2	1.098	157.995	7.28	2.85	0.0	57.822	26.329	-24.617	0.0	0.0	179.112	7.32	1.975	0.0	57.655	12.308	-18.616	8.6	0.0	244.402	6.96
0.0	1.538	3.19	0.0	25.603	-10.255	0.4	1.467	179.887	7.38	1.913	0.0	58.04	34.321	-22.725	40.6	1.358	193.546	7.59	2.913	0.0	54.718	25.603	-1.406	11.2	1.115	149.276	7.54	3.663	0.0	57.95	31.124	-8.128	0.0	0.0	205.558	6.52	2.788	0.0	62.575	11.872	-8.928	24.8	1.777	197.905	5.7	2.475	0.0	62.13	0.0	0.0	0.0	1.659	205.073	6.52	2.475	1.595	64.811	11.218	-23.709	19.0	2.078	172.719	6.96	2.725	0.0	59.036	26.692	-22.55	46.2	1.022	178.919	7.26	2.85	0.0	57.848	26.111	-24.998	0.0	0.0	172.138	7.36	1.913	0.0	56.85	12.235	-18.404	8.6	0.0	242.465	6.26
-1.0	2.788	1.063	7.528	25.385	-10.365	0.4	1.894	174.269	7.4	1.538	0.532	57.523	34.248	-22.92	40.6	1.081	178.919	7.29	2.725	0.0	56.053	25.53	-1.276	11.2	1.265	162.644	7.38	3.35	0.0	58.472	31.269	-8.096	0.0	1.802	211.079	6.64	2.913	0.0	61.813	11.799	-8.942	24.8	1.701	199.842	5.96	2.475	0.0	60.718	0.0	0.0	0.0	1.5	193.062	6.74	2.538	0.0	63.833	11.218	-22.703	19.0	1.927	172.719	6.88	2.725	0.0	59.052	26.765	-22.759	46.2	0.0	184.343	7.3	2.85	0.0	57.623	26.402	-24.809	0.0	0.0	182.696	7.3	1.975	0.0	56.666	12.017	-18.517	8.6	0.0	242.368	6.37
-1.0	2.413	0.0	0.0	25.457	-10.451	0.4	1.626	174.269	7.26	1.663	0.0	57.675	34.611	-22.446	40.6	1.299	179.597	7.24	2.35	0.0	56.016	25.312	-1.204	11.2	1.14	168.65	7.38	3.288	0.0	58.558	31.269	-8.112	0.0	1.944	199.746	6.8	2.788	0.0	61.138	11.799	-8.91	24.8	1.86	202.942	5.71	2.725	0.0	61.937	0.0	0.0	0.0	1.5	198.486	6.58	2.288	0.532	64.822	10.782	-23.751	19.0	1.282	184.343	6.88	2.85	0.0	59.08	26.765	-22.377	46.2	0.913	181.534	7.54	2.913	0.0	56.47	26.184	-25.112	0.0	0.0	171.944	7.48	1.85	0.0	55.555	12.09	-18.586	8.6	0.0	242.078	6.97
0.0	2.225	0.0	0.0	25.312	-10.291	0.4	1.726	180.856	7.32	1.725	0.0	57.511	33.885	-22.361	40.6	1.383	198.971	7.29	2.85	0.0	55.995	25.675	-1.289	11.2	1.198	162.354	7.16	2.725	0.0	59.667	30.979	-8.07	0.0	1.785	197.13	6.57	2.788	0.0	61.549	11.581	-8.901	24.8	1.668	214.954	5.78	1.975	0.0	61.669	0.0	0.0	0.0	1.374	179.306	6.39	2.35	1.063	66.15	10.419	-23.469	19.0	1.634	184.246	6.6	2.913	0.0	60.626	27.056	-22.395	46.2	1.006	182.309	7.3	2.788	0.0	57.421	26.62	-25.07	0.0	0.0	151.795	7.68	2.1	0.0	55.173	12.453	-18.351	8.6	0.0	242.853	7.2
0.0	2.6	1.063	0.0	25.675	-10.421	0.4	1.701	181.243	7.64	1.475	0.0	55.872	34.538	-22.391	40.6	1.123	168.941	7.14	2.788	0.0	56.526	25.748	-7.645	11.2	1.55	159.835	7.35	3.225	0.0	58.438	30.979	-8.173	0.0	1.819	209.336	6.66	2.788	0.0	61.059	12.09	-8.919	24.8	1.936	204.395	5.62	2.413	0.0	62.2	0.0	0.0	0.0	1.366	198.971	6.48	2.288	1.063	65.187	11.218	-23.45	19.0	1.55	180.081	6.66	2.725	0.0	60.353	27.128	-22.55	46.2	1.232	184.343	7.24	2.725	0.0	57.354	26.765	-25.049	0.0	0.0	155.96	7.73	1.975	0.0	54.385	12.235	-18.715	8.6	0.0	242.078	6.56
0.0	1.475	0.0	0.0	25.239	-10.169	0.4	1.14	212.435	7.81	1.413	0.0	54.869	34.756	-22.27	40.6	0.0	208.754	7.15	2.725	0.0	56.353	25.748	-7.639	11.2	1.592	159.932	7.55	3.288	0.0	57.228	31.197	-8.066	0.0	2.045	208.754	6.5	2.538	0.0	61.818	11.581	-8.847	24.8	1.517	202.167	5.52	2.413	0.0	62.377	0.0	0.0	0.0	1.609	201.78	6.65	2.6	0.0	64.588	11.145	-23.445	19.0	2.02	198.68	6.64	2.913	0.0	60.066	27.128	-22.395	46.2	1.416	184.537	7.21	2.85	0.0	57.783	26.474	-24.904	0.0	0.0	155.089	7.72	2.1	0.0	54.324	12.235	-18.547	8.6	0.0	242.465	7.35
0.0	1.413	0.0	0.0	25.603	-10.239	0.4	0.972	174.075	7.43	1.288	0.0	56.424	34.611	-21.512	40.6	0.0	177.369	7.11	2.85	0.0	56.23	26.038	-1.352	11.2	1.852	167.294	7.2	2.975	0.0	59.303	30.833	-8.034	0.0	1.936	204.686	6.36	2.35	0.0	61.934	12.235	-8.826	24.8	1.768	196.743	5.58	2.35	0.0	62.026	0.0	0.0	0.0	1.45	189.962	6.56	2.288	1.063	63.994	11.0	-23.45	19.0	2.003	173.688	6.82	2.85	0.0	59.214	27.128	-22.271	46.2	1.475	179.5	7.1	2.788	0.0	58.14	26.474	-1.0	0.0	0.0	154.507	7.8	2.038	0.0	54.424	11.944	-18.73	8.6	0.0	230.453	6.38
-1.0	0.537	0.0	0.0	24.876	-10.129	0.4	0.0	175.141	7.35	1.413	0.532	56.587	33.957	-21.961	40.6	0.939	165.55	7.35	2.913	0.0	55.007	25.53	-1.375	11.2	2.12	166.035	7.12	3.225	0.0	59.261	30.833	-8.052	0.0	2.112	204.88	6.24	2.413	0.0	62.639	11.654	-8.825	24.8	1.793	215.729	5.46	2.1	0.0	62.866	0.0	0.0	0.0	1.324	198.292	6.39	2.538	0.0	65.662	10.564	-23.829	19.0	0.0	187.056	6.57	2.85	0.0	60.366	27.201	-22.059	46.2	1.383	184.537	7.16	2.85	0.0	57.833	26.91	-25.091	0.0	2.011	155.67	7.76	1.975	0.0	53.707	11.944	-18.715	8.6	0.0	226.869	6.3
-1.0	0.412	0.0	0.0	25.748	-10.139	0.4	0.0	175.431	7.66	1.475	0.0	55.406	33.885	-22.082	40.6	0.0	226.385	6.7	2.413	0.0	58.135	25.385	-7.626	11.2	1.358	120.215	7.38	2.913	0.0	57.607	31.197	-8.005	0.0	2.053	208.367	5.99	2.6	0.0	63.895	11.508	-8.82	24.8	0.0	208.948	5.88	2.288	0.0	60.507	0.0	0.0	0.0	1.039	176.981	6.1	2.163	0.0	66.611	10.564	-23.209	19.0	1.827	190.155	6.54	2.538	0.0	60.078	26.91	-21.758	46.2	0.0	164.776	6.84	2.413	0.0	59.102	26.838	-24.946	0.0	1.768	174.656	7.62	1.85	0.0	54.516	11.944	-18.685	8.6	0.0	256.414	6.2
-1.0	0.85	0.0	0.0	25.239	-10.276	0.4	0.0	198.68	7.82	1.225	0.532	55.018	34.393	-21.908	40.6	0.0	227.741	7.21	2.538	0.0	55.69	25.748	-1.178	11.2	1.089	141.139	7.23	2.85	0.0	58.189	31.269	-7.991	0.0	2.02	207.786	6.22	2.163	0.0	62.83	11.726	-8.797	24.8	0.0	208.658	6.16	2.6	0.0	59.165	0.0	0.0	0.0	1.643	199.842	6.69	2.413	0.0	63.243	10.419	-23.183	19.0	1.575	170.394	7.16	2.538	0.0	56.994	27.201	-22.18	46.2	0.0	178.531	7.36	2.788	0.0	56.792	25.82	-25.254	0.0	0.0	184.343	7.75	1.788	0.0	53.706	12.09	-18.769	8.6	0.0	256.027	6.4
10.38	1.288	0.0	54.385	24.803	-10.223	0.4	0.0	208.658	7.64	0.85	0.0	55.167	34.611	-21.905	40.6	0.0	228.516	7.17	2.163	0.0	55.626	25.82	-7.585	11.2	0.0	147.823	6.94	3.163	0.0	60.228	31.124	-8.046	0.0	0.0	204.105	6.27	2.35	0.0	62.31	11.726	-8.818	24.8	0.922	208.754	5.9	2.413	0.0	60.229	0.0	0.0	0.0	1.827	194.127	6.68	2.6	0.532	63.684	10.782	-23.24	19.0	1.81	169.91	7.24	2.6	0.0	56.745	27.201	-21.987	46.2	0.0	175.722	7.94	3.225	0.0	54.238	26.765	-25.122	0.0	0.0	159.932	7.46	1.663	0.0	54.67	12.09	-18.64	8.6	0.0	256.027	6.46
-1.0	1.35	1.063	0.0	25.312	-10.258	0.4	1.341	183.181	7.74	1.288	0.0	54.74	34.175	-22.132	40.6	0.997	192.383	7.07	2.725	0.0	56.311	25.167	-1.119	11.2	0.0	173.009	6.86	3.225	0.0	60.584	30.979	-8.044	0.0	0.0	203.233	6.18	2.538	0.0	62.989	11.872	-8.838	24.8	1.332	202.748	5.57	2.475	0.0	62.08	0.0	0.0	0.0	1.475	193.933	6.4	2.538	0.0	65.146	11.145	-23.221	19.0	0.0	181.631	7.66	2.913	0.0	54.611	26.91	-22.078	46.2	0.0	187.056	7.69	3.038	0.0	55.263	26.692	-25.06	0.0	0.0	161.676	7.56	1.725	0.0	55.244	11.872	-18.853	8.6	0.0	256.317	6.28
