-1.4	-2.087	0.0	90.212	24.44	-13.2	35.2	0.0	68.196	-2.6	-1.587	0.532	66.933	33.013	-7.438	29.0	0.0	89.895	-1.82	-1.15	0.0	69.313	23.859	-11.626	0.8	0.0	44.657	-1.9	0.1	0.0	72.358	30.761	-0.191	36.0	0.0	45.626	-2.1	-0.4	0.0	93.632	10.709	-8.787	1.6	0.0	71.974	-1.48	-0.4	0.0	97.603	0.0	0.0	1.2	0.0	46.304	-1.5	-0.025	0.0	73.008	9.256	-21.561	1.0	0.0	42.429	-2.24	0.037	0.0	72.289	26.474	-11.278	32.6	0.0	45.819	-1.0	-0.025	0.0	0.0	20.808	-12.325	1.0	0.0	348.925	-2.22	-1.025	0.0	28.846	8.748	-1.0	38.2	0.0	79.53
-1.42	-1.9	0.0	90.207	24.949	-12.926	35.2	0.0	68.293	-2.62	-1.65	5.317	66.981	33.086	-7.433	29.0	0.0	89.605	-1.87	-0.963	0.0	69.303	23.714	-11.698	0.8	0.0	44.56	-1.96	0.1	0.0	72.593	30.906	-0.191	36.0	0.0	45.141	-2.06	-0.275	0.0	93.643	10.709	-8.833	1.6	0.0	72.168	-1.51	-1.025	0.0	97.594	0.0	0.0	1.2	0.0	46.788	-1.56	0.037	0.532	72.996	9.474	-21.477	1.0	0.0	42.72	-2.26	-0.025	0.0	72.309	26.474	-11.112	32.6	0.0	46.11	-1.3	-0.025	0.0	38.476	21.026	-12.377	1.0	0.0	349.022	-2.27	-1.087	0.0	28.842	8.603	-1.0	38.2	0.0	79.53
-1.44	-2.025	0.0	90.16	25.094	-12.906	35.2	0.0	68.584	-2.66	-1.712	0.532	67.051	33.013	-7.427	29.0	0.0	89.508	-1.85	-1.15	0.0	69.307	23.641	-11.764	0.8	0.0	44.463	-1.96	0.037	0.0	72.667	30.833	-0.169	36.0	0.0	45.916	-2.1	-0.588	0.0	93.632	10.492	-8.834	1.6	0.0	71.781	-1.48	-0.65	0.0	97.603	0.0	0.0	1.2	0.0	46.788	-1.56	-0.087	0.532	72.971	9.983	-21.948	1.0	0.0	42.332	-2.28	-0.212	0.0	72.33	26.838	-12.245	32.6	0.0	45.916	1.78	-0.212	0.0	38.68	21.026	-12.297	1.0	0.0	349.022	-2.29	-1.025	0.0	28.841	8.675	-1.0	38.2	0.0	79.433
-1.45	-2.025	0.0	90.158	24.513	-13.087	35.2	0.0	68.681	-2.65	-1.525	0.0	67.053	32.867	-7.451	29.0	0.0	89.798	-2.07	-1.275	0.0	69.188	23.714	-11.841	0.8	0.0	44.463	-2.0	0.163	0.0	72.831	31.124	-0.242	36.0	0.0	45.141	-2.1	-0.4	0.0	93.632	10.855	-8.843	1.6	0.0	72.265	-1.46	-0.4	0.0	97.609	0.0	0.0	1.2	0.0	46.788	-1.59	-0.025	0.532	72.965	9.692	-21.256	1.0	0.0	43.107	-2.36	-0.212	0.0	72.314	26.184	-11.049	32.6	0.0	45.529	-0.84	-0.025	0.0	38.399	20.372	-12.325	1.0	0.0	349.022	-2.28	-1.087	0.0	28.875	8.675	-1.0	38.2	0.0	79.433
-1.47	-2.025	1.063	90.153	24.295	-12.847	35.2	0.0	68.487	-2.66	-1.462	0.0	67.076	32.722	-7.449	29.0	0.0	90.089	-1.99	-1.275	0.0	69.229	23.714	-11.794	0.8	0.0	44.27	-2.0	0.1	0.0	72.807	30.615	-0.249	36.0	0.0	45.238	-2.16	-0.713	0.0	93.576	11.145	-8.821	1.6	0.0	71.877	-1.56	-0.775	0.0	97.579	0.0	0.0	1.2	0.0	46.691	-1.59	-0.212	0.532	72.941	9.765	-21.409	1.0	0.0	42.913	-2.44	-0.025	0.0	72.198	26.329	-11.23	32.6	0.0	45.819	-1.77	-0.025	0.0	38.236	20.517	-12.377	1.0	0.0	349.022	-2.36	-1.15	0.0	28.868	8.893	-1.0	38.2	0.0	79.627
-1.5	-2.15	0.0	90.144	24.222	-12.946	35.2	0.0	68.39	-2.7	-1.525	0.0	67.121	32.65	-7.451	29.0	0.0	89.798	-1.94	-1.15	0.0	69.239	23.714	-11.956	0.8	0.0	44.366	-2.0	-0.087	0.0	72.881	30.761	-0.153	36.0	0.0	44.851	-2.16	-0.4	0.0	93.576	10.637	-8.809	1.6	0.0	71.974	-1.46	-0.775	0.0	97.591	0.0	0.0	1.2	0.0	46.885	-1.63	0.037	1.595	72.908	9.547	-21.477	1.0	0.0	42.816	-2.39	0.1	0.0	72.135	26.111	-11.207	32.6	0.0	46.401	-1.38	-0.087	0.0	38.372	20.081	-11.966	1.0	0.0	349.022	-2.31	-1.087	0.0	28.872	8.603	-1.0	38.2	0.0	79.627
-1.48	-2.025	3.19	90.15	24.44	-12.966	35.2	0.0	68.1	-2.68	-1.712	0.0	67.124	33.013	-7.419	29.0	0.0	90.089	-1.92	-1.15	0.0	69.268	24.44	-11.956	0.8	0.0	44.754	-1.96	-0.087	0.0	72.741	31.342	-0.124	36.0	0.0	44.948	-2.17	-0.65	0.0	93.593	11.218	-8.793	1.6	0.0	70.812	-1.48	-0.65	0.0	97.603	0.0	0.0	1.2	0.0	46.788	-1.58	0.037	2.659	72.918	9.547	-22.581	1.0	0.0	42.72	-2.36	0.1	0.0	72.141	26.983	-17.985	32.6	0.0	45.916	-0.58	-0.087	0.0	38.427	21.026	-12.264	1.0	0.0	349.022	-2.27	-0.963	0.0	28.809	8.748	-1.0	38.2	0.0	80.305
-1.46	-1.9	0.0	90.155	25.021	-13.615	35.2	0.0	68.293	-2.68	-1.462	0.0	67.124	33.158	-7.465	29.0	0.0	89.12	-1.98	-1.275	0.0	69.231	23.714	-11.987	0.8	0.0	44.27	-2.01	0.1	0.0	72.879	31.633	-0.22	36.0	0.0	45.141	-2.16	-0.4	0.0	93.576	10.637	-8.878	1.6	0.0	71.877	-1.45	-0.525	0.0	97.575	0.0	0.0	1.2	0.0	46.401	-1.6	-0.15	0.532	72.889	9.474	-21.527	1.0	0.0	42.913	-2.36	0.1	0.0	72.19	26.765	-11.168	32.6	0.0	46.207	-1.62	0.037	0.0	38.378	20.372	-12.492	1.0	0.0	349.022	-2.29	-1.275	0.0	28.808	8.603	-1.0	38.2	0.0	79.53
-1.48	-2.212	1.063	90.15	25.748	-12.997	35.2	0.0	68.681	-2.7	-1.587	0.0	67.121	32.867	-7.43	29.0	0.0	89.605	-1.89	-1.15	0.0	69.274	23.714	-12.312	0.8	0.0	44.27	-2.0	-0.087	0.0	72.856	30.761	0.0	36.0	0.0	46.304	-2.18	-0.588	0.0	93.571	11.363	-8.789	1.6	0.0	71.587	-1.38	-0.713	0.0	97.614	0.0	0.0	1.2	0.0	46.788	-1.62	-0.212	1.063	72.885	9.765	-21.51	1.0	0.0	42.623	-2.36	0.1	0.0	72.264	26.765	-11.538	32.6	0.0	45.819	-1.5	-0.025	0.0	38.391	20.88	-12.325	1.0	0.0	349.022	-2.3	-1.087	0.0	28.84	8.748	-1.0	38.2	0.0	79.53
-1.49	-2.025	0.0	90.147	25.021	-13.087	35.2	0.0	68.293	-2.71	-1.837	0.0	67.196	33.013	-7.416	29.0	0.0	89.992	-1.99	-1.15	0.0	69.229	23.714	-12.156	0.8	0.0	44.657	-2.06	-0.15	0.0	73.139	31.415	-0.015	36.0	0.0	45.141	-2.18	-0.713	0.0	93.571	10.782	-8.844	1.6	0.0	71.781	-1.36	-0.525	0.0	97.602	0.0	0.0	1.2	0.0	46.885	-1.6	-0.15	0.0	72.864	9.91	-21.527	1.0	0.0	42.623	-2.36	-0.087	0.0	72.289	26.983	-11.426	32.6	0.0	46.013	-1.72	-0.212	0.0	38.304	20.88	-12.297	1.0	0.0	349.022	-2.31	-1.025	0.0	28.872	8.748	-1.0	38.2	0.0	79.627
-1.5	-2.212	0.0	90.104	24.731	-12.937	35.2	0.0	68.874	-2.75	-1.775	0.0	67.24	32.867	-7.46	29.0	0.0	89.992	-2.06	-1.15	0.0	69.19	23.786	-12.208	0.8	0.0	44.076	-2.14	-0.15	0.0	73.392	30.688	-0.218	36.0	0.0	45.044	-2.22	-0.713	0.0	93.559	11.218	-8.881	1.6	0.0	71.199	-1.44	-0.838	0.0	97.578	0.0	0.0	1.2	0.0	46.982	-1.68	-0.275	0.532	72.848	9.765	-21.392	1.0	0.0	42.526	-2.38	-0.15	0.0	72.359	26.474	-11.293	32.6	0.0	46.013	-1.54	-0.087	0.0	38.45	20.372	-12.264	1.0	0.0	349.022	-2.36	-1.087	0.0	28.868	8.748	-1.0	38.2	0.0	79.627
-1.52	-2.4	0.0	90.098	25.239	-12.789	35.2	0.0	68.39	-2.76	-1.712	0.0	67.238	32.795	-7.396	29.0	0.0	89.798	-2.0	-1.4	0.0	69.227	24.077	-11.969	0.8	0.0	44.56	-2.1	0.037	0.0	73.449	31.124	-7.505	36.0	0.0	45.238	-2.28	-0.65	0.0	93.523	10.637	-8.888	1.6	0.0	71.974	-1.44	-0.713	0.0	97.578	0.0	0.0	1.2	0.0	46.691	-1.72	0.037	0.0	72.815	9.62	-21.68	1.0	0.0	42.816	-2.41	-0.087	0.0	72.377	26.765	-11.384	32.6	0.0	45.819	-1.66	-0.212	0.0	38.374	21.026	-12.297	1.0	0.0	349.022	-2.38	-1.337	0.0	28.866	8.966	-1.0	38.2	0.0	79.53
-1.55	-2.212	0.0	90.09	25.021	-12.937	35.2	0.0	68.487	-2.76	-1.65	0.0	67.316	33.013	-7.401	29.0	0.0	89.701	-2.03	-1.275	0.0	69.196	24.004	-12.037	0.8	0.0	44.463	-2.13	-0.087	0.0	73.492	30.761	-0.182	36.0	0.0	45.335	-2.26	-0.588	0.0	93.51	11.218	-8.811	1.6	0.0	71.877	-1.5	-0.775	0.0	97.56	0.0	0.0	1.2	0.0	47.466	-1.75	-0.212	0.532	72.784	10.128	-21.206	1.0	0.0	42.526	-2.42	-0.15	0.0	72.4	26.474	-11.252	32.6	0.0	45.432	-1.44	-0.15	0.0	38.524	20.953	-12.255	1.0	0.0	349.022	-2.4	-1.15	0.0	28.898	8.821	-1.0	38.2	0.0	79.53
-1.58	-2.337	0.0	90.082	25.167	-12.858	35.2	0.0	68.778	-2.83	-1.712	0.0	67.38	33.013	-7.34	29.0	0.0	89.798	-2.02	-1.337	0.0	69.198	23.496	-11.785	0.8	0.0	44.56	-2.06	-0.15	0.0	73.139	31.124	-0.189	36.0	0.0	45.626	-2.24	-0.212	0.0	93.534	11.436	-9.012	1.6	0.0	71.974	-1.46	-0.838	0.0	97.572	0.0	0.0	1.2	0.0	46.691	-1.7	-0.212	0.532	72.77	9.62	-21.611	1.0	0.0	42.816	-2.42	0.037	0.0	72.4	26.91	-11.36	32.6	0.0	45.819	-1.57	-0.087	0.0	38.478	20.59	-12.316	1.0	0.0	349.022	-2.4	-1.087	0.0	28.898	8.675	-1.0	38.2	0.0	79.724
-1.56	-2.087	0.532	90.088	24.295	-12.837	35.2	0.0	68.1	-2.79	-1.775	0.0	67.361	33.013	-7.367	29.0	0.0	89.895	-2.02	-1.212	0.0	69.223	23.568	-12.046	0.8	0.0	44.754	-2.06	0.037	0.0	73.212	31.633	-0.227	36.0	0.0	45.432	-2.28	-0.775	0.0	93.504	11.0	-8.978	1.6	0.0	72.362	-1.39	-0.775	0.0	97.593	0.0	0.0	1.2	0.0	46.788	-1.68	-0.15	0.0	72.774	9.765	-24.131	1.0	0.0	43.01	-2.4	-0.025	0.0	72.429	26.256	-11.31	32.6	0.0	45.916	-1.71	-0.025	0.0	38.368	20.299	-12.172	1.0	0.0	349.022	-2.36	-1.087	0.0	28.868	8.53	-1.0	38.2	0.0	78.658
-1.56	-2.337	0.0	90.088	24.15	-12.858	35.2	0.0	68.487	-2.82	-1.712	0.532	67.356	32.867	-7.38	29.0	0.0	89.798	-2.02	-1.337	0.0	69.223	23.714	-11.978	0.8	0.0	44.366	-2.08	-0.025	0.0	73.257	31.124	-0.146	36.0	0.0	45.335	-2.21	-0.275	0.0	93.562	10.637	-9.06	1.6	0.0	72.555	-1.36	-0.9	0.0	97.602	0.0	0.0	1.2	0.0	46.788	-1.68	0.1	0.532	72.749	9.62	-21.595	1.0	0.0	42.816	-2.38	0.1	0.0	72.458	26.474	-11.452	32.6	0.0	45.819	-1.6	0.037	0.0	38.191	20.953	-12.232	1.0	0.0	349.022	-2.37	-1.15	0.0	28.867	8.675	-1.0	38.2	0.0	79.336
-1.54	-2.212	0.0	90.093	25.094	-12.818	35.2	0.0	68.196	-2.8	-1.712	0.532	67.359	32.795	-7.364	29.0	0.0	89.798	-2.01	-1.275	0.0	69.225	23.278	-12.563	0.8	0.0	44.56	-2.04	-0.087	0.0	73.118	30.833	-0.124	36.0	0.0	45.141	-2.24	-0.588	0.0	93.534	11.218	-8.882	1.6	0.0	72.071	-1.36	-0.9	0.0	97.602	0.0	0.0	1.2	0.0	46.691	-1.7	-0.15	1.063	72.745	9.62	-20.714	1.0	0.0	42.526	-2.38	-0.15	0.0	72.531	26.983	-11.213	32.6	0.0	45.432	-2.0	-0.212	0.0	38.18	20.88	-12.348	1.0	0.0	348.925	-2.38	-1.15	0.0	28.866	8.53	-1.0	38.2	0.0	79.53
-1.54	-2.087	0.0	90.093	24.949	-12.837	35.2	0.0	68.293	-2.8	-1.837	0.0	67.334	33.013	-7.353	29.0	0.0	90.089	-1.98	-1.15	0.0	69.231	23.714	-12.208	0.8	0.0	44.56	-2.06	-0.212	0.0	73.212	31.197	-0.109	36.0	0.0	45.238	-2.25	-0.65	0.0	93.551	11.218	-8.951	1.6	0.0	71.877	-1.38	-0.963	0.0	97.596	0.0	0.0	1.2	0.0	46.788	-1.72	-0.025	0.0	72.741	9.91	-21.764	1.0	0.0	42.816	-2.38	0.037	0.0	72.581	26.474	-11.238	32.6	0.0	46.207	0.85	-0.087	0.0	38.453	20.953	-11.825	1.0	0.0	348.925	-2.36	-1.087	0.0	28.868	8.821	-1.0	38.2	0.0	79.53
-1.54	-2.212	0.532	90.093	25.021	-13.18	35.2	0.0	68.39	-2.8	-1.837	0.0	67.359	33.013	-7.297	29.0	0.0	89.992	-1.94	-1.275	0.0	69.239	23.568	-11.987	0.8	0.0	44.657	-2.04	-0.087	0.0	73.167	30.979	-0.269	36.0	0.0	45.044	-2.22	-0.775	0.0	93.559	10.855	-8.899	1.6	0.0	71.974	-1.36	-0.9	0.0	97.602	0.0	0.0	1.2	0.0	46.982	-1.7	0.037	0.0	72.745	9.91	-21.781	1.0	0.0	42.913	-2.37	-0.025	0.0	72.632	26.474	-11.31	32.6	0.0	46.013	-1.66	-0.212	0.0	38.437	21.026	-12.094	1.0	0.0	349.022	-2.38	-1.15	0.0	28.866	8.603	-1.0	38.2	0.0	79.724
-1.54	-2.212	0.532	90.093	24.876	-12.937	35.2	0.0	68.681	-2.8	-1.65	0.532	67.359	32.795	-7.386	29.0	0.0	89.798	-2.02	-1.212	0.0	69.223	23.568	-12.096	0.8	0.0	44.27	-2.04	-0.025	0.0	73.118	30.906	-7.392	36.0	0.0	45.141	-2.24	-0.588	0.0	93.554	11.363	-8.919	1.6	0.0	71.974	-1.36	-0.963	0.0	97.602	0.0	0.0	1.2	0.0	46.691	-1.67	0.037	0.0	72.727	10.056	-21.578	1.0	0.0	42.816	-2.38	-0.087	0.0	72.679	26.038	-11.221	32.6	0.0	45.916	-1.54	-0.15	0.0	38.513	20.517	-12.306	1.0	0.0	349.022	-2.4	-1.15	0.0	28.864	8.748	-1.0	38.2	0.0	79.627
-1.54	-2.212	0.0	90.093	24.876	-13.119	35.2	0.0	68.487	-2.79	-1.712	0.0	67.361	32.795	-7.38	29.0	0.0	90.089	-2.0	-1.15	0.0	69.227	23.278	-11.956	0.8	0.0	44.366	-2.1	-0.087	0.0	73.326	31.197	-0.24	36.0	0.0	44.754	-2.24	-0.525	0.0	93.554	10.782	-8.901	1.6	0.0	72.071	-1.39	-0.838	0.0	97.593	0.0	0.0	1.2	0.0	46.788	-1.72	-0.087	1.063	72.716	9.547	-21.645	1.0	0.0	42.526	-2.43	0.037	0.0	72.743	26.547	-10.558	32.6	0.0	46.11	-1.6	-0.15	0.0	38.569	20.154	-12.204	1.0	0.0	349.022	-2.37	-1.15	0.0	28.867	8.675	-1.0	38.2	0.0	79.336
-1.56	-2.15	1.063	90.088	24.077	-12.887	35.2	0.0	68.681	-2.77	-1.587	0.0	67.391	32.65	-7.415	29.0	0.0	89.992	-2.18	-1.337	0.0	69.141	23.714	-11.832	0.8	0.0	44.463	-2.16	-0.15	0.0	73.583	31.051	-7.372	36.0	0.0	45.626	-2.28	-0.713	0.0	93.523	10.564	-8.881	1.6	0.0	71.974	-1.4	-1.15	0.0	97.59	0.0	0.0	1.2	0.0	46.885	-1.76	-0.212	2.659	72.683	9.983	-21.712	1.0	0.0	42.041	-2.48	-0.025	0.0	72.757	26.256	-11.151	32.6	0.0	46.11	-1.66	-0.15	0.0	38.5	20.953	-12.306	1.0	0.0	349.022	-2.41	-1.275	0.0	28.864	8.748	-1.0	38.2	0.0	79.627
-1.61	-2.275	0.0	90.054	24.585	-12.75	35.2	0.0	68.487	-2.84	-1.962	0.0	67.455	32.94	-7.374	29.0	0.0	89.798	-2.14	-1.4	0.0	69.149	23.859	-11.871	0.8	0.0	44.851	-2.2	-0.15	0.0	73.648	31.269	-0.275	36.0	0.0	45.626	-2.28	-0.4	0.0	93.504	11.291	-8.902	1.6	0.0	71.877	-1.42	-0.9	0.0	97.584	0.0	0.0	1.2	0.0	47.079	-1.78	-0.087	0.0	72.679	10.201	-21.341	1.0	0.0	42.72	-2.47	-0.15	0.0	72.735	26.547	-11.417	32.6	0.0	45.916	-1.94	-0.212	0.0	38.375	21.098	-12.562	1.0	0.0	348.634	-2.46	-1.212	0.0	28.893	8.603	-1.0	38.2	0.0	79.046
-1.64	-2.4	0.0	90.026	24.658	-12.907	35.2	0.0	68.584	-2.86	-1.837	0.532	67.502	32.795	-7.416	29.0	0.0	89.798	-2.14	-1.4	0.0	69.149	23.786	-11.636	0.8	0.0	44.56	-2.14	-0.212	0.0	73.587	31.051	-7.383	36.0	0.0	45.044	-2.3	-0.775	0.0	93.498	11.291	-8.769	1.6	0.0	71.587	-1.46	-1.15	0.0	97.554	0.0	0.0	1.2	0.0	46.691	-1.78	-0.025	0.0	72.655	10.128	-21.764	1.0	0.0	42.913	-2.52	-0.212	0.0	72.773	26.838	-11.284	32.6	0.0	45.722	-1.91	-0.212	0.0	38.441	20.88	-12.194	1.0	0.0	349.409	-2.47	-1.15	0.0	28.925	8.53	-1.0	38.2	0.0	79.53
-1.66	-2.275	1.063	90.02	24.44	-12.75	35.2	0.0	68.487	-2.89	-2.025	0.0	67.548	32.94	-7.399	29.0	0.0	89.798	-2.26	-1.4	0.0	69.1	23.859	-11.591	0.8	0.0	44.463	-2.16	-0.025	0.0	73.583	31.051	-7.417	36.0	0.0	45.141	-2.34	-0.713	0.0	93.487	10.637	-8.856	1.6	0.0	71.877	-1.73	-1.087	0.0	97.455	0.0	0.0	1.2	0.0	46.691	-1.78	0.037	1.063	72.655	9.474	-21.983	1.0	0.0	42.913	-2.6	-0.212	0.0	72.781	26.038	-11.325	32.6	0.0	46.304	-1.92	-0.087	0.0	38.409	20.953	-13.215	1.0	0.0	349.022	-2.47	-1.275	0.0	28.925	8.675	-1.0	38.2	0.0	79.24
-1.67	-2.212	0.532	90.018	24.803	-13.63	35.2	0.0	68.584	-2.92	-1.837	1.063	67.594	32.867	-7.424	29.0	0.0	89.798	-2.16	-1.337	0.0	69.145	23.714	-11.738	0.8	0.0	44.56	-2.14	-0.212	0.0	73.538	31.124	-0.282	36.0	0.0	44.851	-2.35	-0.65	0.0	93.484	10.709	-8.851	1.6	0.0	72.168	-1.66	-0.775	0.0	97.476	0.0	0.0	1.2	0.0	46.788	-1.79	0.037	0.0	72.628	10.128	-21.578	1.0	0.0	42.816	-2.61	-0.212	0.0	72.755	26.838	-11.367	32.6	0.0	45.916	-1.81	-0.025	0.0	38.452	20.953	-12.43	1.0	0.0	348.925	-2.44	-1.337	0.0	28.861	8.675	-1.0	38.2	0.0	79.336
-1.68	-2.212	0.0	90.015	24.367	-13.434	35.2	0.0	68.778	-2.92	-1.775	0.0	67.594	32.867	-7.452	29.0	0.0	89.798	-2.12	-1.462	0.0	69.153	23.714	-11.405	0.8	0.0	44.56	-2.18	0.037	0.0	73.677	30.543	-0.343	36.0	0.0	44.56	-2.32	-0.775	0.0	93.493	10.637	-8.886	1.6	0.0	73.718	-1.74	-0.775	0.0	97.452	0.0	0.0	1.2	0.0	46.788	-1.78	-0.15	1.063	72.63	10.056	-22.031	1.0	0.0	42.72	-2.6	0.037	0.0	72.708	26.402	-11.402	32.6	0.0	45.044	-1.12	-0.087	0.0	0.0	20.88	-12.368	1.0	0.0	349.312	-2.48	-1.337	0.0	28.891	8.457	-1.0	38.2	0.0	79.627
-1.68	-2.337	0.0	90.015	25.167	-12.683	35.2	0.0	69.746	-2.93	-1.775	0.0	67.592	33.158	-7.452	29.0	0.0	89.798	-2.2	-1.337	0.0	69.138	23.859	-11.832	0.8	0.0	44.27	-2.15	-0.087	0.0	73.585	31.705	-7.453	36.0	0.0	45.044	-2.3	-0.775	0.0	93.498	10.782	-8.838	1.6	0.0	72.168	-1.81	-0.838	0.0	97.432	0.0	0.0	1.2	0.0	46.401	-1.76	-0.087	0.0	72.634	9.838	-20.73	1.0	0.0	42.72	-2.58	-0.212	0.0	72.687	26.62	-11.408	32.6	0.0	45.916	-1.9	-0.15	0.0	38.411	21.68	-12.572	1.0	0.0	349.022	-2.48	-1.275	0.0	28.891	8.675	-1.0	38.2	0.0	79.143
-1.68	-2.212	0.0	90.015	24.44	-13.057	35.2	0.0	68.39	-2.92	-1.962	0.532	67.594	33.086	-7.397	29.0	0.0	89.895	-2.12	-1.462	0.0	69.153	23.278	-11.582	0.8	0.0	44.56	-2.18	-0.087	0.0	73.774	30.761	-0.269	36.0	0.0	45.432	-2.29	-0.713	0.0	93.501	10.492	-8.856	1.6	0.0	71.877	-1.62	-0.9	0.0	97.488	0.0	0.0	1.2	0.0	46.982	-1.78	-0.212	6.912	72.63	9.983	-21.003	1.0	0.0	42.72	-2.56	-0.025	0.0	72.692	26.256	-11.435	32.6	0.0	45.529	-1.82	-0.15	0.0	38.546	21.026	-12.306	1.0	0.0	349.022	-2.49	-1.337	0.0	28.923	8.748	-1.0	38.2	0.0	79.433
-1.7	-2.275	0.0	90.01	24.585	-12.808	35.2	0.0	68.1	-2.89	-1.775	0.0	67.548	32.795	-7.437	29.0	0.0	89.798	-2.18	-1.4	0.0	69.141	24.004	-11.457	0.8	0.0	45.044	-2.26	-0.212	0.0	74.05	31.124	-0.253	36.0	0.0	45.432	-2.33	-0.525	0.0	93.49	10.927	-8.829	1.6	0.0	71.49	-1.58	-0.275	0.0	97.5	0.0	0.0	1.2	0.0	47.079	-1.82	-0.15	0.532	72.597	9.62	-21.628	1.0	0.0	42.526	-2.55	0.163	0.0	72.718	26.329	-11.378	32.6	0.0	45.916	-1.54	-0.212	0.0	38.513	21.316	-12.297	1.0	0.0	349.022	-2.54	-1.275	0.0	28.919	8.603	-1.0	38.2	0.0	79.336
