6.24	1.975	16.483	49.109	24.731	-12.181	34.8	0.0	180.856	4.69	1.475	17.015	49.869	33.594	-7.663	28.8	1.341	204.686	4.94	2.85	0.0	49.118	23.859	-12.317	0.0	1.844	216.891	5.98	4.537	0.0	47.334	30.18	-1.693	35.0	0.0	219.507	5.3	2.6	0.0	52.048	10.782	-9.119	0.0	1.81	219.894	5.5	3.163	0.0	49.798	0.0	0.0	0.2	1.986	220.766	6.62	3.538	14.357	46.367	9.62	-1.0	0.0	0.922	179.306	4.7	1.975	0.0	54.877	26.547	-10.849	31.6	0.0	232.584	6.1	2.788	0.0	47.779	20.59	-11.354	0.0	0.0	132.034	5.26	2.538	0.0	48.31	8.966	-1.0	37.2	0.0	233.553
5.45	1.475	21.269	54.725	24.731	-11.607	34.8	1.81	191.318	4.52	1.225	16.483	51.938	33.885	-7.632	28.8	0.0	40.201	5.1	2.725	0.0	48.867	24.222	-12.201	0.0	0.0	211.854	6.06	4.287	0.0	46.575	31.487	-1.671	35.0	0.0	208.173	5.62	2.35	0.0	49.693	11.508	-9.036	0.0	1.5	235.878	5.67	3.35	0.0	48.486	0.0	0.0	0.2	2.078	211.079	6.4	3.475	13.825	48.093	8.821	-1.0	0.0	1.198	185.021	4.92	2.413	0.0	52.854	26.62	-10.843	31.6	1.936	225.319	6.19	3.038	0.0	47.3	21.244	-11.205	0.0	0.0	193.449	5.14	2.663	0.0	50.05	9.547	-1.0	37.2	1.232	235.684
5.54	1.038	20.737	53.209	24.585	-11.944	34.8	1.994	211.854	4.12	1.288	17.547	54.848	33.739	-7.604	28.8	1.291	202.555	4.65	2.6	0.0	51.361	24.367	-13.545	0.0	1.249	215.729	5.73	4.1	0.0	49.314	30.979	-1.506	35.0	0.0	225.416	4.74	2.1	0.0	56.42	10.492	-9.051	0.0	1.048	219.798	5.6	3.475	0.0	49.388	0.0	0.0	0.2	1.768	220.766	6.33	3.538	14.357	48.999	8.748	-1.0	0.0	1.425	182.018	5.1	2.288	0.0	52.613	26.402	-10.925	31.6	0.0	250.215	5.92	2.725	0.0	49.309	21.389	-11.345	0.0	0.0	144.336	4.87	2.413	0.0	52.669	9.547	-25.038	37.2	0.0	235.297
5.94	1.913	17.015	50.791	24.876	-12.076	34.8	0.0	162.16	4.08	1.163	18.078	53.996	33.594	-7.626	28.8	1.425	182.987	4.38	2.663	0.0	53.071	24.295	-11.959	0.0	1.399	221.154	5.57	4.162	0.0	50.711	31.051	-1.428	35.0	0.0	216.795	4.66	2.663	0.0	57.156	10.782	-9.471	0.0	0.0	216.891	5.52	3.1	0.0	49.286	0.0	0.0	0.2	1.76	211.951	6.53	3.6	15.42	47.804	9.402	-1.0	0.0	1.182	177.562	4.66	2.475	0.0	54.754	26.474	-10.851	31.6	2.011	243.143	5.9	2.788	0.0	49.125	20.59	-11.242	0.0	0.0	154.507	4.94	2.35	0.0	51.997	9.038	-24.551	37.2	0.0	232.972
5.34	1.788	17.015	54.767	25.021	-12.01	34.8	2.095	198.292	4.3	1.975	18.61	52.44	33.449	-7.703	28.8	1.098	225.803	4.75	2.6	0.0	51.196	23.859	-11.95	0.0	0.0	231.422	6.1	4.287	0.0	46.518	30.18	-1.737	35.0	1.584	219.023	4.74	2.1	0.0	56.564	11.073	-9.029	0.0	0.93	217.279	4.76	2.6	0.0	56.047	0.0	0.0	0.2	1.299	211.854	6.39	3.413	15.42	48.123	9.692	-1.0	0.0	0.0	190.349	5.11	2.6	0.0	51.634	26.62	-11.002	31.6	1.517	224.641	5.72	2.538	0.0	50.129	20.808	-11.357	0.0	0.0	152.957	5.04	2.225	0.0	50.097	9.765	-24.792	37.2	0.0	209.142
5.68	2.1	18.078	52.874	24.658	-11.919	34.8	1.173	201.586	4.14	1.725	19.142	53.742	33.449	-7.712	28.8	1.994	194.805	4.38	2.725	0.0	53.483	24.15	-12.106	0.0	1.793	221.735	5.94	4.662	0.0	48.033	30.47	-1.804	35.0	0.0	205.558	4.53	2.288	0.0	57.651	11.073	-9.039	0.0	1.659	231.616	5.99	3.288	0.0	47.397	0.0	0.0	0.2	0.922	206.236	6.91	3.913	16.483	45.504	9.547	-1.0	0.0	0.0	192.48	4.99	2.163	0.0	54.013	26.474	-10.942	31.6	1.031	253.315	6.16	2.788	0.0	47.817	20.88	-11.169	0.0	0.0	170.297	4.7	2.475	0.0	54.322	9.329	-1.0	37.2	0.0	241.69
5.57	1.913	19.142	53.803	25.167	-12.123	34.8	1.349	200.52	4.07	1.663	19.142	54.375	33.739	-7.673	28.8	1.944	201.005	4.36	2.413	0.0	53.422	24.367	-12.105	0.0	1.156	227.644	5.72	4.287	0.0	49.465	30.979	-1.836	35.0	1.609	219.604	5.0	2.475	0.0	54.892	10.709	-9.05	0.0	1.358	202.555	5.21	3.038	0.0	52.807	0.0	0.0	0.2	0.997	212.048	6.7	3.413	15.952	47.149	9.111	-1.0	0.0	1.115	183.084	4.96	2.538	0.0	54.008	26.692	-10.86	31.6	2.103	230.744	6.18	2.975	0.0	48.065	21.171	-11.382	0.0	0.0	143.464	4.62	2.35	0.0	54.105	9.62	-24.926	37.2	0.0	236.265
5.75	1.913	18.61	52.587	25.385	-12.029	34.8	1.165	173.009	4.52	2.225	19.674	51.522	34.03	-7.727	28.8	1.911	2.034	4.69	2.6	0.0	51.843	23.786	-12.041	0.0	1.073	209.917	5.92	4.287	0.0	48.641	30.906	-1.737	35.0	1.5	228.322	5.24	2.475	0.0	53.461	11.145	-9.094	0.0	1.927	199.455	5.16	2.975	0.0	52.977	0.0	0.0	0.2	0.0	206.43	6.42	3.475	15.952	49.407	9.62	-1.0	0.0	0.0	181.243	4.78	2.413	0.0	54.947	26.111	-10.779	31.6	1.349	231.906	6.47	3.038	0.0	46.503	21.171	-11.391	0.0	0.0	197.421	4.7	2.663	0.0	53.824	8.821	-1.0	37.2	0.0	237.815
5.84	2.038	15.42	51.826	24.44	-12.095	34.8	1.148	191.899	4.01	1.788	20.737	54.919	33.885	-7.677	28.8	1.617	196.355	4.59	2.788	0.0	52.363	24.222	-12.163	0.0	1.048	207.011	5.56	4.162	0.0	51.009	30.47	-1.758	35.0	1.777	221.154	4.92	2.288	0.0	55.433	10.782	-9.029	0.0	1.542	215.632	4.98	3.038	0.0	54.041	0.0	0.0	0.2	0.0	213.21	6.34	3.663	17.015	48.574	8.748	-1.0	0.0	0.0	202.555	4.77	2.288	0.0	54.449	26.402	-11.902	31.6	1.978	225.222	5.78	2.475	0.0	50.499	20.735	-11.272	0.0	0.0	153.345	4.68	2.288	0.0	54.055	9.329	-1.0	37.2	0.0	208.851
5.8	1.975	19.142	52.446	25.167	-12.085	34.8	1.014	198.971	3.98	1.663	20.737	54.856	33.667	-7.673	28.8	1.643	193.836	4.96	2.788	0.0	50.507	23.568	-12.07	0.0	0.0	207.786	5.2	3.975	0.0	53.131	30.761	-1.626	35.0	1.391	213.695	5.18	2.413	0.0	53.098	11.145	-9.022	0.0	1.224	198.68	4.64	2.6	0.0	56.721	0.0	0.0	0.2	0.0	210.692	6.2	3.413	17.547	50.194	9.474	-1.0	0.0	0.0	192.868	5.02	2.663	0.0	52.306	26.838	-11.046	31.6	1.819	218.054	5.47	2.475	0.0	52.488	20.953	-11.125	0.0	0.0	142.883	4.38	2.038	0.0	56.307	8.821	-25.006	37.2	0.0	211.079
5.4	1.913	21.8	54.981	25.167	-12.22	34.8	0.913	199.746	3.94	1.538	20.737	55.257	33.739	-7.661	28.8	1.735	192.287	5.08	2.788	0.0	49.409	23.641	-12.21	0.0	0.0	210.111	5.42	3.85	0.0	51.678	30.761	-1.484	35.0	0.0	205.655	4.84	2.163	0.0	55.712	10.492	-8.973	0.0	0.98	206.817	4.74	2.725	0.0	53.8	0.0	0.0	0.2	1.911	189.187	5.96	3.538	17.015	51.843	8.893	-1.0	0.0	0.0	213.21	5.4	2.913	0.0	50.477	26.474	-11.046	31.6	0.955	214.857	5.41	2.725	0.0	52.48	20.662	-11.835	0.0	0.0	182.406	4.62	2.1	0.0	54.046	8.893	-25.026	37.2	0.0	205.945
5.61	2.225	21.8	54.192	25.239	-12.219	34.8	1.542	191.512	3.86	1.663	22.864	55.91	33.667	-7.681	28.8	1.819	191.996	5.2	3.038	0.0	47.968	24.077	-12.108	0.0	2.087	202.942	5.46	4.1	0.0	51.623	30.252	-1.605	35.0	0.0	229.194	4.94	2.038	0.0	55.524	10.782	-9.0	0.0	1.173	212.242	4.78	2.725	0.0	54.83	0.0	0.0	0.2	1.751	206.333	5.95	3.288	17.015	52.318	8.748	-1.0	0.0	0.0	197.808	4.94	2.35	0.0	53.3	26.692	-10.9	31.6	0.0	226.578	5.62	2.788	0.0	51.974	20.662	-11.279	0.0	0.0	191.221	4.66	2.475	0.0	54.052	9.547	-1.0	37.2	0.0	220.379
6.12	2.35	22.332	50.365	24.367	-12.239	34.8	1.534	183.568	4.08	1.913	28.713	55.133	33.739	-7.738	28.8	2.062	189.768	5.48	2.85	0.0	45.544	24.077	-12.22	0.0	1.802	180.372	5.2	3.913	0.0	53.131	30.688	-1.636	35.0	0.0	186.281	5.04	2.35	0.0	54.372	10.927	-9.004	0.0	0.0	209.529	4.66	2.788	0.0	56.897	0.0	0.0	0.2	0.0	204.008	6.2	3.663	17.547	50.977	9.62	-1.0	0.0	0.0	195.483	5.22	2.913	0.0	51.5	27.128	-11.046	31.6	1.131	223.769	5.93	2.725	0.0	49.614	20.953	-11.16	0.0	0.0	183.181	4.73	2.475	0.0	53.622	9.62	-1.0	37.2	0.0	209.529
5.84	2.538	24.459	52.956	25.385	-12.172	34.8	1.542	193.546	4.3	2.35	24.991	54.058	33.594	-7.739	28.8	0.0	185.796	5.48	3.163	0.0	45.079	23.641	-12.269	0.0	0.0	188.509	6.1	4.037	0.0	45.9	30.397	-1.517	35.0	1.886	194.805	5.28	2.475	0.0	52.431	11.0	-9.019	0.0	0.0	214.179	4.78	2.788	0.0	53.688	0.0	0.0	0.2	1.19	179.984	6.29	3.475	27.118	48.842	8.966	-1.0	0.0	1.911	214.179	6.12	3.038	0.0	44.347	26.402	-10.996	31.6	0.0	217.57	6.27	2.975	0.0	46.231	20.517	-11.232	0.0	0.0	181.631	5.06	2.725	0.0	51.179	9.547	-1.0	37.2	0.955	207.495
6.12	2.663	25.523	51.267	24.585	-12.239	34.8	1.81	192.771	4.22	2.475	40.411	55.589	33.667	-7.726	28.8	0.0	193.255	5.54	3.1	0.0	46.016	24.077	-12.212	0.0	1.416	185.118	6.4	4.412	0.0	43.942	30.543	-1.649	35.0	0.0	200.52	5.58	2.475	0.0	50.922	10.637	-9.029	0.0	0.955	202.748	5.19	2.725	0.0	51.854	0.0	0.0	0.2	1.257	210.692	6.78	3.788	17.015	45.985	9.256	-1.0	0.0	0.0	214.373	5.46	2.6	0.0	50.455	26.402	-11.002	31.6	0.0	223.866	6.04	2.913	0.0	48.565	21.098	-11.187	0.0	0.0	202.942	4.96	2.725	0.0	52.564	9.329	-1.0	37.2	1.081	219.604
5.91	2.538	26.586	53.44	25.094	-12.268	34.8	1.55	183.859	4.59	4.287	197.268	54.042	33.449	-7.932	28.8	0.0	212.532	5.65	3.038	0.0	45.317	24.367	-12.347	0.0	1.123	211.564	5.88	4.225	0.0	47.566	30.688	-1.649	35.0	1.567	196.743	5.48	2.788	0.0	51.746	10.927	-9.075	0.0	1.391	184.537	5.41	3.163	0.0	49.967	0.0	0.0	0.2	1.441	185.118	6.9	3.913	17.547	45.813	9.474	-1.0	0.0	1.877	203.233	6.02	2.538	0.0	47.001	26.547	-10.926	31.6	1.978	212.92	6.68	3.163	0.0	44.758	20.88	-11.333	0.0	0.0	178.531	4.96	2.725	0.0	52.889	9.474	-1.0	37.2	1.425	215.923
6.02	3.038	88.797	51.821	24.731	-12.25	34.8	1.793	189.477	4.74	5.225	211.625	53.859	33.739	-7.994	28.8	0.0	196.064	5.24	3.038	0.0	48.064	24.367	-12.25	0.0	2.112	202.167	5.3	3.6	0.0	53.056	30.543	-1.557	35.0	0.0	192.868	5.06	2.475	0.0	54.959	11.363	-9.019	0.0	1.55	201.392	4.96	2.6	0.0	53.773	0.0	0.0	0.2	1.626	198.486	6.69	3.475	17.015	46.562	8.966	-1.0	0.0	1.835	181.34	5.8	2.788	0.0	48.198	26.62	-11.169	31.6	1.919	221.057	6.1	2.85	0.0	48.39	21.244	-11.178	0.0	0.0	152.57	4.97	2.85	0.0	52.624	9.329	-1.0	37.2	1.156	228.806
6.04	4.6	201.522	52.123	25.385	-12.549	34.8	1.902	191.705	4.9	5.537	221.196	52.674	33.739	-8.061	28.8	1.877	188.605	5.48	2.975	0.0	45.668	23.859	-12.052	0.0	1.24	202.361	5.24	3.538	0.0	52.485	30.325	-1.535	35.0	0.0	197.905	5.14	2.538	0.0	54.592	11.291	-9.026	0.0	1.768	208.754	4.78	2.85	0.0	54.187	0.0	0.0	0.2	0.0	199.746	6.02	3.413	18.078	50.923	9.62	-1.0	0.0	0.0	199.842	6.38	3.225	0.0	42.682	26.402	-11.09	31.6	2.095	218.054	6.62	2.913	0.0	43.875	21.098	-11.046	0.0	0.0	195.968	4.94	2.788	0.0	52.886	9.329	-25.162	37.2	0.98	209.917
6.12	5.6	207.903	51.776	25.239	-13.833	34.8	1.743	184.053	4.91	5.537	222.259	52.171	33.885	-8.0	28.8	0.0	204.976	5.1	2.913	0.0	49.472	23.714	-12.135	0.0	1.433	199.842	5.28	3.663	0.0	52.935	30.979	-1.547	35.0	0.0	204.686	5.4	2.85	0.0	52.419	10.637	-9.051	0.0	1.869	213.792	4.86	2.475	0.0	54.345	0.0	0.0	0.2	1.684	191.608	6.17	3.475	19.142	50.432	8.966	-1.0	0.0	0.0	191.221	5.89	2.663	0.0	47.629	26.329	-10.977	31.6	1.399	228.903	6.52	3.288	0.0	45.518	21.026	-11.351	0.0	0.0	157.123	4.99	2.85	0.0	52.45	9.765	-25.275	37.2	1.634	227.16
6.25	5.725	221.727	52.956	24.367	-12.838	34.8	1.567	194.805	5.06	5.662	231.83	51.299	34.03	-7.986	28.8	0.0	190.543	5.54	3.288	0.0	45.707	23.859	-12.101	0.0	1.793	183.471	6.03	4.35	0.0	46.664	30.397	-1.693	35.0	0.0	180.081	5.28	2.538	0.0	53.555	10.927	-9.015	0.0	1.827	209.142	5.03	2.538	0.0	52.663	0.0	0.0	0.2	1.978	197.518	6.36	3.6	18.61	48.79	9.692	-1.0	0.0	0.0	191.221	5.7	2.725	0.0	47.972	26.256	-10.727	31.6	1.458	194.03	6.74	3.475	0.0	44.922	20.662	-11.268	0.0	0.0	133.874	5.0	2.725	0.0	53.072	9.402	-1.0	37.2	1.056	201.78
6.36	5.85	218.537	52.227	25.53	-13.016	34.8	1.634	183.762	5.22	5.912	237.147	52.037	33.739	-7.985	28.8	2.011	198.874	5.13	3.038	0.0	48.962	24.15	-12.202	0.0	1.886	212.92	5.88	4.225	0.0	48.636	30.47	-1.781	35.0	0.0	197.905	5.57	2.85	0.0	51.22	11.0	-9.072	0.0	2.02	207.398	5.1	2.788	0.0	52.968	0.0	0.0	0.2	1.358	202.167	6.04	3.35	17.015	50.685	9.038	-1.0	0.0	1.559	186.668	5.88	2.913	0.0	48.117	26.329	-11.046	31.6	1.115	216.504	6.68	3.288	0.0	45.724	20.953	-11.241	0.0	0.0	161.482	5.24	3.163	0.0	51.473	9.111	-25.288	37.2	1.626	212.92
6.34	5.787	223.854	51.657	24.15	-13.005	34.8	2.087	197.13	4.96	5.725	245.655	52.771	33.885	-8.072	28.8	0.0	199.939	5.05	2.975	0.0	50.519	24.658	-12.24	0.0	0.0	202.458	5.78	4.162	0.0	50.137	30.47	-1.758	35.0	2.103	197.711	5.53	2.913	0.0	52.586	10.782	-9.018	0.0	0.0	214.954	5.2	2.788	0.0	52.242	0.0	0.0	0.2	1.852	175.722	6.0	3.225	19.142	51.848	9.111	-1.0	0.0	2.112	176.981	5.44	2.538	0.0	50.813	26.547	-11.134	31.6	1.735	209.336	6.24	2.975	0.0	47.183	21.244	-11.196	0.0	0.0	176.981	5.79	6.662	0.0	49.958	9.474	-1.0	37.2	1.148	245.759
6.24	5.85	230.767	52.508	24.731	-13.016	34.8	2.129	191.512	4.94	5.975	249.377	52.531	33.521	-8.019	28.8	0.0	191.608	5.18	3.038	0.0	48.3	23.714	-12.347	0.0	0.0	201.489	5.64	4.1	0.0	51.44	30.47	-1.736	35.0	0.0	206.042	5.65	2.85	0.0	51.052	11.0	-9.051	0.0	0.0	199.358	5.45	3.225	0.0	49.549	0.0	0.0	0.2	1.425	194.418	5.98	3.288	21.8	51.606	9.402	-1.0	0.0	0.0	193.255	5.36	2.6	0.0	50.862	26.111	-11.037	31.6	1.425	214.179	6.12	2.85	0.0	48.819	20.735	-11.142	0.0	0.0	146.37	5.64	7.85	0.0	51.529	9.184	-1.0	37.2	1.358	212.048
6.43	6.1	236.084	54.224	25.312	-13.113	34.8	0.0	195.871	4.96	6.037	256.821	52.0	33.594	-8.14	28.8	0.0	199.067	5.4	3.225	0.0	47.352	24.004	-12.426	0.0	1.886	205.17	5.92	4.162	0.0	48.153	30.979	-1.66	35.0	0.0	190.93	5.45	2.85	0.0	52.841	10.782	-9.061	0.0	0.0	213.017	5.12	2.788	0.0	52.438	0.0	0.0	0.2	1.684	187.637	6.49	3.975	19.674	47.461	9.547	-1.0	0.0	0.0	214.954	5.48	2.788	0.0	50.127	26.62	-11.133	31.6	1.751	201.392	6.42	3.1	0.0	46.497	21.171	-11.178	0.0	0.0	154.701	5.64	7.912	0.0	51.828	9.692	-27.094	37.2	1.969	216.504
6.44	6.662	240.338	49.44	25.312	-13.378	34.8	2.129	204.783	4.98	6.1	261.075	52.33	33.739	-8.059	28.8	0.0	191.318	5.18	2.85	0.0	48.665	23.932	-12.22	0.0	0.0	204.492	6.15	4.475	0.0	47.356	30.979	-1.804	35.0	0.0	203.62	5.66	2.975	0.0	52.099	11.218	-9.076	0.0	0.0	211.079	5.1	2.788	0.0	54.264	0.0	0.0	0.2	1.383	185.893	6.19	3.413	20.205	50.344	9.184	-1.0	0.0	2.053	179.5	5.45	2.975	0.0	50.664	26.692	-11.125	31.6	1.643	201.005	6.34	2.975	0.0	47.103	20.953	-10.954	0.0	0.0	167.875	5.81	8.287	0.0	50.141	8.893	-1.0	37.2	1.5	214.47
6.08	5.912	247.25	52.664	24.949	-13.3	34.8	0.0	204.008	4.96	6.412	261.075	54.448	34.393	-8.056	28.8	0.0	205.17	5.0	2.975	0.0	51.321	24.367	-12.288	0.0	0.0	210.982	6.3	4.475	0.0	46.821	30.906	-1.737	35.0	0.0	188.024	5.48	2.538	0.0	52.757	11.073	-9.068	0.0	0.0	212.823	5.24	2.913	0.0	52.693	0.0	0.0	0.2	1.643	193.062	6.28	3.225	21.269	50.477	8.966	-1.0	0.0	1.877	171.944	5.38	3.038	0.0	51.284	26.692	-11.169	31.6	1.525	210.886	6.36	3.038	0.0	47.168	20.953	-11.134	0.0	0.0	146.758	5.79	8.475	0.0	50.621	9.184	-1.0	37.2	1.282	267.07
6.26	6.6	251.504	52.749	25.239	-13.423	34.8	1.81	192.48	5.06	6.412	273.836	52.963	33.449	-8.038	28.8	2.137	194.03	5.08	2.975	0.0	50.223	24.077	-12.24	0.0	0.0	224.254	5.96	4.475	0.0	50.313	30.47	-1.637	35.0	0.0	195.386	5.34	2.725	0.0	53.593	11.0	-9.057	0.0	0.0	211.079	5.08	2.975	0.0	53.908	0.0	0.0	0.2	1.902	182.212	6.04	3.288	18.078	51.615	8.821	-1.0	0.0	0.0	166.325	5.58	2.788	0.0	49.839	26.765	-11.098	31.6	1.802	190.349	6.31	2.975	0.0	47.038	21.098	-11.055	0.0	0.0	142.495	5.95	8.975	0.0	52.08	9.111	-1.0	37.2	1.534	215.535
6.28	6.6	255.758	51.169	24.731	-13.366	34.8	1.994	201.005	4.98	6.287	274.368	52.122	33.739	-2.238	28.8	0.0	229.485	5.04	3.225	0.0	49.856	23.859	-14.24	0.0	0.0	198.196	5.54	4.287	0.0	51.873	30.615	-1.572	35.0	0.0	175.334	5.47	2.913	0.0	53.376	10.782	-9.069	0.0	0.0	204.395	4.96	2.913	0.0	55.032	0.0	0.0	0.2	0.0	195.58	5.88	3.163	19.674	53.228	8.893	-1.0	0.0	0.0	168.65	5.32	2.725	0.0	51.574	26.474	-11.125	31.6	1.534	201.295	6.44	3.1	0.0	46.901	20.953	-11.107	0.0	0.0	156.348	5.9	9.35	0.0	51.775	9.474	-1.0	37.2	1.056	227.353
6.68	7.35	261.075	52.958	24.585	-13.502	34.8	1.676	210.886	5.16	6.6	281.812	51.611	33.957	-8.139	28.8	0.0	194.03	4.89	3.163	0.0	51.305	23.568	-12.466	0.0	2.112	208.948	5.68	4.162	0.0	52.844	31.051	-1.627	35.0	0.0	213.985	5.49	2.788	0.0	52.817	11.0	-9.583	0.0	0.0	209.432	5.02	2.975	0.0	53.9	0.0	0.0	0.2	2.036	179.984	5.84	3.288	20.737	52.986	9.474	-1.0	0.0	2.129	191.512	5.53	2.85	0.0	50.224	26.402	-11.142	31.6	1.684	192.674	6.39	3.038	0.0	47.048	20.953	-11.134	0.0	0.0	178.822	5.83	9.037	0.0	49.993	9.547	-1.0	37.2	1.492	221.154
6.39	7.287	265.86	52.261	24.44	-13.324	34.8	1.517	195.677	5.19	6.725	286.597	52.597	33.812	-8.135	28.8	1.936	197.13	4.91	3.163	0.0	51.129	24.15	-12.416	0.0	0.0	203.136	5.35	4.287	0.0	54.036	31.124	-1.737	35.0	0.0	188.218	5.5	3.163	0.0	53.499	11.073	-9.108	0.0	0.0	213.792	5.12	3.038	0.0	53.001	0.0	0.0	0.2	1.936	200.617	5.86	3.288	21.269	52.781	9.038	-1.0	0.0	1.718	160.707	5.24	2.788	0.0	52.693	26.329	-11.205	31.6	1.718	201.392	6.22	3.038	0.0	48.558	20.808	-11.064	0.0	0.0	171.169	6.0	9.037	0.0	50.89	9.402	-1.0	37.2	1.232	214.954
