-1.0	5.787	2.659	0.0	25.312	-11.13	2.4	0.0	180.759	6.66	5.6	3.722	84.017	34.393	-18.512	42.2	0.0	252.152	6.44	6.662	0.0	85.137	24.513	-1.474	12.4	2.045	204.105	7.2	7.6	0.0	85.914	31.996	-8.194	1.8	1.257	197.13	7.14	8.662	0.0	83.526	12.09	-9.141	27.0	1.55	184.149	6.92	7.1	0.0	80.011	0.0	0.0	2.0	1.056	200.424	7.96	7.225	11.166	77.57	10.564	-23.405	21.0	1.441	179.887	7.0	7.35	0.0	79.763	27.637	-21.978	47.8	0.0	245.759	7.49	7.412	0.0	76.173	25.603	-26.606	1.8	1.081	176.787	6.79	7.162	0.0	87.748	12.09	-23.272	10.6	1.207	212.242
-1.0	5.725	0.0	0.0	25.457	-10.937	2.4	1.81	198.68	6.98	5.6	0.532	77.829	34.393	-18.316	42.4	0.0	258.255	6.28	6.412	0.0	86.075	24.658	-1.25	12.6	1.299	182.406	7.06	7.6	0.0	87.301	31.923	-8.194	2.0	1.24	189.284	7.11	8.6	0.0	84.816	11.726	-9.119	27.0	0.0	183.568	6.47	7.037	0.0	82.48	0.0	0.0	2.0	0.955	179.209	7.57	7.35	0.0	83.673	10.855	-23.897	21.0	0.913	175.044	6.74	7.225	0.0	81.169	27.056	-22.39	47.8	0.0	197.13	7.34	7.537	0.0	79.79	27.056	-26.143	2.0	0.0	159.545	6.65	7.1	0.0	89.058	11.944	-23.926	10.6	0.0	185.021
-1.0	5.787	0.532	0.0	25.239	-10.976	2.6	0.0	193.255	7.1	5.537	1.595	76.964	34.321	-18.998	42.4	0.0	258.352	6.89	6.6	0.0	79.083	24.513	-1.49	12.6	0.0	218.441	7.22	7.412	0.0	85.302	31.85	-8.155	2.0	1.014	187.056	7.32	8.662	0.0	78.198	11.799	-9.033	27.2	0.0	198.486	6.5	7.037	0.0	80.733	0.0	0.0	2.2	0.0	189.671	7.46	7.35	1.063	83.741	10.637	-24.233	21.2	1.299	162.644	6.63	7.412	0.0	81.762	27.346	-21.549	48.0	0.0	160.223	7.2	7.412	0.0	80.507	26.547	-26.2	2.2	0.905	130.677	6.89	7.287	0.0	86.856	11.872	-21.068	10.8	1.022	209.336
-1.0	5.725	0.0	0.0	25.094	-10.794	2.8	1.534	184.828	7.03	5.725	0.0	76.751	34.321	-19.148	42.6	0.0	249.633	6.58	6.6	0.0	81.703	24.731	-1.347	12.8	0.0	209.142	7.42	7.6	0.0	84.798	31.778	-8.148	2.0	1.877	167.1	7.27	8.85	0.0	79.313	12.453	-9.071	27.4	2.12	200.617	6.93	7.1	0.0	78.114	0.0	0.0	2.2	1.835	188.605	7.66	7.225	3.19	81.331	10.346	-24.302	21.2	0.905	174.075	7.06	7.725	0.0	77.649	27.273	-21.531	48.0	1.249	206.623	7.25	7.537	0.0	79.162	25.603	-26.246	2.2	1.081	152.57	7.16	7.225	0.0	85.242	11.799	-22.39	11.0	0.997	238.978
-1.0	5.85	0.532	0.0	25.094	-11.015	2.8	0.0	175.431	6.92	5.537	3.19	77.964	34.321	-19.511	42.6	1.374	266.586	6.56	6.662	0.0	81.604	24.585	-1.116	13.0	0.0	207.592	7.37	7.287	0.0	83.953	31.996	-8.104	2.2	1.307	198.486	7.19	8.412	0.0	79.926	11.944	-9.053	27.4	1.777	185.118	6.6	7.287	0.0	80.012	0.0	0.0	2.4	1.156	188.509	7.7	7.35	0.0	83.704	10.927	-24.677	21.4	1.793	182.793	6.92	7.412	0.0	78.112	27.128	-21.215	48.2	1.617	185.409	7.4	7.537	0.0	77.426	25.966	-26.451	2.4	1.039	166.325	7.02	7.162	0.0	85.482	11.872	-22.708	11.0	0.98	218.829
-1.0	5.787	0.0	0.0	25.312	-10.859	2.8	1.399	184.343	6.8	5.6	0.532	80.393	34.321	-19.631	42.8	1.115	261.258	6.46	6.6	0.0	83.063	24.731	-1.311	13.0	2.103	204.492	7.21	7.35	0.0	83.027	31.996	-2.968	2.4	1.316	177.369	7.12	8.1	0.0	82.348	11.799	-9.064	27.6	1.927	192.868	6.54	7.35	0.0	79.079	0.0	0.0	2.4	1.332	182.212	7.7	7.225	0.532	81.076	11.073	-24.191	21.6	0.0	181.534	6.77	7.35	0.0	79.832	27.637	-21.753	48.2	0.0	197.13	7.45	7.35	0.0	76.89	26.91	-25.97	2.4	0.0	151.311	6.88	7.162	0.0	86.943	11.944	-24.613	11.2	1.056	207.108
-1.0	5.787	1.063	0.0	25.094	-10.946	3.0	1.441	225.707	6.76	5.725	0.0	80.24	34.321	-19.665	42.8	1.534	257.577	6.53	6.662	0.0	82.611	25.239	-1.367	13.0	0.0	217.666	7.14	7.35	0.0	87.007	32.286	-8.111	2.4	1.257	199.067	7.12	8.35	0.0	82.725	11.944	-8.974	27.6	2.112	201.683	6.42	6.975	0.0	80.834	0.0	0.0	2.6	0.922	179.693	7.63	7.1	1.063	80.555	10.709	-23.926	21.6	1.073	163.71	6.66	7.287	0.0	80.817	26.91	-22.071	48.4	0.0	197.13	7.21	7.35	0.0	79.202	26.91	-25.865	2.4	1.031	127.287	6.7	6.975	0.0	83.446	11.799	-23.884	11.2	1.894	203.717
-1.0	5.85	0.0	0.0	25.312	-10.985	3.2	0.0	225.997	6.78	5.662	0.0	81.202	34.611	-20.175	42.8	1.785	255.93	6.42	6.6	0.0	83.31	24.949	-1.132	13.2	0.0	213.21	7.17	7.412	0.0	86.247	32.214	-2.631	2.6	1.902	194.418	7.06	8.412	0.0	79.194	12.453	-8.96	27.8	0.0	210.982	6.48	7.287	0.0	82.153	0.0	0.0	2.8	1.71	194.321	7.44	7.162	1.063	83.058	10.637	-23.61	21.8	1.693	166.519	6.67	7.35	0.0	80.316	27.201	-21.866	48.6	1.24	196.839	7.18	7.287	0.0	78.805	25.53	-25.631	2.6	0.989	172.525	6.66	6.975	0.0	85.6	11.944	-23.884	11.4	2.036	208.754
-1.0	5.725	0.532	0.0	25.021	-10.937	3.2	1.022	235.781	6.7	5.475	0.0	79.745	34.321	-19.703	43.0	0.0	263.68	6.6	6.6	0.0	80.468	24.876	-1.096	13.2	1.265	239.753	7.22	7.6	0.0	81.874	32.577	-8.138	2.6	0.0	249.246	7.05	7.85	0.0	81.74	12.526	-8.877	27.8	0.0	196.646	6.76	7.037	0.0	79.734	0.0	0.0	2.8	0.0	199.746	7.46	7.35	0.0	82.968	10.709	-23.22	22.0	1.844	189.38	6.73	7.225	0.0	79.388	26.765	-22.277	48.6	1.525	230.841	7.11	7.35	0.0	80.27	26.038	-25.865	2.8	1.048	162.16	6.84	7.1	0.0	85.302	11.872	-24.149	11.4	0.0	242.465
-1.0	5.662	0.532	0.0	25.239	-10.958	3.4	1.014	207.108	6.59	5.412	0.0	80.13	34.466	-19.791	43.0	0.0	248.955	6.44	6.6	0.0	82.988	24.731	-1.239	13.4	1.265	232.197	7.21	7.162	0.0	83.308	32.577	-2.901	2.8	0.0	200.133	6.88	7.725	0.0	81.558	12.017	-8.877	28.0	0.0	200.23	6.67	7.225	0.0	80.172	0.0	0.0	2.8	0.0	197.905	7.87	7.1	0.0	79.25	10.709	-22.914	22.0	0.0	179.112	6.72	7.35	0.0	80.303	27.782	-22.542	48.8	0.0	239.172	7.21	7.287	0.0	78.592	26.62	-25.631	2.8	1.24	155.089	6.66	6.975	0.0	86.213	12.09	-24.438	11.6	1.777	241.496
-1.0	5.662	0.532	0.0	25.312	-10.958	3.4	0.913	218.441	6.58	5.537	0.0	79.887	34.538	-19.407	43.2	1.198	243.531	6.34	6.537	0.0	84.264	24.949	-1.577	13.4	1.098	216.117	7.14	7.6	0.0	85.374	32.795	-8.148	2.8	0.0	186.281	6.86	8.225	0.0	81.815	12.453	-8.98	28.2	1.232	192.868	6.46	6.975	0.0	80.581	0.0	0.0	3.0	0.0	177.369	7.57	7.162	0.532	82.735	10.128	-22.821	22.2	1.927	177.756	6.7	7.162	0.0	79.769	26.91	-22.934	48.8	1.911	216.407	7.2	7.225	0.0	79.005	25.603	-25.503	3.0	1.902	147.145	6.68	7.037	0.0	89.11	11.872	-25.329	11.6	1.383	215.632
-1.0	5.6	1.063	0.0	24.949	-11.776	3.6	0.0	227.741	6.49	5.6	0.0	81.469	34.611	-19.527	43.2	1.366	258.739	6.28	6.475	0.0	82.717	24.585	-1.092	13.4	0.0	209.723	7.1	7.225	0.0	86.32	32.65	-2.923	2.8	1.701	209.723	6.72	8.162	0.0	81.688	12.671	-8.994	28.2	1.768	203.717	6.5	7.162	0.0	80.23	0.0	0.0	3.2	1.006	201.295	7.38	7.162	0.0	83.114	11.073	-22.708	22.2	0.0	172.622	6.6	7.225	0.0	79.408	27.346	-23.405	48.8	0.0	219.216	7.11	7.287	0.0	78.985	27.128	-25.631	3.0	2.087	185.796	6.42	6.975	0.0	87.008	12.017	-22.987	11.8	0.0	208.948
-1.0	5.6	1.595	0.0	25.167	-10.861	3.6	1.902	175.722	6.46	5.412	0.0	80.676	34.902	-19.896	43.2	0.947	281.6	6.2	6.412	0.0	83.212	24.367	-1.215	13.6	0.0	207.108	7.02	7.225	0.0	85.983	32.504	-2.923	3.0	1.467	191.512	6.68	8.1	0.0	81.013	12.744	-9.043	28.2	0.0	199.649	6.42	7.037	0.0	80.93	0.0	0.0	3.2	1.634	202.555	7.37	7.1	1.063	82.783	10.492	-22.351	22.2	1.827	181.631	6.42	7.1	0.0	81.001	27.491	-23.814	49.0	1.559	223.188	7.0	7.162	0.0	79.059	27.201	-25.692	3.0	0.0	191.705	6.55	6.912	0.0	87.799	11.944	-22.405	11.8	0.0	210.982
-1.0	5.537	0.0	0.0	25.312	-11.03	3.6	1.215	158.673	6.41	5.537	0.0	81.617	33.739	-19.719	43.2	0.0	230.647	6.1	6.35	0.0	83.768	25.167	-1.123	13.6	1.525	195.871	6.84	6.912	0.0	86.03	32.286	-8.073	3.0	1.249	189.187	6.66	7.975	0.0	82.194	12.961	-8.95	28.4	0.0	185.796	6.28	7.162	0.0	80.922	0.0	0.0	3.2	0.0	189.768	7.21	7.037	0.532	83.915	11.291	-22.331	22.4	0.939	185.699	6.4	7.037	0.0	80.901	26.838	-24.46	49.0	0.0	209.432	6.93	7.287	0.0	79.578	26.91	-25.631	3.2	0.0	188.799	6.42	6.85	0.0	88.737	11.944	-22.722	11.8	2.137	209.142
-1.0	5.6	3.722	0.0	25.094	-10.919	3.6	1.467	158.382	6.39	5.537	0.0	80.756	34.03	-19.719	43.4	2.12	242.756	5.99	6.287	0.0	84.365	24.949	-1.032	13.6	1.626	200.617	6.8	7.037	0.0	85.93	32.795	-2.785	3.2	1.215	186.668	6.6	8.037	0.0	82.745	13.034	-8.914	28.6	0.0	185.699	6.22	6.85	0.0	81.123	0.0	0.0	3.2	0.0	189.477	7.16	6.975	0.532	83.577	10.637	-22.424	22.4	0.913	171.169	6.41	6.975	0.0	79.632	27.128	-24.328	49.0	0.0	211.079	6.85	7.35	0.0	79.657	25.457	-25.547	3.2	2.129	150.923	6.3	6.787	0.0	87.736	11.872	-23.375	11.8	1.944	199.455
-1.0	5.537	0.0	0.0	25.094	-10.91	3.8	0.972	166.519	6.33	5.475	0.532	81.575	35.41	-19.288	43.4	2.129	248.18	5.94	6.287	0.0	85.244	24.876	-1.103	13.8	1.467	207.883	6.7	6.975	0.0	86.223	32.722	-8.071	3.2	0.964	174.559	6.55	8.162	0.0	83.898	12.526	-8.893	28.6	0.0	182.018	6.19	6.662	0.0	80.28	0.0	0.0	3.4	0.0	199.067	7.17	6.975	0.0	83.696	11.073	-23.212	22.6	0.905	177.95	6.24	6.85	0.0	81.98	27.637	-24.175	49.2	0.0	218.345	6.81	6.912	0.0	79.721	25.53	-25.285	3.2	0.0	151.601	6.18	6.85	0.0	85.779	11.872	-23.731	12.0	0.0	210.692
-1.0	5.537	0.532	0.0	25.021	-10.91	4.0	0.0	185.506	6.25	5.412	0.0	82.757	34.974	-18.172	43.6	0.0	261.452	5.92	6.225	0.0	84.943	25.021	-1.083	14.0	1.508	211.079	6.6	6.912	0.0	87.321	32.504	-2.74	3.4	0.0	203.136	6.41	7.912	0.0	84.004	12.453	-8.848	29.0	0.0	187.734	6.14	6.725	0.0	81.721	0.0	0.0	3.6	0.0	179.209	7.03	6.912	1.063	85.804	11.363	-22.63	22.8	0.0	186.959	6.21	6.787	0.0	82.043	26.983	-23.822	49.4	0.0	210.498	6.74	6.912	0.0	80.787	26.765	-25.707	3.6	0.0	170.394	6.14	6.662	0.0	87.251	12.09	-24.113	12.2	0.0	185.506
-1.0	5.537	0.0	0.0	25.312	-10.91	4.4	0.0	233.166	6.19	5.412	0.0	82.743	34.611	-19.478	43.8	0.0	252.152	5.86	6.35	0.0	85.293	24.658	-1.017	14.0	1.827	209.045	6.53	7.162	0.0	88.325	32.432	-8.091	3.6	0.0	201.586	6.31	7.85	0.0	84.049	13.325	-8.833	29.2	0.0	189.38	6.04	6.6	0.0	82.098	0.0	0.0	3.8	0.0	181.534	7.0	6.85	0.532	85.111	11.508	-24.065	23.0	1.106	175.334	6.16	6.975	0.0	81.89	26.547	-23.549	49.6	0.0	225.222	6.63	6.85	0.0	81.001	25.748	-1.0	4.0	0.0	192.383	6.04	6.6	0.0	88.859	11.944	-22.98	12.4	0.0	230.453
-1.0	5.537	0.0	0.0	25.239	-10.881	4.6	0.0	205.558	6.1	5.1	2.127	82.932	34.902	-21.966	44.0	0.0	293.225	5.86	6.1	0.0	85.656	25.312	-0.867	14.4	2.003	222.607	6.49	7.037	0.0	88.864	33.013	-2.856	4.0	1.165	204.008	6.32	7.85	0.0	84.466	13.252	-8.841	29.4	0.0	197.905	6.0	6.912	0.0	82.979	0.0	0.0	4.0	0.0	200.133	6.94	6.975	1.063	85.873	11.581	-24.985	23.4	0.0	176.594	6.03	6.85	0.0	82.986	27.419	-24.065	49.8	0.0	226.966	6.54	6.912	0.0	81.694	26.983	-25.602	4.4	2.103	173.106	6.11	6.6	0.0	91.375	12.09	-22.532	12.6	2.087	219.507
-1.0	5.412	0.532	0.0	24.731	-10.777	4.8	1.525	219.119	6.07	5.412	0.532	83.553	34.393	-17.601	44.0	1.022	237.137	5.83	6.35	0.0	86.661	25.312	-1.159	14.6	0.0	222.704	6.6	7.037	0.0	90.435	32.504	-2.856	4.2	1.056	219.604	6.28	7.787	0.0	84.434	12.453	-8.826	29.6	1.316	204.298	6.02	6.787	0.0	82.633	0.0	0.0	4.4	1.081	188.121	6.93	6.85	0.0	86.098	11.291	-22.273	23.6	1.324	171.072	6.06	6.787	0.0	83.132	27.201	-23.71	50.2	1.467	228.032	6.52	6.975	0.0	82.468	26.329	-25.307	4.6	0.0	181.534	6.12	6.662	0.0	90.546	11.872	-22.887	12.8	0.0	237.234
-1.0	5.6	4.254	0.0	25.312	-10.804	5.0	1.022	214.954	6.0	5.537	0.0	85.076	34.248	-18.896	44.2	0.0	285.378	5.8	6.35	0.0	88.294	24.585	-1.693	14.6	0.0	232.972	6.45	6.975	0.0	89.769	32.867	-8.189	4.4	1.115	191.899	6.19	7.725	0.0	85.486	13.688	-8.934	30.0	1.383	191.512	6.01	6.662	0.0	83.585	0.0	0.0	4.6	1.492	188.412	6.92	6.85	0.0	86.05	11.145	-21.492	24.0	1.123	176.4	6.01	6.787	0.0	84.07	27.201	-23.822	50.4	1.651	226.966	6.62	7.037	0.0	81.665	26.402	-25.329	4.8	0.0	185.699	6.09	6.725	0.0	90.987	12.017	-23.243	13.0	2.129	222.219
-1.0	5.475	0.532	0.0	25.094	-10.815	5.2	1.165	229.291	5.97	5.412	0.0	85.615	34.321	-18.865	44.4	0.0	251.377	5.75	6.287	0.0	88.304	25.82	-0.609	14.8	1.936	226.191	6.44	7.162	0.0	91.547	32.286	-2.723	4.6	1.458	197.13	6.16	7.725	0.0	86.248	13.47	-8.877	30.2	1.274	214.179	6.03	6.85	0.0	84.512	0.0	0.0	4.8	1.123	195.871	6.84	6.787	0.0	87.515	11.291	-21.032	24.4	0.0	192.287	5.96	6.912	0.0	84.861	26.692	-23.079	50.6	1.391	224.641	6.44	6.912	0.0	83.547	25.966	-25.391	5.0	2.103	157.898	6.06	6.662	0.0	92.394	11.944	-21.437	13.2	0.0	219.216
-1.0	5.6	0.0	0.0	24.803	-10.804	5.4	2.137	231.228	5.84	5.412	1.595	86.08	34.829	-18.565	44.6	1.483	276.757	5.66	6.475	0.0	88.937	24.295	-1.056	15.0	0.0	231.228	6.39	6.912	0.0	91.745	32.577	-2.776	4.8	1.852	215.342	6.12	7.662	0.0	86.71	13.761	-8.811	30.4	1.282	207.979	5.88	6.662	0.0	84.682	0.0	0.0	4.8	1.76	205.267	6.83	6.787	0.0	88.29	12.09	-21.919	24.6	1.45	190.349	5.91	6.912	0.0	84.849	27.273	-22.967	50.8	1.316	227.644	6.4	6.975	0.0	84.024	26.765	-25.2	5.2	0.0	200.617	6.06	6.725	0.0	93.247	12.162	-23.131	13.4	0.0	237.622
-1.0	5.6	0.0	0.0	25.167	-10.749	5.6	1.617	224.157	5.9	5.6	0.0	86.947	34.829	-18.512	44.6	1.534	274.82	5.69	6.35	0.0	89.509	25.312	-1.123	15.2	1.902	230.744	6.34	6.975	0.0	91.01	32.795	-2.833	5.0	1.14	199.067	6.14	7.787	0.0	87.652	14.051	-8.797	30.6	0.955	193.546	5.9	6.912	0.0	85.665	0.0	0.0	5.0	1.19	203.62	6.86	7.1	1.595	88.32	12.09	-23.365	24.8	1.366	182.696	5.87	6.912	0.0	86.11	27.419	-22.967	51.0	1.592	218.054	6.44	6.975	0.0	84.426	25.82	-24.548	5.6	0.0	201.005	5.82	6.662	0.0	92.934	11.944	-20.452	13.8	0.0	253.315
-1.0	5.412	0.532	0.0	25.167	-10.75	5.8	0.0	229.291	5.86	5.6	0.0	87.493	34.756	-18.512	44.8	1.643	259.417	5.6	6.537	0.0	89.917	25.239	-1.112	15.2	0.0	204.008	6.34	6.787	0.0	91.69	32.867	-2.766	5.2	1.994	201.974	6.06	7.662	0.0	87.498	13.18	-8.722	31.0	1.198	217.473	5.95	6.85	0.0	86.062	0.0	0.0	5.2	1.366	188.218	6.84	6.912	10.103	89.063	12.308	-21.957	25.0	1.282	197.227	5.89	6.85	0.0	85.844	26.547	-22.61	0.0	1.525	215.148	6.4	7.162	0.0	84.393	25.603	-25.05	5.6	0.0	185.796	5.77	6.662	0.0	93.169	11.872	-20.023	13.8	2.087	211.37
-1.0	5.475	0.0	0.0	25.385	-10.704	6.0	0.0	248.374	5.8	5.6	3.722	87.743	34.393	-18.612	45.0	1.718	247.502	5.58	6.287	0.0	89.35	25.312	-0.962	15.4	0.0	213.792	6.28	6.787	0.0	92.18	32.795	-2.448	5.2	2.095	198.68	6.09	7.6	0.0	88.565	13.397	-8.767	31.0	1.517	204.492	5.82	6.912	0.0	85.759	0.0	0.0	5.2	1.701	204.395	6.78	6.85	0.532	88.608	12.453	-20.075	25.2	1.844	177.369	5.87	6.85	0.0	85.952	26.838	-22.722	0.0	2.028	222.219	6.37	6.975	0.0	84.317	26.983	-24.876	5.8	0.0	200.811	5.7	6.662	0.0	92.86	11.799	-20.996	14.0	0.0	233.941
-1.0	5.475	0.0	0.0	25.312	-10.474	6.0	1.173	232.681	5.78	5.412	0.0	87.517	34.321	-18.076	45.2	1.182	274.238	5.6	6.287	0.0	89.831	25.53	-1.103	15.4	0.0	232.391	6.54	7.037	0.0	90.333	32.577	-2.856	5.6	1.659	237.234	6.07	7.6	0.0	86.788	14.56	-8.833	31.2	0.0	218.345	5.73	6.85	0.0	85.216	0.0	0.0	5.2	0.0	191.996	6.78	6.787	1.595	88.344	12.598	-20.704	25.4	1.743	179.5	5.82	6.787	0.0	85.623	27.346	-22.366	0.2	0.0	213.985	6.5	7.037	0.0	82.909	26.329	-25.006	6.0	1.886	200.52	5.78	6.662	0.0	92.632	11.944	-21.326	14.2	1.684	237.428
-1.0	5.412	0.0	0.0	25.603	-10.565	6.2	1.86	236.265	5.74	5.537	0.532	86.639	34.393	-18.203	45.2	0.0	287.606	5.63	5.975	0.0	89.016	24.731	-1.074	15.6	0.0	227.257	6.44	6.912	0.0	90.865	32.65	-2.811	5.6	0.0	203.62	6.0	7.6	0.0	86.501	15.068	-8.862	31.4	0.0	220.766	5.98	6.662	0.0	85.003	0.0	0.0	5.4	1.643	209.529	7.02	6.85	1.595	86.12	12.889	-21.826	25.6	1.659	179.306	5.78	6.537	0.0	85.953	26.838	-22.289	0.2	1.902	244.79	6.74	6.787	0.0	80.043	26.184	-24.594	6.0	0.0	157.22	5.7	6.35	0.0	92.109	11.944	-23.123	14.2	0.0	243.143
-1.0	5.35	0.532	0.0	25.385	-10.607	6.4	0.0	244.306	5.74	5.35	0.0	86.661	33.885	-18.157	45.4	1.886	292.353	5.58	6.287	0.0	88.611	25.675	-1.245	15.8	0.964	243.531	6.3	6.85	0.0	91.297	32.577	-2.577	6.0	0.0	213.307	5.98	7.662	0.0	87.145	14.269	-8.767	31.6	0.93	181.437	5.83	6.6	0.0	85.104	0.0	0.0	5.6	0.0	207.979	6.87	6.85	0.532	86.873	12.961	-20.289	25.8	0.0	194.03	5.84	6.475	0.0	84.81	26.692	-22.27	0.4	1.182	227.741	6.46	6.787	0.0	82.899	25.893	-24.811	6.2	1.819	196.549	5.62	6.287	0.0	92.401	12.09	-22.547	14.6	0.972	257.771
-1.0	5.412	0.532	0.0	25.312	-10.642	6.4	0.0	240.818	5.72	5.225	0.0	86.208	34.611	-18.224	45.4	0.0	264.842	5.48	6.162	0.0	89.238	25.675	-1.205	15.8	1.575	221.832	6.4	6.787	0.0	89.735	32.286	-8.087	6.2	0.0	199.067	5.92	7.6	0.0	87.552	14.342	-8.676	31.8	1.886	211.854	5.76	6.475	0.0	84.653	0.0	0.0	5.8	1.341	205.655	7.08	6.787	0.0	85.634	12.744	-19.323	26.0	1.559	173.688	5.84	6.537	0.0	85.243	26.91	-21.18	0.6	1.986	233.166	6.56	6.725	0.0	82.218	27.419	-24.681	6.4	0.964	199.358	5.58	6.287	0.0	92.703	12.017	-22.435	14.6	2.02	243.143
