6.48	1.725	0.532	68.769	25.457	-10.15	34.8	1.224	190.155	5.09	2.163	0.532	70.267	33.521	-7.875	28.8	0.0	263.389	5.86	3.288	0.0	64.941	24.367	-8.699	0.0	1.039	157.898	6.06	3.913	0.0	68.478	31.051	-1.143	35.0	1.986	207.495	5.52	4.35	0.0	72.087	11.218	-8.938	0.0	0.0	191.512	5.69	2.663	0.0	69.938	0.0	0.0	0.2	1.341	183.084	6.8	4.037	1.063	68.776	10.128	-1.0	0.0	0.0	204.395	6.6	4.162	0.0	64.139	26.62	-11.596	31.6	1.525	203.62	7.2	4.037	0.0	63.857	24.004	-24.512	0.0	0.0	152.086	5.87	3.163	0.0	72.927	10.637	-23.309	37.2	0.98	226.288	6.55
6.44	2.1	0.0	70.266	25.312	-11.371	34.8	1.441	216.504	5.2	2.913	2.127	70.445	33.449	-7.877	28.8	1.819	273.754	5.72	3.1	0.0	66.029	25.167	-8.671	0.0	0.0	183.956	6.2	4.1	0.0	69.51	30.325	-1.24	35.0	1.911	206.43	5.3	4.662	0.0	71.889	11.436	-8.958	0.0	0.0	187.056	6.07	3.1	0.0	69.459	0.0	0.0	0.2	1.517	178.434	7.04	4.475	0.532	67.886	10.346	-1.0	0.0	0.0	199.164	6.48	4.162	0.0	64.585	26.474	-11.48	31.6	1.609	209.142	7.14	4.1	0.0	63.625	23.859	-24.834	0.0	0.0	151.02	5.84	2.6	0.0	72.895	10.782	-22.722	37.2	0.0	226.191	5.9
6.68	2.538	0.0	66.852	25.239	-10.332	34.8	0.0	192.48	5.08	2.975	0.0	69.533	33.667	-7.916	28.8	1.751	188.218	5.82	3.163	0.0	67.018	24.949	-8.664	0.0	0.0	177.659	5.97	3.725	0.0	69.07	31.269	-1.145	35.0	2.011	191.512	5.72	4.725	0.0	70.075	10.927	-8.958	0.0	1.793	209.142	5.82	3.1	0.0	68.883	0.0	0.0	0.2	1.073	175.044	6.28	3.85	0.0	72.135	9.765	-1.0	0.0	0.0	194.708	6.02	4.037	0.0	66.3	26.547	-11.617	31.6	1.45	189.768	7.04	3.788	0.0	62.914	24.15	-23.713	0.0	0.0	148.211	5.7	2.725	0.0	72.38	10.709	-24.768	37.2	0.0	192.868	5.82
6.38	1.913	0.532	70.044	25.312	-10.225	34.8	1.408	205.267	5.18	2.788	3.19	70.258	33.667	-7.889	28.8	1.19	263.486	5.88	3.413	0.0	64.726	24.803	-8.72	0.0	1.735	165.357	5.84	3.85	0.0	70.438	30.761	-1.385	35.0	0.0	187.734	5.43	4.662	0.0	70.984	10.927	-8.951	0.0	1.994	206.817	5.9	3.35	0.0	69.926	0.0	0.0	0.2	1.768	195.096	6.3	3.913	1.063	71.362	10.346	-1.0	0.0	0.0	174.269	6.02	4.1	0.0	67.376	26.474	-11.666	31.6	1.886	185.99	6.84	3.913	0.0	64.621	24.222	-24.772	0.0	0.0	142.011	6.14	3.413	0.0	70.339	10.492	-23.282	37.2	1.542	234.716	5.88
6.61	2.225	0.532	68.074	25.603	-10.371	34.8	1.986	187.249	5.14	2.663	1.063	70.381	33.449	-7.901	28.8	1.148	209.336	5.67	3.225	0.0	67.178	25.021	-8.692	0.0	1.718	183.084	5.98	3.475	0.0	70.7	31.197	-0.993	35.0	1.86	180.081	5.32	4.412	0.0	71.867	11.581	-8.945	0.0	2.02	184.924	5.88	3.038	0.0	68.709	0.0	0.0	0.2	1.894	165.357	6.64	3.725	0.532	69.091	9.983	-1.0	0.0	0.0	178.144	6.22	4.1	0.0	65.223	26.474	-11.626	31.6	1.735	199.067	7.21	4.225	0.0	63.526	23.786	-25.366	0.0	0.0	161.482	6.4	2.913	0.0	66.342	10.419	-23.024	37.2	0.0	244.306	6.4
6.48	2.225	0.0	69.563	25.748	-10.291	34.8	1.575	210.886	5.18	2.913	0.0	69.971	33.376	-7.869	28.8	1.064	232.294	5.51	3.163	0.0	66.208	24.658	-8.692	0.0	1.483	174.85	5.98	3.663	0.0	69.125	30.688	-7.783	35.0	0.0	187.831	5.22	4.475	0.0	71.615	10.855	-8.984	0.0	1.441	190.155	5.96	3.163	0.0	69.727	0.0	0.0	0.2	2.129	174.656	6.46	3.35	0.0	69.348	10.419	-1.0	0.0	0.0	183.084	6.26	4.162	0.0	65.148	26.692	-11.84	31.6	1.542	170.007	7.31	3.85	0.0	62.066	24.004	-24.948	0.0	0.0	164.001	5.9	2.913	0.0	70.293	10.419	-23.439	37.2	1.014	212.242	6.14
6.36	2.35	0.0	69.699	25.748	-10.308	34.8	1.777	195.968	5.3	2.975	0.532	69.732	33.667	-7.932	28.8	1.383	232.197	5.72	3.163	0.0	65.759	24.44	-8.685	0.0	1.726	182.309	6.07	3.6	0.0	67.439	30.906	-1.102	35.0	1.743	181.631	5.69	4.6	0.0	72.403	10.855	-8.999	0.0	1.684	200.23	5.82	3.35	0.0	68.034	0.0	0.0	0.2	1.701	172.525	6.37	3.85	1.595	71.063	10.492	-1.0	0.0	1.944	192.383	6.33	4.162	0.0	64.23	26.402	-11.84	31.6	1.425	177.756	7.1	3.788	0.0	62.841	23.859	-25.121	0.0	0.0	149.276	5.96	2.975	0.0	70.957	10.709	-23.458	37.2	0.0	212.145	6.16
6.38	2.475	1.063	68.962	25.021	-10.324	34.8	2.087	204.686	5.2	2.6	0.0	69.32	33.667	-7.87	28.8	1.408	223.866	5.86	3.1	0.0	65.377	24.949	-8.7	0.0	1.693	197.033	5.84	3.475	0.0	69.626	31.051	-1.091	35.0	1.634	188.799	5.88	4.537	0.0	71.72	10.346	-8.999	0.0	0.0	208.173	5.85	2.788	0.0	68.119	0.0	0.0	0.2	1.726	170.103	5.97	3.6	0.532	72.047	10.492	-1.0	0.0	2.137	190.93	5.9	3.85	0.0	65.764	26.62	-11.834	31.6	1.232	174.85	6.76	3.788	0.0	63.172	24.004	-25.5	0.0	0.0	127.481	6.21	3.225	0.0	69.406	10.128	-23.328	37.2	1.173	223.672	5.86
6.59	2.475	1.063	68.763	25.021	-10.324	34.8	1.643	201.489	5.16	2.663	0.0	70.254	33.667	-7.901	28.8	1.073	238.687	5.7	3.163	0.0	64.858	25.167	-8.7	0.0	1.232	156.735	5.76	3.538	0.0	69.899	31.269	-0.949	35.0	1.927	193.449	5.81	4.537	0.0	70.406	11.291	-9.024	0.0	1.936	202.845	5.9	2.913	0.0	68.554	0.0	0.0	0.2	1.617	182.696	6.44	3.538	1.063	69.027	10.782	-1.0	0.0	2.07	194.805	6.18	4.037	0.0	64.724	26.474	-11.906	31.6	0.964	197.033	6.75	3.663	0.0	63.087	24.15	-25.079	0.0	0.0	167.1	6.34	3.413	0.0	67.623	10.419	-23.282	37.2	1.349	247.309	5.89
7.02	2.663	0.0	64.074	25.167	-10.402	34.8	1.894	194.321	5.08	2.85	3.722	67.737	33.739	-7.951	28.8	1.19	218.538	5.92	3.163	0.0	63.883	24.295	-8.7	0.0	1.601	191.705	5.81	3.663	0.0	69.146	30.688	-1.057	35.0	0.0	185.699	5.83	4.412	0.0	69.545	11.363	-9.079	0.0	1.777	202.167	5.93	3.288	0.0	66.93	0.0	0.0	0.2	1.751	170.491	5.98	3.663	1.063	70.752	10.637	-1.0	0.0	2.053	175.431	5.82	3.975	0.0	65.804	26.474	-11.896	31.6	1.341	178.337	7.08	4.037	0.0	61.971	24.15	-25.397	0.0	0.0	130.484	6.22	2.975	0.0	69.777	10.274	-23.251	37.2	0.93	231.616	6.52
6.71	2.413	0.0	65.692	25.385	-10.29	34.8	1.718	207.398	5.09	2.163	0.532	67.632	33.667	-7.835	28.8	1.098	208.658	5.64	3.35	0.0	64.164	24.731	-8.855	0.0	1.986	169.425	6.06	3.788	0.0	66.766	31.124	-1.232	35.0	0.0	178.434	5.9	4.662	0.0	68.792	11.363	-8.998	0.0	1.785	223.866	5.8	2.913	0.0	69.723	0.0	0.0	0.2	1.827	195.58	6.29	3.663	2.127	69.685	10.782	-1.0	0.0	0.0	190.543	5.93	3.913	0.0	65.661	26.474	-11.802	31.6	1.634	190.155	7.0	3.725	0.0	62.042	24.004	-25.479	0.0	0.0	148.308	6.07	3.163	0.0	70.874	10.201	-23.101	37.2	1.006	233.941	6.52
6.61	2.35	0.532	66.758	25.675	-10.282	34.8	1.643	214.179	5.28	2.663	0.0	67.026	33.739	-7.877	28.8	1.215	230.453	5.72	3.163	0.0	63.711	24.513	-8.735	0.0	1.961	180.468	6.14	3.725	0.0	68.306	31.269	-0.947	35.0	2.028	199.842	5.81	4.412	0.0	68.881	11.291	-9.163	0.0	1.693	219.507	5.97	3.35	0.0	67.018	0.0	0.0	0.2	2.103	170.2	6.48	3.35	3.19	66.95	10.128	-1.0	0.0	2.07	173.397	6.35	4.1	0.0	62.741	26.474	-12.002	31.6	1.71	199.067	6.76	3.6	0.0	63.033	23.932	-24.864	0.0	0.0	141.139	6.25	2.975	0.0	67.686	10.201	-23.561	37.2	0.0	238.881	6.49
6.77	2.35	0.0	64.389	24.876	-10.308	34.8	0.0	190.349	5.1	2.35	0.0	67.073	33.521	-7.846	28.8	1.332	214.373	5.9	2.788	0.0	63.88	24.949	-8.701	0.0	0.0	191.027	5.9	3.413	0.0	68.554	30.688	-0.939	35.0	1.844	185.021	5.92	4.537	0.0	67.358	10.927	-9.112	0.0	1.961	203.62	5.98	3.163	0.0	66.428	0.0	0.0	0.2	1.55	167.875	6.22	3.35	1.595	69.17	10.637	-25.444	0.0	1.659	177.95	6.12	3.975	0.0	63.2	26.329	-12.117	31.6	0.0	166.907	7.2	3.725	0.0	61.091	23.641	-1.0	0.0	0.0	147.339	6.19	2.913	0.0	67.729	10.056	-23.128	37.2	0.0	216.02	6.68
6.55	2.725	0.0	67.795	25.021	-10.383	34.8	1.785	242.271	5.38	2.725	0.0	66.83	33.667	-7.891	28.8	1.022	262.13	5.88	3.163	0.0	62.993	25.167	-8.758	0.0	1.156	184.924	5.96	3.6	0.0	66.936	31.269	-1.167	35.0	1.886	181.437	5.5	4.287	0.0	69.324	11.363	-9.091	0.0	1.785	195.483	6.04	2.975	0.0	65.952	0.0	0.0	0.2	1.316	166.132	6.53	3.35	3.19	66.609	9.91	-25.444	0.0	2.003	169.716	6.3	4.162	0.0	62.203	26.329	-12.192	31.6	1.19	190.833	7.34	3.6	0.0	58.953	23.714	-1.0	0.0	0.0	160.513	6.02	3.163	0.0	67.964	10.346	-23.413	37.2	1.76	235.006	6.58
6.79	3.1	0.0	67.115	25.603	-10.38	34.8	0.0	233.069	5.08	2.6	0.0	68.612	33.885	-7.862	28.8	2.103	263.195	5.86	3.1	0.0	62.796	25.167	-8.758	0.0	1.441	170.2	5.96	3.413	0.0	67.713	31.197	-1.004	35.0	1.735	180.081	5.7	4.287	0.0	69.888	10.927	-8.979	0.0	1.5	192.48	5.95	2.975	0.0	65.556	0.0	0.0	0.2	1.441	164.582	6.4	3.6	0.532	68.222	9.765	-25.436	0.0	1.802	182.503	6.18	4.162	0.0	62.601	26.329	-12.285	31.6	1.542	187.056	7.3	3.725	0.0	58.976	23.932	-1.0	0.0	0.0	168.747	6.42	3.413	0.0	63.363	10.201	-23.594	37.2	1.291	267.942	6.89
6.68	2.663	1.595	66.933	25.53	-10.429	34.8	2.02	208.367	5.34	2.913	0.0	67.224	33.667	-7.877	28.8	1.819	251.377	5.76	3.163	0.0	62.834	24.949	-8.803	0.0	0.0	152.182	6.26	3.6	0.0	64.437	30.688	-1.134	35.0	2.003	178.531	5.64	4.475	0.0	68.293	10.927	-9.051	0.0	1.718	179.597	6.09	3.038	0.0	64.736	0.0	0.0	0.2	1.643	175.819	6.59	3.413	0.0	66.754	10.564	-1.0	0.0	0.0	173.784	6.16	3.725	0.0	64.2	26.402	-12.358	31.6	1.383	190.543	7.12	3.6	0.0	60.258	24.15	-1.0	0.0	0.0	146.758	6.62	3.475	0.0	61.164	10.056	-22.774	37.2	1.198	261.452	6.71
6.68	2.725	0.532	66.987	25.675	-10.383	34.8	1.684	192.093	5.5	3.288	0.0	66.448	33.449	-7.931	28.8	1.55	244.306	6.02	3.1	0.0	61.849	24.658	-8.781	0.0	1.676	185.699	5.93	3.288	0.0	65.959	30.688	-0.831	35.0	1.701	193.062	5.5	4.35	0.0	70.711	11.0	-9.036	0.0	1.508	194.999	5.92	2.975	0.0	65.061	0.0	0.0	0.2	1.986	169.619	6.04	3.35	0.0	70.005	10.564	-1.0	0.0	1.542	195.483	6.39	4.037	0.0	61.883	26.474	-13.491	31.6	0.0	189.574	6.85	3.538	0.0	60.864	23.568	-1.0	0.0	0.0	141.527	6.76	2.725	0.0	61.693	10.492	-23.988	37.2	0.0	242.078	6.2
6.74	2.663	0.0	65.969	25.457	-10.322	34.8	0.0	176.497	5.58	3.038	0.532	65.977	33.957	-1.133	28.8	1.701	238.881	5.76	3.35	0.0	63.69	24.44	-8.832	0.0	1.902	162.548	5.93	3.35	0.0	68.214	30.979	-0.95	35.0	0.0	186.668	5.79	4.412	0.0	67.575	10.782	-9.052	0.0	0.0	195.968	5.99	2.913	0.0	66.159	0.0	0.0	0.2	1.827	160.32	6.25	3.538	1.063	68.858	10.564	-1.0	0.0	1.902	199.455	6.1	3.725	0.0	62.225	26.329	-12.358	31.6	0.0	178.822	6.94	3.35	0.0	58.89	23.786	-1.0	0.0	0.0	138.233	6.44	2.663	0.0	65.48	11.0	-23.464	37.2	0.955	212.242	5.88
6.36	2.288	0.532	68.054	25.312	-10.352	34.8	2.07	207.786	5.46	2.788	0.532	66.764	33.594	-7.889	28.8	1.148	232.294	5.82	3.038	0.0	61.816	24.44	-8.812	0.0	2.07	157.607	6.3	3.538	0.0	63.811	31.705	-1.014	35.0	2.137	182.018	5.74	4.662	0.0	68.789	11.291	-9.073	0.0	1.911	203.717	5.96	2.913	0.0	64.521	0.0	0.0	0.2	2.045	171.46	6.31	3.725	1.595	68.018	10.274	-25.572	0.0	0.0	191.996	6.2	3.85	0.0	62.493	26.692	-12.576	31.6	1.24	182.6	7.3	3.788	0.0	59.233	24.004	-1.0	0.0	0.0	155.864	6.1	2.85	0.0	66.503	10.709	-23.624	37.2	1.483	204.202	6.8
6.62	2.413	0.532	66.327	25.094	-10.342	34.8	1.894	203.523	5.5	3.038	0.532	66.744	33.521	-7.922	28.8	1.584	252.733	5.8	2.975	0.0	61.477	24.949	-8.813	0.0	1.802	164.969	5.92	3.475	0.0	66.713	30.543	-1.026	35.0	1.944	183.375	5.8	4.412	0.0	69.197	10.782	-9.044	0.0	0.0	202.942	6.1	3.1	0.0	64.409	0.0	0.0	0.2	1.391	176.109	6.54	3.35	0.0	66.502	10.274	-25.444	0.0	2.137	178.144	6.34	3.788	0.0	61.427	26.547	-12.273	31.6	1.332	191.705	7.13	3.725	0.0	59.663	23.568	-1.0	0.0	0.0	157.026	6.46	2.975	0.0	64.527	10.637	-1.0	37.2	0.964	221.057	7.22
6.35	2.1	0.0	67.892	24.949	-10.301	34.8	1.508	214.76	5.19	2.475	0.0	68.156	33.812	-7.858	28.8	1.165	275.788	5.76	2.975	0.0	63.166	24.949	-8.813	0.0	1.567	185.506	5.76	3.35	0.0	67.516	30.833	-0.754	35.0	0.0	189.09	5.92	4.412	0.0	69.43	10.927	-9.07	0.0	1.835	206.72	6.11	2.975	0.0	64.136	0.0	0.0	0.2	2.028	183.568	6.34	3.225	1.063	66.736	9.983	-25.216	0.0	0.0	179.79	6.3	3.663	0.0	61.56	26.547	-11.806	31.6	1.081	207.495	7.31	3.725	0.0	58.604	24.15	-1.0	0.0	0.0	143.658	6.3	2.913	0.0	66.621	10.274	-24.048	37.2	0.0	242.078	7.0
6.38	2.288	0.0	67.657	25.021	-10.352	34.8	1.592	192.48	4.91	2.725	0.0	69.736	33.667	-7.899	28.8	1.852	243.531	5.79	2.975	0.0	63.254	24.513	-8.854	0.0	1.391	170.878	5.66	3.1	0.0	68.774	31.342	-0.735	35.0	1.634	180.662	5.87	4.287	0.0	69.999	10.927	-9.029	0.0	1.743	201.586	5.78	2.663	0.0	66.338	0.0	0.0	0.2	1.441	173.688	6.77	3.35	0.532	65.184	9.91	-25.444	0.0	0.0	172.234	6.24	3.6	0.0	61.718	26.474	-12.013	31.6	1.182	199.067	6.99	3.475	0.0	59.64	23.859	-1.0	0.0	0.0	160.32	6.18	3.35	0.0	67.003	10.274	-23.575	37.2	1.332	279.469	7.07
6.72	2.413	0.532	64.435	24.731	-10.423	34.8	1.936	201.295	5.16	2.913	0.0	68.415	33.594	-7.893	28.8	1.508	245.371	6.0	3.163	0.0	61.79	24.876	-8.85	0.0	1.777	182.696	6.15	3.413	0.0	66.215	31.415	-0.906	35.0	1.886	183.471	5.83	4.225	0.0	68.991	11.073	-8.971	0.0	1.802	198.874	5.85	2.85	0.0	66.242	0.0	0.0	0.2	1.542	181.631	6.36	3.35	1.063	65.874	10.056	-25.444	0.0	2.12	173.591	5.6	3.6	0.0	63.828	25.966	-12.15	31.6	1.207	184.343	6.98	3.35	0.0	60.405	23.786	-1.0	0.0	0.0	159.545	6.35	3.1	0.0	66.035	10.492	-24.796	37.2	1.089	224.06	6.58
6.38	2.35	1.063	68.431	25.021	-10.108	34.8	1.651	209.432	5.01	2.913	1.595	68.915	33.449	-7.926	28.8	1.232	258.739	5.84	3.038	0.0	64.746	24.731	-8.844	0.0	1.592	211.854	5.86	2.913	0.0	67.775	30.833	-0.961	35.0	1.626	182.793	6.05	4.287	0.0	67.863	10.927	-9.012	0.0	1.802	204.298	6.02	2.538	0.0	64.312	0.0	0.0	0.2	1.492	175.819	5.9	3.038	1.063	69.004	9.91	-25.06	0.0	1.852	184.343	5.66	3.85	0.0	63.838	26.62	-12.283	31.6	1.207	181.921	6.96	3.225	0.0	60.147	23.859	-25.122	0.0	0.0	145.595	6.3	3.1	0.0	65.944	10.637	-23.804	37.2	1.064	243.628	6.2
6.36	2.038	0.0	67.894	25.021	-10.32	34.8	1.399	193.836	5.38	3.225	0.0	66.722	33.521	-7.933	28.8	1.735	251.087	5.76	3.225	0.0	63.855	24.803	-8.841	0.0	1.55	168.069	6.15	3.35	0.0	65.89	30.543	-0.95	35.0	0.0	173.397	5.72	4.225	0.0	70.572	11.363	-8.971	0.0	1.768	202.361	5.97	2.975	0.0	66.615	0.0	0.0	0.2	1.886	164.969	6.2	3.288	1.595	68.902	10.056	-25.237	0.0	0.0	183.181	5.76	3.663	0.0	64.814	26.329	-11.934	31.6	1.584	188.218	6.96	3.35	0.0	60.203	23.423	-1.0	0.0	0.0	154.41	6.38	3.1	0.0	65.224	10.201	-23.497	37.2	1.165	231.616	6.55
6.56	2.475	0.0	66.722	25.312	-10.35	34.8	1.927	200.908	5.46	2.475	0.532	66.172	33.449	-7.882	28.8	1.265	230.647	5.56	2.913	0.0	63.49	24.367	-8.814	0.0	1.869	174.463	6.09	3.413	0.0	64.544	31.124	-0.939	35.0	0.0	175.431	5.51	4.1	0.0	67.63	10.855	-9.042	0.0	1.936	196.549	6.19	3.038	0.0	65.843	0.0	0.0	0.2	2.078	157.413	6.28	3.1	1.595	67.344	10.201	-1.0	0.0	2.028	168.36	5.98	3.6	0.0	63.066	26.474	-12.104	31.6	0.98	144.53	6.78	3.538	0.0	62.005	24.15	-25.415	0.0	0.0	135.133	6.22	2.913	0.0	66.687	11.0	-23.541	37.2	0.0	223.769	6.49
6.36	2.038	0.0	66.551	25.748	-11.21	34.8	1.802	200.133	5.18	2.35	0.0	67.008	33.594	-7.878	28.8	0.989	241.787	5.76	3.288	0.0	62.89	24.585	-8.809	0.0	0.0	167.875	5.86	3.475	0.0	66.433	30.979	-1.124	35.0	2.078	197.421	5.54	4.162	0.0	67.208	11.363	-8.997	0.0	2.062	202.458	5.78	2.663	0.0	65.878	0.0	0.0	0.2	1.819	178.434	6.14	2.975	1.063	67.8	10.056	-24.755	0.0	2.078	177.272	5.88	3.725	0.0	64.123	26.474	-12.033	31.6	1.358	197.421	7.02	3.475	0.0	60.071	23.568	-25.486	0.0	0.0	141.333	6.0	2.663	0.0	67.881	10.346	-23.968	37.2	0.0	222.704	6.57
6.52	2.475	5.849	67.253	25.675	-10.324	34.8	0.0	228.903	5.34	3.1	0.0	66.903	33.449	-7.928	28.8	1.517	250.893	5.82	3.163	0.0	62.844	24.513	-8.803	0.0	1.894	193.158	5.72	3.35	0.0	67.695	30.906	-0.82	35.0	0.0	193.255	5.84	4.162	0.0	68.993	10.927	-8.964	0.0	2.053	212.242	5.89	2.725	0.0	65.164	0.0	0.0	0.2	1.978	192.868	6.56	3.35	0.0	65.201	10.492	-25.258	0.0	0.0	182.212	6.12	3.725	0.0	62.117	26.474	-12.033	31.6	1.5	198.68	7.09	3.725	0.0	59.656	23.786	-25.479	0.0	0.0	149.761	6.22	3.1	0.0	65.141	10.346	-23.804	37.2	1.332	240.237	6.44
6.57	3.35	3.722	66.589	25.82	-10.605	34.8	0.0	203.62	5.1	2.913	0.0	67.873	33.667	-7.926	28.8	0.0	265.326	5.72	2.913	0.0	64.287	24.44	-8.767	0.0	1.802	214.47	5.76	3.413	0.0	68.793	30.833	-0.972	35.0	2.103	188.896	5.86	4.35	0.0	69.076	11.436	-8.97	0.0	2.095	209.917	5.77	2.913	0.0	66.444	0.0	0.0	0.2	1.986	178.919	6.48	3.225	0.0	65.596	10.492	-1.0	0.0	2.112	164.776	5.76	3.6	0.0	63.965	26.402	-11.969	31.6	1.115	186.959	7.21	3.538	0.0	59.476	23.786	-1.0	0.0	0.0	154.023	6.38	3.538	0.0	64.018	10.419	-23.53	37.2	1.969	240.14	6.6
6.4	2.788	0.532	66.45	25.094	-10.473	34.8	0.0	194.515	5.43	3.225	0.0	65.409	33.739	-7.933	28.8	1.743	242.465	5.66	3.163	0.0	62.789	24.585	-8.811	0.0	1.894	163.322	5.68	3.35	0.0	67.768	30.688	-0.95	35.0	2.137	186.184	6.0	4.287	0.0	67.024	10.927	-8.962	0.0	0.0	204.88	5.97	2.975	0.0	65.151	0.0	0.0	0.2	0.0	157.898	6.69	3.475	1.063	64.457	9.91	-25.112	0.0	0.0	173.688	6.14	3.725	0.0	61.925	26.184	-11.858	31.6	1.643	174.463	6.96	3.788	0.0	60.175	23.568	-25.593	0.0	0.0	145.886	7.14	3.725	0.0	55.152	10.128	-23.589	37.2	1.793	255.058	6.74
