9.5	10.787	160.58	70.537	25.167	-13.762	34.8	1.609	233.844	8.28	11.162	162.175	69.72	33.594	-8.662	28.8	1.399	259.805	8.79	12.537	0.0	71.509	24.44	-12.437	0.0	0.997	216.795	9.41	12.725	0.0	70.228	30.397	-3.745	35.0	0.989	199.358	9.2	12.162	0.0	70.771	10.782	-9.871	0.0	0.0	186.281	9.24	10.975	0.0	71.36	0.0	0.0	0.2	0.0	200.424	10.18	12.162	155.794	70.027	9.692	-1.0	0.0	0.0	189.187	8.96	11.162	0.0	70.46	26.474	-11.598	31.6	0.997	223.091	9.78	12.162	0.0	68.986	20.953	-15.575	0.0	0.0	172.719	8.94	12.225	0.0	71.512	9.547	-28.864	37.2	1.684	216.504
9.48	10.787	147.287	71.248	25.385	-13.874	34.8	1.668	187.249	8.1	10.537	148.882	70.823	33.449	-8.568	28.8	1.701	247.405	8.52	12.162	0.0	71.509	24.44	-12.407	0.0	1.341	228.032	9.36	12.537	0.0	70.271	30.833	-3.351	35.0	1.081	187.831	9.08	11.912	0.0	72.429	10.709	-9.819	0.0	0.0	193.933	9.39	10.975	0.0	71.151	0.0	0.0	0.2	0.0	190.833	10.2	11.975	139.842	71.335	9.329	-1.0	0.0	0.0	185.021	8.92	11.1	0.0	70.24	26.474	-11.648	31.6	0.0	229.485	9.66	12.037	0.0	69.902	21.68	-15.692	0.0	0.0	171.847	8.76	11.662	0.0	72.522	9.692	-28.515	37.2	2.087	211.079
9.29	10.225	137.184	72.549	25.385	-13.708	34.8	2.062	169.232	8.39	11.1	136.652	71.483	33.449	-8.654	28.8	0.0	200.52	8.56	11.787	0.0	72.301	24.513	-13.961	0.0	1.441	208.561	9.48	12.6	0.0	71.01	31.56	-3.62	35.0	0.947	176.884	8.84	11.85	0.0	72.512	10.782	-9.81	0.0	0.0	210.692	9.24	10.725	0.0	71.518	0.0	0.0	0.2	1.022	216.504	10.0	11.537	128.676	72.218	9.038	-28.143	0.0	0.0	187.734	8.9	11.225	0.0	72.028	26.692	-11.668	31.6	0.98	232.778	9.52	11.85	0.0	70.062	20.953	-15.872	0.0	0.0	192.674	8.64	11.537	0.0	73.69	9.256	-1.0	37.2	2.129	217.473
9.48	10.412	122.296	71.722	25.312	-13.744	34.8	1.575	209.529	8.08	10.475	125.486	71.37	33.594	-8.598	28.8	1.224	268.523	8.52	11.6	0.0	70.983	24.658	-12.345	0.0	0.0	219.507	9.36	12.475	0.0	71.699	30.688	-3.579	35.0	1.081	194.321	8.9	11.537	0.0	70.608	11.0	-9.833	0.0	0.0	202.167	9.16	10.787	0.0	72.341	0.0	0.0	0.2	0.0	204.783	9.93	11.537	121.232	71.626	8.821	-1.0	0.0	0.0	183.471	8.8	10.912	0.0	71.458	26.474	-11.528	31.6	0.0	211.079	9.5	11.412	0.0	71.04	21.607	-15.335	0.0	0.0	147.145	8.74	11.35	0.0	73.116	9.402	-1.0	37.2	1.768	220.573
9.3	10.162	114.852	70.737	24.585	-13.696	34.8	1.684	234.619	7.95	10.162	115.915	71.502	33.449	-8.542	28.8	1.634	256.027	8.68	11.725	0.0	71.382	23.932	-12.182	0.0	0.0	237.428	9.39	12.162	0.0	70.144	30.615	-3.434	35.0	0.0	194.418	9.18	11.912	0.0	71.374	11.363	-9.803	0.0	2.036	225.61	9.4	10.662	0.0	71.759	0.0	0.0	0.2	0.0	198.874	9.85	11.287	114.32	69.911	9.765	-28.46	0.0	0.0	194.03	8.93	10.85	0.0	71.141	26.402	-11.547	31.6	0.0	237.718	9.57	11.662	0.0	68.381	21.098	-15.25	0.0	0.0	188.121	8.89	11.412	0.0	73.353	9.329	-1.0	37.2	1.55	231.422
9.27	10.1	111.661	71.365	24.731	-13.739	34.8	1.877	225.803	7.98	10.162	110.598	71.534	34.103	-8.56	28.8	1.575	251.571	8.65	11.6	0.0	71.455	23.859	-12.345	0.0	0.0	218.441	9.71	12.412	0.0	65.069	30.761	-3.351	35.0	0.0	195.968	9.12	11.787	0.0	71.126	11.363	-9.761	0.0	0.0	191.318	9.29	10.912	0.0	71.396	0.0	0.0	0.2	0.0	201.295	10.04	11.725	110.066	70.081	9.038	-28.542	0.0	1.718	176.787	8.91	11.037	0.0	70.556	26.402	-11.578	31.6	0.0	240.818	9.8	11.787	0.0	68.856	21.171	-15.783	0.0	0.0	179.693	8.94	11.35	0.0	69.952	9.62	-28.382	37.2	1.383	269.104
9.23	9.912	106.344	72.616	25.021	-13.648	34.8	1.911	225.416	7.91	10.162	107.408	71.99	33.885	-8.588	28.8	1.584	255.252	8.78	11.6	0.0	71.69	24.585	-12.233	0.0	0.0	227.935	9.52	12.35	0.0	70.089	30.761	-3.455	35.0	0.0	196.355	8.99	11.6	0.0	72.75	10.927	-9.735	0.0	1.785	200.036	9.34	10.537	0.0	71.274	0.0	0.0	0.2	0.0	203.717	10.14	11.725	108.471	66.442	9.838	-28.647	0.0	1.45	182.987	9.06	10.85	0.0	70.187	26.62	-11.637	31.6	0.0	245.177	9.57	11.6	0.0	66.313	21.244	-15.74	0.0	0.0	0.0	9.0	11.412	0.0	71.865	9.765	-28.409	37.2	1.073	210.982
9.18	9.725	105.281	72.397	25.312	-13.503	34.8	0.0	221.347	7.92	9.85	105.812	73.442	33.594	-8.505	28.8	2.12	253.993	8.63	11.412	0.0	72.08	24.44	-12.2	0.0	0.0	233.941	9.52	12.162	0.0	69.153	30.47	-3.311	35.0	0.0	198.583	9.3	11.787	0.0	73.332	10.637	-9.753	0.0	2.053	207.592	9.18	10.475	0.0	71.847	0.0	0.0	0.2	2.045	191.318	9.92	11.725	104.217	68.23	9.547	-28.542	0.0	0.0	184.149	8.78	10.787	0.0	71.06	26.692	-11.422	31.6	0.0	231.034	9.35	11.85	0.0	68.664	21.316	-16.18	0.0	0.0	0.387	9.1	11.412	0.0	73.317	9.91	-1.0	37.2	1.115	244.693
9.2	9.6	103.154	73.389	24.585	-13.426	34.8	0.0	224.641	7.87	9.725	107.408	73.045	33.521	-8.481	28.8	0.0	253.315	8.52	11.162	0.0	72.032	24.44	-12.121	0.0	0.0	223.479	9.58	12.537	0.0	71.899	31.124	-3.516	35.0	1.86	177.369	9.24	11.662	0.0	72.696	11.145	-9.736	0.0	0.0	191.996	9.25	10.225	0.0	72.724	0.0	0.0	0.2	0.0	186.571	9.58	11.537	104.217	69.245	8.893	-28.25	0.0	0.0	183.956	8.96	10.787	0.0	71.147	26.838	-12.021	31.6	0.0	235.878	9.18	11.662	0.0	68.767	21.244	-16.617	0.0	0.0	12.109	8.94	11.287	0.0	71.354	9.547	-1.0	37.2	1.366	229.969
9.22	9.475	98.368	72.848	25.457	-13.675	34.8	0.0	225.029	7.94	9.725	98.9	73.523	33.449	-8.462	28.8	0.0	258.255	8.52	11.287	0.0	73.305	23.859	-12.215	0.0	0.905	235.781	9.6	12.225	0.0	69.543	31.124	-3.455	35.0	2.062	200.617	8.95	11.412	0.0	72.326	11.073	-9.709	0.0	0.0	217.957	9.22	10.037	0.0	67.776	0.0	0.0	0.2	0.0	212.92	9.3	11.162	96.241	68.547	9.765	-28.198	0.0	0.0	183.956	8.93	10.662	0.0	68.559	26.474	-11.606	31.6	0.0	230.356	9.3	11.662	0.0	69.807	21.098	-15.391	0.0	0.0	356.675	9.0	11.1	0.0	72.283	9.983	-1.0	37.2	1.902	250.893
9.12	9.225	94.646	72.802	25.385	-13.517	34.8	0.0	222.607	7.73	9.475	96.241	72.991	33.376	-8.534	28.8	0.0	253.315	8.47	11.037	0.0	73.243	24.295	-12.172	0.0	1.307	235.49	9.18	11.787	0.0	71.269	31.197	-3.188	35.0	1.626	204.105	8.89	11.287	0.0	72.886	10.564	-9.692	0.0	0.0	198.099	9.32	9.912	0.0	71.691	0.0	0.0	0.2	1.911	199.164	9.24	11.225	91.988	70.062	9.91	-28.433	0.0	0.0	183.762	8.99	10.787	0.0	71.731	26.62	-11.596	31.6	1.919	230.744	9.2	11.412	0.0	70.639	21.098	-16.475	0.0	0.0	356.578	8.97	10.787	0.0	73.782	9.547	-1.0	37.2	1.458	209.142
9.02	9.162	90.924	72.313	25.239	-13.505	34.8	0.0	221.929	7.76	9.475	89.329	72.039	33.812	-8.433	28.8	0.0	243.337	8.43	10.787	0.0	72.613	24.44	-12.24	0.0	1.467	228.128	9.26	11.662	0.0	71.994	31.197	-3.147	35.0	0.0	194.03	8.75	11.225	0.0	73.04	10.782	-9.691	0.0	0.0	201.392	9.16	10.1	0.0	72.81	0.0	0.0	0.2	0.0	190.93	9.19	10.975	87.734	70.451	9.765	-28.12	0.0	0.0	73.137	8.86	10.6	0.0	72.02	26.692	-11.536	31.6	0.0	220.766	9.18	11.537	0.0	69.784	21.462	-15.506	0.0	0.0	356.384	8.75	10.6	0.0	74.304	9.474	-1.0	37.2	0.0	198.971
9.18	9.287	89.861	71.558	24.803	-13.421	34.8	0.0	218.732	7.72	9.225	89.329	71.483	33.449	-8.46	28.8	0.0	236.556	8.29	10.662	0.0	72.922	24.585	-12.181	0.0	1.173	239.656	9.26	11.6	0.0	70.862	30.979	-2.52	35.0	0.0	209.917	8.78	10.975	0.0	72.37	10.782	-9.697	0.0	0.0	202.845	8.94	9.6	0.0	71.931	0.0	0.0	0.2	0.0	186.281	9.22	11.225	87.202	69.685	9.256	-28.433	0.0	0.0	72.943	8.66	10.475	0.0	71.955	26.62	-11.486	31.6	0.0	236.556	8.96	11.35	0.0	68.967	22.115	-16.141	0.0	0.0	342.435	8.54	10.35	0.0	73.721	9.547	-28.067	37.2	2.087	225.222
9.15	9.162	88.797	70.178	25.021	-13.505	34.8	0.0	222.897	7.64	9.162	88.797	70.234	33.376	-8.471	28.8	0.0	271.914	8.37	10.725	0.0	70.611	24.15	-12.046	0.0	1.634	243.24	9.4	11.85	0.0	70.438	30.543	-3.372	35.0	1.601	193.74	8.82	11.35	0.0	71.12	11.291	-9.677	0.0	0.0	204.008	9.03	9.85	0.0	71.897	0.0	0.0	0.2	0.0	192.48	9.27	11.162	86.67	70.705	9.474	-28.303	0.0	0.0	73.137	8.76	10.475	0.0	72.053	26.474	-11.457	31.6	2.07	234.619	8.9	11.225	0.0	69.01	21.171	-16.112	0.0	0.0	342.435	8.65	10.287	0.0	72.631	9.62	-1.0	37.2	0.0	234.522
9.19	9.225	87.202	68.742	24.876	-13.517	34.8	0.0	222.801	7.94	9.35	86.67	68.883	34.538	-8.446	28.8	0.0	285.185	8.47	10.6	0.0	70.393	23.859	-12.097	0.0	1.056	225.416	9.32	11.787	0.0	69.544	30.543	-3.188	35.0	1.819	190.93	8.86	11.35	0.0	70.255	11.145	-9.709	0.0	0.0	190.737	8.98	9.6	0.0	70.013	0.0	0.0	0.2	0.0	206.623	9.28	11.287	84.012	69.429	9.402	-28.356	0.0	0.0	72.749	8.71	10.225	0.0	68.947	26.62	-11.505	31.6	0.0	225.61	9.1	11.412	0.0	68.752	21.462	-16.394	0.0	0.0	342.628	8.65	10.225	0.0	70.982	9.474	-28.015	37.2	1.76	205.558
9.25	9.162	86.139	68.592	24.658	-13.398	34.8	0.0	214.082	7.88	9.35	85.075	68.925	33.449	-8.381	28.8	0.0	251.765	8.5	10.35	0.0	68.935	24.367	-12.054	0.0	0.989	213.792	9.44	11.787	0.0	67.463	31.124	-3.147	35.0	2.103	197.13	9.03	11.1	0.0	68.846	11.073	-9.666	0.0	0.0	198.68	8.96	9.6	0.0	68.645	0.0	0.0	0.2	2.129	201.683	9.14	10.975	82.417	69.723	9.111	-1.0	0.0	0.0	72.846	8.64	10.162	0.0	68.747	26.474	-11.436	31.6	0.0	248.277	8.95	10.787	0.0	68.643	21.389	-16.011	0.0	0.0	342.435	8.54	10.037	0.0	68.674	9.91	-1.0	37.2	0.0	260.677
9.24	9.1	87.734	67.508	24.658	-13.66	34.8	0.0	220.766	8.0	9.225	82.417	68.144	33.449	-8.376	28.8	0.0	218.054	8.43	10.35	0.0	68.681	24.15	-12.054	0.0	1.433	224.254	9.46	11.35	0.0	67.928	31.124	-3.004	35.0	0.0	195.193	8.92	10.975	0.0	68.665	11.0	-9.641	0.0	0.0	237.331	9.12	9.537	0.0	67.432	0.0	0.0	0.2	0.0	222.801	9.18	11.037	77.631	69.544	9.402	-28.04	0.0	0.0	73.137	8.78	10.35	0.0	68.316	26.402	-11.525	31.6	0.0	249.44	8.96	11.1	0.0	69.529	21.171	-15.928	0.0	0.0	331.488	8.96	10.537	0.0	69.689	9.329	-28.145	37.2	1.039	250.505
9.34	9.162	81.885	65.722	24.658	-13.505	34.8	2.028	279.179	7.94	9.35	81.353	66.457	33.594	-8.419	28.8	2.003	253.605	8.6	10.35	0.0	66.712	23.859	-12.359	0.0	0.0	230.453	9.44	11.537	0.0	66.234	30.833	-3.025	35.0	1.735	190.64	9.01	11.1	0.0	66.157	10.782	-9.714	0.0	0.0	225.803	9.1	9.6	0.0	67.943	0.0	0.0	0.2	0.0	214.857	9.28	10.85	76.036	69.322	9.474	-28.067	0.0	0.0	73.33	8.82	10.225	0.0	68.242	26.692	-11.446	31.6	0.0	228.128	9.0	11.037	0.0	69.803	21.244	-15.991	0.0	0.0	331.585	8.71	10.162	0.0	67.736	8.966	-27.99	37.2	1.701	228.419
9.39	9.1	81.353	65.096	24.731	-14.008	34.8	1.643	304.752	8.02	9.225	80.29	65.158	33.667	-8.514	28.8	0.0	275.013	8.48	10.225	0.0	66.826	23.714	-11.891	0.0	0.964	259.708	9.13	11.162	0.0	65.602	30.833	-2.903	35.0	0.0	202.845	8.89	10.975	0.0	65.725	10.927	-9.634	0.0	1.307	241.303	9.15	9.287	0.0	66.265	0.0	0.0	0.2	0.0	207.495	9.41	10.85	76.568	70.228	9.62	-28.067	0.0	0.0	69.068	8.83	9.975	0.0	65.686	26.474	-11.525	31.6	0.0	228.806	9.06	10.912	0.0	68.368	21.534	-16.04	0.0	0.0	152.57	8.68	10.037	0.0	67.053	9.474	-27.733	37.2	1.81	270.364
9.31	9.162	81.885	66.074	25.239	-13.616	34.8	1.425	240.14	7.92	9.162	89.329	66.154	33.594	-8.471	28.8	1.852	243.046	8.48	10.1	0.0	66.227	23.714	-12.048	0.0	0.98	247.89	9.38	11.287	0.0	66.114	31.124	-2.944	35.0	0.0	193.643	9.05	11.1	0.0	65.34	11.073	-9.643	0.0	0.0	272.688	9.14	9.475	0.0	67.273	0.0	0.0	0.2	0.0	214.082	9.62	10.662	76.568	67.251	9.184	-27.565	0.0	1.575	170.297	8.78	10.162	0.0	67.126	26.547	-11.465	31.6	0.0	221.541	9.36	10.662	0.0	67.068	21.244	-15.753	0.0	0.0	163.807	8.58	9.85	0.0	66.899	9.91	-1.0	37.2	1.953	290.513
9.34	9.037	81.885	65.942	25.167	-13.648	34.8	1.802	272.301	7.97	8.912	79.758	66.244	34.248	-8.35	28.8	0.0	292.741	8.48	10.412	0.0	65.377	24.004	-11.993	0.0	0.0	246.631	9.34	11.537	0.0	65.391	30.979	-3.066	35.0	1.609	187.056	8.98	11.225	0.0	65.162	10.709	-9.691	0.0	1.316	226.191	9.2	9.475	0.0	65.999	0.0	0.0	0.2	0.0	206.042	9.76	10.6	78.163	64.856	9.62	-27.647	0.0	1.785	183.181	8.8	9.975	0.0	65.818	26.402	-11.587	31.6	0.0	218.829	9.54	10.912	0.0	66.197	21.098	-16.277	0.0	0.0	175.237	8.79	9.975	0.0	67.317	9.256	-27.5	37.2	1.492	236.653
9.5	9.037	79.758	64.088	25.239	-13.374	34.8	1.416	330.326	8.11	8.975	80.822	65.613	33.594	-8.44	28.8	0.0	275.498	8.46	10.162	0.0	65.043	23.932	-11.746	0.0	0.0	247.115	9.35	11.412	0.0	63.083	31.197	-3.065	35.0	1.902	196.258	9.18	10.912	0.0	63.502	11.073	-9.61	0.0	0.0	235.103	9.14	9.6	0.0	65.163	0.0	0.0	0.2	1.71	209.045	9.81	10.912	78.163	65.888	9.329	-27.988	0.0	0.0	183.181	8.92	10.1	0.0	65.922	26.692	-11.368	31.6	1.592	235.394	9.58	10.787	0.0	66.451	21.171	-15.269	0.0	0.0	180.856	8.86	9.85	0.0	64.394	9.62	-27.76	37.2	1.123	258.158
9.57	9.1	77.1	63.793	25.457	-13.66	34.8	1.374	310.274	8.3	9.475	78.163	64.85	34.248	-8.452	28.8	1.659	263.001	8.52	10.287	0.0	63.947	24.077	-11.833	0.0	0.0	241.593	9.48	11.287	0.0	63.861	31.269	-4.303	35.0	0.0	186.571	9.28	11.162	0.0	63.436	11.291	-9.636	0.0	0.0	232.003	9.25	9.6	0.0	65.099	0.0	0.0	0.2	1.76	198.486	9.82	10.662	76.568	64.255	9.62	-27.779	0.0	1.106	187.346	8.89	9.85	0.0	65.202	26.547	-11.273	31.6	1.768	218.732	9.54	10.787	0.0	63.424	21.171	-15.412	0.0	0.0	188.605	8.82	9.975	0.0	64.332	9.91	-27.811	37.2	1.307	274.82
9.66	9.162	74.441	64.561	25.239	-13.728	34.8	1.207	288.963	8.2	9.162	74.441	64.584	33.449	-8.425	28.8	0.0	267.554	8.64	10.412	0.0	64.495	24.44	-12.065	0.0	1.777	254.477	9.44	11.287	0.0	62.846	30.688	-2.462	35.0	1.651	199.649	9.3	10.975	0.0	63.886	10.927	-9.61	0.0	0.997	235.103	9.19	9.725	0.0	63.252	0.0	0.0	0.2	1.953	199.939	9.99	10.537	72.846	64.924	9.474	-27.728	0.0	1.031	185.893	8.98	10.1	0.0	64.443	26.547	-11.426	31.6	0.0	242.078	9.67	10.787	0.0	64.034	21.534	-15.631	0.0	0.0	174.559	8.82	9.912	0.0	65.217	9.329	-1.0	37.2	1.399	265.617
9.52	8.85	70.719	64.453	25.312	-13.841	34.8	1.148	243.531	8.18	9.1	71.782	64.635	33.957	-8.362	28.8	0.0	254.864	8.56	10.225	0.0	64.176	24.15	-12.033	0.0	0.0	260.289	9.43	10.975	0.0	63.153	30.543	-2.882	35.0	1.332	222.897	9.14	11.037	0.0	63.663	10.927	-9.596	0.0	0.0	236.169	9.22	9.475	0.0	63.705	0.0	0.0	0.2	1.106	209.045	9.85	10.662	69.124	64.566	9.256	-27.779	0.0	1.081	184.343	9.0	10.037	0.0	64.972	26.692	-11.445	31.6	0.0	243.628	9.53	10.537	0.0	67.126	21.68	-15.214	0.0	0.0	209.529	8.9	9.662	0.0	64.484	9.402	-27.684	37.2	1.014	233.747
9.42	8.912	69.655	64.825	24.731	-13.738	34.8	2.078	210.692	8.06	8.975	70.187	65.165	33.449	-8.422	28.8	0.0	240.915	8.5	10.225	0.0	64.415	23.786	-12.069	0.0	1.374	247.115	9.27	11.1	0.0	63.266	31.342	-3.244	35.0	1.626	203.33	9.35	10.787	0.0	64.479	10.709	-9.585	0.0	0.0	190.155	9.24	9.412	0.0	64.654	0.0	0.0	0.2	1.534	215.632	9.86	10.475	64.87	65.096	9.402	-1.0	0.0	0.0	177.369	8.94	9.975	0.0	64.907	26.62	-11.495	31.6	1.5	222.704	9.33	10.6	0.0	66.023	20.88	-15.664	0.0	0.0	173.3	8.94	10.162	0.0	64.436	9.983	-27.784	37.2	0.0	223.091
9.29	8.6	64.338	65.658	24.44	-13.852	34.8	0.0	218.054	7.97	8.725	59.021	65.506	33.667	-8.347	28.8	1.165	248.18	8.54	9.975	0.0	65.36	24.44	-11.85	0.0	1.944	218.829	9.32	11.35	0.0	64.613	30.979	-3.085	35.0	0.0	177.272	9.28	10.662	0.0	65.022	11.073	-9.561	0.0	0.0	192.868	9.17	9.35	0.0	64.059	0.0	0.0	0.2	0.0	189.671	9.8	10.287	61.68	63.3	9.402	-27.52	0.0	1.358	175.625	8.86	10.037	0.0	63.894	26.765	-11.33	31.6	0.0	222.026	9.55	10.35	0.0	63.454	21.607	-15.174	0.0	0.0	161.094	9.0	9.912	0.0	65.359	9.111	-1.0	37.2	1.106	210.111
9.24	8.537	63.806	65.649	25.094	-13.782	34.8	0.0	227.644	7.98	8.662	64.338	65.563	33.885	-8.367	28.8	0.0	265.714	8.38	9.662	0.0	65.771	24.44	-13.031	0.0	0.0	209.723	9.42	10.975	0.0	64.63	30.979	-2.922	35.0	1.617	179.887	9.22	10.85	0.0	65.48	10.782	-9.571	0.0	0.0	181.631	9.22	9.475	0.0	65.701	0.0	0.0	0.2	1.257	200.52	9.84	10.35	60.616	64.564	9.838	-27.964	0.0	0.0	182.309	8.9	9.975	0.0	66.247	26.765	-11.465	31.6	0.0	210.207	9.63	10.475	0.0	63.915	21.098	-15.272	0.0	0.0	174.463	8.88	9.85	0.0	65.668	9.474	-1.0	37.2	1.232	192.093
9.35	8.6	57.958	65.061	24.803	-13.621	34.8	0.0	234.716	8.08	8.85	58.489	65.745	33.449	-8.398	28.8	0.0	249.052	8.32	9.662	0.0	65.513	24.295	-11.664	0.0	1.291	224.641	9.2	10.725	0.0	64.453	30.906	-2.84	35.0	0.0	195.871	9.06	10.537	0.0	65.562	11.073	-9.783	0.0	0.0	203.717	9.23	9.287	0.0	66.608	0.0	0.0	0.2	1.693	190.155	9.8	10.35	57.426	65.5	9.256	-27.651	0.0	0.0	148.695	8.74	9.725	0.0	65.78	26.402	-11.337	31.6	1.349	208.27	9.56	10.225	0.0	63.931	21.389	-15.361	0.0	0.0	117.697	8.82	9.725	0.0	65.74	9.256	-27.709	37.2	1.282	197.13
9.5	8.537	51.577	64.644	25.53	-13.84	34.8	1.743	275.788	8.1	8.85	53.704	65.09	33.667	-8.315	28.8	0.0	254.38	8.44	9.6	0.0	64.681	23.714	-11.72	0.0	0.0	242.078	9.41	10.6	0.0	64.878	30.543	-2.562	35.0	0.0	173.881	9.06	10.162	0.0	64.762	11.363	-9.479	0.0	1.86	201.78	9.14	9.1	0.0	65.686	0.0	0.0	0.2	0.0	181.631	9.66	9.975	51.577	66.109	9.983	-27.394	0.0	0.0	167.004	8.7	9.6	0.0	66.512	26.62	-11.289	31.6	0.0	220.573	9.54	9.912	0.0	64.707	20.953	-14.874	0.0	0.0	128.74	8.95	9.6	0.0	65.157	9.91	-27.659	37.2	1.777	223.672
