-1.0	4.912	0.532	0.0	25.748	-8.236	26.0	0.0	202.845	6.76	5.412	0.532	89.719	34.829	-14.584	11.2	0.0	262.905	6.54	5.475	0.0	92.207	26.256	-1.712	31.2	1.249	208.27	7.14	5.787	0.0	92.683	33.158	-1.82	26.2	0.913	205.558	6.76	7.35	0.0	90.001	13.761	-8.529	3.0	0.913	195.968	6.4	5.35	0.0	88.556	0.0	0.0	24.8	0.0	190.543	7.36	5.787	1.063	91.747	12.744	-13.222	46.6	1.224	170.685	6.7	6.287	0.0	88.412	26.983	-23.988	18.4	0.0	200.811	7.4	5.6	0.0	85.551	27.273	-26.136	24.8	1.131	191.705	6.73	5.6	0.0	94.008	19.5	-12.765	35.8	0.0	249.827	7.38
-1.0	4.975	4.254	0.0	26.111	-8.29	26.0	0.0	206.526	6.9	5.6	0.0	89.144	34.611	-14.904	11.2	0.0	246.727	6.66	5.412	0.0	91.88	27.346	-1.656	31.2	1.978	204.589	7.38	6.037	0.0	90.508	33.013	-1.765	26.2	1.601	205.558	6.86	7.35	0.0	89.592	14.124	-8.513	3.0	1.257	201.392	6.36	5.6	0.0	88.568	0.0	0.0	24.8	1.014	188.121	7.28	5.6	0.532	91.854	12.162	-13.301	46.6	1.299	186.377	6.82	6.287	0.0	88.309	26.765	-23.768	18.4	0.98	213.404	7.37	5.6	0.0	85.841	26.111	-26.04	24.8	1.483	162.838	6.98	5.6	0.0	92.451	19.427	-13.958	35.8	0.0	264.067	7.31
-1.0	4.787	1.063	0.0	25.603	-8.223	26.0	0.0	200.617	6.7	5.1	0.532	89.464	34.756	-14.663	11.2	1.81	233.166	6.69	5.725	0.0	92.121	27.128	-1.659	31.2	2.112	207.979	6.97	5.6	0.0	92.575	33.086	-1.721	26.2	0.0	194.321	6.62	7.225	0.0	90.138	14.197	-8.547	3.0	1.24	203.33	6.22	5.225	0.0	88.664	0.0	0.0	24.8	0.0	194.708	7.22	5.6	0.532	91.561	13.18	-13.08	46.6	1.483	182.018	6.81	6.35	0.0	87.997	27.201	-24.008	18.4	1.483	204.492	7.41	5.6	0.0	85.714	25.82	-26.232	24.8	1.802	188.993	6.84	5.412	0.0	92.708	19.427	-12.785	35.8	2.12	227.644	7.32
-1.0	4.787	0.0	0.0	26.184	-8.405	26.0	1.106	189.768	6.6	5.037	0.0	89.852	35.047	-14.722	11.2	1.718	259.708	6.62	5.662	0.0	91.849	27.056	-1.603	31.2	2.103	205.655	6.7	5.725	0.0	94.0	32.432	-1.694	26.2	1.651	195.58	6.69	7.225	0.0	90.113	13.906	-8.482	3.0	1.441	214.954	6.34	5.475	0.0	88.716	0.0	0.0	24.8	1.249	195.871	7.39	5.6	0.532	91.67	12.961	-13.134	46.6	1.659	176.787	6.7	6.287	0.0	88.434	26.765	-24.206	18.4	1.215	195.968	7.24	5.6	0.0	86.173	25.53	-26.232	24.8	1.106	182.018	6.64	5.412	0.0	93.653	19.427	-12.488	35.8	0.0	235.103	7.26
-1.0	4.975	1.063	0.0	26.184	-8.251	26.0	0.0	195.871	6.64	5.412	0.0	89.84	35.12	-14.939	11.2	2.112	264.551	6.62	5.662	0.0	92.144	26.838	-1.742	31.2	0.0	208.754	7.04	6.037	0.0	93.138	32.577	-1.73	26.2	2.045	193.449	6.58	7.287	0.0	90.257	13.833	-8.473	3.0	1.106	198.486	6.28	5.6	0.0	88.57	0.0	0.0	24.8	1.634	188.121	7.33	5.787	0.0	91.825	12.38	-13.058	46.6	0.0	177.465	6.67	6.1	0.0	88.448	27.419	-23.926	18.4	1.634	208.367	7.34	5.725	0.0	86.016	26.474	-26.181	24.8	1.358	176.206	6.62	5.6	0.0	94.552	19.5	-12.108	35.8	0.989	242.368	7.31
-1.0	4.662	0.0	0.0	26.038	-8.209	26.0	0.0	186.474	6.7	5.412	0.0	89.834	34.538	-14.724	11.2	0.0	246.34	6.72	5.6	0.0	91.748	26.91	-1.581	31.2	1.844	197.13	6.94	5.85	0.0	93.486	32.795	-1.806	26.2	1.659	197.13	6.65	7.35	0.0	89.973	14.56	-8.496	3.0	1.106	204.298	6.34	5.537	0.0	88.695	0.0	0.0	24.8	1.014	175.819	7.38	5.6	0.532	91.603	12.961	-13.134	46.6	1.718	177.562	6.8	6.162	0.0	88.172	27.056	-23.946	18.4	1.332	185.409	7.37	5.787	0.0	85.978	26.692	-26.01	24.8	1.567	164.001	6.62	5.6	0.0	94.511	19.355	-12.286	35.8	0.0	250.99	7.26
-1.0	4.725	1.595	0.0	26.329	-8.278	26.0	0.0	223.091	6.7	5.225	0.0	89.812	34.756	-14.83	11.2	2.087	265.229	6.84	5.6	0.0	90.927	26.547	-1.616	31.2	1.969	205.945	6.69	5.85	0.0	93.708	33.086	-1.771	26.2	1.249	183.762	6.69	7.287	0.0	89.636	14.051	-8.489	3.0	0.972	211.273	6.47	5.537	0.0	88.309	0.0	0.0	24.8	0.905	183.084	7.38	5.787	4.785	91.433	12.38	-12.952	46.6	1.55	174.269	6.77	6.225	0.0	88.098	27.564	-23.857	18.4	0.0	202.167	7.46	5.85	0.0	85.268	25.893	-25.836	24.8	1.601	137.361	6.85	5.6	0.0	93.212	19.427	-12.152	35.8	0.0	238.203	7.48
-1.0	4.975	3.19	0.0	25.603	-8.251	26.0	0.0	221.541	6.87	5.475	0.0	89.246	34.611	-14.391	11.2	0.0	250.893	6.63	5.537	0.0	91.342	26.62	-1.491	31.2	1.559	211.467	6.76	5.725	0.0	93.686	33.013	-1.903	26.2	1.349	194.611	6.74	7.35	0.0	89.409	13.688	-8.496	3.0	0.93	204.492	6.46	5.537	0.0	88.13	0.0	0.0	24.8	1.307	191.705	7.48	5.6	0.532	90.512	12.816	-12.816	46.6	1.291	160.513	6.76	6.162	0.0	87.138	27.782	-23.946	18.4	0.0	191.318	7.53	5.975	0.0	84.848	26.474	-26.078	24.8	1.416	150.923	7.14	5.35	0.0	91.048	19.355	-12.068	35.8	0.0	228.516	7.64
-1.0	4.725	0.0	0.0	26.184	-8.224	26.0	0.0	199.939	6.86	5.475	0.0	89.024	35.047	-14.736	11.2	0.0	240.14	6.65	5.475	0.0	90.577	27.201	-1.608	31.2	1.089	187.056	6.84	5.537	0.0	92.959	32.867	-1.63	26.2	1.274	185.118	6.86	7.787	0.0	88.936	14.197	-8.522	3.0	1.056	201.78	6.42	5.225	0.0	87.943	0.0	0.0	24.8	1.383	180.081	7.58	5.662	2.127	90.516	13.034	-12.626	46.6	1.265	173.494	6.75	6.037	0.0	87.493	27.564	-23.796	18.4	0.0	195.774	7.46	5.662	0.0	84.461	26.184	-1.0	24.8	0.93	190.155	6.67	5.162	0.0	93.059	19.573	-12.126	35.8	1.735	223.866	7.38
-1.0	4.725	1.063	0.0	26.184	-8.216	26.0	0.0	213.404	6.82	5.162	0.0	88.706	34.829	-16.469	11.2	0.0	251.377	6.75	5.412	0.0	90.366	26.62	-1.449	31.2	0.0	191.996	6.8	5.412	0.0	93.073	32.577	-1.656	26.2	0.0	197.518	6.76	7.35	0.0	88.823	14.197	-8.455	3.0	0.0	201.005	6.61	5.412	0.0	86.876	0.0	0.0	24.8	0.0	172.331	7.62	5.6	0.532	89.875	12.162	-12.616	46.6	0.0	168.747	6.86	6.037	0.0	86.33	26.983	-23.796	18.4	0.0	180.662	7.74	5.6	0.0	83.597	27.056	-26.136	24.8	0.0	186.281	6.69	4.975	0.0	92.96	19.427	-11.841	35.8	1.684	208.464	7.72
-1.0	4.85	0.532	0.0	26.329	-8.269	26.0	0.0	204.008	6.84	5.1	0.532	88.535	34.829	-14.663	11.2	0.0	228.128	6.76	5.475	0.0	90.906	27.564	-1.4	31.2	0.0	204.298	6.69	5.225	0.0	92.981	32.795	-1.592	26.2	0.0	193.158	6.72	7.537	0.0	89.207	13.979	-8.485	3.0	0.0	192.868	6.42	5.1	0.0	87.098	0.0	0.0	24.8	0.0	177.369	7.46	5.475	1.595	90.095	12.889	-12.546	46.6	0.0	170.297	6.86	5.85	0.0	86.533	26.983	-23.844	18.4	0.0	184.537	7.74	5.662	0.0	83.081	27.273	-1.0	24.8	0.0	199.067	7.54	5.412	0.0	86.903	19.355	-11.909	35.8	1.777	257.577	7.76
-1.0	4.85	2.127	0.0	26.038	-8.229	26.0	0.0	212.629	6.72	5.1	0.0	88.461	34.902	-14.387	11.2	0.0	237.815	6.92	5.225	0.0	88.423	26.765	-2.07	31.2	0.0	185.699	7.39	5.412	0.0	90.099	33.086	-1.863	26.2	0.0	172.525	6.89	7.6	0.0	88.415	13.906	-8.509	3.0	0.939	202.167	6.96	5.225	0.0	84.872	0.0	0.0	24.8	0.0	180.759	7.28	5.6	0.532	90.913	12.744	-11.402	46.6	0.0	211.467	7.12	6.1	0.0	84.957	27.419	-24.035	18.4	2.036	184.634	7.73	5.475	0.0	82.772	26.765	-25.899	24.8	0.0	171.556	7.8	4.975	0.0	83.728	19.5	-11.719	35.8	1.031	249.44	7.49
-1.0	4.662	0.0	0.0	26.256	-8.217	26.0	0.0	185.021	6.88	5.162	0.0	87.57	34.684	-14.536	11.2	1.994	203.523	6.92	5.412	0.0	88.467	26.547	-1.483	31.2	1.927	180.081	6.9	5.037	0.0	91.392	32.577	-1.425	26.2	1.844	203.33	6.74	7.412	0.0	88.024	13.979	-8.624	3.0	0.0	207.883	6.61	5.037	0.0	85.086	0.0	0.0	24.8	1.659	181.534	7.48	5.225	0.0	88.586	12.38	-12.554	46.6	1.71	175.819	7.3	5.662	0.0	81.535	27.128	-23.891	18.4	0.0	184.343	8.11	5.475	0.0	80.47	26.62	-26.091	24.8	1.936	174.172	7.38	4.537	0.0	86.615	19.209	-11.732	35.8	0.0	253.508	7.32
-1.0	4.6	0.0	0.0	25.675	-8.203	26.0	2.02	189.09	7.53	4.975	0.532	82.04	34.902	-14.71	11.2	1.869	195.29	7.28	5.225	0.0	85.842	27.056	-1.489	31.2	1.559	182.793	6.96	5.037	0.0	90.894	33.086	-1.528	26.2	1.55	214.373	7.04	7.35	0.0	86.26	14.269	-8.521	3.0	1.575	220.379	6.78	5.1	0.0	83.371	0.0	0.0	24.8	1.408	187.443	7.86	5.475	0.532	87.59	12.09	-12.644	46.6	1.441	223.382	7.36	5.975	0.0	82.095	27.491	-23.336	18.4	0.0	203.62	7.79	5.037	0.0	81.36	25.603	-25.936	24.8	0.0	189.187	7.45	3.6	0.0	85.815	19.573	-11.591	35.8	0.0	253.508	7.61
-1.0	4.1	0.0	0.0	25.603	-8.142	26.0	1.911	195.968	7.76	4.725	1.063	80.85	34.902	-14.661	11.2	1.383	182.406	7.22	5.225	0.0	84.566	26.91	-1.489	31.2	1.089	185.118	7.47	4.6	0.0	88.073	32.504	-1.141	26.2	0.0	212.823	7.02	7.412	0.0	83.731	13.833	-8.512	3.0	1.098	220.185	6.62	4.912	0.0	84.997	0.0	0.0	24.8	0.0	191.705	7.26	4.725	1.063	88.818	12.598	-13.148	46.6	0.0	223.285	7.42	5.787	0.0	81.109	27.201	-23.823	18.4	0.0	209.529	7.61	4.85	0.0	81.725	25.603	-25.774	24.8	0.0	188.993	7.18	4.725	0.0	88.621	19.5	-11.681	35.8	1.039	236.653	7.34
-1.0	3.538	0.0	91.914	26.256	-8.084	26.0	1.098	195.968	7.75	4.225	0.0	80.775	35.12	-14.565	11.2	0.922	209.82	7.68	5.225	0.0	80.808	26.838	-1.523	31.2	0.0	177.465	7.33	3.725	0.0	86.897	32.722	-1.112	26.2	0.0	212.823	6.72	7.35	0.0	84.585	13.906	-8.496	3.0	0.0	220.573	6.53	4.725	0.0	83.429	0.0	0.0	24.8	0.0	191.608	7.21	5.037	1.063	88.496	12.09	-12.523	46.6	0.0	193.449	7.26	5.662	0.0	81.788	26.692	-23.891	18.4	0.0	209.723	7.55	4.662	0.0	80.682	26.329	-25.613	24.8	0.0	188.993	7.2	4.35	0.0	87.917	19.427	-11.624	35.8	0.0	216.31	7.42
-1.0	3.1	0.0	83.964	25.603	-7.992	26.0	0.0	196.161	7.68	3.475	0.0	78.768	34.829	-14.286	11.2	0.0	209.336	7.4	4.975	0.0	81.986	26.765	-1.404	31.2	0.0	120.7	7.22	4.162	0.0	86.959	32.504	-1.195	26.2	0.0	213.017	6.72	7.412	0.0	85.455	14.124	-8.52	3.0	0.0	220.573	6.65	4.475	0.0	81.956	0.0	0.0	24.8	0.0	191.608	7.03	4.662	0.532	88.583	12.526	-12.51	46.6	0.0	193.255	7.22	5.412	0.0	80.367	26.765	-23.593	18.4	0.0	209.723	7.86	4.537	0.0	79.906	26.038	-25.76	24.8	0.0	189.187	7.52	4.662	0.0	85.466	19.791	-11.632	35.8	0.0	43.301	7.43
-1.0	2.913	0.532	74.704	25.675	-7.989	26.0	0.0	195.968	7.52	2.913	0.0	80.193	34.684	-14.389	11.2	0.0	209.529	7.28	5.1	0.0	83.465	27.056	-1.446	31.2	0.0	100.745	7.42	3.788	0.0	85.739	32.577	-0.968	26.2	0.0	212.823	6.72	7.287	0.0	84.861	14.051	-8.489	3.0	0.0	220.573	6.46	4.475	0.0	82.195	0.0	0.0	24.8	0.0	191.608	7.04	4.912	2.127	87.855	12.453	-12.551	46.6	1.307	186.571	7.4	5.6	0.0	80.215	26.983	-24.087	18.4	0.0	209.723	7.5	4.975	0.0	80.599	26.111	-25.429	24.8	0.0	153.732	7.46	4.037	0.0	83.671	19.5	-11.5	35.8	0.0	43.979	7.38
-1.0	3.163	0.0	74.021	26.038	-8.015	26.0	0.0	196.258	7.5	2.975	1.063	78.704	35.12	-14.47	11.2	0.0	169.813	7.28	5.162	0.0	83.02	26.692	-1.605	31.2	0.0	127.287	7.3	4.475	0.0	86.097	33.013	-1.268	26.2	0.0	210.692	6.31	7.225	0.0	86.15	14.051	-8.482	3.0	0.0	220.379	6.22	4.537	0.0	83.217	0.0	0.0	24.8	0.0	191.705	7.2	4.787	1.063	86.481	12.744	-12.63	46.6	1.534	171.944	7.48	5.537	0.0	79.115	26.91	-23.742	18.4	0.0	209.626	7.21	4.912	0.0	81.037	27.128	-25.603	24.8	1.467	159.545	7.2	3.475	0.0	84.838	19.427	-11.416	35.8	0.0	160.61	7.35
-1.0	2.85	1.063	75.069	26.111	-8.014	26.0	0.0	195.968	7.52	3.288	0.0	79.295	34.974	-14.389	11.2	1.081	132.324	7.07	5.1	0.0	83.835	27.564	-1.309	31.2	1.031	139.88	7.26	4.85	0.0	86.178	32.722	-1.464	26.2	0.0	213.695	6.43	7.412	0.0	84.653	13.979	-8.487	3.0	0.0	219.991	6.23	4.537	0.0	84.169	0.0	0.0	24.8	1.131	207.883	7.16	4.975	1.063	86.832	12.235	-12.711	46.6	1.743	183.956	7.36	5.6	0.0	79.284	27.128	-23.762	18.4	0.0	197.614	7.32	5.1	0.0	80.582	27.128	-25.669	24.8	2.129	162.354	7.04	3.975	0.0	85.258	19.355	-11.268	35.8	0.0	211.951	7.21
-1.0	2.788	0.532	73.235	25.82	-7.977	26.0	0.0	196.161	7.46	3.1	0.0	78.597	35.265	-14.354	11.2	0.0	132.324	7.2	5.037	0.0	82.555	26.692	-1.425	31.2	1.215	137.458	7.38	4.725	0.0	84.996	32.867	-1.353	26.2	1.869	204.008	6.37	7.1	0.0	84.478	14.197	-8.468	3.0	0.0	221.057	6.35	4.787	0.0	82.452	0.0	0.0	24.8	1.567	191.318	6.99	4.912	0.532	87.284	12.308	-12.752	46.6	0.0	176.884	7.3	5.537	0.0	79.587	27.419	-23.85	18.4	0.0	196.936	7.83	5.225	0.0	77.865	26.256	-25.713	24.8	0.0	186.571	7.21	3.85	0.0	84.309	19.5	-11.077	35.8	0.0	212.048	7.31
-1.0	2.6	0.0	73.555	26.256	-7.958	26.0	0.0	196.355	7.26	2.538	0.0	79.748	35.12	-14.389	11.2	0.0	132.227	7.74	5.037	0.0	80.339	27.128	-1.528	31.2	0.0	140.849	7.21	4.725	0.0	85.62	33.158	-1.387	26.2	1.718	199.067	6.78	7.225	0.0	83.767	13.906	-8.499	3.0	0.0	220.379	6.87	4.662	0.0	79.273	0.0	0.0	24.8	1.282	161.676	7.25	5.162	5.849	86.062	12.889	-13.058	46.6	0.0	188.509	7.21	5.6	0.0	79.373	26.983	-23.654	18.4	0.0	159.932	7.5	5.037	0.0	79.022	26.038	-25.744	24.8	0.0	159.932	7.21	3.975	0.0	83.892	19.791	-11.377	35.8	0.0	226.094	7.35
-1.0	3.225	0.0	74.119	25.82	-8.021	26.0	1.207	195.968	7.44	3.413	0.0	79.18	34.756	-14.552	11.2	0.0	132.13	7.52	5.037	0.0	80.29	27.273	-1.425	31.2	0.0	139.977	7.58	5.1	0.0	84.397	33.086	-1.549	26.2	1.81	224.254	6.87	7.35	0.0	83.089	13.979	-8.48	3.0	0.0	220.766	6.77	5.037	0.0	80.194	0.0	0.0	24.8	1.416	186.184	7.46	5.162	2.127	84.554	12.598	-12.898	46.6	1.886	183.181	7.8	5.85	0.0	76.739	27.273	-23.953	18.4	1.383	167.972	7.44	4.975	0.0	79.034	25.603	-25.818	24.8	1.877	166.907	7.58	4.1	0.0	82.264	19.5	-11.586	35.8	0.972	236.944	7.61
-1.0	3.225	0.0	72.094	26.111	-8.021	26.0	1.182	196.549	7.44	3.288	0.0	78.249	34.538	-14.458	11.2	0.0	132.227	7.36	5.1	0.0	80.012	27.128	-1.584	31.2	1.148	158.479	7.01	4.725	0.0	85.845	32.722	-1.387	26.2	1.994	204.88	6.78	7.287	0.0	82.599	14.124	-8.498	3.0	1.106	220.379	6.88	5.225	0.0	78.935	0.0	0.0	24.8	1.768	173.881	7.54	5.1	1.063	84.039	12.671	-12.533	46.6	0.0	183.665	7.89	5.6	0.0	76.282	26.547	-23.654	18.4	0.0	168.457	7.97	5.1	0.0	76.575	27.273	-25.766	24.8	2.103	174.269	7.66	3.975	0.0	81.998	19.427	-11.568	35.8	0.0	237.04	7.52
-1.0	3.35	0.0	74.07	26.038	-8.041	26.0	1.131	175.722	7.87	3.163	1.595	76.002	34.829	-14.505	11.2	0.0	132.324	7.47	5.037	0.0	78.967	26.91	-1.46	31.2	1.676	151.311	7.18	4.725	0.0	84.81	32.867	-1.251	26.2	2.003	209.529	6.76	7.6	0.0	81.697	13.906	-8.566	3.0	0.0	220.573	6.92	5.037	0.0	77.545	0.0	0.0	24.8	1.894	178.144	7.52	5.225	0.0	84.406	12.162	-13.124	46.6	0.0	199.746	7.68	5.6	0.0	76.689	27.419	-23.871	18.4	0.0	179.112	8.3	5.225	0.0	74.8	26.765	-25.713	24.8	1.944	170.007	7.7	4.1	0.0	79.894	19.791	-11.666	35.8	0.0	237.04	7.49
-1.0	2.725	0.532	74.436	25.675	-7.97	26.0	0.0	167.778	7.53	2.725	0.0	77.305	34.756	-14.216	11.2	0.0	132.227	8.11	5.1	0.0	75.8	27.273	-1.515	31.2	1.198	130.58	7.5	4.975	0.0	82.577	33.158	-1.438	26.2	1.961	202.555	6.7	7.35	0.0	82.557	14.197	-8.496	3.0	0.0	220.379	6.83	4.662	0.0	78.533	0.0	0.0	24.8	1.349	181.825	7.8	5.225	1.063	83.54	12.526	-13.069	46.6	1.718	219.216	7.83	5.6	0.0	74.576	27.273	-23.762	18.4	0.0	173.203	7.81	4.662	0.0	76.816	25.748	-1.0	24.8	1.475	242.756	7.49	3.788	0.0	81.053	19.355	-11.741	35.8	0.0	237.331	7.83
-1.0	3.538	0.0	72.144	26.329	-8.029	26.0	1.173	167.875	7.5	3.475	0.532	76.651	35.047	-14.493	11.2	0.0	166.132	7.99	5.1	0.0	76.429	26.983	-1.481	31.2	0.0	148.308	8.16	5.225	0.0	79.851	33.086	-1.489	26.2	1.81	223.479	6.39	7.162	0.0	83.791	13.979	-8.508	3.0	0.0	220.282	6.72	4.662	0.0	79.192	0.0	0.0	24.8	1.358	205.461	7.84	4.85	0.532	82.466	12.526	-13.34	46.6	0.0	0.775	7.88	5.6	0.0	73.562	26.765	-23.654	18.4	0.0	187.056	7.16	4.1	0.0	80.57	27.201	-25.701	24.8	0.0	333.135	7.67	4.037	0.0	80.178	19.427	-11.949	35.8	0.0	240.043	8.08
-1.0	3.35	1.063	72.443	25.966	-7.978	26.0	1.291	167.197	7.59	3.475	0.0	76.395	34.902	-14.564	11.2	0.0	159.448	7.9	4.912	0.0	75.63	27.201	-1.485	31.2	0.0	169.135	7.93	4.975	0.0	80.285	32.795	-1.404	26.2	1.19	213.985	6.7	7.1	0.0	81.517	13.615	-8.509	3.0	0.0	220.379	6.27	4.787	0.0	80.896	0.0	0.0	24.8	1.55	202.07	7.58	4.725	0.532	84.582	12.816	-13.261	46.6	0.0	30.901	7.76	5.225	0.0	73.872	27.346	-23.749	18.4	0.0	187.346	6.98	4.35	0.0	82.032	26.91	-25.505	24.8	0.0	333.038	7.72	3.85	0.0	80.093	19.573	-11.75	35.8	0.0	239.365	7.25
-1.0	2.225	0.532	73.579	25.748	-8.128	26.0	0.0	166.907	7.66	3.35	0.0	75.933	35.047	-14.611	11.2	0.0	160.707	7.83	4.787	0.0	75.337	26.62	-1.612	31.2	0.922	129.031	7.52	4.35	0.0	83.662	32.722	-1.259	26.2	0.0	225.416	6.88	7.225	0.0	80.579	13.688	-8.531	3.0	0.0	220.379	6.51	4.912	0.0	80.088	0.0	0.0	24.8	1.467	215.342	7.29	4.287	0.0	84.997	12.38	-13.357	46.6	0.0	33.904	7.02	5.225	0.0	78.795	26.765	-23.641	18.4	0.0	43.107	6.84	4.225	0.0	81.976	27.056	-25.651	24.8	0.0	333.135	7.8	4.225	0.0	78.426	19.5	-11.725	35.8	0.913	235.878	7.48
-1.0	2.6	0.532	72.468	25.893	-7.966	26.0	0.0	167.294	7.86	3.475	0.0	74.76	34.538	-14.218	11.2	0.939	188.509	7.56	4.662	0.0	77.311	26.838	-1.602	31.2	0.0	161.094	7.19	3.35	0.0	85.363	32.65	-1.015	26.2	0.0	225.803	6.89	7.287	0.0	79.763	14.197	-8.538	3.0	1.106	204.008	6.34	4.475	0.0	81.743	0.0	0.0	24.8	0.0	215.342	7.29	4.287	1.063	85.548	11.872	-13.535	46.6	0.0	105.588	7.1	5.225	0.0	79.47	27.564	-23.641	18.4	0.0	70.037	6.71	3.788	0.0	82.064	25.457	-25.593	24.8	0.0	333.135	7.92	4.162	0.0	78.082	19.355	-11.716	35.8	0.0	237.04	7.4
