-1.0	-0.212	523.745	0.0	24.44	-14.604	0.0	5.791	67.809	-6.8	-3.15	558.838	63.981	33.086	-7.121	0.0	6.83	85.149	-7.1	-4.838	0.0	66.369	22.624	-1.0	0.0	5.422	57.347	-4.0	5.412	0.0	58.254	0.0	-8.258	0.0	5.564	53.86	-6.84	-3.837	0.0	69.532	0.0	-1.0	9.2	3.939	59.284	-6.74	-5.775	0.0	65.002	0.0	0.0	0.0	5.28	42.429	-5.16	0.037	547.672	62.885	0.0	-1.0	0.2	5.564	29.545	-5.93	-1.087	0.0	64.84	25.893	-1.0	0.4	4.073	44.076	-5.06	1.975	0.0	61.628	20.227	-0.354	0.2	4.064	2.131	-4.23	8.225	0.0	59.53	11.799	-1.0	0.0	3.461	112.272	-5.27
-1.0	1.538	524.276	0.0	24.367	-15.156	0.0	5.028	66.743	-6.38	-2.4	556.711	64.809	32.359	-7.304	0.0	6.771	90.283	-7.0	-4.963	0.0	65.545	22.551	-1.0	0.0	5.573	63.837	-4.04	5.1	0.0	58.055	0.0	-8.192	0.0	5.64	51.825	-6.68	-3.4	0.0	68.867	0.0	-1.0	9.8	4.282	74.396	-6.84	-5.213	0.0	63.348	0.0	0.0	0.0	5.112	46.207	-4.94	0.287	554.584	63.715	0.0	-1.0	0.2	5.606	38.264	-5.69	-1.337	0.0	65.272	25.603	-1.0	0.4	4.182	48.144	-4.86	1.975	0.0	61.368	20.081	-0.134	0.2	4.039	356.578	-3.58	10.1	0.0	58.982	11.581	-1.0	0.0	2.883	92.801	-5.28
-1.0	0.662	523.745	0.0	24.222	-15.221	0.0	5.162	61.9	-6.26	-2.275	558.838	63.87	32.286	-7.283	0.0	6.461	85.439	-6.84	-4.838	0.0	65.703	22.624	-1.0	0.0	5.02	61.9	-3.7	6.412	0.0	57.999	0.0	-8.359	0.0	4.626	54.247	-6.64	-2.775	0.0	67.722	0.0	-1.0	10.6	4.123	65.871	-6.84	-6.088	0.0	64.0	0.0	0.0	0.0	5.028	55.313	-4.84	0.475	549.799	63.811	0.0	-1.0	0.2	4.693	31.87	-5.65	-0.9	0.0	65.176	26.038	-1.0	0.4	3.981	49.888	-4.96	2.288	0.0	61.992	20.081	-0.333	0.2	3.645	15.402	-3.66	8.6	0.0	57.813	11.872	-1.0	0.0	2.858	104.523	-5.24
-1.0	-0.087	520.554	0.0	24.367	-14.85	0.0	5.02	52.019	-6.4	-2.275	541.823	63.897	32.068	-7.251	0.0	6.763	89.605	-6.84	-4.9	0.0	66.469	22.697	-1.0	0.0	4.617	52.31	-3.72	5.912	0.0	59.178	0.0	-8.304	0.0	5.74	49.113	-6.58	-2.337	0.0	68.637	0.0	-1.0	12.8	3.779	63.644	-6.32	-5.588	0.0	64.924	0.0	0.0	0.0	4.266	33.323	-5.2	-0.212	551.394	63.063	0.0	-1.0	0.2	5.799	29.933	-5.5	-0.713	0.0	65.695	26.038	-1.0	0.4	3.712	32.645	-4.93	2.225	0.0	62.103	20.081	-0.312	0.2	4.559	20.343	-3.83	7.912	0.0	58.364	11.654	-1.0	0.0	3.034	53.278	-4.7
-1.0	-0.212	523.213	0.0	24.585	-14.604	0.0	6.294	58.025	-6.32	-2.65	554.053	64.25	32.286	-7.227	0.0	7.098	82.339	-7.04	-5.025	0.0	66.38	22.697	-1.0	0.0	6.092	48.919	-3.99	5.537	0.0	58.476	0.0	-8.287	0.0	5.724	40.879	-6.62	-1.837	0.0	68.153	0.0	-1.0	14.8	4.592	68.1	-6.65	-5.463	0.0	65.121	0.0	0.0	0.0	5.724	45.916	-4.96	0.287	551.926	63.711	0.0	-1.0	0.2	5.573	27.705	-5.66	-0.838	0.0	65.51	25.748	-1.0	0.4	4.307	52.213	-4.87	2.225	0.0	62.645	19.573	-0.312	0.2	4.333	15.887	-3.62	8.975	0.0	57.847	11.291	-1.0	0.0	3.293	97.064	-5.36
-1.0	0.975	524.276	0.0	24.15	-15.126	0.0	5.07	77.205	-6.44	-2.712	557.775	65.005	32.141	-7.316	0.0	7.065	85.924	-6.84	-4.9	0.0	66.697	22.987	-1.0	0.0	4.944	58.703	-3.88	6.662	0.0	58.466	0.0	-8.362	0.0	5.204	42.526	-6.34	-1.4	0.0	69.953	0.0	-1.0	15.0	3.763	97.064	-6.68	-5.713	0.0	64.677	0.0	0.0	0.0	5.028	47.176	-4.62	0.475	556.18	64.924	0.0	-1.0	0.2	5.28	36.617	-5.64	-0.713	0.0	65.875	25.748	-1.0	0.4	3.83	66.162	-5.12	2.163	0.0	61.671	19.791	-0.449	0.2	4.391	18.89	-3.58	8.35	0.0	58.845	11.581	-1.0	0.0	3.025	113.338	-5.04
-1.0	0.412	526.403	0.0	24.367	-15.096	0.0	5.564	77.205	-6.58	-2.462	562.029	65.366	32.141	-7.299	0.0	6.897	96.385	-6.8	-5.025	0.0	66.781	22.987	-1.0	0.0	5.187	47.563	-3.82	6.162	0.0	59.216	0.0	-8.223	0.0	5.363	43.301	-6.3	-1.212	0.0	68.692	0.0	-1.0	15.0	3.671	74.008	-6.32	-5.713	0.0	65.027	0.0	0.0	0.0	5.087	43.301	-4.86	0.225	553.521	63.519	0.0	-1.0	0.2	5.313	26.833	-5.39	-0.588	0.0	66.255	26.038	-1.0	0.4	4.098	30.127	-4.91	2.663	0.0	62.08	19.645	-0.715	0.2	3.57	10.268	-3.69	8.662	0.0	57.808	11.436	-1.0	0.0	3.218	63.837	-4.97
-1.0	1.663	524.276	0.0	24.077	-15.103	0.0	5.33	72.943	-6.54	-2.4	555.116	65.09	32.214	-7.328	0.0	6.821	87.377	-6.84	-4.838	0.0	66.392	22.624	-1.0	0.0	5.171	74.687	-3.72	5.912	0.0	59.751	0.0	-8.296	0.0	5.523	39.426	-6.35	-0.65	0.0	70.099	0.0	-1.0	18.2	3.545	54.15	-6.4	-5.15	0.0	65.425	0.0	0.0	0.0	4.81	26.736	-5.18	-0.15	552.458	64.013	0.0	-1.0	0.2	5.766	33.42	-5.54	-0.525	0.0	67.579	25.966	-1.0	0.4	4.039	51.728	-4.7	2.038	0.0	63.336	19.355	-0.281	0.2	4.123	11.334	-3.6	8.412	0.0	58.347	11.654	-1.0	0.0	3.101	99.873	-4.79
-1.0	-0.588	522.149	0.0	24.731	-14.834	0.0	5.397	62.093	-6.6	-2.712	554.053	65.824	32.359	-7.238	0.0	6.796	81.08	-6.84	-4.9	0.0	67.935	22.842	-1.0	0.0	4.953	42.526	-4.32	5.912	0.0	60.896	0.0	-8.352	0.0	5.246	47.176	-6.33	-1.025	0.0	69.583	0.0	-1.0	19.2	4.014	54.925	-6.36	-5.713	0.0	66.329	0.0	0.0	0.0	4.76	34.389	-4.94	0.537	554.053	64.526	0.0	-1.0	0.2	4.861	30.805	-5.55	-0.525	0.0	67.856	25.966	-1.0	0.4	3.637	52.31	-5.02	2.538	0.0	62.327	20.009	-0.576	0.2	3.779	9.687	-3.58	8.6	0.0	58.515	11.726	-1.0	0.0	3.503	98.323	-5.07
-1.0	0.35	524.276	0.0	24.15	-15.007	0.0	5.824	47.951	-6.84	-2.775	555.116	66.519	32.286	-7.295	0.0	6.654	80.886	-7.0	-4.963	0.0	67.603	22.769	-1.0	0.0	5.129	50.857	-4.13	5.85	0.0	59.982	0.0	-8.329	0.0	5.355	54.15	-6.42	-1.4	0.0	69.887	0.0	-1.0	19.2	3.888	54.731	-6.8	-5.713	0.0	66.705	0.0	0.0	0.0	4.752	44.948	-5.02	0.412	559.902	64.877	0.0	-1.0	0.2	5.053	17.727	-5.78	-1.212	0.0	66.028	26.111	-1.0	0.4	4.249	41.17	-4.72	3.663	0.0	62.459	19.863	-0.925	0.2	3.226	26.736	-3.88	8.225	0.0	58.823	11.799	-1.0	0.0	3.369	95.32	-4.88
-1.0	0.6	523.745	0.0	24.513	-14.978	0.0	5.883	69.068	-6.82	-2.9	552.989	66.853	32.141	-7.269	0.0	7.391	92.123	-6.86	-4.838	0.0	68.207	22.479	-1.0	0.0	5.414	56.572	-3.92	6.162	0.0	59.963	0.0	-8.298	0.0	5.321	43.107	-6.28	-0.838	0.0	70.335	0.0	-1.0	19.2	4.215	57.831	-6.83	-6.088	0.0	66.471	0.0	0.0	0.0	5.137	46.207	-4.99	0.287	554.584	65.012	0.0	-1.0	0.2	5.254	38.845	-5.42	-1.587	0.0	68.033	25.966	-1.0	0.4	3.939	34.098	-4.65	2.538	0.0	63.767	19.936	-0.544	0.2	4.274	347.859	-3.68	8.662	0.0	58.856	11.654	-1.0	0.0	3.344	85.052	-5.07
-1.0	0.787	523.213	0.0	25.021	-14.937	0.0	5.699	64.709	-6.84	-3.275	554.584	67.507	32.359	-7.284	0.0	7.442	86.408	-6.88	-5.088	0.0	68.379	22.987	-1.0	0.0	5.288	67.712	-3.87	5.1	0.0	60.622	0.0	-8.248	0.0	5.715	44.657	-6.24	-0.463	0.0	70.59	0.0	-1.0	19.4	3.738	74.299	-6.52	-6.025	0.0	66.656	0.0	0.0	0.0	5.263	45.141	-5.24	0.225	557.243	65.355	0.0	-1.0	0.2	5.254	25.767	-5.8	-2.587	0.0	67.504	25.893	-1.0	0.4	3.855	40.976	-4.58	3.475	0.0	63.331	19.791	-0.993	0.2	3.612	26.736	-3.56	8.287	0.0	60.674	11.581	-1.0	0.0	3.394	80.596	-4.82
-1.0	1.1	523.213	0.0	24.15	-14.845	0.0	5.372	53.472	-6.84	-2.962	552.989	66.976	32.359	-7.303	0.0	6.922	96.095	-6.97	-5.15	0.0	68.286	23.133	-1.0	0.0	5.682	53.569	-3.66	6.037	0.0	60.169	0.0	-8.35	0.0	4.886	49.694	-6.26	-0.338	0.0	71.321	0.0	-1.0	19.4	3.587	61.706	-6.84	-5.713	0.0	66.697	0.0	0.0	0.0	5.07	52.503	-4.85	0.537	555.648	64.751	0.0	-1.0	0.2	5.162	28.383	-5.64	-2.837	0.0	67.864	26.184	-1.0	0.4	3.62	55.216	-5.04	3.475	0.0	63.065	20.227	-0.993	0.2	4.14	5.134	-3.68	7.912	0.0	59.458	12.09	-1.0	0.0	3.008	107.041	-5.02
-1.0	0.912	524.276	0.0	23.932	-14.961	0.0	4.793	61.319	-6.62	-2.837	549.799	67.549	32.068	-7.275	0.0	6.679	83.599	-6.83	-4.963	0.0	69.087	22.987	-1.0	0.0	5.062	57.444	-4.06	4.975	0.0	59.613	0.0	-8.251	0.0	5.858	37.876	-6.04	-0.463	0.0	70.334	0.0	-1.0	19.4	4.299	56.281	-6.36	-5.463	0.0	67.144	0.0	0.0	0.0	4.936	32.742	-5.0	0.163	556.711	65.114	0.0	-1.0	0.2	5.933	34.001	-5.53	-2.9	0.0	67.885	25.966	-1.0	0.4	4.165	56.475	-4.6	2.475	0.0	63.565	19.936	-0.332	0.2	4.224	6.297	-3.51	7.412	0.0	60.086	11.291	-1.0	0.0	3.444	99.776	-5.16
-1.0	0.163	523.745	0.0	24.15	-15.049	0.0	6.059	80.886	-6.72	-2.775	551.926	66.847	32.359	-7.28	0.0	7.509	79.24	-6.64	-5.088	0.0	68.425	23.278	-1.0	0.0	5.807	49.113	-3.94	5.475	0.0	61.607	0.0	-8.264	0.0	5.682	51.341	-6.18	-0.713	0.0	70.084	0.0	-1.0	19.6	4.953	68.778	-6.7	-5.025	0.0	66.164	0.0	0.0	0.0	5.766	51.632	-4.88	0.6	555.116	66.941	0.0	-1.0	0.2	5.564	39.91	-5.83	-3.212	0.0	67.929	25.82	-1.0	0.4	4.249	29.158	-4.73	3.413	0.0	64.565	19.5	-0.709	0.2	4.165	8.04	-3.67	8.725	0.0	60.926	11.581	-1.0	0.0	3.905	77.011	-4.99
-1.0	1.413	522.681	0.0	24.295	-14.465	0.0	6.101	69.843	-6.92	-3.087	550.862	67.744	32.286	-7.292	0.0	6.939	90.864	-6.85	-5.025	0.0	70.147	22.769	-1.0	0.0	5.263	70.328	-3.89	5.1	0.0	61.024	0.0	-8.248	0.0	5.238	42.235	-6.11	-0.588	0.0	71.839	0.0	-1.0	20.2	3.746	65.193	-6.84	-3.587	0.0	67.835	0.0	0.0	0.0	5.715	43.785	-5.33	0.35	554.584	66.369	0.0	-1.0	0.2	5.531	24.799	-5.82	-3.212	0.0	68.811	25.748	-1.0	0.4	3.838	24.895	-4.89	2.913	0.0	63.934	19.5	-0.445	0.2	4.115	23.733	-3.68	8.35	0.0	60.843	11.436	-1.0	0.0	2.925	103.748	-4.96
-1.0	1.225	522.681	0.0	24.513	-14.944	0.0	5.305	64.515	-6.8	-2.712	551.394	67.364	32.141	-7.293	0.0	6.847	104.135	-7.06	-5.213	0.0	68.818	22.769	-1.0	0.0	5.221	58.316	-4.26	6.162	0.0	61.337	0.0	-8.412	0.0	5.33	39.426	-6.12	-0.212	0.0	71.472	0.0	-1.0	20.8	4.249	59.865	-6.52	-2.9	0.0	68.424	0.0	0.0	0.0	5.003	51.147	-4.86	0.662	556.18	67.455	0.0	-1.0	0.2	5.397	29.545	-5.89	-3.275	0.0	69.097	26.111	-1.0	0.4	3.897	58.703	-4.58	3.538	0.0	64.957	19.427	-0.751	0.2	3.495	6.393	-4.02	6.85	0.0	60.678	11.436	-1.0	0.0	3.495	94.739	-5.18
-1.0	0.287	523.213	0.0	24.367	-14.919	0.0	5.665	47.951	-6.14	-2.212	550.331	67.616	32.214	-7.421	0.0	7.023	93.867	-6.88	-5.088	0.0	69.623	23.423	-1.0	0.0	4.835	45.335	-3.64	5.537	0.0	61.47	0.0	-8.279	0.0	5.439	47.273	-6.17	-0.525	0.0	71.241	0.0	-1.0	21.2	4.307	90.767	-6.74	-2.65	0.0	67.602	0.0	0.0	0.0	5.12	37.489	-4.94	0.537	555.648	65.488	0.0	-1.0	0.2	5.12	27.511	-6.02	-3.4	0.0	69.52	26.038	-1.0	0.4	4.55	41.17	-4.48	3.35	0.0	64.243	19.573	-0.623	0.2	3.729	31.192	-3.6	8.412	0.0	62.442	11.581	-1.0	0.0	3.637	97.257	-4.92
-1.0	0.163	521.086	0.0	24.295	-14.896	0.0	5.841	55.991	-6.6	-2.837	550.862	68.283	32.359	-7.259	0.0	7.324	88.83	-6.84	-5.025	0.0	70.001	22.624	-1.0	0.0	5.774	56.863	-3.88	5.725	0.0	61.429	0.0	-8.218	0.0	5.397	44.463	-5.88	0.1	0.0	71.055	0.0	-1.0	21.4	3.88	54.538	-6.58	-2.212	0.0	69.335	0.0	0.0	0.0	5.43	44.56	-4.9	0.6	554.053	66.86	0.0	-1.0	0.2	5.38	15.596	-5.96	-3.337	0.0	68.834	25.966	-1.0	0.4	4.785	42.041	-4.86	2.725	0.0	64.489	19.791	-0.544	0.2	4.685	0.969	-4.26	7.6	0.0	61.552	11.654	-1.0	0.0	3.327	100.26	-4.58
-1.0	-0.525	518.427	0.0	24.44	-17.011	0.0	6.118	49.113	-6.62	-3.15	550.862	68.229	32.795	-7.24	0.0	7.056	97.838	-6.72	-5.025	0.0	70.615	22.769	-1.0	0.0	4.928	60.059	-4.04	5.475	0.0	62.738	0.0	-8.157	0.0	5.724	43.688	-6.0	-0.212	0.0	71.031	0.0	-1.0	22.0	4.601	53.763	-6.4	-2.4	0.0	67.085	0.0	0.0	0.0	4.793	37.682	-5.4	0.163	556.18	68.138	0.0	-1.0	0.2	5.573	31.58	-6.12	-3.587	0.0	69.177	25.748	-1.0	0.4	4.659	49.694	-5.1	2.725	0.0	65.096	19.718	-0.511	0.2	4.207	0.097	-3.64	7.6	0.0	61.12	11.581	-1.0	0.0	3.771	103.941	-4.84
-1.0	-0.463	520.023	0.0	24.15	-14.413	0.0	6.671	45.529	-6.5	-2.837	549.799	68.428	32.286	-7.329	0.0	6.746	87.473	-6.88	-4.963	0.0	72.02	23.133	-1.0	0.0	4.911	46.013	-4.64	5.35	0.0	64.398	0.0	-8.227	0.0	5.514	43.301	-5.77	0.287	0.0	73.12	0.0	-1.0	22.6	3.972	67.615	-6.34	-2.462	0.0	68.834	0.0	0.0	0.0	5.908	38.167	-5.44	0.662	554.053	69.76	0.0	-1.0	0.2	5.104	12.593	-6.24	-3.65	0.0	70.933	26.038	-1.0	0.4	3.746	56.959	-5.13	3.35	0.0	66.381	19.5	-0.787	0.2	4.165	40.492	-4.17	8.35	0.0	62.901	11.654	-1.0	0.0	3.847	87.086	-5.04
-1.0	0.163	520.554	0.0	24.004	-15.049	0.0	5.531	56.572	-7.06	-3.087	548.204	70.522	32.214	-7.3	0.0	7.081	98.226	-7.05	-5.213	0.0	72.54	22.987	-1.0	0.0	4.777	54.247	-4.49	5.412	0.0	65.701	0.0	-8.258	0.0	5.682	38.07	-5.99	-0.212	0.0	73.96	0.0	-1.0	22.8	4.358	55.7	-6.84	-2.525	0.0	68.985	0.0	0.0	0.0	5.07	25.574	-5.65	0.037	554.584	71.249	0.0	-1.0	0.2	5.942	19.374	-5.96	-3.462	0.0	73.128	25.893	-1.0	0.4	3.754	58.897	-5.12	3.038	0.0	68.141	19.863	-0.584	0.2	4.374	317.636	-3.74	7.912	0.0	63.056	11.581	-1.0	0.0	3.847	91.736	-5.52
-1.0	0.225	516.832	0.0	24.658	-15.138	0.0	6.009	51.438	-6.98	-3.212	544.482	71.733	33.086	-7.297	0.0	6.821	91.542	-7.38	-5.338	0.0	74.068	22.915	-1.0	0.0	5.187	51.728	-4.56	5.6	0.0	66.256	0.0	-8.63	0.0	5.254	49.888	-6.18	-0.087	0.0	74.892	0.0	-1.0	24.2	3.863	65.775	-6.84	-1.962	0.0	70.174	0.0	0.0	0.0	5.64	41.073	-5.36	0.287	551.394	71.798	0.0	-1.0	0.2	5.355	27.123	-6.32	-3.525	0.0	73.149	25.385	-1.0	0.4	4.039	30.417	-5.16	2.975	0.0	67.83	19.5	-0.693	0.2	4.266	14.724	-4.16	7.412	0.0	64.877	11.363	-1.0	0.0	3.469	85.052	-5.5
-1.0	0.975	516.301	0.0	24.658	-14.897	0.0	5.363	64.128	-6.76	-2.65	545.013	71.56	32.359	-7.322	0.0	6.252	94.351	-7.3	-5.4	0.0	74.98	23.06	-1.0	0.0	4.877	67.325	-4.46	5.662	0.0	65.031	0.0	-8.325	0.0	5.137	47.951	-5.95	0.287	0.0	75.249	0.0	-1.0	26.6	3.88	70.521	-6.83	-2.212	0.0	70.912	0.0	0.0	0.0	4.928	41.267	-5.07	0.537	551.394	70.627	0.0	-1.0	0.2	5.07	29.545	-6.22	-3.837	0.0	73.649	26.184	-1.0	0.4	3.93	42.332	-4.84	3.475	0.0	67.713	19.282	-0.862	0.2	4.014	4.456	-4.3	6.912	0.0	66.459	11.581	-1.0	0.0	3.721	89.411	-5.6
-1.0	-0.713	513.642	0.0	24.44	-15.117	0.0	5.581	62.19	-6.85	-3.087	540.76	72.22	32.068	-7.307	0.0	7.065	87.861	-7.12	-5.275	0.0	74.076	23.06	-1.0	0.0	4.986	63.45	-3.86	5.912	0.0	65.115	0.0	-8.376	0.0	5.12	50.857	-6.12	-0.025	0.0	75.118	0.0	-1.0	27.4	3.754	55.41	-6.66	-2.15	0.0	70.726	0.0	0.0	0.0	5.062	38.942	-5.08	0.475	552.989	69.056	0.0	-1.0	0.2	5.271	28.383	-6.42	-3.337	0.0	72.406	25.603	-1.0	0.4	3.562	45.238	-5.07	2.725	0.0	66.135	19.5	-0.479	0.2	3.888	11.043	-4.15	7.662	0.0	65.114	11.654	-1.0	0.0	3.503	95.32	-5.42
-1.0	0.412	516.832	0.0	23.786	-15.019	0.0	5.254	79.821	-7.1	-3.65	542.355	72.264	32.432	-7.244	0.0	7.039	84.858	-7.04	-5.088	0.0	73.261	22.987	-1.0	0.0	4.626	53.375	-3.78	6.1	0.0	63.87	0.0	-8.316	0.0	5.807	43.591	-5.88	0.287	0.0	74.293	0.0	-1.0	28.2	3.562	68.681	-6.08	-1.712	0.0	70.054	0.0	0.0	0.0	4.492	36.714	-4.95	0.537	550.331	69.807	0.0	-1.0	0.2	5.615	24.605	-6.3	-3.212	0.0	72.406	25.094	-1.0	0.4	4.5	55.119	-4.8	2.913	0.0	67.415	20.081	-0.542	0.2	4.374	0.0	-3.86	7.412	0.0	63.829	11.726	-1.0	0.0	3.712	83.502	-5.0
-1.0	0.85	511.515	0.0	24.44	-15.025	0.0	5.69	58.606	-6.89	-3.212	540.228	70.557	31.996	-7.235	0.0	6.855	88.83	-6.72	-4.963	0.0	73.876	22.842	-1.0	0.0	5.011	65.097	-4.16	5.225	0.0	64.459	0.0	-8.23	0.0	5.866	57.153	-5.78	0.225	0.0	74.172	0.0	-1.0	28.8	4.316	53.278	-5.89	-1.462	0.0	69.272	0.0	0.0	0.0	4.827	30.805	-5.2	0.6	551.926	69.082	0.0	-1.0	0.2	5.581	19.277	-5.84	-1.587	0.0	72.429	25.748	-1.0	0.4	3.997	54.247	-4.96	3.288	0.0	66.464	20.299	-0.537	0.2	4.14	27.705	-3.6	5.912	0.0	63.452	11.654	-1.0	0.0	3.981	82.727	-5.3
-1.0	-0.338	514.174	0.0	24.367	-14.729	0.0	6.294	66.55	-6.84	-3.275	539.696	71.422	31.923	-7.253	0.0	7.852	98.614	-6.84	-5.025	0.0	73.732	22.842	-1.0	0.0	5.095	74.59	-4.4	4.537	0.0	65.146	0.0	-8.157	0.0	5.64	49.694	-5.94	0.537	0.0	73.18	0.0	-1.0	28.8	4.274	69.94	-6.69	-1.712	0.0	69.04	0.0	0.0	0.0	5.74	42.72	-5.64	-0.212	546.609	69.72	0.0	-1.0	0.2	6.185	33.614	-5.84	-1.275	0.0	71.333	25.893	-1.0	0.4	3.788	52.503	-5.1	2.85	0.0	67.714	19.791	-0.424	0.2	5.212	10.752	-3.75	7.037	0.0	64.375	11.436	-1.0	0.0	3.914	70.328	-5.18
-1.0	-1.275	510.452	0.0	24.222	-15.013	0.0	6.134	58.703	-6.84	-3.15	537.038	71.422	32.286	-7.232	0.0	7.458	109.075	-7.12	-5.275	0.0	74.147	22.769	-1.0	0.0	5.749	61.319	-4.56	3.663	0.0	65.584	0.0	-8.042	0.0	6.528	45.141	-6.16	-0.212	0.0	74.281	0.0	-1.0	28.8	4.701	63.062	-6.6	-2.025	0.0	70.0	0.0	0.0	0.0	5.883	31.773	-5.48	0.287	546.077	70.273	0.0	-1.0	0.2	6.201	20.633	-5.9	-0.963	0.0	71.614	25.748	-1.0	0.4	4.777	47.466	-4.66	2.975	0.0	67.621	20.227	-0.563	0.2	4.651	26.349	-4.08	6.475	0.0	64.525	11.872	-1.0	0.0	3.738	84.567	-5.26
-1.0	-0.525	510.452	0.0	24.44	-14.845	0.0	6.243	55.216	-7.0	-3.712	538.633	71.899	32.214	-7.185	0.0	7.634	92.317	-6.92	-5.025	0.0	74.024	22.842	-1.0	0.0	5.749	51.147	-4.53	4.162	0.0	66.004	0.0	-8.061	0.0	6.025	39.813	-6.24	-0.4	0.0	75.209	0.0	-1.0	28.8	4.852	67.034	-6.32	-1.462	0.0	70.179	0.0	0.0	0.0	5.74	41.848	-5.62	0.475	546.077	70.838	0.0	-1.0	0.2	5.983	37.004	-5.87	-0.9	0.0	72.52	25.893	-1.0	0.4	4.215	38.845	-5.18	2.913	0.0	67.496	19.5	-0.671	0.2	4.366	5.328	-4.18	6.662	0.0	64.664	11.508	-1.0	0.0	3.964	95.901	-4.98
