7.42	7.787	196.737	65.709	25.385	-12.251	34.8	0.955	169.135	6.26	8.162	204.712	65.421	33.158	-8.419	28.8	0.0	218.732	6.28	7.35	0.0	65.043	24.222	-11.117	0.0	0.0	207.204	7.19	10.287	0.0	65.149	29.962	-3.831	35.0	1.106	199.067	6.78	7.35	0.0	66.789	11.291	-9.382	0.0	1.768	196.743	6.9	7.537	0.0	66.215	0.0	0.0	0.2	2.078	185.312	7.48	7.6	159.516	66.265	9.91	-1.0	0.0	1.869	174.172	6.54	6.787	0.0	66.286	26.402	-12.575	31.6	1.081	193.449	7.32	6.85	0.0	64.843	21.534	-17.024	0.0	0.0	148.986	6.72	9.537	0.0	66.183	9.402	-1.0	37.2	1.374	209.142
7.67	8.225	204.712	66.109	25.021	-12.325	34.8	0.905	215.342	6.28	8.412	220.132	64.687	34.03	-8.403	28.8	1.668	266.101	6.22	7.537	0.0	65.658	24.15	-11.393	0.0	1.307	218.441	7.57	10.412	0.0	65.763	31.124	-3.72	35.0	1.391	192.383	6.9	7.6	0.0	67.807	10.855	-9.414	0.0	0.0	203.33	7.0	7.287	0.0	67.476	0.0	0.0	0.2	0.0	194.03	7.6	7.225	156.326	66.83	9.402	-1.0	0.0	0.0	172.525	6.54	6.662	0.0	67.069	26.402	-12.649	31.6	0.0	212.242	7.36	6.787	0.0	64.767	21.098	-17.01	0.0	0.0	151.795	6.85	9.725	0.0	66.179	9.765	-1.0	37.2	0.0	238.978
7.3	7.725	199.927	64.812	25.603	-12.326	34.8	0.0	232.391	6.1	7.912	241.401	64.628	33.449	-8.46	28.8	1.274	271.429	6.37	7.35	0.0	65.713	23.932	-11.207	0.0	1.483	227.935	7.62	10.412	0.0	64.123	30.615	-3.642	35.0	1.048	208.658	6.88	7.35	0.0	65.668	10.927	-9.373	0.0	0.0	207.011	7.02	7.35	0.0	66.454	0.0	0.0	0.2	0.0	203.717	7.54	7.162	147.287	65.676	10.201	-1.0	0.0	0.0	179.984	6.58	6.6	0.0	66.591	26.62	-12.591	31.6	0.0	211.467	7.36	6.725	0.0	63.885	21.68	-17.356	0.0	0.0	160.707	6.76	9.475	0.0	65.1	9.329	-1.0	37.2	1.559	229.678
7.54	7.662	182.38	64.909	24.731	-12.316	34.8	0.0	189.574	6.2	7.6	195.141	64.946	33.667	-8.355	28.8	0.0	244.015	6.32	7.287	0.0	64.831	24.367	-11.079	0.0	1.55	217.473	7.9	10.662	0.0	61.518	31.051	-3.925	35.0	1.911	196.743	7.09	7.35	0.0	64.912	11.291	-9.373	0.0	0.0	196.743	7.15	7.35	0.0	65.197	0.0	0.0	0.2	0.0	196.355	7.84	7.35	140.906	62.967	9.838	-1.0	0.0	0.0	155.67	6.65	6.475	0.0	65.19	26.329	-12.569	31.6	2.078	224.641	7.58	6.6	0.0	62.95	21.244	-17.056	0.0	0.0	142.883	7.27	9.6	0.0	60.679	9.765	-1.0	37.2	1.735	251.28
7.5	7.537	171.746	65.423	24.949	-12.126	34.8	1.525	212.242	6.04	7.412	189.292	64.508	33.521	-8.334	28.8	1.575	239.656	6.29	7.037	0.0	65.317	24.367	-11.221	0.0	0.0	207.011	7.32	10.037	0.0	64.87	31.051	-3.819	35.0	2.095	173.397	6.93	7.35	0.0	65.84	10.709	-9.365	0.0	0.0	215.245	7.06	7.037	0.0	65.099	0.0	0.0	0.2	1.626	176.594	7.64	7.287	138.779	64.954	9.765	-1.0	0.0	1.416	177.562	6.74	6.787	0.0	64.713	26.547	-12.817	31.6	0.905	164.969	7.64	6.412	0.0	61.784	21.171	-17.192	0.0	0.0	147.533	7.21	8.912	0.0	61.937	9.983	-1.0	37.2	1.869	209.723
7.48	7.35	154.199	65.063	25.239	-12.179	34.8	0.0	188.896	6.04	7.35	161.643	64.727	33.449	-8.327	28.8	1.408	259.902	6.25	6.662	0.0	65.691	24.658	-11.074	0.0	1.676	212.242	7.35	9.537	0.0	65.013	31.124	-3.753	35.0	1.542	189.477	6.86	7.225	0.0	65.827	11.073	-9.315	0.0	2.112	211.079	6.95	6.662	0.0	66.088	0.0	0.0	0.2	0.0	201.974	7.48	6.975	128.676	66.02	9.838	-25.937	0.0	0.0	177.175	6.42	6.287	0.0	66.534	26.474	-12.682	31.6	1.852	222.607	7.46	6.287	0.0	64.151	21.244	-16.895	0.0	0.0	160.998	6.91	8.475	0.0	65.727	9.91	-1.0	37.2	1.676	220.379
7.32	7.037	164.833	66.454	25.021	-14.039	34.8	0.955	178.434	6.18	7.6	170.151	65.678	33.376	-8.302	28.8	0.0	224.641	6.14	6.85	0.0	66.834	24.077	-11.102	0.0	1.022	206.43	7.2	9.225	0.0	65.997	30.833	-3.529	35.0	1.039	196.743	6.71	7.225	0.0	67.234	11.0	-9.315	0.0	1.978	212.048	6.87	6.475	0.0	66.643	0.0	0.0	0.2	0.0	192.48	7.27	6.725	129.208	67.606	9.474	-1.0	0.0	0.0	168.844	6.41	6.287	0.0	67.153	26.692	-12.732	31.6	0.0	181.147	7.21	6.412	0.0	65.89	21.534	-17.192	0.0	0.0	144.239	6.67	8.475	0.0	66.958	9.329	-1.0	37.2	1.19	212.629
7.43	7.662	186.634	65.219	25.021	-12.188	34.8	0.972	209.82	6.12	7.412	194.078	65.232	34.321	-8.317	28.8	0.0	274.723	6.14	6.912	0.0	66.969	24.077	-11.172	0.0	1.341	215.342	7.46	10.662	0.0	65.197	30.543	-4.119	35.0	1.274	195.58	6.88	7.975	0.0	67.91	11.073	-9.435	0.0	1.927	205.267	6.86	6.6	0.0	66.614	0.0	0.0	0.2	0.0	191.996	7.43	6.975	142.501	67.958	9.547	-1.0	0.0	0.0	190.446	6.42	6.475	0.0	67.45	26.547	-12.714	31.6	0.0	214.47	7.3	6.1	0.0	66.124	21.389	-17.119	0.0	0.0	151.02	6.74	9.412	0.0	66.62	10.056	-1.0	37.2	1.064	226.578
7.4	7.6	195.673	65.433	25.53	-12.22	34.8	1.156	204.492	6.03	7.725	216.41	65.298	34.03	-8.378	28.8	1.131	228.516	6.23	7.162	0.0	66.743	23.859	-11.148	0.0	1.291	211.079	7.38	10.787	0.0	65.702	30.688	-4.163	35.0	1.022	192.674	6.84	7.6	0.0	66.746	11.363	-9.396	0.0	0.0	200.908	7.04	7.162	0.0	67.376	0.0	0.0	0.2	0.0	188.315	7.44	7.162	154.731	67.799	9.838	-1.0	0.0	0.0	175.431	6.47	6.662	0.0	67.191	26.547	-12.897	31.6	0.0	190.543	7.22	6.225	0.0	66.164	21.607	-17.33	0.0	0.0	122.734	7.0	9.85	0.0	66.585	10.056	-1.0	37.2	0.0	236.459
7.51	7.975	232.362	66.107	25.675	-12.325	34.8	2.087	233.166	5.99	7.6	214.815	65.536	33.739	-8.39	28.8	1.927	230.26	6.16	7.35	0.0	67.187	24.004	-11.177	0.0	1.701	213.792	7.37	11.1	0.0	64.851	30.252	-4.04	35.0	1.274	196.161	6.85	7.85	0.0	66.585	11.291	-9.428	0.0	0.0	204.88	6.93	7.162	0.0	67.005	0.0	0.0	0.2	0.0	190.059	7.48	6.975	171.214	66.292	9.62	-1.0	0.0	0.0	178.434	6.54	6.912	0.0	66.34	26.474	-12.839	31.6	1.894	211.661	7.24	6.225	0.0	66.331	21.171	-17.33	0.0	0.0	152.473	7.14	9.912	0.0	66.041	9.838	-1.0	37.2	1.115	216.504
7.59	8.725	275.963	66.149	25.603	-12.452	34.8	1.986	217.085	6.08	8.162	272.241	66.284	33.885	-8.419	28.8	1.81	259.224	6.28	8.037	0.0	67.317	24.15	-11.374	0.0	1.835	223.479	7.83	13.35	0.0	64.877	30.615	-5.122	35.0	0.0	181.147	6.96	8.35	0.0	67.63	11.363	-9.528	0.0	0.0	197.13	7.16	7.537	0.0	67.047	0.0	0.0	0.2	1.156	189.477	7.62	7.037	266.924	66.806	9.91	-1.0	0.0	0.0	166.713	6.52	6.787	0.0	67.334	26.474	-12.868	31.6	1.969	204.88	7.21	6.225	0.0	66.597	21.171	-16.706	0.0	0.0	144.723	7.52	10.725	0.0	65.372	10.201	-1.0	37.2	1.634	233.456
7.66	10.162	421.123	65.807	24.949	-12.617	34.8	1.902	227.644	6.15	8.912	350.935	65.999	33.449	-8.496	28.8	1.894	277.629	6.24	9.725	0.0	68.485	23.786	-11.485	0.0	1.299	205.655	8.09	15.475	0.0	65.198	31.269	-5.669	35.0	0.0	189.284	7.18	9.662	0.0	67.428	11.581	-9.683	0.0	0.0	210.304	7.28	8.725	0.0	66.718	0.0	0.0	0.2	0.0	196.743	7.62	7.287	433.352	67.185	9.474	-1.0	0.0	0.0	187.734	6.62	7.6	0.0	67.487	26.474	-12.909	31.6	2.036	194.321	7.22	6.287	0.0	66.653	21.752	-17.163	0.0	0.0	124.865	7.42	12.725	0.0	64.97	9.402	-1.0	37.2	1.408	224.06
7.97	10.975	414.21	65.753	25.167	-12.762	34.8	0.0	208.367	6.21	9.475	411.02	65.955	33.521	-8.589	28.8	0.0	266.876	6.38	9.537	0.0	67.255	24.295	-11.579	0.0	1.467	222.219	8.86	16.288	0.0	61.677	31.051	-6.045	35.0	0.0	206.042	7.44	10.162	0.0	65.138	11.363	-9.769	0.0	0.0	179.984	7.52	9.85	0.0	65.645	0.0	0.0	0.2	0.0	201.683	7.7	7.412	343.491	66.712	9.62	-1.0	0.0	2.129	187.152	6.6	7.975	0.0	66.972	26.474	-12.975	31.6	1.659	213.598	7.32	6.1	0.0	65.007	21.752	-17.3	0.0	0.0	143.077	7.9	13.85	0.0	63.812	9.474	-1.0	37.2	1.55	231.228
8.04	11.225	357.848	65.683	25.239	-12.721	34.8	0.997	210.111	6.34	10.162	406.766	66.087	33.594	-8.643	28.8	2.103	231.422	6.4	10.787	0.0	66.612	24.004	-11.85	0.0	1.358	203.233	8.38	14.975	0.0	63.811	30.761	-5.492	35.0	0.0	183.084	7.28	10.537	0.0	66.88	10.782	-9.888	0.0	0.0	201.586	7.66	9.662	0.0	65.369	0.0	0.0	0.2	0.0	196.064	7.88	7.6	320.096	65.819	9.402	-1.0	0.0	2.053	166.713	6.78	7.975	0.0	66.41	26.474	-13.286	31.6	0.0	219.41	7.4	6.35	0.0	65.405	21.752	-17.451	0.0	0.0	134.552	8.27	16.35	0.0	60.103	9.692	-1.0	37.2	1.039	245.662
8.4	12.225	397.195	64.563	25.53	-12.862	34.8	0.0	170.394	6.45	10.975	373.268	65.455	33.376	-8.751	28.8	0.997	259.902	6.24	10.537	0.0	66.772	24.295	-11.742	0.0	1.156	207.108	7.7	13.35	0.0	64.469	30.543	-4.667	35.0	0.0	195.096	7.29	11.35	0.0	66.638	10.782	-10.012	0.0	2.07	197.421	7.35	9.037	0.0	66.513	0.0	0.0	0.2	0.0	187.443	7.56	7.412	302.549	67.363	9.838	-1.0	0.0	2.137	172.428	6.62	7.787	0.0	67.056	26.62	-13.199	31.6	1.751	201.005	7.35	6.412	0.0	65.997	21.534	-17.012	0.0	0.0	151.892	7.62	16.1	0.0	64.785	9.765	-1.0	37.2	1.182	212.048
7.86	10.85	346.15	65.322	24.731	-12.784	34.8	0.0	236.362	6.61	10.537	365.292	65.483	33.086	-8.734	28.8	2.129	281.213	6.3	10.475	0.0	68.416	24.295	-12.76	0.0	1.207	204.686	7.99	15.412	0.0	65.098	30.979	-5.604	35.0	1.14	194.805	7.49	10.037	0.0	66.131	11.073	-9.809	0.0	1.886	212.242	7.36	9.037	0.0	66.894	0.0	0.0	0.2	1.081	186.184	7.56	7.6	314.779	68.411	9.547	-1.0	0.0	0.0	170.975	6.58	7.537	0.0	68.282	26.692	-12.999	31.6	0.0	209.142	7.39	6.475	0.0	66.058	21.244	-17.761	0.0	0.0	145.402	7.44	16.538	0.0	65.358	9.765	-1.0	37.2	1.173	224.738
7.58	11.225	513.642	67.178	25.385	-12.942	34.8	0.0	230.744	6.54	10.1	393.473	66.394	33.739	-8.734	28.8	1.911	240.915	6.39	9.725	0.0	68.113	24.004	-11.74	0.0	1.207	230.744	8.62	17.038	0.0	65.237	30.688	-6.223	35.0	2.053	210.692	7.38	10.85	0.0	67.438	10.927	-10.048	0.0	0.0	203.33	7.66	9.725	0.0	67.03	0.0	0.0	0.2	0.0	201.877	8.03	8.537	343.491	66.636	9.62	-1.0	0.0	0.0	175.334	6.78	8.85	0.0	68.132	26.62	-13.287	31.6	1.81	218.345	7.59	6.537	0.0	65.63	21.68	-17.682	0.0	0.0	150.245	8.07	14.162	0.0	66.126	9.692	-1.0	37.2	1.433	244.984
8.17	11.912	466.851	65.651	25.312	-13.163	34.8	2.028	187.734	6.36	10.35	466.319	66.253	33.594	-8.738	28.8	2.129	234.522	6.72	11.1	0.0	66.832	24.585	-12.039	0.0	0.0	220.669	8.68	17.725	0.0	57.489	30.979	-6.421	35.0	1.45	200.908	7.96	11.225	0.0	64.983	11.0	-9.994	0.0	1.726	194.708	7.69	9.475	0.0	66.357	0.0	0.0	0.2	1.936	187.734	8.1	9.475	430.694	64.98	9.692	-1.0	0.0	0.0	160.61	6.92	8.537	0.0	66.354	26.62	-13.282	31.6	0.0	202.845	7.79	6.412	0.0	63.014	21.026	-18.031	0.0	0.0	135.908	8.4	15.6	0.0	56.484	9.184	-1.0	37.2	1.643	288.478
8.3	12.35	392.41	66.576	25.457	-13.247	34.8	0.0	207.592	6.48	11.037	418.996	67.219	33.594	-8.805	28.8	1.031	260.483	6.41	10.475	0.0	68.33	24.585	-11.968	0.0	1.358	211.854	8.32	17.85	0.0	65.706	30.688	-6.511	35.0	2.028	197.905	7.46	10.475	0.0	67.372	11.291	-9.879	0.0	0.0	215.535	7.96	10.975	0.0	64.542	0.0	0.0	0.2	1.274	177.659	8.45	10.225	441.328	62.763	9.983	-1.0	0.0	0.0	166.81	7.32	9.162	0.0	64.126	26.692	-13.24	31.6	0.0	205.558	7.84	6.412	0.0	63.496	21.171	-17.652	0.0	0.0	138.039	8.26	16.038	0.0	62.338	9.329	-1.0	37.2	0.0	206.042
8.06	10.412	294.041	67.509	25.312	-12.794	34.8	1.483	221.735	6.54	9.912	333.92	66.961	33.594	-8.721	28.8	0.922	244.306	6.43	10.35	0.0	68.919	24.004	-11.844	0.0	1.5	231.131	8.41	16.475	0.0	65.996	30.543	-5.712	35.0	1.031	186.862	7.55	10.1	0.0	67.846	11.218	-9.837	0.0	1.953	206.72	7.98	10.1	0.0	67.764	0.0	0.0	0.2	0.0	200.036	8.08	9.6	381.244	67.377	9.256	-1.0	0.0	0.0	169.619	6.88	8.725	0.0	68.017	26.547	-13.212	31.6	0.0	224.641	7.62	6.287	0.0	66.399	21.098	-17.622	0.0	0.0	153.539	7.7	14.912	0.0	66.032	10.201	-1.0	37.2	1.408	230.453
7.84	11.1	358.38	67.009	25.312	-13.011	34.8	1.735	228.516	6.54	10.725	451.431	68.141	33.667	-8.793	28.8	1.022	253.993	6.54	10.85	0.0	68.966	24.222	-11.794	0.0	1.601	224.544	8.74	16.85	0.0	61.346	30.397	-5.888	35.0	0.972	202.942	7.54	10.537	0.0	67.629	10.855	-9.898	0.0	2.036	219.507	7.96	9.912	0.0	68.271	0.0	0.0	0.2	0.0	198.68	8.14	9.662	450.899	64.269	9.62	-1.0	0.0	0.0	182.793	6.9	8.35	0.0	68.128	26.402	-13.093	31.6	2.087	218.441	7.63	6.287	0.0	65.555	21.389	-17.163	0.0	0.0	166.81	7.46	13.787	0.0	65.361	9.838	-1.0	37.2	1.726	247.502
8.2	11.225	336.579	66.667	24.585	-13.034	34.8	0.98	245.468	6.57	10.537	337.111	66.724	33.521	-8.77	28.8	0.0	249.73	6.53	10.662	0.0	66.905	23.859	-11.965	0.0	1.768	232.003	8.54	16.913	0.0	62.497	31.051	-5.503	35.0	0.0	197.808	7.78	10.975	0.0	66.319	11.291	-9.99	0.0	1.55	211.273	7.76	9.725	0.0	65.496	0.0	0.0	0.2	0.989	205.558	8.42	10.725	523.213	64.953	9.91	-1.0	0.0	0.0	173.397	7.1	8.975	0.0	66.549	26.402	-13.636	31.6	0.0	233.941	7.76	6.287	0.0	64.534	21.244	-17.905	0.0	0.0	158.382	7.58	13.537	0.0	66.555	10.201	-1.0	37.2	1.332	223.091
8.34	12.787	501.412	65.242	25.239	-13.237	34.8	0.0	208.367	6.52	11.412	504.603	65.085	33.739	-8.805	28.8	0.0	240.14	6.68	11.6	0.0	67.659	23.859	-12.125	0.0	0.0	220.379	8.5	18.538	0.0	63.776	30.397	-5.962	35.0	0.0	203.33	7.82	11.287	0.0	66.054	11.581	-10.055	0.0	1.366	216.02	7.8	9.975	0.0	64.707	0.0	0.0	0.2	0.0	194.418	8.58	11.412	543.418	64.346	10.128	-1.0	0.0	1.819	178.24	7.2	9.225	0.0	65.397	26.256	-12.717	31.6	2.078	213.695	7.84	6.287	0.0	63.273	21.534	-17.436	0.0	0.0	148.308	8.45	15.537	0.0	64.959	9.329	-1.0	37.2	0.0	241.206
8.12	13.475	516.301	64.542	24.731	-13.467	34.8	0.0	197.518	6.92	12.85	502.476	65.566	33.521	-9.054	28.8	0.0	238.881	6.72	12.162	0.0	67.048	24.44	-12.259	0.0	0.0	217.57	8.48	18.975	0.0	63.047	30.397	-6.394	35.0	0.0	196.452	7.73	11.662	0.0	66.038	10.855	-10.153	0.0	1.425	195.968	8.04	11.1	0.0	64.252	0.0	0.0	0.2	0.0	203.717	8.48	11.6	524.276	64.522	9.184	-1.0	0.0	1.802	170.975	7.18	9.912	0.0	67.751	26.62	-13.077	31.6	1.366	216.795	7.76	6.287	0.0	64.672	21.607	-17.905	0.0	0.0	159.448	8.42	17.663	0.0	65.339	10.056	-1.0	37.2	0.0	224.447
8.28	13.725	475.358	62.762	24.585	-13.664	34.8	1.106	235.49	6.9	12.85	537.569	63.611	33.739	-9.081	28.8	0.0	286.735	6.74	13.1	0.0	66.728	23.932	-12.428	0.0	0.0	207.398	8.56	19.475	0.0	61.316	31.124	-6.518	35.0	0.0	201.586	7.77	12.6	0.0	64.564	11.073	-10.246	0.0	1.173	201.974	8.18	11.787	0.0	65.021	0.0	0.0	0.2	0.0	196.452	8.37	11.412	531.72	63.364	10.128	-1.0	0.0	0.0	178.144	7.28	9.475	0.0	65.548	26.474	-12.997	31.6	2.103	225.029	7.82	6.225	0.0	64.572	21.607	-17.89	0.0	0.0	157.607	8.34	18.1	0.0	63.832	9.838	-1.0	37.2	0.0	209.529
8.21	12.85	405.703	63.949	25.385	-13.344	34.8	0.0	219.798	6.89	12.225	433.352	64.052	33.739	-9.036	28.8	0.0	241.787	6.72	13.412	0.0	65.312	24.44	-12.597	0.0	0.0	226.094	8.65	20.538	0.0	62.572	31.269	-6.639	35.0	0.0	200.23	7.72	12.037	0.0	64.748	11.218	-10.196	0.0	1.349	246.727	8.18	12.037	0.0	62.493	0.0	0.0	0.2	2.045	186.184	8.53	11.85	541.291	62.888	9.547	-1.0	0.0	2.028	176.691	7.28	10.1	0.0	63.815	26.547	-13.063	31.6	0.0	238.493	7.86	6.225	0.0	63.499	21.171	-17.607	0.0	0.0	168.36	8.31	17.725	0.0	61.388	9.256	-1.0	37.2	0.0	212.435
8.53	14.475	548.735	64.337	25.239	-13.767	34.8	0.0	221.929	7.18	14.037	604.034	64.295	33.449	-9.077	28.8	0.0	269.201	6.81	11.662	0.0	66.009	24.876	-12.101	0.0	0.0	231.906	8.47	16.975	0.0	63.493	31.342	-5.524	35.0	0.0	200.23	7.85	12.35	0.0	65.211	11.073	-10.254	0.0	1.131	225.029	8.01	10.725	0.0	63.747	0.0	0.0	0.2	0.0	209.142	8.42	10.787	384.434	63.846	9.91	-1.0	0.0	2.078	181.825	7.26	9.725	0.0	66.035	26.547	-12.761	31.6	2.078	224.641	7.93	6.1	0.0	64.233	21.68	-17.765	0.0	0.0	150.536	7.95	16.975	0.0	63.181	9.474	-1.0	37.2	0.0	222.704
8.08	13.225	405.171	65.8	24.949	-13.613	34.8	1.098	233.069	6.97	12.85	526.403	64.341	33.667	-8.969	28.8	0.0	247.018	6.84	11.725	0.0	64.868	24.004	-12.218	0.0	0.0	227.353	8.98	17.163	0.0	60.304	30.979	-5.497	35.0	0.0	202.652	7.89	11.85	0.0	65.629	11.218	-10.18	0.0	1.14	185.506	8.11	9.662	0.0	64.927	0.0	0.0	0.2	0.0	196.549	8.58	10.287	384.434	65.367	9.329	-1.0	0.0	1.978	179.403	7.28	9.037	0.0	66.039	26.474	-12.295	31.6	1.81	211.079	7.88	6.412	0.0	64.583	21.534	-17.935	0.0	0.0	155.96	8.74	19.163	0.0	64.899	9.765	-1.0	37.2	0.0	244.693
8.74	13.787	372.736	65.23	24.949	-13.578	34.8	2.137	207.979	7.02	12.225	420.591	64.762	33.667	-9.226	28.8	0.0	247.89	6.69	10.35	0.0	66.096	23.859	-12.054	0.0	0.0	233.359	8.12	15.225	0.0	64.266	30.47	-4.577	35.0	0.0	189.768	7.74	11.287	0.0	65.274	10.782	-10.055	0.0	0.913	220.573	8.22	9.975	0.0	65.879	0.0	0.0	0.2	2.095	195.677	8.48	9.662	294.041	64.798	9.91	-1.0	0.0	2.095	179.209	7.28	8.537	0.0	65.984	26.402	-12.377	31.6	0.0	216.02	7.92	6.725	0.0	64.783	21.462	-17.916	0.0	0.0	149.47	8.1	17.413	0.0	64.456	9.184	-1.0	37.2	2.112	209.142
8.39	12.537	439.733	63.868	24.585	-13.379	34.8	0.0	206.72	7.13	12.037	438.138	64.617	33.667	-8.958	28.8	0.0	249.73	7.0	10.787	0.0	65.716	24.004	-12.129	0.0	2.129	232.681	8.37	15.162	0.0	64.945	30.761	-4.468	35.0	0.0	200.908	7.89	11.412	0.0	65.793	11.073	-10.041	0.0	1.383	214.857	8.08	9.475	0.0	64.673	0.0	0.0	0.2	2.137	202.264	8.36	9.725	249.909	65.246	9.62	-1.0	0.0	1.651	179.887	7.26	8.975	0.0	65.38	26.474	-12.539	31.6	1.659	224.641	7.9	6.787	0.0	64.227	21.534	-18.027	0.0	0.0	168.36	8.15	16.288	0.0	64.271	9.62	-1.0	37.2	0.0	233.166
