10.8	7.975	91.456	53.937	25.021	-11.364	34.8	0.0	249.052	9.38	8.225	88.266	53.284	33.449	-8.487	28.8	1.307	305.334	10.19	11.412	0.0	50.4	24.585	-9.317	0.0	1.827	222.607	10.9	9.85	0.0	52.414	31.124	-3.866	35.0	0.0	157.898	10.54	11.725	0.0	52.787	11.073	-9.652	0.0	0.0	197.324	11.15	9.475	0.0	49.515	0.0	0.0	0.2	0.0	209.529	9.9	9.35	78.695	56.77	10.492	-25.046	0.0	0.0	42.526	11.14	12.35	0.0	50.926	26.474	-11.767	31.6	0.0	247.987	10.25	10.85	0.0	53.318	24.44	-24.174	0.0	0.0	339.335	11.27	11.787	0.0	47.514	10.709	-1.0	37.2	0.0	201.78	9.88
10.83	7.725	88.266	54.271	25.385	-11.233	34.8	0.0	249.343	9.42	8.287	82.948	54.096	33.739	-8.537	28.8	0.997	264.164	10.26	11.287	0.0	50.501	24.949	-9.309	0.0	0.997	217.085	10.83	9.912	0.0	50.945	31.051	-3.736	35.0	0.0	202.555	10.51	11.6	0.0	51.693	11.218	-9.604	0.0	0.0	205.267	11.04	9.475	0.0	49.007	0.0	0.0	0.2	0.964	183.568	9.87	9.1	78.695	56.237	10.637	-24.612	0.0	0.0	42.623	10.94	12.412	0.0	49.672	26.329	-11.748	31.6	1.106	232.681	10.24	10.537	0.0	55.317	24.731	-23.945	0.0	0.0	339.335	11.32	11.975	0.0	47.926	10.419	-1.0	37.2	0.0	204.008	10.01
10.74	7.787	81.353	53.958	26.038	-11.273	34.8	0.0	225.997	9.46	8.162	82.417	54.37	33.594	-8.427	28.8	1.525	267.167	10.37	11.662	0.0	51.461	24.876	-9.381	0.0	1.048	227.547	10.86	9.662	0.0	52.106	31.124	-3.723	35.0	0.0	202.458	10.61	11.537	0.0	52.192	11.073	-9.596	0.0	0.0	205.461	11.26	9.475	0.0	48.602	0.0	0.0	0.2	0.0	198.292	9.85	9.162	75.504	55.2	10.637	-24.864	0.0	0.0	42.913	11.08	12.537	0.0	50.826	26.474	-11.799	31.6	0.0	253.896	10.18	10.412	0.0	55.159	24.004	-23.665	0.0	0.0	339.335	11.28	11.787	0.0	48.418	10.927	-1.0	37.2	0.0	201.974	10.02
10.7	7.412	77.631	55.206	25.603	-11.216	34.8	0.0	263.001	9.33	8.037	77.631	54.975	33.957	-8.508	28.8	1.508	276.757	10.36	11.1	0.0	52.46	24.44	-9.344	0.0	1.131	276.951	10.6	9.537	0.0	49.442	31.269	-3.716	35.0	1.006	188.218	10.5	11.412	0.0	53.324	11.363	-9.609	0.0	0.0	196.646	10.92	9.162	0.0	49.485	0.0	0.0	0.2	0.955	203.33	9.78	8.912	71.251	55.456	10.128	-24.431	0.0	0.0	42.623	11.24	12.287	0.0	52.644	26.474	-11.787	31.6	0.0	251.668	10.11	10.037	0.0	55.357	24.44	-23.772	0.0	0.0	339.335	10.98	11.1	0.0	50.353	10.346	-1.0	37.2	1.014	232.294	9.78
10.66	7.412	72.846	55.883	25.53	-11.247	34.8	0.0	263.389	9.38	7.787	73.377	56.339	33.521	-8.42	28.8	1.106	280.051	10.32	10.537	0.0	51.97	25.239	-9.233	0.0	1.425	214.567	10.63	9.475	0.0	54.032	30.615	-3.543	35.0	0.0	198.777	10.43	11.162	0.0	52.952	11.145	-9.56	0.0	0.0	209.529	11.07	9.037	0.0	52.59	0.0	0.0	0.2	0.0	182.018	9.73	8.725	64.87	59.16	10.201	-24.251	0.0	0.0	43.301	10.97	11.975	0.0	51.665	26.474	-11.617	31.6	0.0	259.902	9.87	9.85	0.0	53.174	24.077	-23.942	0.0	0.0	339.335	10.87	10.037	0.0	50.155	10.855	-1.0	37.2	1.098	207.786	9.81
10.64	7.412	69.655	54.303	25.312	-11.247	34.8	0.0	290.513	9.26	7.662	68.592	53.536	33.594	-8.44	28.8	1.467	262.323	10.09	10.35	0.0	50.539	24.949	-9.217	0.0	0.0	260.289	10.14	9.475	0.0	52.399	31.415	-3.391	35.0	0.0	197.905	10.46	11.35	0.0	54.127	11.436	-9.6	0.0	0.0	195.968	11.07	8.725	0.0	50.365	0.0	0.0	0.2	0.0	212.532	9.68	8.662	59.021	58.4	10.492	-24.573	0.0	0.0	42.816	10.96	11.85	0.0	50.718	26.62	-11.54	31.6	0.0	246.146	9.78	9.725	0.0	56.664	24.367	-23.665	0.0	0.0	339.335	10.69	9.475	0.0	52.687	10.419	-1.0	37.2	0.0	211.079	9.75
10.59	7.35	67.528	53.937	25.094	-11.858	34.8	0.0	221.929	9.3	7.85	66.465	55.473	33.376	-8.461	28.8	1.257	268.329	10.06	10.287	0.0	51.479	25.239	-9.179	0.0	1.215	215.342	9.8	8.725	0.0	54.39	30.688	-2.978	35.0	0.0	198.196	10.38	11.225	0.0	53.487	10.855	-9.561	0.0	0.0	195.58	10.78	8.537	0.0	50.847	0.0	0.0	0.2	0.0	212.629	9.68	8.475	59.021	56.649	10.128	-24.621	0.0	0.0	42.429	10.6	11.787	0.0	53.698	26.474	-11.448	31.6	0.0	246.34	9.7	9.6	0.0	53.629	24.077	-23.271	0.0	0.0	339.335	10.34	9.037	0.0	52.427	10.419	-1.0	37.2	0.0	270.945	9.55
10.52	7.412	66.465	57.481	25.893	-11.186	34.8	1.626	230.066	9.18	7.6	64.87	55.337	33.303	-8.407	28.8	1.936	271.139	10.04	10.35	0.0	51.051	24.876	-9.29	0.0	1.726	223.091	9.84	8.787	0.0	54.931	30.543	-2.887	35.0	0.0	197.518	10.26	11.037	0.0	52.838	11.145	-9.558	0.0	1.483	203.233	10.12	8.037	0.0	53.089	0.0	0.0	0.2	0.0	212.532	9.63	8.287	56.894	56.377	10.274	-24.442	0.0	0.0	42.429	10.51	12.162	0.0	54.821	26.474	-11.564	31.6	0.0	246.34	9.83	9.475	0.0	56.407	24.222	-23.346	0.0	0.0	339.335	10.42	9.1	0.0	52.951	10.564	-26.301	37.2	0.0	228.806	9.46
10.47	7.1	65.402	57.415	25.675	-11.139	34.8	0.955	226.966	9.18	7.537	64.338	57.945	34.175	-8.417	28.8	1.324	270.267	9.98	10.475	0.0	52.557	24.731	-9.248	0.0	0.0	228.419	9.77	8.35	0.0	55.75	30.979	-2.811	35.0	0.0	197.518	10.36	10.725	0.0	54.74	11.218	-9.516	0.0	1.391	224.06	9.92	7.787	0.0	52.579	0.0	0.0	0.2	0.0	212.629	9.64	8.225	54.767	57.55	10.274	-24.079	0.0	0.0	42.138	10.2	12.287	0.0	53.731	26.547	-11.557	31.6	0.0	246.34	9.82	9.475	0.0	56.17	24.15	-23.697	0.0	0.0	339.722	10.11	8.787	0.0	53.148	10.927	-1.0	37.2	1.399	215.729	9.54
10.54	7.412	62.743	54.826	25.239	-11.278	34.8	1.148	255.252	9.22	7.787	60.084	54.632	33.739	-8.446	28.8	1.768	253.024	10.1	10.662	0.0	53.387	24.731	-9.294	0.0	1.785	223.479	9.69	8.475	0.0	56.327	31.705	-2.63	35.0	0.0	197.808	10.27	10.725	0.0	56.562	11.145	-9.516	0.0	1.24	208.367	10.32	7.662	0.0	53.688	0.0	0.0	0.2	0.0	212.532	9.48	8.1	52.64	58.89	10.637	-24.603	0.0	0.0	42.235	10.3	12.475	0.0	53.145	26.474	-11.589	31.6	0.0	246.34	9.85	9.35	0.0	53.89	24.44	-23.654	0.0	0.0	339.335	10.06	8.725	0.0	56.177	10.637	-1.0	37.2	0.0	222.316	9.52
10.56	7.037	61.68	55.927	25.239	-11.253	34.8	0.922	227.741	9.24	7.6	60.616	56.553	33.449	-8.424	28.8	1.693	264.164	9.94	10.037	0.0	53.304	25.021	-9.243	0.0	1.626	228.322	10.22	8.662	0.0	53.464	31.269	-3.439	35.0	0.0	189.962	10.28	10.6	0.0	55.678	11.508	-9.484	0.0	1.534	220.379	10.44	7.662	0.0	53.885	0.0	0.0	0.2	0.0	204.783	9.54	7.912	49.45	55.331	10.709	-24.425	0.0	0.0	42.332	10.55	11.787	0.0	55.006	26.474	-11.448	31.6	0.0	262.42	9.76	9.287	0.0	53.488	24.15	-23.982	0.0	0.0	339.238	9.96	8.537	0.0	53.906	10.564	-1.0	37.2	0.989	231.034	9.56
10.55	6.975	59.553	55.422	26.038	-11.243	34.8	0.0	232.003	9.27	7.412	58.489	55.084	33.521	-8.429	28.8	1.316	262.323	10.0	9.662	0.0	52.952	24.731	-9.195	0.0	1.617	243.046	10.35	8.725	0.0	52.186	30.761	-2.64	35.0	1.307	192.48	10.36	10.6	0.0	53.934	11.363	-9.484	0.0	1.131	215.342	10.33	7.412	0.0	54.467	0.0	0.0	0.2	1.299	216.31	9.52	8.037	51.045	56.243	10.782	-24.356	0.0	0.0	42.816	10.73	11.537	0.0	54.525	26.474	-11.488	31.6	1.089	233.456	9.72	9.1	0.0	55.624	23.859	-23.802	0.0	0.0	338.947	10.03	8.412	0.0	53.076	10.274	-1.0	37.2	0.0	213.21	9.52
10.54	7.037	58.489	54.348	25.021	-11.16	34.8	1.022	250.796	9.27	7.412	56.894	53.627	33.521	-8.412	28.8	1.131	275.013	9.89	9.35	0.0	51.486	24.731	-9.184	0.0	1.768	240.14	10.48	8.537	0.0	49.734	30.833	-2.538	35.0	1.299	207.979	10.2	10.787	0.0	54.179	11.508	-9.555	0.0	0.0	216.504	10.37	7.662	0.0	50.852	0.0	0.0	0.2	1.341	212.629	9.54	7.912	49.45	54.62	10.128	-24.313	0.0	0.0	42.526	10.54	11.037	0.0	53.929	26.547	-11.326	31.6	1.182	232.294	10.06	9.037	0.0	53.621	24.295	-23.432	0.0	0.0	338.947	10.01	8.037	0.0	52.983	10.855	-1.0	37.2	0.0	210.207	10.16
10.5	6.912	57.426	56.007	25.385	-11.172	34.8	1.224	240.043	9.19	7.6	54.236	55.516	33.303	-8.433	28.8	1.869	268.717	9.91	9.225	0.0	51.428	25.167	-9.147	0.0	1.249	216.698	10.4	8.662	0.0	51.617	30.979	-2.43	35.0	1.165	193.255	10.27	10.412	0.0	53.831	10.927	-9.43	0.0	1.073	229.678	10.33	7.412	0.0	52.244	0.0	0.0	0.2	1.24	194.708	9.56	7.725	49.982	56.131	10.201	-1.0	0.0	0.0	42.623	10.52	10.975	0.0	51.482	26.692	-11.424	31.6	1.316	226.578	10.0	8.85	0.0	54.865	24.513	-23.833	0.0	0.0	245.468	10.09	7.975	0.0	54.044	11.0	-1.0	37.2	0.0	239.656	10.55
10.47	7.287	56.894	55.854	25.82	-11.228	34.8	1.416	238.493	9.11	7.35	55.299	57.759	34.103	-8.405	28.8	1.802	269.976	9.82	9.037	0.0	53.347	25.312	-9.123	0.0	1.634	247.502	10.39	8.475	0.0	50.733	31.269	-2.48	35.0	0.0	206.43	10.38	10.225	0.0	54.743	11.363	-9.398	0.0	1.148	205.848	10.3	7.35	0.0	53.895	0.0	0.0	0.2	0.0	178.047	9.7	7.912	48.918	57.004	10.782	-24.087	0.0	0.0	42.72	10.46	11.037	0.0	53.888	26.329	-11.407	31.6	0.0	226.094	10.05	9.037	0.0	53.529	24.15	-23.665	0.0	0.0	245.371	10.1	8.162	0.0	54.135	10.128	-26.687	37.2	0.0	234.619	10.49
10.49	7.162	55.299	53.021	25.312	-11.209	34.8	1.123	228.128	9.16	7.537	54.236	55.423	33.594	-8.443	28.8	1.324	277.241	9.75	8.6	0.0	51.133	24.803	-9.262	0.0	1.944	238.881	10.43	8.787	0.0	51.985	30.979	-2.547	35.0	1.173	194.321	10.26	10.475	0.0	54.069	11.363	-9.38	0.0	1.584	207.495	10.29	7.412	0.0	51.298	0.0	0.0	0.2	0.947	208.754	9.77	7.787	46.791	58.443	9.91	-23.704	0.0	0.0	42.429	10.25	10.162	0.0	54.007	26.692	-11.214	31.6	1.165	228.322	10.25	8.912	0.0	54.455	23.786	-23.97	0.0	0.0	245.565	9.97	8.225	0.0	53.218	10.492	-27.016	37.2	0.0	228.71	10.55
10.42	6.787	53.704	53.702	24.876	-11.184	34.8	1.508	211.854	9.1	7.1	53.704	53.304	33.449	-8.299	28.8	1.81	267.651	9.64	8.35	0.0	54.039	25.312	-9.095	0.0	1.835	216.407	10.52	8.725	0.0	50.781	30.761	-2.526	35.0	1.911	212.435	10.29	10.162	0.0	51.814	11.581	-9.479	0.0	1.089	224.254	10.3	7.6	0.0	51.147	0.0	0.0	0.2	1.634	192.868	9.74	7.725	46.26	56.893	10.637	-24.361	0.0	0.0	42.623	10.1	10.225	0.0	54.791	26.474	-11.627	31.6	0.0	220.766	10.1	8.6	0.0	52.785	24.295	-23.748	0.0	0.0	189.38	9.83	7.912	0.0	51.842	9.184	-26.795	37.2	0.0	304.365	10.56
10.44	7.1	54.236	54.005	25.82	-10.938	34.8	1.014	234.328	9.02	7.225	52.109	54.395	33.667	-8.399	28.8	1.575	281.019	9.7	8.162	0.0	50.822	25.167	-9.065	0.0	1.844	227.644	10.45	8.225	0.0	51.654	30.543	-2.47	35.0	1.349	209.045	10.2	10.162	0.0	52.739	11.145	-9.317	0.0	1.089	204.105	10.46	7.412	0.0	50.895	0.0	0.0	0.2	1.165	236.169	9.64	7.662	45.196	56.936	10.492	-23.436	0.0	0.0	42.72	9.87	9.912	0.0	56.148	26.474	-11.283	31.6	0.955	239.946	10.15	8.537	0.0	54.65	24.222	-24.186	0.0	0.0	189.38	9.87	7.6	0.0	52.029	10.709	-26.876	37.2	0.0	242.756	10.63
10.34	6.787	51.045	54.707	25.312	-11.123	34.8	1.257	239.365	9.02	7.225	48.918	54.306	33.885	-8.408	28.8	1.232	293.612	9.54	8.037	0.0	53.367	24.658	-9.106	0.0	1.156	212.145	10.2	8.225	0.0	54.806	31.124	-2.246	35.0	1.224	182.018	10.14	9.912	0.0	52.791	11.363	-9.277	0.0	1.173	210.595	10.32	7.287	0.0	53.178	0.0	0.0	0.2	0.0	190.833	9.6	7.6	38.816	57.981	10.564	-24.985	0.0	0.0	42.816	9.8	9.662	0.0	55.902	26.765	-11.327	31.6	0.0	215.438	9.9	8.475	0.0	56.653	24.222	-24.621	0.0	0.0	189.38	9.87	7.725	0.0	52.693	10.564	-27.022	37.2	1.048	202.458	10.62
10.34	6.787	49.45	53.691	25.675	-11.092	34.8	1.961	245.856	9.12	7.35	50.513	54.321	33.667	-8.413	28.8	2.07	272.688	9.54	7.85	0.0	53.217	24.585	-9.019	0.0	1.156	224.447	10.25	8.35	0.0	51.384	30.543	-2.438	35.0	1.575	189.768	10.24	9.912	0.0	54.424	11.073	-9.292	0.0	1.492	219.798	10.1	7.6	0.0	52.755	0.0	0.0	0.2	1.366	196.258	9.59	7.35	43.601	55.457	9.983	-24.345	0.0	0.0	42.913	9.82	9.475	0.0	53.526	26.62	-11.27	31.6	0.989	210.982	9.91	8.35	0.0	55.386	24.222	-24.803	0.0	0.0	189.38	9.93	7.725	0.0	53.602	10.709	-26.824	37.2	0.0	202.264	10.36
10.34	6.412	51.045	55.302	25.312	-11.128	34.8	0.0	210.498	9.01	7.1	46.791	54.868	33.158	-8.377	28.8	1.508	271.914	9.57	7.662	0.0	54.832	25.021	-9.011	0.0	1.978	223.285	10.38	8.037	0.0	52.493	31.197	-2.444	35.0	1.249	194.708	10.0	9.85	0.0	53.822	11.073	-9.306	0.0	1.626	220.96	9.95	7.162	0.0	55.303	0.0	0.0	0.2	0.0	180.468	9.9	7.6	40.943	57.035	10.056	-24.542	0.0	0.0	83.599	9.64	9.6	0.0	56.995	26.62	-11.152	31.6	0.0	208.367	10.18	8.412	0.0	54.803	24.077	-24.372	0.0	0.0	188.993	9.88	7.85	0.0	52.392	10.346	-1.0	37.2	0.98	217.085	10.14
10.36	6.537	46.791	53.874	24.803	-11.306	34.8	1.274	234.909	9.03	7.287	47.855	53.353	33.303	-8.389	28.8	1.425	287.316	9.43	7.6	0.0	53.321	24.585	-8.982	0.0	1.156	216.117	10.26	7.912	0.0	53.469	30.761	-2.66	35.0	1.751	193.062	10.07	9.662	0.0	53.562	10.855	-9.245	0.0	1.617	219.894	10.07	7.1	0.0	53.262	0.0	0.0	0.2	1.408	190.543	10.04	7.725	44.133	57.524	10.709	-24.808	0.0	0.0	176.787	9.57	9.475	0.0	55.956	26.474	-12.169	31.6	0.947	212.242	10.28	8.412	0.0	54.519	24.15	-24.258	0.0	0.0	169.619	9.92	8.1	0.0	53.001	10.927	-26.968	37.2	1.416	218.829	10.28
10.11	5.662	45.196	58.031	25.675	-10.899	34.8	0.0	230.647	8.96	6.6	43.601	56.012	33.449	-8.355	28.8	0.0	286.638	9.42	7.412	0.0	53.738	24.658	-8.98	0.0	1.299	213.404	10.22	7.912	0.0	51.532	30.833	-2.623	35.0	1.827	211.079	10.08	9.85	0.0	54.311	10.855	-9.277	0.0	1.19	202.845	10.14	7.287	0.0	52.127	0.0	0.0	0.2	1.383	203.33	10.23	7.725	38.816	55.878	9.983	-24.808	0.0	1.341	180.468	9.6	9.35	0.0	55.518	26.547	-11.307	31.6	0.0	203.136	10.09	8.287	0.0	55.591	24.367	-24.669	0.0	0.0	156.735	9.85	7.287	0.0	53.291	10.274	-26.758	37.2	0.0	232.003	10.16
10.1	5.6	43.069	57.299	25.312	-11.071	34.8	0.0	233.069	8.93	6.475	42.538	55.978	33.594	-8.341	28.8	0.0	248.762	9.22	7.537	0.0	54.543	24.876	-8.967	0.0	1.148	177.756	10.0	7.662	0.0	55.666	30.688	-2.463	35.0	1.039	172.719	10.04	9.85	0.0	56.292	10.782	-9.262	0.0	0.955	178.919	9.8	6.975	0.0	55.961	0.0	0.0	0.2	0.0	177.95	10.18	7.537	36.689	56.784	10.056	-24.52	0.0	0.0	186.184	9.5	9.35	0.0	57.032	26.692	-11.336	31.6	0.0	203.136	9.94	8.225	0.0	57.099	24.367	-24.647	0.0	0.0	154.507	9.79	7.35	0.0	55.339	10.201	-1.0	37.2	1.098	201.586	10.31
10.02	6.225	42.006	60.844	25.82	-11.07	34.8	1.123	219.991	8.82	6.725	43.601	59.275	33.449	-8.249	28.8	1.458	270.364	9.25	7.287	0.0	53.952	24.44	-8.993	0.0	0.0	181.534	9.92	7.787	0.0	56.92	31.415	-2.616	35.0	1.467	175.334	9.88	9.537	0.0	59.127	11.654	-9.273	0.0	0.0	198.68	9.7	6.725	0.0	56.564	0.0	0.0	0.2	0.93	175.044	10.08	7.287	35.093	56.327	10.564	-24.656	0.0	0.0	185.893	9.52	9.037	0.0	55.978	26.547	-11.346	31.6	0.0	143.367	9.88	8.162	0.0	57.236	24.077	-24.738	0.0	0.0	152.57	9.75	7.1	0.0	56.248	10.201	-26.589	37.2	0.98	195.386	9.99
9.54	6.037	39.879	65.978	25.966	-10.982	34.8	1.684	183.762	8.62	6.1	40.943	62.931	34.03	-8.291	28.8	0.0	188.121	9.09	7.287	0.0	60.807	25.094	-8.888	0.0	1.081	207.883	9.72	7.225	0.0	57.767	31.269	-2.566	35.0	0.0	175.431	9.66	9.475	0.0	63.22	10.927	-9.243	0.0	1.944	195.58	9.54	6.35	0.0	57.884	0.0	0.0	0.2	0.0	175.819	9.74	7.225	34.03	61.795	10.492	-24.413	0.0	0.0	186.184	9.49	9.162	0.0	55.206	26.62	-11.366	31.6	0.0	143.949	9.9	7.912	0.0	57.269	24.222	-25.096	0.0	0.0	152.473	9.74	7.225	0.0	58.177	10.419	-26.436	37.2	0.0	220.669	9.84
9.58	6.1	37.752	63.934	25.457	-11.051	34.8	1.483	230.744	8.55	6.225	38.284	60.974	33.739	-8.354	28.8	0.0	258.739	9.04	7.287	0.0	61.395	25.021	-8.902	0.0	0.0	217.57	9.68	7.725	0.0	62.492	30.543	-2.521	35.0	1.525	195.968	9.54	9.475	0.0	65.978	10.782	-9.25	0.0	1.475	201.005	9.39	6.475	0.0	63.846	0.0	0.0	0.2	0.0	186.959	9.89	7.287	34.03	58.694	10.419	-24.545	0.0	0.0	185.215	9.3	8.975	0.0	61.04	26.474	-11.336	31.6	0.0	209.432	9.74	7.787	0.0	57.361	24.367	-24.83	0.0	0.0	154.895	9.56	7.1	0.0	62.19	10.419	-26.687	37.2	0.0	210.207	9.9
9.2	5.6	37.22	68.582	25.239	-10.919	34.8	0.0	218.538	8.22	6.475	36.689	65.276	33.449	-8.357	28.8	1.425	263.486	8.74	7.162	0.0	63.984	24.44	-8.895	0.0	1.869	202.07	9.48	7.787	0.0	64.502	30.979	-2.616	35.0	1.886	189.187	9.21	9.287	0.0	66.549	11.363	-9.234	0.0	1.559	201.392	9.52	6.662	0.0	63.477	0.0	0.0	0.2	1.668	187.056	9.67	7.35	31.372	64.924	10.419	-24.898	0.0	1.71	180.759	9.28	8.787	0.0	61.037	26.474	-11.398	31.6	1.399	215.342	10.04	7.912	0.0	56.645	24.15	-24.985	0.0	0.0	143.27	9.49	7.037	0.0	62.178	10.927	-26.566	37.2	1.274	201.392	9.64
8.94	5.912	40.411	69.952	25.239	-10.994	34.8	2.062	191.318	8.06	6.35	34.562	66.723	33.303	-8.352	28.8	1.835	238.784	8.58	6.975	0.0	65.257	24.949	-8.872	0.0	0.0	196.839	9.32	7.6	0.0	67.033	31.124	-2.77	35.0	1.844	193.643	9.1	9.35	0.0	68.105	11.363	-9.234	0.0	2.036	201.295	8.99	6.35	0.0	67.272	0.0	0.0	0.2	1.433	185.118	9.54	7.35	29.245	65.978	10.492	-23.446	0.0	2.011	181.437	9.12	8.85	0.0	63.911	26.765	-11.534	31.6	1.458	203.33	9.87	7.725	0.0	56.619	24.004	-24.473	0.0	0.0	150.342	9.47	7.225	0.0	64.138	10.855	-25.924	37.2	1.156	231.809	9.54
8.95	5.975	32.967	69.741	25.167	-11.003	34.8	0.0	190.155	7.88	6.537	33.498	67.584	33.812	-8.381	28.8	0.0	234.619	8.33	6.975	0.0	67.477	24.731	-8.9	0.0	1.768	194.418	9.04	7.35	0.0	67.091	30.979	-2.61	35.0	2.103	164.969	8.84	9.475	0.0	69.32	11.218	-9.294	0.0	0.0	197.518	8.8	6.475	0.0	67.618	0.0	0.0	0.2	1.869	174.366	9.51	7.35	27.118	65.697	10.128	-24.456	0.0	2.003	175.431	8.9	8.725	0.0	65.699	26.474	-11.45	31.6	1.408	205.848	9.74	7.912	0.0	60.484	24.44	-24.762	0.0	0.0	153.926	9.5	7.162	0.0	59.066	10.855	-26.711	37.2	0.93	212.532	9.44
