-1.0	-1.0	0.0	0.0	24.367	-13.313	0.0	1.492	71.781	-9.08	-8.4	0.0	85.563	31.778	0.0	0.0	2.522	85.536	-1.0	-7.275	0.0	0.0	23.133	-1.0	0.0	1.911	39.135	-8.26	-5.65	0.0	91.802	0.0	-7.188	0.0	2.305	44.366	-8.68	-4.4	0.0	91.646	0.0	-1.0	28.8	1.542	67.421	-9.17	-5.963	0.0	87.938	0.0	0.0	0.0	1.626	49.791	-8.36	-5.65	0.532	92.075	0.0	-1.0	0.2	2.992	26.349	-8.58	-5.775	0.0	88.452	22.479	-1.0	0.4	1.953	29.061	-8.6	-6.025	0.0	86.198	19.718	0.0	0.2	2.229	19.955	-8.76	-7.15	0.0	92.761	11.726	-21.655	0.0	0.0	95.514	-8.34
-1.0	-1.0	0.532	0.0	24.367	-14.106	0.0	2.17	67.228	-9.04	-8.025	0.0	85.594	31.778	-6.744	0.0	2.556	92.123	-1.0	-7.4	0.0	0.0	22.624	-1.0	0.0	2.673	42.816	-8.32	-5.775	0.0	91.766	0.0	-7.15	0.0	2.648	50.275	-8.58	-4.463	0.0	91.731	0.0	-1.0	28.8	2.02	58.413	-9.2	-5.713	0.0	87.93	0.0	0.0	0.0	2.707	43.785	-8.38	-5.65	0.0	92.069	0.0	-1.0	0.2	2.464	31.676	-8.52	-5.9	0.0	88.468	23.133	-1.0	0.4	1.718	34.389	-8.58	-5.9	0.0	86.203	19.5	0.0	0.2	1.852	4.359	-8.72	-7.025	0.0	92.791	11.654	-1.0	0.0	0.0	92.317	-8.32
-1.0	-1.0	0.0	0.0	24.222	-14.39	0.0	1.944	72.749	-9.12	-8.213	0.0	85.573	31.705	-6.715	0.0	2.858	105.394	-1.0	-7.275	0.0	0.0	22.915	-1.0	0.0	2.087	54.828	-8.36	-5.775	0.0	91.755	0.0	-7.054	0.0	1.86	51.825	-8.7	-4.275	0.0	91.622	0.0	-1.0	28.8	1.492	61.9	-9.2	-5.9	0.0	87.93	0.0	0.0	0.0	2.372	49.016	-8.37	-5.963	5.849	92.091	0.0	-1.0	0.2	1.986	27.22	-8.56	-5.775	0.0	88.457	22.987	-1.0	0.4	1.014	22.183	-8.61	-6.275	0.0	86.195	19.5	0.0	0.2	1.827	17.824	-8.82	-7.15	0.0	92.744	11.872	-21.397	0.0	0.0	101.132	-8.34
-1.0	-1.0	0.532	0.0	24.367	-14.318	0.0	0.0	73.234	-9.16	-8.213	0.0	85.522	31.923	-6.722	0.0	1.844	87.57	-1.0	-7.275	0.0	0.0	22.987	-1.0	0.0	1.601	57.056	-8.35	-6.025	0.0	91.758	0.0	-7.122	0.0	1.785	52.794	-8.73	-4.65	0.0	91.613	0.0	-1.0	28.8	1.274	65.484	-9.24	-5.963	0.0	87.9	0.0	0.0	0.0	1.651	45.819	-8.41	-5.775	1.063	92.042	0.0	-1.0	0.2	2.522	42.332	-8.6	-5.838	0.0	88.407	23.568	-1.0	0.4	1.19	37.392	-8.62	-6.025	0.0	86.193	19.718	0.0	0.2	1.827	12.206	-8.8	-7.275	0.0	92.75	12.162	-21.623	0.0	0.0	79.433	-8.3
-1.0	-1.0	1.063	0.0	24.44	-14.176	0.0	1.978	75.171	-9.1	-8.588	0.0	85.578	31.487	-6.694	0.0	2.087	88.733	-1.0	-7.4	0.0	0.0	22.697	-1.0	0.0	2.221	52.503	-8.36	-5.963	0.0	91.755	0.0	-7.141	0.0	2.447	46.207	-8.72	-4.9	0.0	91.616	0.0	-1.0	28.8	2.003	64.322	-9.25	-5.588	0.0	87.897	0.0	0.0	0.0	1.894	53.666	-8.46	-5.9	0.0	92.028	0.0	-1.0	0.2	2.74	30.03	-8.61	-6.15	0.0	88.404	23.205	-1.0	0.4	2.003	33.904	-8.7	-6.088	0.0	86.152	19.5	0.0	0.2	2.472	4.456	-8.77	-7.275	0.0	92.758	11.799	-21.623	0.0	1.006	101.907	-8.4
-1.0	-1.0	0.0	0.0	24.077	-14.318	0.0	2.112	67.228	-9.2	-8.713	0.0	85.512	31.705	-6.678	0.0	2.615	87.473	-1.0	-7.588	0.0	0.0	22.624	-1.0	0.0	2.615	63.74	-8.42	-5.963	0.0	91.719	0.0	-7.149	0.0	2.372	45.722	-8.83	-5.025	0.0	91.529	0.0	-1.0	28.8	2.062	85.73	-9.23	-6.088	0.0	87.882	0.0	0.0	0.0	2.388	45.141	-8.5	-5.65	2.659	92.016	0.0	-1.0	0.2	2.598	31.967	-8.67	-6.088	0.0	88.349	23.496	-1.0	0.4	1.71	49.016	-8.7	-5.963	0.0	86.152	19.645	0.0	0.2	1.978	3.972	-8.88	-7.588	0.0	92.708	11.726	-21.629	0.0	1.031	83.889	-8.37
-1.0	-1.0	0.532	0.0	24.15	-14.106	0.0	2.338	74.105	-9.25	-8.775	0.0	85.478	31.705	-6.814	0.0	2.732	92.801	-1.0	-7.4	0.0	0.0	22.987	-1.0	0.0	2.321	47.176	-8.41	-5.713	0.0	91.741	0.0	-7.006	0.0	1.944	49.307	-8.87	-5.088	0.0	91.536	0.0	-1.0	28.8	1.978	77.593	-9.31	-6.15	0.0	87.861	0.0	0.0	0.0	2.305	38.36	-8.5	-5.463	0.532	92.016	0.0	-1.0	0.2	1.986	38.36	-8.65	-6.025	0.0	88.374	23.205	-1.0	0.4	1.458	50.275	-8.68	-6.025	0.0	86.177	20.009	0.0	0.2	1.927	15.305	-8.89	-7.275	0.0	92.687	12.017	-21.792	0.0	0.989	91.348	-8.44
-1.0	-1.0	1.595	0.0	24.367	-14.247	0.0	1.835	95.804	-9.24	-8.588	0.0	85.481	31.923	-6.687	0.0	2.606	99.873	-1.0	-7.4	0.0	0.0	23.278	-1.0	0.0	1.718	69.649	-8.36	-5.588	0.0	91.755	0.0	-7.186	0.0	1.391	47.176	-8.82	-4.713	0.0	91.55	0.0	-1.0	28.8	1.156	102.488	-9.32	-5.713	0.0	87.858	0.0	0.0	0.0	1.768	56.766	-8.46	-5.588	0.532	92.028	0.0	-1.0	0.2	2.296	26.155	-8.65	-5.838	0.0	88.394	23.496	-1.0	0.4	1.022	40.976	-8.62	-5.713	0.0	86.193	19.282	0.0	0.2	2.028	15.305	-9.04	-7.338	0.0	92.644	11.654	-21.522	0.0	0.93	128.449	-8.44
-1.0	-1.0	4.254	0.0	24.077	-15.22	0.0	1.584	77.883	-9.24	-8.775	0.0	85.46	31.85	-6.696	0.0	3.0	110.432	-1.0	-7.588	0.0	0.0	23.06	-1.0	0.0	1.684	67.228	-8.38	-5.9	0.0	91.749	0.0	-7.132	0.0	2.053	56.959	-8.84	-4.463	0.0	91.545	0.0	-1.0	28.8	1.282	69.843	-9.28	-5.963	0.0	87.869	0.0	0.0	0.0	1.291	30.127	-8.48	-5.65	6.381	92.022	0.0	-1.0	0.2	2.606	45.044	-8.65	-5.775	0.0	88.394	23.278	-1.0	0.4	1.475	35.067	-8.66	-5.838	0.0	86.182	19.282	0.0	0.2	2.145	4.069	-8.88	-7.213	0.0	92.727	12.017	-21.724	0.0	0.0	80.596	-8.38
-1.0	-1.0	0.532	0.0	24.367	-14.106	0.0	2.095	78.174	-9.2	-8.275	0.0	85.512	31.705	-6.733	0.0	2.749	98.226	-1.0	-7.4	0.0	0.0	22.987	-1.0	0.0	2.137	46.788	-8.42	-5.963	0.0	91.738	0.0	-7.184	0.0	2.439	56.766	-8.7	-4.525	0.0	91.659	0.0	-1.0	28.8	1.819	58.994	-9.24	-5.65	0.0	87.88	0.0	0.0	0.0	2.103	40.782	-8.54	-5.775	0.0	91.968	0.0	-1.0	0.2	2.824	27.898	-8.6	-5.838	0.0	88.407	23.423	-1.0	0.4	1.55	48.338	-8.68	-5.963	0.0	86.177	19.355	0.0	0.2	2.17	15.79	-8.86	-7.275	0.0	92.714	11.872	-21.104	0.0	0.922	81.274	-8.44
-1.0	-1.0	1.063	0.0	24.004	-13.313	0.0	2.221	77.883	-9.22	-8.213	0.0	85.507	31.705	-6.745	0.0	3.008	94.739	-1.0	-7.088	0.0	0.0	22.769	-1.0	0.0	2.69	46.498	-8.4	-5.838	0.0	91.744	0.0	-7.144	0.0	2.313	49.694	-8.82	-4.65	0.0	91.55	0.0	-1.0	28.8	2.221	72.652	-9.3	-6.275	0.0	87.864	0.0	0.0	0.0	2.405	55.216	-8.5	-5.65	0.532	91.998	0.0	-1.0	0.2	2.221	40.879	-8.74	-6.213	0.0	88.33	22.769	-1.0	0.4	1.726	36.617	-8.69	-6.088	0.0	86.154	19.645	0.0	0.2	2.154	10.656	-8.86	-7.275	0.0	92.696	11.944	-21.623	0.0	1.089	75.171	-8.54
-1.0	-1.0	0.0	0.0	24.367	-14.106	0.0	1.961	86.02	-9.3	-8.525	0.0	85.445	31.56	-6.691	0.0	2.799	100.163	-1.0	-7.213	0.0	0.0	23.133	-1.0	0.0	1.953	48.435	-8.46	-5.838	0.0	91.727	0.0	-7.115	0.0	1.911	50.275	-8.86	-4.463	0.0	91.539	0.0	-1.0	28.8	1.123	72.749	-9.34	-6.338	0.0	87.853	0.0	0.0	0.0	1.969	47.369	-8.52	-5.275	1.063	91.992	0.0	-1.0	0.2	2.439	37.101	-8.7	-5.963	0.0	88.341	22.987	-1.0	0.4	1.399	53.956	-8.7	-5.838	0.0	86.131	19.209	0.0	0.2	2.288	344.372	-8.99	-7.463	0.0	92.658	11.654	-21.91	0.0	0.0	90.089	-8.48
-1.0	-1.0	2.127	0.0	24.15	-14.39	0.0	1.802	87.764	-9.3	-8.588	0.0	85.445	31.778	-6.687	0.0	2.707	100.454	-1.0	-7.088	0.0	0.0	22.987	-1.0	0.0	2.036	54.828	-8.44	-6.088	0.0	91.733	0.0	-7.059	0.0	2.103	62.481	-8.8	-4.713	0.0	91.556	0.0	-1.0	28.8	1.492	98.71	-9.32	-6.338	0.0	87.838	0.0	0.0	0.0	1.844	46.498	-8.54	-5.65	1.063	91.968	0.0	-1.0	0.2	2.33	28.092	-8.72	-6.15	0.0	88.335	23.278	-1.0	0.4	1.617	47.466	-8.7	-5.9	0.0	86.131	19.355	0.0	0.2	2.053	1.744	-8.88	-7.463	0.0	92.708	11.654	-21.827	0.0	0.0	113.047	-8.44
-1.0	-1.0	0.0	0.0	24.44	-14.037	0.0	2.036	89.12	-9.25	-8.213	0.0	85.458	31.778	0.0	0.0	2.673	93.382	-1.0	-7.275	0.0	0.0	22.624	-1.0	0.0	2.271	65.387	-8.44	-5.838	0.0	91.714	0.0	-7.123	0.0	2.129	54.053	-8.82	-4.588	0.0	91.55	0.0	-1.0	28.8	1.207	61.706	-9.34	-6.213	0.0	87.833	0.0	0.0	0.0	1.969	40.395	-8.54	-5.65	1.595	91.986	0.0	-1.0	0.2	2.338	42.526	-8.76	-5.838	0.0	88.305	23.06	-1.0	0.4	1.626	39.426	-8.74	-5.775	0.0	86.121	19.791	0.0	0.2	2.288	29.642	-8.93	-7.338	0.0	92.694	12.017	-21.436	0.0	0.0	87.958	-8.5
-1.0	-1.0	0.532	0.0	24.222	-14.106	0.0	1.86	71.006	-9.32	-8.4	0.0	85.44	31.342	-6.708	0.0	2.623	98.517	-1.0	-7.275	0.0	0.0	23.423	-1.0	0.0	2.036	56.475	-8.46	-5.713	0.0	91.727	0.0	-7.096	0.0	1.944	51.825	-8.88	-4.963	0.0	91.496	0.0	-1.0	28.8	1.567	76.43	-9.35	-5.963	0.0	87.811	0.0	0.0	0.0	2.036	50.275	-8.55	-5.65	4.785	91.965	0.0	-1.0	0.2	2.489	47.273	-8.74	-6.088	0.0	88.33	23.568	-1.0	0.4	1.508	53.375	-8.75	-5.775	0.0	86.118	19.791	0.0	0.2	2.229	10.656	-8.93	-7.213	0.0	92.676	11.872	-21.468	0.0	0.0	81.952	-8.48
-1.0	-1.0	2.659	0.0	24.077	-13.968	0.0	1.978	76.14	-9.28	-8.65	0.0	85.45	31.705	-6.69	0.0	2.615	89.023	-1.0	-7.275	0.0	0.0	22.842	-1.0	0.0	2.095	53.278	-8.5	-6.088	0.0	91.697	0.0	-7.167	0.0	1.986	56.088	-8.84	-4.9	0.0	91.545	0.0	-1.0	28.8	1.575	77.399	-9.34	-5.963	0.0	87.833	0.0	0.0	0.0	1.944	40.201	-8.62	-6.15	0.0	91.945	0.0	-1.0	0.2	2.112	19.568	-8.76	-6.088	0.0	88.305	23.35	-1.0	0.4	1.584	23.83	-8.78	-6.15	0.0	86.111	19.427	0.0	0.2	2.02	13.949	-9.0	-7.588	0.0	92.656	12.235	-21.46	0.0	1.089	103.748	-8.56
-1.0	-1.0	1.595	0.0	24.222	-13.832	0.0	2.17	78.077	-9.38	-8.775	0.0	85.383	31.996	-6.688	0.0	2.933	91.833	-1.0	-7.15	0.0	0.0	22.769	-1.0	0.0	2.17	60.156	-8.5	-6.025	0.0	91.678	0.0	-7.1	0.0	1.676	56.669	-8.9	-4.713	0.0	91.49	0.0	-1.0	28.8	1.332	64.322	-9.44	-6.213	0.0	87.787	0.0	0.0	0.0	1.961	60.834	-8.61	-5.588	2.659	91.948	0.0	-1.0	0.2	2.12	29.545	-8.76	-6.275	0.0	88.285	22.842	-1.0	0.4	1.089	16.855	-8.82	-6.088	0.0	86.059	19.718	0.0	0.2	1.969	12.012	-9.12	-7.4	0.0	92.621	11.581	-21.591	0.0	0.98	106.847	-8.56
-1.0	-1.0	1.063	0.0	24.295	-14.39	0.0	1.634	70.037	-9.36	-8.525	0.0	85.389	31.705	-6.707	0.0	1.902	99.388	0.0	-7.275	0.0	1.907	22.987	-1.0	0.0	2.003	54.053	-8.54	-5.713	0.0	91.667	0.0	-7.19	0.0	2.129	51.728	-8.88	-4.963	0.0	91.496	0.0	-1.0	28.8	1.525	50.372	-9.48	-5.963	0.0	87.737	0.0	0.0	0.0	1.886	48.338	-8.63	-5.588	1.063	91.942	0.0	-1.0	0.2	2.221	45.335	-8.84	-6.213	0.0	88.264	23.278	-1.0	0.4	1.684	44.657	-8.85	-5.9	0.0	86.052	20.009	0.0	0.2	2.212	12.69	-9.04	-7.338	0.0	92.607	12.017	-21.436	0.0	0.0	73.234	-8.63
-1.0	-1.0	0.0	0.0	24.15	-13.832	0.0	1.902	84.567	-9.32	-8.588	0.0	85.419	31.705	-6.702	0.0	2.204	97.16	-1.0	-7.213	0.0	0.0	22.915	-1.0	0.0	1.994	64.225	-8.52	-6.088	0.0	91.672	0.0	-7.11	0.0	1.844	52.407	-8.92	-4.525	0.0	91.485	0.0	-1.0	28.8	1.265	91.929	-9.46	-6.088	0.0	87.742	0.0	0.0	0.0	2.045	52.31	-8.66	-5.963	1.063	91.915	0.0	-1.0	0.2	2.17	29.255	-8.79	-6.15	0.0	88.277	23.205	-1.0	0.4	1.274	46.11	-8.87	-6.463	0.0	86.046	19.791	0.0	0.2	2.112	21.021	-9.1	-7.463	0.0	92.59	11.654	-21.491	0.0	0.0	110.916	-8.58
-1.0	-1.0	0.532	0.0	24.004	-14.106	0.0	1.835	78.465	-9.41	-8.588	0.0	85.376	32.068	-6.694	0.0	2.673	96.676	0.0	-7.213	0.0	1.907	22.769	-1.0	0.0	1.877	61.125	-8.59	-6.088	0.0	91.653	0.0	-7.117	0.0	2.12	55.506	-8.88	-4.463	0.0	91.534	0.0	-1.0	28.8	1.349	61.028	-9.44	-6.088	0.0	87.747	0.0	0.0	0.0	1.659	58.8	-8.68	-5.4	0.532	91.891	0.0	-1.0	0.2	1.902	23.055	-8.76	-6.213	0.0	88.305	23.133	-1.0	0.4	1.232	57.347	-8.87	-5.963	0.0	86.026	20.299	0.0	0.2	1.978	22.183	-9.06	-7.338	0.0	92.638	11.872	-21.607	0.0	0.0	82.436	-8.56
-1.0	-1.0	0.0	0.0	24.44	-14.39	0.0	1.735	79.627	-9.38	-8.525	0.0	85.383	31.923	-6.729	0.0	2.774	93.77	-1.0	-7.275	0.0	0.0	22.697	-1.0	0.0	2.179	62.578	-8.56	-5.775	0.0	91.661	0.0	-7.106	0.0	1.953	49.597	-9.0	-5.025	0.0	91.462	0.0	-1.0	28.8	1.584	75.462	-9.46	-5.713	0.0	87.742	0.0	0.0	0.0	2.087	45.335	-8.68	-5.963	0.532	91.891	0.0	-1.0	0.2	2.363	34.97	-8.86	-6.088	0.0	88.258	22.987	-1.0	0.4	1.232	46.013	-8.9	-6.213	0.0	86.039	20.299	0.0	0.2	2.263	8.718	-9.08	-7.4	0.0	92.614	11.654	-21.676	0.0	0.0	102.004	-8.6
-1.0	-1.0	2.659	0.0	24.367	-14.106	0.0	1.718	100.357	-9.42	-8.713	0.0	85.373	31.633	0.0	0.0	2.573	96.289	-1.0	-7.275	0.0	0.0	22.842	-1.0	0.0	1.81	80.596	-8.6	-6.213	0.0	91.631	0.0	-7.136	0.0	2.246	58.025	-8.93	-4.9	0.0	91.482	0.0	-1.0	28.8	1.425	74.687	-9.48	-6.088	0.0	87.737	0.0	0.0	0.0	1.936	52.988	-8.72	-6.15	0.532	91.879	0.0	-1.0	0.2	2.631	34.679	-8.82	-6.213	0.0	88.269	22.842	-1.0	0.4	1.467	53.278	-8.94	-6.4	0.0	86.008	19.427	0.0	0.2	2.556	0.0	-9.08	-7.4	0.0	92.633	11.944	-21.591	0.0	0.0	101.52	-8.65
-1.0	-1.0	0.0	0.0	24.295	-14.318	0.0	2.17	65.581	-9.42	-9.025	0.0	85.373	31.778	0.0	0.0	2.891	89.12	-1.0	-7.4	0.0	0.0	22.915	-1.0	0.0	2.531	69.649	-8.66	-6.65	0.0	91.595	0.0	-7.079	0.0	2.439	40.007	-9.0	-5.4	0.0	91.462	0.0	-1.0	28.8	1.852	68.681	-9.56	-6.4	0.0	87.676	0.0	0.0	0.0	2.506	51.632	-8.78	-6.4	10.634	91.825	0.0	-1.0	0.2	2.665	38.167	-8.9	-6.4	0.0	88.208	22.987	-1.0	0.4	1.819	47.466	-8.98	-6.775	0.0	85.977	19.863	0.0	0.2	1.944	22.474	-9.16	-7.65	0.0	92.573	11.944	-21.862	0.0	1.073	99.001	-8.68
-1.0	-1.0	0.532	0.0	24.15	-13.9	0.0	2.422	75.171	-9.5	-8.713	0.0	85.312	31.56	-6.678	0.0	2.732	88.927	-1.0	-7.588	0.0	0.0	22.915	-1.0	0.0	2.589	55.991	-8.76	-6.4	0.0	91.549	0.0	-7.092	0.0	2.011	54.344	-9.1	-5.65	0.0	91.359	0.0	-1.0	28.8	1.902	61.706	-9.64	-6.525	0.0	87.654	0.0	0.0	0.0	2.43	54.538	-8.8	-5.713	0.0	91.819	0.0	-1.0	0.2	2.062	31.773	-9.04	-6.588	0.0	88.131	23.568	-1.0	0.4	1.441	22.28	-9.02	-6.4	0.0	85.947	19.427	0.0	0.2	1.517	10.559	-9.27	-7.838	0.0	92.504	11.944	-21.227	0.0	1.098	94.448	-8.82
-1.0	-1.0	0.532	0.0	24.222	-14.247	0.0	2.003	63.353	-9.59	-8.9	0.0	85.268	31.705	-6.687	0.0	2.715	90.186	-1.0	-7.4	0.0	0.0	22.551	-1.0	0.0	1.827	61.803	-8.74	-6.338	0.0	91.573	0.0	-7.068	0.0	1.894	66.162	-9.12	-4.775	0.0	91.372	0.0	-1.0	28.8	1.433	56.184	-9.68	-6.463	0.0	87.604	0.0	0.0	0.0	1.894	44.948	-8.82	-5.713	0.0	91.814	0.0	-1.0	0.2	2.129	27.608	-8.98	-6.338	0.0	88.147	22.769	-1.0	0.4	1.073	45.916	-9.06	-6.463	0.0	85.916	19.355	0.0	0.2	2.338	11.915	-9.24	-7.713	0.0	92.513	11.508	-1.0	0.0	0.0	88.442	-8.8
-1.0	-1.0	0.0	0.0	24.513	-13.765	0.0	1.735	89.701	-9.56	-8.9	0.0	85.296	31.778	-6.694	0.0	2.405	103.069	-1.0	-7.338	0.0	0.0	22.697	-1.0	0.0	2.045	62.578	-8.74	-5.775	0.0	91.573	0.0	-7.113	0.0	1.676	55.216	-9.15	-4.9	0.0	91.345	0.0	-1.0	28.8	1.366	83.889	-9.7	-6.213	0.0	87.599	0.0	0.0	0.0	1.944	58.703	-8.82	-5.9	1.063	91.814	0.0	-1.0	0.2	1.869	42.138	-9.0	-6.213	0.0	88.162	23.133	-1.0	0.4	1.14	18.599	-9.0	-6.213	0.0	85.952	19.791	0.0	0.2	1.986	7.653	-9.26	-7.9	0.0	92.507	11.581	-21.466	0.0	0.0	94.157	-8.78
-1.0	-1.0	1.063	0.0	24.367	-14.037	0.0	1.894	82.243	-9.6	-8.775	0.0	85.245	31.487	-6.696	0.0	2.397	96.773	0.0	-7.463	0.0	0.0	22.624	-1.0	0.0	1.81	44.076	-8.76	-6.025	0.0	91.567	0.0	-7.1	0.0	1.559	64.128	-9.14	-4.963	0.0	91.348	0.0	-1.0	28.8	1.383	58.703	-9.73	-6.213	0.0	87.571	0.0	0.0	0.0	1.634	41.46	-8.82	-5.9	4.785	91.814	0.0	-1.0	0.2	1.659	25.283	-9.02	-6.4	0.0	88.136	22.624	-1.0	0.4	0.0	43.785	-9.06	-6.4	0.0	85.916	19.791	0.0	0.2	1.693	355.9	-9.26	-7.713	0.0	92.507	11.654	-21.428	0.0	0.0	61.028	-8.79
-1.0	-1.0	0.532	0.0	24.222	-14.106	0.0	1.735	88.539	-9.6	-8.775	0.0	85.266	31.778	-6.703	0.0	2.439	108.688	-1.0	-7.4	0.0	0.0	22.987	-1.0	0.0	1.71	66.356	-8.71	-5.9	0.0	91.581	0.0	-7.118	0.0	1.332	57.638	-9.18	-4.775	0.0	91.336	0.0	-1.0	28.8	1.098	74.396	-9.74	-6.4	0.0	87.568	0.0	0.0	0.0	1.458	47.757	-8.83	-5.9	0.532	91.811	0.0	-1.0	0.2	2.087	35.551	-9.02	-6.4	0.0	88.136	22.987	-1.0	0.4	0.0	45.626	-9.04	-6.4	0.0	85.921	19.645	0.0	0.2	1.844	8.815	-9.34	-7.4	0.0	92.484	11.944	-21.591	0.0	0.0	117.212	-8.74
-1.0	-1.0	1.595	0.0	24.295	-14.318	0.0	1.844	81.758	-9.6	-8.775	1.595	85.245	31.705	-6.696	0.0	2.464	98.42	-1.0	-7.588	0.0	0.0	22.987	-1.0	0.0	1.316	50.663	-8.76	-5.9	0.0	91.549	0.0	-7.11	0.0	2.003	64.612	-9.16	-4.65	0.0	91.342	0.0	-1.0	28.8	1.123	64.418	-9.66	-6.65	0.0	87.609	0.0	0.0	0.0	1.24	57.638	-8.88	-6.15	1.063	91.778	0.0	-1.0	0.2	2.305	43.591	-9.0	-6.338	0.0	88.142	22.987	-1.0	0.4	1.391	44.851	-9.08	-6.463	0.0	85.911	19.282	0.0	0.2	1.986	0.097	-9.3	-7.463	0.0	92.496	11.872	-21.744	0.0	0.0	99.776	-8.78
-1.0	-1.0	0.0	0.0	24.004	-14.037	0.0	1.978	80.208	-9.57	-8.775	0.0	85.273	31.923	0.0	0.0	2.447	91.154	-1.0	-7.588	0.0	91.554	22.987	-1.0	0.0	2.053	77.011	-8.78	-6.088	0.0	91.562	0.0	-7.117	0.0	1.911	52.407	-9.18	-4.65	0.0	91.336	0.0	-1.0	28.8	1.307	77.786	-9.72	-6.4	0.0	87.593	0.0	0.0	0.0	1.751	64.612	-8.86	-5.713	0.0	91.784	0.0	-1.0	0.2	2.279	42.72	-9.04	-6.4	0.0	88.131	22.987	-1.0	0.4	1.383	35.939	-9.06	-6.275	0.0	85.916	19.791	0.0	0.2	2.02	1.647	-9.4	-7.713	0.0	92.467	11.872	-21.513	0.0	0.913	110.722	-8.82
