-0.89	-1.4	0.532	90.511	24.803	-13.567	35.2	0.0	68.681	-2.11	-0.9	0.0	65.277	32.94	-7.468	29.0	0.0	89.992	-1.46	-0.775	0.0	69.485	24.077	-11.33	0.8	0.0	44.463	-1.48	0.475	0.0	69.761	31.197	0.0	36.0	0.0	45.626	-1.6	0.037	0.0	93.87	10.782	-8.77	1.6	0.0	71.974	-0.74	-0.338	0.0	97.969	0.0	0.0	1.2	0.0	46.788	-1.16	0.225	0.532	73.767	9.547	-1.0	1.0	0.0	42.72	-1.84	0.475	0.0	71.126	27.128	-11.34	32.6	0.0	45.819	116.48	0.412	0.0	48.327	20.227	-12.941	1.0	0.0	349.022	-1.8	-0.525	0.0	28.915	8.675	-1.0	38.2	0.0	79.53	-1.57
-0.92	-1.4	0.0	90.503	24.295	-13.248	35.2	0.0	68.584	-2.1	-0.9	0.532	65.305	33.158	-7.476	29.0	0.0	89.992	-1.5	-0.775	0.0	69.477	23.714	-11.33	0.8	0.0	43.785	-1.5	0.6	0.0	69.807	31.269	-0.129	36.0	0.0	45.141	-1.63	-0.087	0.0	93.842	11.581	-8.757	1.6	0.0	72.459	-0.74	0.037	0.0	97.969	0.0	0.0	1.2	0.0	46.11	-1.16	0.225	2.127	73.767	9.256	-22.236	1.0	0.0	42.526	-1.84	0.475	0.0	71.176	26.765	-11.34	32.6	0.0	45.916	0.0	0.475	0.0	0.0	20.517	-12.669	1.0	0.0	349.022	-1.8	-0.463	0.0	28.915	8.457	-1.0	38.2	0.0	79.433	-1.51
-0.92	-1.462	0.532	90.503	25.094	-12.876	35.2	0.0	68.778	-2.12	-0.963	0.0	65.328	32.577	-7.478	29.0	0.0	90.089	-1.54	-0.65	0.0	69.444	23.714	-11.932	0.8	0.0	44.56	-1.58	0.412	0.0	70.323	31.415	-0.094	36.0	0.0	45.238	-1.67	0.037	0.0	93.83	11.0	-8.73	1.6	0.0	71.877	-0.78	0.412	0.0	97.957	0.0	0.0	1.2	0.0	46.788	-1.18	0.287	0.532	73.738	9.547	-21.85	1.0	0.0	42.72	-1.84	0.537	0.0	71.176	26.765	-11.472	32.6	0.0	46.207	0.0	0.412	0.0	0.0	21.026	-12.999	1.0	0.0	349.022	-1.8	-0.463	0.0	28.915	8.966	-1.0	38.2	0.0	79.53	-1.58
-0.98	-1.525	0.532	90.487	25.094	-13.417	35.2	0.0	68.487	-2.14	-1.15	2.659	65.429	32.795	-7.454	29.0	0.0	89.895	-1.54	-0.588	0.0	69.444	23.786	-11.314	0.8	0.0	44.27	-1.6	0.412	0.0	70.546	31.197	-0.034	36.0	0.0	45.238	-1.66	-0.4	0.0	93.853	11.363	-8.787	1.6	0.0	72.168	-0.82	-0.212	0.0	97.945	0.0	0.0	1.2	0.0	46.401	-1.18	0.35	0.0	73.738	10.056	-21.867	1.0	0.0	42.72	-1.87	0.35	0.0	71.17	26.838	-11.363	32.6	0.0	45.916	-1.0	0.287	0.0	0.0	20.59	-13.037	1.0	0.0	349.022	-1.82	-0.463	0.0	28.913	8.748	-1.0	38.2	0.0	79.433	-1.6
-1.0	-1.837	0.0	90.441	24.367	-13.303	35.2	0.0	68.1	-2.16	-0.9	0.0	65.504	33.086	-7.492	29.0	0.0	90.283	-1.53	-0.713	0.0	69.446	23.641	-11.339	0.8	0.0	44.56	-1.6	0.412	0.0	70.621	31.415	-0.094	36.0	0.0	45.335	-1.66	-0.087	0.0	93.833	11.291	-8.767	1.6	0.0	72.071	-0.83	-0.338	0.0	97.924	0.0	0.0	1.2	0.0	47.079	-1.22	0.163	0.532	73.73	9.62	-21.916	1.0	0.0	42.623	-1.89	0.6	0.0	71.141	26.329	-11.357	32.6	0.0	46.11	-1.0	0.475	0.0	0.0	20.299	-13.247	1.0	0.0	349.312	-1.86	-0.525	0.0	28.877	8.675	-1.0	38.2	0.0	79.53	-1.62
-1.0	-1.4	0.0	90.441	25.167	-13.438	35.2	0.0	68.39	-2.21	-1.025	0.0	65.6	33.158	-7.488	29.0	0.0	90.573	-1.55	-0.775	0.0	69.442	23.859	-11.167	0.8	0.0	44.657	-1.54	0.475	0.0	70.306	31.124	-0.086	36.0	0.0	45.432	-1.73	-0.212	0.0	93.814	11.218	-8.775	1.6	0.0	71.684	-0.91	-0.087	0.0	97.919	0.0	0.0	1.2	0.0	46.304	-1.21	0.225	0.0	73.708	9.838	-21.63	1.0	0.0	43.01	-1.88	0.537	0.0	71.168	27.273	-11.19	32.6	0.0	45.819	-1.0	0.412	0.0	0.0	21.098	-13.117	1.0	0.0	349.022	-1.88	-0.65	0.0	28.908	8.603	-1.0	38.2	0.0	79.433	-1.6
-1.0	-1.587	1.063	90.441	25.094	-13.035	35.2	0.0	68.874	-2.23	-1.212	0.532	65.674	32.94	-7.472	29.0	0.0	89.895	-1.56	-0.713	0.0	69.44	23.641	-11.216	0.8	0.0	44.463	-1.58	0.35	0.0	70.449	31.269	0.0	36.0	0.0	45.432	-1.74	-0.087	0.0	93.811	11.145	-8.842	1.6	0.0	72.168	-0.86	-0.212	0.0	97.897	0.0	0.0	1.2	0.0	46.788	-1.24	0.412	0.0	73.677	9.547	-21.477	1.0	0.0	42.72	-1.88	0.6	0.0	71.218	26.402	-11.653	32.6	0.0	45.819	-1.0	0.475	0.0	0.0	21.098	-13.068	1.0	0.0	349.022	-1.85	-0.588	0.0	28.911	8.748	-1.0	38.2	0.0	79.627	-1.62
-1.03	-1.65	1.063	90.433	24.222	-13.525	35.2	0.0	68.584	-2.24	-1.087	0.0	65.699	33.086	-7.475	29.0	0.0	89.895	-1.59	-0.838	0.0	69.434	23.859	-11.321	0.8	0.0	44.463	-1.59	0.6	0.0	70.523	31.342	-0.219	36.0	0.0	45.238	-1.78	-0.025	0.0	93.799	11.291	-8.816	1.6	0.0	72.071	-0.84	-0.087	0.0	97.903	0.0	0.0	1.2	0.0	47.466	-1.26	0.163	1.595	73.673	9.692	-22.017	1.0	0.0	42.913	-1.92	0.412	0.0	71.21	26.91	-11.251	32.6	0.0	46.013	-1.0	0.287	0.0	0.0	20.372	-12.979	1.0	0.0	349.022	-1.86	-0.65	0.0	28.91	8.457	-1.0	38.2	0.0	79.918	-1.7
-1.04	-1.462	0.0	90.431	25.239	-13.238	35.2	0.0	68.971	-2.24	-1.212	1.063	65.751	33.086	-7.44	29.0	0.0	89.895	-1.59	-0.775	0.0	69.434	23.932	-11.207	0.8	0.0	43.979	-1.62	0.725	0.0	70.668	31.197	-0.202	36.0	0.0	45.141	-1.78	-0.087	0.0	93.799	11.073	-8.831	1.6	0.0	71.974	-0.87	-0.338	0.0	97.894	0.0	0.0	1.2	0.0	46.788	-1.22	0.163	0.0	73.656	9.91	-22.017	1.0	0.0	42.913	-1.9	0.412	0.0	71.214	26.983	-11.211	32.6	0.0	47.079	0.0	0.287	0.0	0.0	20.88	-12.863	1.0	0.0	349.022	-1.86	-0.588	0.0	28.91	8.675	-1.0	38.2	0.0	79.724	-1.49
-1.05	-1.775	0.0	90.407	24.803	-13.066	35.2	0.0	68.39	-2.25	-1.087	0.0	65.775	32.867	-7.491	29.0	0.0	89.992	-1.56	-0.775	0.0	69.44	23.641	-11.248	0.8	0.0	44.463	-1.58	0.537	0.0	70.6	31.415	-0.137	36.0	0.0	45.722	-1.73	-0.15	0.0	93.814	11.145	-8.847	1.6	0.0	71.974	-0.86	-0.338	0.0	97.897	0.0	0.0	1.2	0.0	46.691	-1.22	0.287	0.0	73.632	10.128	-22.254	1.0	0.0	42.816	-1.92	0.475	0.0	71.21	26.91	-11.143	32.6	0.0	45.916	-1.0	0.6	0.0	0.0	20.299	-12.971	1.0	0.0	349.409	-1.89	-0.525	0.0	28.874	8.457	-1.0	38.2	0.0	79.433	-1.66
-1.02	-1.587	0.532	90.415	24.513	-13.28	35.2	0.0	68.681	-2.26	-1.025	0.0	65.774	32.867	-7.457	29.0	0.0	89.411	-1.56	-0.713	0.0	69.44	24.077	-11.297	0.8	0.0	44.657	-1.58	0.475	0.0	70.525	30.833	-0.115	36.0	0.0	44.948	-1.75	-0.212	0.0	93.808	11.073	-8.875	1.6	0.0	71.781	-0.84	0.225	0.0	97.903	0.0	0.0	1.2	0.0	46.691	-1.22	0.287	3.19	73.632	10.056	-21.951	1.0	0.0	42.816	-1.91	0.537	0.0	71.237	26.329	-11.19	32.6	0.0	45.432	-1.0	0.287	0.0	0.0	20.735	-14.404	1.0	0.0	349.022	-1.84	-0.463	0.0	28.912	8.675	-1.0	38.2	0.0	79.53	-1.62
-1.03	-1.525	1.595	90.413	24.513	-13.228	35.2	0.0	68.487	-2.24	-1.087	0.0	65.803	33.086	-7.537	29.0	0.0	89.895	-1.56	-0.963	0.0	69.466	23.932	-10.873	0.8	0.0	44.851	-1.54	0.537	0.0	70.205	31.415	-0.107	36.0	0.0	45.238	-1.72	0.1	0.0	93.816	11.363	-8.92	1.6	0.0	72.265	-0.85	-0.212	0.0	97.9	0.0	0.0	1.2	0.0	46.982	-1.2	0.412	0.532	73.636	9.402	-21.885	1.0	0.0	42.623	-1.9	0.35	0.0	71.314	26.765	-11.164	32.6	0.0	45.819	0.0	0.412	0.0	0.0	21.171	-13.057	1.0	0.0	349.022	-1.84	-0.775	0.0	28.912	8.603	-1.0	38.2	0.0	79.24	-1.61
-1.04	-1.4	0.0	90.431	25.094	-13.248	35.2	0.0	68.487	-2.24	-1.337	0.0	65.803	32.94	-7.468	29.0	0.0	89.314	-1.58	-0.838	0.0	69.436	23.714	-11.119	0.8	0.0	44.948	-1.56	0.537	0.0	70.352	31.051	-0.167	36.0	0.0	45.044	-1.72	-0.15	0.0	93.816	11.291	-8.847	1.6	0.0	72.071	-0.86	-0.087	0.0	97.897	0.0	0.0	1.2	0.0	46.788	-1.2	0.35	0.532	73.612	9.329	-22.07	1.0	0.0	42.332	-1.92	0.475	0.0	71.31	26.692	-11.299	32.6	0.0	46.304	0.0	0.225	0.0	0.0	21.171	-12.797	1.0	0.0	349.312	-1.84	-0.525	0.0	28.912	8.966	-1.0	38.2	0.0	79.433	-1.64
-1.03	-1.65	0.0	90.413	24.15	-13.208	35.2	0.0	68.584	-2.24	-1.025	0.0	65.803	33.086	-7.441	29.0	0.0	89.992	-1.54	-0.9	0.0	69.444	24.004	-11.19	0.8	0.0	44.754	-1.57	0.537	0.0	70.426	30.833	-0.137	36.0	0.0	45.238	-1.68	-0.087	0.0	93.828	11.0	-8.9	1.6	0.0	71.587	-0.85	-0.275	0.0	97.9	0.0	0.0	1.2	0.0	46.498	-1.22	0.35	0.0	73.607	9.838	-21.766	1.0	0.0	42.623	-1.9	0.412	0.0	71.364	26.765	-11.291	32.6	0.0	45.722	109.94	0.287	0.0	47.862	20.299	-12.979	1.0	0.0	349.022	-1.84	-0.65	0.0	28.912	8.603	-1.0	38.2	0.0	79.53	-1.62
-1.04	-1.962	0.0	90.41	24.949	-13.158	35.2	0.0	68.487	-2.24	-0.9	1.595	65.803	33.086	-7.5	29.0	0.0	90.476	-1.63	-0.775	0.0	69.401	23.641	-11.207	0.8	0.0	44.56	-1.6	0.725	0.0	70.596	30.906	-0.292	36.0	0.0	45.238	-1.74	-0.4	0.0	93.811	11.799	-8.854	1.6	0.0	72.168	-0.86	0.1	0.0	97.897	0.0	0.0	1.2	0.0	46.498	-1.25	0.163	1.063	73.601	9.547	-22.017	1.0	0.0	43.01	-1.96	0.412	0.0	71.277	26.765	-11.096	32.6	0.0	46.207	0.0	0.35	0.0	28.903	21.026	-13.166	1.0	0.0	349.022	-1.88	-0.713	0.0	28.908	8.457	-1.0	38.2	0.0	79.433	-1.66
-1.06	-1.65	1.063	90.384	25.021	-13.525	35.2	0.0	68.487	-2.26	-1.337	0.0	65.878	32.867	-7.484	29.0	0.0	89.798	-1.58	-0.963	0.0	69.436	23.568	-11.181	0.8	0.0	44.754	-1.58	0.225	0.0	70.5	31.269	-0.058	36.0	0.0	45.335	-1.76	-0.212	0.0	93.805	10.927	-8.886	1.6	0.0	71.974	-0.88	-0.4	0.0	97.891	0.0	0.0	1.2	0.0	46.304	-1.24	0.287	0.532	73.579	9.547	-21.748	1.0	0.0	42.526	-1.98	0.475	0.0	71.248	26.111	-11.22	32.6	0.0	46.788	0.0	0.6	0.0	30.061	20.372	-12.971	1.0	0.0	349.022	-1.91	-0.588	0.0	28.873	8.675	-1.0	38.2	0.0	79.627	-1.65
-1.06	-1.65	0.0	90.384	24.367	-13.208	35.2	0.0	68.487	-2.28	-1.025	0.0	65.927	32.94	-7.465	29.0	0.0	89.992	-1.55	-0.775	0.0	69.442	23.496	-11.545	0.8	0.0	44.754	-1.66	0.475	0.0	70.861	30.833	-0.175	36.0	0.0	45.626	-1.77	-0.212	0.0	93.802	10.927	-8.84	1.6	0.0	72.168	-0.89	-0.275	0.0	97.888	0.0	0.0	1.2	0.0	46.885	-1.23	0.287	3.19	73.581	9.838	-21.647	1.0	0.0	42.913	-1.95	0.35	0.0	71.279	25.966	-11.125	32.6	0.0	45.529	0.0	0.287	0.0	24.054	21.171	-12.807	1.0	0.0	349.022	-1.91	-0.588	0.0	28.873	8.675	-1.0	38.2	0.0	79.24	-1.68
-1.06	-1.712	0.0	90.384	25.021	-13.26	35.2	0.0	68.196	-2.3	-1.15	0.0	65.923	33.303	-7.414	29.0	0.0	89.895	-1.64	-0.775	0.0	69.424	23.641	-11.127	0.8	0.0	44.366	-1.67	0.287	0.0	71.01	31.051	-0.08	36.0	0.0	44.754	-1.8	-0.15	0.0	93.755	10.927	-8.881	1.6	0.0	72.168	-0.88	-0.15	0.0	97.891	0.0	0.0	1.2	0.0	46.304	-1.3	0.163	2.127	73.542	10.128	-21.815	1.0	0.0	42.816	-1.94	0.662	0.0	71.356	27.128	-17.638	32.6	0.0	46.304	0.0	0.225	0.0	0.0	20.808	-12.911	1.0	0.0	349.312	-1.94	-0.65	0.0	28.837	8.748	-1.0	38.2	0.0	79.627	-1.71
-1.12	-1.712	0.532	90.368	25.239	-13.323	35.2	0.0	68.39	-2.32	-1.212	0.0	65.998	33.013	-7.479	29.0	0.0	89.701	-1.7	-0.9	0.0	69.362	23.786	-10.845	0.8	0.0	44.076	-1.7	0.412	0.0	71.254	31.124	-0.212	36.0	0.0	44.173	-1.82	-0.338	0.0	93.749	11.0	-8.827	1.6	0.0	71.974	-0.94	-0.338	0.0	97.873	0.0	0.0	1.2	0.0	46.788	-1.3	0.287	0.0	73.517	9.838	-21.748	1.0	0.0	42.429	-1.98	0.287	0.0	71.348	26.329	-11.155	32.6	0.0	46.11	0.0	0.1	0.0	0.0	21.098	-13.007	1.0	0.0	349.022	-1.92	-0.65	0.0	28.872	8.603	-1.0	38.2	0.0	79.53	-1.74
-1.12	-1.525	0.0	90.368	24.658	-13.228	35.2	0.0	68.681	-2.34	-1.4	0.0	66.072	32.867	-7.447	29.0	0.0	89.12	-1.63	-1.025	0.0	69.401	23.786	-11.133	0.8	0.0	44.56	-1.69	0.287	0.0	71.256	31.197	-0.11	36.0	0.0	45.432	-1.84	-0.4	0.0	93.744	11.291	-8.854	1.6	0.0	72.071	-0.98	-0.338	0.0	97.861	0.0	0.0	1.2	0.0	46.401	-1.34	0.1	0.0	73.484	9.329	-21.798	1.0	0.0	42.816	-2.02	0.287	0.0	71.265	25.82	-11.117	32.6	0.0	45.819	15.28	0.35	0.0	40.065	20.953	-13.106	1.0	0.0	348.634	-1.98	-0.713	0.0	28.834	8.748	-1.0	38.2	0.0	79.724	-1.76
-1.14	-1.712	1.595	90.363	24.876	-13.198	35.2	0.0	68.487	-2.36	-1.4	0.0	66.147	32.795	-7.423	29.0	0.0	89.992	-1.7	-0.963	0.0	69.387	24.077	-11.024	0.8	0.0	44.366	-1.7	0.412	0.0	71.254	30.543	-0.212	36.0	0.0	45.044	-1.88	-0.087	0.0	93.733	10.782	-8.809	1.6	0.0	72.071	-1.04	-0.4	0.0	97.807	0.0	0.0	1.2	0.0	46.498	-1.35	0.163	1.063	73.458	9.547	-22.017	1.0	0.0	42.72	-2.03	0.475	0.0	71.263	26.692	-11.067	32.6	0.0	45.819	53.32	0.287	0.0	44.398	20.808	-12.807	1.0	0.0	349.022	-1.99	-0.713	0.0	28.833	8.821	-1.0	38.2	0.0	79.433	-1.78
-1.18	-1.837	0.532	90.352	24.949	-13.495	35.2	0.0	68.293	-2.38	-1.525	0.0	66.195	33.013	-7.404	29.0	0.0	89.508	-1.72	-1.025	0.0	69.358	23.859	-10.94	0.8	0.0	44.27	-1.76	0.412	0.0	71.517	31.56	-0.123	36.0	0.0	46.013	-1.88	-0.212	0.0	93.771	11.0	-8.796	1.6	0.0	72.071	-1.0	-0.275	0.0	97.819	0.0	0.0	1.2	0.0	47.079	-1.38	0.287	0.532	73.427	9.329	-21.85	1.0	0.0	42.235	-2.07	0.1	0.0	71.23	26.474	-11.053	32.6	0.0	45.916	0.0	0.287	0.0	30.594	21.171	-12.807	1.0	0.0	348.634	-2.04	-0.775	0.0	28.828	8.748	-1.0	38.2	0.0	79.433	-1.8
-1.2	-1.712	0.0	90.327	24.949	-13.323	35.2	0.0	68.39	-2.41	-1.462	0.0	66.268	32.504	-7.457	29.0	0.0	89.314	-1.74	-1.025	0.0	69.354	23.35	-10.902	0.8	0.0	44.851	-1.73	0.35	0.0	71.423	30.833	-7.451	36.0	0.0	45.044	-1.9	-0.212	0.0	93.727	10.709	-8.818	1.6	0.0	72.265	-1.02	-0.338	0.0	97.813	0.0	0.0	1.2	0.0	46.788	-1.38	0.163	0.0	73.378	9.692	-21.815	1.0	0.0	42.526	-2.08	0.412	0.0	71.203	26.765	-10.984	32.6	0.0	45.916	102.52	0.1	0.0	0.0	20.953	-12.61	1.0	0.0	349.022	-2.04	-0.838	0.0	28.828	8.748	-1.0	38.2	0.0	79.53	-1.84
-1.22	-1.712	0.0	90.321	24.367	-13.198	35.2	0.0	68.487	-2.42	-1.337	1.063	66.292	32.795	-7.437	29.0	0.0	89.798	-1.69	-0.9	0.0	69.364	23.786	-11.032	0.8	0.0	44.657	-1.73	0.412	0.0	71.548	31.56	-0.004	36.0	0.0	44.27	-1.84	-0.15	0.0	93.744	11.363	-8.803	1.6	0.0	71.877	-1.02	-0.4	0.0	97.813	0.0	0.0	1.2	0.0	46.691	-1.38	0.163	0.532	73.353	9.838	-21.612	1.0	0.0	42.429	-2.09	0.537	0.0	71.201	26.184	-10.965	32.6	0.0	45.722	-0.36	0.287	0.0	38.197	20.372	-13.037	1.0	0.0	349.022	-2.04	-0.775	0.0	28.828	8.675	-1.0	38.2	0.0	79.336	-1.78
-1.2	-1.775	0.0	90.306	24.44	-13.066	35.2	0.0	68.39	-2.42	-1.275	3.722	66.318	32.65	-7.387	29.0	0.0	89.798	-1.66	-0.9	0.0	69.395	23.859	-10.882	0.8	0.0	43.591	-1.72	0.287	0.0	71.4	31.051	-0.021	36.0	0.0	45.238	-1.84	0.037	0.0	93.744	11.291	-8.78	1.6	0.0	71.684	-0.98	-0.463	0.0	97.825	0.0	0.0	1.2	0.0	46.788	-1.36	0.037	3.722	73.308	9.91	-21.882	1.0	0.0	42.913	-2.09	0.35	0.0	71.251	26.547	-11.125	32.6	0.0	45.819	0.14	0.225	0.0	38.187	20.444	-12.63	1.0	0.0	348.538	-2.02	-0.713	0.0	28.83	8.748	-1.0	38.2	0.0	79.143	-1.8
-1.2	-1.65	0.0	90.306	25.021	-13.208	35.2	0.0	68.487	-2.4	-1.087	0.0	66.296	32.795	-7.506	29.0	0.0	90.283	-1.72	-0.9	0.0	69.383	23.786	-11.032	0.8	0.0	45.044	-1.76	0.35	0.0	71.592	31.124	-0.191	36.0	0.0	45.044	-1.86	-0.4	0.0	93.738	11.291	-8.734	1.6	0.0	72.265	-1.02	-0.212	0.0	97.813	0.0	0.0	1.2	0.0	46.788	-1.35	0.225	1.063	73.31	9.765	-1.0	1.0	0.0	42.816	-2.1	0.475	0.0	71.274	26.329	-11.067	32.6	0.0	46.013	-1.64	0.225	0.0	38.06	20.808	-12.521	1.0	0.0	349.312	-2.03	-0.775	0.0	28.829	8.675	-1.0	38.2	0.0	79.143	-1.78
-1.2	-1.712	7.976	90.306	24.658	-13.075	35.2	0.0	68.584	-2.4	-1.087	0.0	66.243	33.449	-7.428	29.0	0.0	90.864	-1.7	-0.9	0.0	69.362	23.714	-11.11	0.8	0.0	44.463	-1.78	0.412	0.0	71.687	30.979	-0.183	36.0	0.0	45.626	-1.9	-0.15	0.0	93.727	11.073	-8.792	1.6	0.0	71.877	-1.02	-0.212	0.0	97.813	0.0	0.0	1.2	0.0	46.594	-1.36	0.1	0.0	73.259	9.329	-21.697	1.0	0.0	42.816	-2.09	0.1	0.0	71.301	26.402	-11.129	32.6	0.0	45.819	0.2	0.287	0.0	38.257	20.299	-12.531	1.0	0.0	349.022	-2.04	-0.9	0.0	28.828	8.603	-1.0	38.2	0.0	79.433	-1.84
-1.2	-2.025	0.0	90.306	25.094	-13.087	35.2	0.0	68.487	-2.38	-1.4	0.0	66.299	32.867	-7.423	29.0	0.0	89.701	-1.68	-1.025	0.0	69.366	23.714	-12.226	0.8	0.0	44.56	-1.79	0.35	0.0	71.76	31.269	-0.161	36.0	0.0	45.238	-1.9	-0.338	0.0	93.727	11.0	-8.72	1.6	0.0	72.362	-1.0	-0.4	0.0	97.819	0.0	0.0	1.2	0.0	46.691	-1.38	0.037	0.0	73.23	9.62	-22.183	1.0	0.0	42.72	-2.1	0.35	0.0	71.324	27.056	-11.087	32.6	0.0	46.013	2.28	0.1	0.0	38.383	20.517	-12.61	1.0	0.0	349.022	-2.08	-0.775	0.0	28.825	8.821	-1.0	38.2	0.0	79.433	-1.82
-1.22	-1.837	1.063	90.301	24.658	-13.24	35.2	0.0	68.487	-2.41	-1.525	0.0	66.32	33.013	-7.373	29.0	0.0	89.798	-1.7	-0.963	0.0	69.362	24.077	-11.102	0.8	0.0	44.366	-1.78	0.35	0.0	71.762	31.487	-0.131	36.0	0.0	45.529	-1.86	-0.212	0.0	93.738	10.637	-9.11	1.6	0.0	71.781	-1.04	-0.275	0.0	97.807	0.0	0.0	1.2	0.0	46.498	-1.4	0.225	5.317	73.201	9.62	-21.324	1.0	0.0	42.816	-2.08	0.35	0.0	71.378	26.329	-11.164	32.6	0.0	45.722	5.78	0.412	0.0	38.756	20.808	-13.057	1.0	0.0	349.797	-2.02	-0.65	0.0	28.83	8.748	-1.0	38.2	0.0	79.627	-1.82
-1.22	-1.9	0.0	90.301	24.731	-13.168	35.2	0.0	68.681	-2.42	-1.337	3.19	66.37	32.867	-7.381	29.0	0.0	89.992	-1.76	-0.963	0.0	69.325	23.859	-11.063	0.8	0.0	44.851	-1.76	0.537	0.0	71.666	30.761	-0.345	36.0	0.0	45.044	-1.91	-0.338	0.0	93.724	10.782	-8.71	1.6	0.0	71.974	-1.0	-0.275	0.0	97.8	0.0	0.0	1.2	0.0	46.304	-1.4	0.287	0.532	73.201	10.274	-21.545	1.0	0.0	42.526	-2.08	0.35	0.0	71.427	26.474	-11.363	32.6	0.0	46.304	1.12	0.1	0.0	38.26	20.662	-12.721	1.0	0.0	349.312	-2.05	-0.65	0.0	28.828	8.748	-1.0	38.2	0.0	80.111	-1.82
