-1.0	14.787	309.461	0.0	26.111	-9.543	26.0	0.0	197.13	11.81	15.537	350.404	65.994	35.12	-16.457	11.2	1.291	225.319	11.15	12.037	0.0	64.569	26.765	-9.529	31.2	1.961	209.82	12.56	16.038	0.0	65.093	33.086	-6.043	26.2	1.919	195.58	11.61	12.975	0.0	64.228	13.252	-9.188	3.0	1.039	212.435	11.31	11.725	0.0	63.98	0.0	0.0	24.8	1.819	207.204	12.51	13.412	320.096	65.197	11.654	-17.935	46.6	1.927	181.534	11.48	12.725	0.0	64.85	26.983	-27.166	18.4	1.391	228.419	12.03	13.35	0.0	63.0	26.62	-29.148	24.8	0.0	172.234	11.76	16.475	0.0	64.618	18.773	-11.832	35.8	0.0	231.422	12.62
-1.0	15.35	301.486	0.0	25.675	-9.632	26.0	2.028	191.705	11.7	14.6	308.93	64.496	35.12	-16.454	11.2	1.542	264.164	11.12	12.225	0.0	66.01	26.838	-9.555	31.2	1.944	218.054	12.48	15.725	0.0	63.728	32.795	-6.018	26.2	1.886	204.783	11.67	12.975	0.0	64.883	13.252	-9.214	3.0	1.115	204.105	11.34	11.787	0.0	63.928	0.0	0.0	24.8	1.827	203.62	12.72	13.725	299.359	65.597	12.235	-17.835	46.6	1.668	182.309	11.65	12.6	0.0	63.953	26.765	-27.466	18.4	1.299	216.504	12.19	13.412	0.0	63.339	27.056	-29.067	24.8	0.0	172.719	11.61	16.038	0.0	65.124	18.483	-11.8	35.8	0.0	226.772	12.72
-1.0	15.037	287.129	0.0	25.312	-9.622	26.0	2.137	199.842	11.8	15.537	297.232	65.324	35.047	-17.434	11.2	1.341	245.081	11.08	12.225	0.0	66.886	27.056	-9.532	31.2	1.668	214.179	12.49	15.975	0.0	64.548	32.722	-9.168	26.2	1.886	191.512	11.7	12.912	0.0	65.111	13.252	-9.224	3.0	0.0	208.754	11.48	11.662	0.0	63.952	0.0	0.0	24.8	1.559	200.133	12.68	13.662	290.319	63.875	12.09	-17.728	46.6	1.869	188.218	11.67	12.912	0.0	65.329	26.983	-27.714	18.4	1.073	214.954	12.18	13.162	0.0	61.024	26.692	-28.955	24.8	0.0	175.431	11.89	16.163	0.0	64.613	18.338	-11.642	35.8	0.0	226.869	12.68
-1.0	14.537	281.28	0.0	25.966	-9.472	26.0	0.0	203.717	11.66	14.912	282.344	64.685	34.756	-16.611	11.2	1.358	263.68	11.22	12.287	0.0	63.824	27.056	-9.579	31.2	1.483	213.404	12.45	15.35	0.0	64.597	33.158	-9.082	26.2	1.902	198.389	11.61	12.787	0.0	65.514	13.107	-9.207	3.0	0.947	203.233	11.42	11.787	0.0	63.745	0.0	0.0	24.8	1.358	200.133	12.68	13.6	283.407	63.847	12.453	-17.802	46.6	1.542	188.702	11.73	12.662	0.0	65.479	27.273	-27.954	18.4	0.905	225.803	12.18	13.287	0.0	62.428	25.748	-1.0	24.8	0.0	178.047	11.72	15.912	0.0	65.254	18.556	-11.663	35.8	0.0	211.467	12.72
-1.0	14.787	289.788	0.0	26.184	-9.525	26.0	0.0	185.312	11.79	14.725	299.359	64.82	35.12	-16.723	11.2	1.383	275.691	11.0	12.162	0.0	66.21	27.056	-9.576	31.2	1.936	211.37	12.51	15.537	0.0	65.644	33.086	-5.821	26.2	1.911	192.093	11.56	12.912	0.0	64.472	13.034	-9.18	3.0	1.031	195.193	11.47	11.537	0.0	64.4	0.0	0.0	24.8	1.617	204.783	12.64	13.412	290.851	64.461	11.581	-17.843	46.6	1.785	187.831	11.6	12.725	0.0	66.234	27.056	-27.98	18.4	1.366	215.729	12.16	13.35	0.0	62.852	26.983	-28.817	24.8	0.0	198.971	11.72	15.725	0.0	65.282	18.628	-11.522	35.8	0.0	224.447	12.65
-1.0	14.537	278.09	0.0	25.312	-9.49	26.0	0.0	206.817	11.85	15.1	287.661	65.695	34.756	-16.9	11.2	1.517	293.903	11.12	12.225	0.0	66.038	26.91	-9.547	31.2	1.886	214.47	12.48	15.225	0.0	62.621	33.013	-9.106	26.2	1.793	192.093	11.55	12.85	0.0	64.245	13.107	-9.145	3.0	1.165	199.939	11.36	11.787	0.0	64.297	0.0	0.0	24.8	1.668	200.23	12.65	13.6	283.407	64.8	11.581	-17.893	46.6	1.802	193.643	11.61	12.725	0.0	65.375	27.273	-28.094	18.4	1.483	222.51	12.16	13.35	0.0	62.51	27.056	-28.817	24.8	0.0	185.699	11.84	15.787	0.0	65.303	18.41	-11.492	35.8	0.0	224.157	12.6
-1.0	15.162	292.978	0.0	26.184	-9.579	26.0	2.095	243.531	12.0	15.225	287.129	64.828	34.829	-16.77	11.2	0.0	267.942	11.19	11.975	0.0	62.916	26.91	-9.513	31.2	1.81	214.954	12.5	15.6	0.0	62.852	32.795	-9.158	26.2	2.112	185.409	11.67	12.725	0.0	63.053	12.526	-9.083	3.0	1.056	205.17	11.38	11.662	0.0	60.261	0.0	0.0	24.8	1.844	204.492	12.76	13.6	290.319	63.549	11.654	-17.893	46.6	1.517	184.924	11.74	12.537	0.0	66.369	27.201	-26.252	18.4	1.14	207.398	12.19	13.225	0.0	60.391	26.402	-28.762	24.8	0.0	207.204	11.66	15.475	0.0	64.881	18.483	-11.418	35.8	0.0	232.003	12.62
-1.0	15.037	316.374	0.0	25.748	-9.534	26.0	0.0	223.479	11.69	14.725	305.739	63.65	35.41	-16.723	11.2	2.036	243.821	11.22	12.287	0.0	61.384	26.983	-9.526	31.2	1.643	212.823	12.55	16.038	0.0	62.746	32.577	-9.176	26.2	1.743	198.292	11.82	13.225	0.0	62.083	12.889	-9.221	3.0	0.0	225.997	11.52	11.912	0.0	62.602	0.0	0.0	24.8	1.643	195.774	12.79	13.725	311.056	62.672	12.453	-17.835	46.6	1.575	182.406	11.72	12.537	0.0	60.806	26.91	-26.252	18.4	1.274	214.179	12.26	13.412	0.0	59.707	27.056	-28.619	24.8	0.989	190.543	11.8	15.787	0.0	64.148	18.701	-11.452	35.8	2.053	210.692	12.74
-1.0	16.6	377.522	0.0	25.893	-9.771	26.0	1.919	222.316	11.5	15.162	357.316	64.068	35.556	-16.916	11.2	1.936	253.508	11.07	12.725	0.0	63.488	27.346	-9.616	31.2	1.332	225.803	12.63	16.85	0.0	61.644	33.158	-6.379	26.2	1.475	196.258	11.88	13.475	0.0	63.457	13.034	-9.155	3.0	0.0	209.142	11.59	12.162	0.0	62.016	0.0	0.0	24.8	1.19	196.161	12.85	14.475	367.419	60.874	11.726	-18.038	46.6	1.232	182.793	11.9	13.35	0.0	62.78	26.62	-26.7	18.4	0.0	224.641	12.31	14.225	0.0	60.063	26.474	-28.982	24.8	0.0	206.43	11.86	16.35	0.0	61.604	18.628	-11.277	35.8	2.02	209.529	12.82
-1.0	18.475	501.412	0.0	25.53	-10.068	26.0	2.07	223.769	11.78	16.975	498.754	64.257	34.902	-17.314	11.2	1.852	260.87	11.16	13.225	0.0	64.206	26.91	-9.648	31.2	1.601	223.866	12.85	18.163	0.0	61.508	33.086	-6.85	26.2	1.777	201.005	11.85	14.412	0.0	61.802	13.325	-9.244	3.0	0.0	214.082	11.66	12.912	0.0	63.278	0.0	0.0	24.8	1.542	201.974	13.0	14.85	485.992	62.964	12.235	-19.935	46.6	1.793	181.243	11.95	13.912	0.0	66.185	26.91	-25.938	18.4	1.257	224.254	12.32	14.475	0.0	61.565	25.603	-28.863	24.8	0.0	197.905	11.98	18.725	0.0	62.907	18.338	-12.007	35.8	0.0	236.169	12.74
-1.0	17.538	403.044	0.0	26.111	-9.903	26.0	0.0	247.405	11.6	16.663	425.908	65.429	35.192	-17.065	11.2	2.07	285.088	11.33	13.6	0.0	65.826	26.692	-9.732	31.2	1.45	220.766	12.52	17.288	0.0	62.513	33.086	-9.396	26.2	1.684	200.617	11.82	13.912	0.0	64.292	12.816	-9.213	3.0	0.0	226.578	11.6	12.85	0.0	62.786	0.0	0.0	24.8	1.492	184.246	12.91	14.6	399.322	61.345	11.799	-17.98	46.6	1.743	181.147	11.93	13.975	0.0	63.748	27.128	-26.088	18.4	1.383	228.71	12.38	14.725	0.0	61.488	26.184	-29.093	24.8	0.0	190.737	12.16	18.975	0.0	64.097	18.483	-12.034	35.8	2.02	242.368	12.88
-1.0	16.288	325.413	0.0	26.111	-9.697	26.0	2.12	222.994	11.78	15.85	347.745	64.762	35.192	-17.013	11.2	1.777	263.873	11.33	13.225	0.0	65.019	26.983	-9.686	31.2	0.93	224.254	12.66	17.1	0.0	60.467	33.231	-6.424	26.2	1.098	209.142	11.84	13.6	0.0	64.183	12.816	-9.162	3.0	0.0	216.407	11.82	12.475	0.0	60.245	0.0	0.0	24.8	1.282	207.883	12.84	14.225	324.881	59.741	11.944	-18.155	46.6	1.467	192.093	11.99	13.475	0.0	62.225	27.491	-26.012	18.4	1.525	236.265	12.45	14.162	0.0	61.155	27.273	-28.606	24.8	0.0	187.249	11.79	17.725	0.0	64.174	18.628	-11.926	35.8	1.978	232.778	12.92
-1.0	16.413	423.249	0.0	25.966	-9.743	26.0	0.0	223.672	11.44	14.725	322.754	64.114	34.756	-16.885	11.2	1.986	233.166	11.18	12.912	0.0	65.271	26.91	-9.635	31.2	1.081	219.894	12.45	16.913	0.0	62.559	32.722	-9.363	26.2	1.048	194.03	12.02	13.787	0.0	63.593	13.252	-9.178	3.0	0.0	213.017	11.59	12.162	0.0	61.902	0.0	0.0	24.8	0.0	202.942	12.9	14.287	338.174	63.09	12.09	-17.895	46.6	0.0	197.421	11.8	13.287	0.0	63.556	27.419	-25.443	18.4	0.0	215.632	12.34	14.475	0.0	61.797	27.056	-29.095	24.8	0.0	165.841	11.96	17.1	0.0	64.541	18.338	-11.81	35.8	1.693	216.891	12.87
-1.0	15.162	277.558	0.0	26.038	-9.561	26.0	0.0	228.032	11.56	15.225	310.525	64.864	34.974	-17.097	11.2	2.137	242.368	11.35	12.725	0.0	65.968	27.128	-9.616	31.2	1.374	222.704	12.61	15.662	0.0	59.559	32.722	-5.866	26.2	1.232	198.292	11.86	13.1	0.0	63.255	13.107	-9.03	3.0	0.0	199.746	11.74	11.975	0.0	62.724	0.0	0.0	24.8	1.224	203.717	12.81	13.787	283.407	59.591	11.654	-17.581	46.6	1.031	190.64	12.12	13.412	0.0	63.893	27.273	-25.74	18.4	0.0	222.219	12.3	13.725	0.0	61.13	26.256	-28.529	24.8	2.078	180.081	12.28	17.538	0.0	63.496	18.483	-11.869	35.8	2.095	237.137	12.94
-1.0	14.975	305.739	0.0	25.603	-9.525	26.0	0.0	214.954	11.53	14.6	323.818	67.214	35.047	-17.444	11.2	0.0	270.945	11.3	12.662	0.0	65.737	27.056	-9.6	31.2	1.366	225.319	12.62	15.787	0.0	62.244	33.231	-9.152	26.2	1.5	203.136	11.87	13.1	0.0	65.085	12.961	-9.096	3.0	0.0	216.891	11.58	11.787	0.0	61.357	0.0	0.0	24.8	1.416	200.23	12.94	14.1	304.144	59.728	12.017	-17.936	46.6	0.0	181.243	11.99	13.225	0.0	61.424	26.765	-25.666	18.4	0.0	226.191	12.42	13.975	0.0	60.746	26.256	-28.639	24.8	1.986	182.309	12.0	16.413	0.0	64.772	18.483	-11.665	35.8	0.0	232.391	12.92
-1.0	14.6	274.899	0.0	25.603	-9.49	26.0	0.0	207.786	11.62	14.725	295.637	64.874	35.41	-17.134	11.2	2.087	256.802	11.14	12.6	0.0	66.621	26.983	-9.515	31.2	1.156	238.493	12.46	15.537	0.0	61.329	33.013	-5.474	26.2	1.366	201.199	11.89	13.1	0.0	64.36	13.107	-9.002	3.0	0.0	224.254	11.74	12.037	0.0	63.348	0.0	0.0	24.8	1.282	199.164	12.95	13.6	275.431	60.919	11.654	-17.532	46.6	1.282	176.981	11.9	13.162	0.0	64.137	27.273	-25.023	18.4	1.257	220.669	12.37	13.6	0.0	59.696	26.329	-28.473	24.8	1.71	190.737	11.91	16.663	0.0	64.56	18.41	-11.71	35.8	1.927	209.529	12.88
-1.0	14.6	286.066	0.0	25.603	-9.454	26.0	0.0	215.342	11.48	14.225	283.407	63.812	34.974	-16.132	11.2	1.785	248.277	11.4	12.537	0.0	62.412	26.765	-9.491	31.2	0.972	222.607	12.65	15.725	0.0	61.791	32.432	-5.888	26.2	1.224	195.193	12.03	13.1	0.0	61.517	13.107	-9.021	3.0	0.0	213.017	11.73	11.787	0.0	61.611	0.0	0.0	24.8	1.173	201.005	12.9	13.412	280.217	61.918	11.944	-17.308	46.6	1.224	185.409	11.8	12.975	0.0	62.279	26.838	-26.06	18.4	1.156	230.066	12.3	13.475	0.0	61.561	26.256	-28.872	24.8	0.0	179.209	11.89	15.85	0.0	60.314	18.338	-11.674	35.8	1.969	238.203	12.81
-1.0	15.475	318.501	0.0	26.038	-9.597	26.0	0.0	216.891	11.53	14.225	303.612	62.206	34.611	-16.758	11.2	0.0	254.477	11.32	12.475	0.0	62.256	26.765	-9.475	31.2	1.148	226.869	12.68	16.1	0.0	59.89	32.795	-5.891	26.2	0.0	191.318	11.86	13.1	0.0	61.747	13.034	-8.992	3.0	0.0	197.421	11.64	11.85	0.0	60.85	0.0	0.0	24.8	0.0	196.549	12.94	13.787	303.612	58.969	11.654	-17.761	46.6	0.0	182.406	12.0	13.037	0.0	61.455	26.765	-24.976	18.4	0.0	214.47	12.47	13.85	0.0	59.158	27.128	-28.814	24.8	2.129	192.19	12.05	16.475	0.0	60.6	18.773	-11.763	35.8	1.86	236.653	13.11
-1.0	17.35	454.089	0.0	26.038	-9.865	26.0	1.886	195.096	11.62	14.537	328.072	62.789	34.538	-16.596	11.2	0.0	258.739	11.22	12.475	0.0	63.005	27.273	-9.444	31.2	1.341	217.473	12.71	17.35	0.0	59.429	33.086	-6.334	26.2	1.115	183.956	12.09	13.787	0.0	61.556	13.252	-9.131	3.0	0.0	197.324	11.59	12.35	0.0	58.612	0.0	0.0	24.8	1.064	203.039	12.93	14.287	347.213	60.569	12.162	-18.172	46.6	0.0	175.722	11.98	13.225	0.0	62.651	26.692	-24.799	18.4	0.0	223.285	12.46	14.787	0.0	59.594	27.056	-29.005	24.8	0.0	180.759	12.06	16.6	0.0	59.501	18.41	-11.831	35.8	0.0	201.586	12.94
-1.0	17.288	428.567	0.0	25.748	-9.856	26.0	1.936	220.573	11.93	16.413	458.875	62.386	35.556	-17.499	11.2	0.0	258.836	11.31	13.037	0.0	61.084	26.838	-9.529	31.2	1.567	213.792	12.93	18.163	0.0	61.031	33.013	-6.622	26.2	1.115	190.446	12.21	14.162	0.0	62.091	13.107	-9.162	3.0	0.0	214.179	11.8	12.85	0.0	60.126	0.0	0.0	24.8	0.0	189.09	13.12	14.975	384.966	61.897	12.235	-18.748	46.6	0.0	173.397	11.75	13.537	0.0	62.185	26.983	-24.917	18.4	0.0	210.982	12.58	15.475	0.0	59.029	26.547	-28.962	24.8	0.0	190.059	12.06	18.788	0.0	62.237	18.556	-12.47	35.8	0.0	202.07	13.04
-1.0	16.413	369.546	0.0	25.893	-9.743	26.0	0.0	218.054	11.75	15.537	399.322	59.945	34.902	-16.851	11.2	0.0	260.87	11.5	13.537	0.0	62.059	27.491	-9.567	31.2	1.869	226.191	12.86	17.475	0.0	58.311	33.231	-6.423	26.2	1.936	210.111	12.15	14.037	0.0	59.224	13.107	-9.135	3.0	0.964	209.82	12.02	12.975	0.0	61.056	0.0	0.0	24.8	1.089	205.461	13.24	15.35	471.104	59.513	11.944	-18.565	46.6	0.98	181.243	11.95	14.037	0.0	60.584	26.765	-25.109	18.4	1.014	221.154	12.66	15.162	0.0	57.986	26.547	-29.528	24.8	0.0	199.067	11.91	18.35	0.0	59.361	18.556	-12.28	35.8	0.0	234.328	13.08
-1.0	16.225	351.467	0.0	25.53	-9.688	26.0	0.0	223.672	11.82	15.537	404.108	62.026	35.556	-16.851	11.2	0.0	285.185	11.52	13.35	0.0	62.943	26.838	-9.525	31.2	0.0	211.757	12.72	16.538	0.0	59.022	32.867	-6.178	26.2	1.869	203.233	12.09	13.85	0.0	61.842	13.034	-9.091	3.0	1.182	212.629	11.96	12.6	0.0	59.136	0.0	0.0	24.8	1.71	206.817	13.2	14.787	407.298	58.746	11.654	-18.032	46.6	1.701	186.668	12.26	13.975	0.0	59.504	27.273	-24.834	18.4	1.425	242.853	12.59	14.6	0.0	58.211	26.474	-28.445	24.8	0.0	202.458	12.13	17.788	0.0	59.948	18.628	-12.197	35.8	0.0	210.595	13.02
-1.0	15.225	314.779	0.0	25.239	-9.543	26.0	0.0	236.072	11.7	14.412	322.223	62.348	34.974	-16.644	11.2	0.0	269.492	11.54	13.162	0.0	60.2	27.128	-9.531	31.2	2.053	228.516	12.98	16.475	0.0	58.946	32.795	-6.024	26.2	2.053	214.373	12.04	13.662	0.0	60.685	12.961	-9.085	3.0	0.0	201.974	11.79	12.475	0.0	58.701	0.0	0.0	24.8	2.137	191.221	13.08	14.225	332.857	60.737	12.235	-17.788	46.6	1.827	187.831	12.16	13.537	0.0	61.968	27.128	-25.042	18.4	1.819	224.835	12.54	14.412	0.0	59.432	27.056	-29.296	24.8	1.374	199.455	12.02	16.85	0.0	60.768	18.556	-11.996	35.8	0.0	243.531	12.94
-1.0	15.725	317.437	0.0	26.184	-9.713	26.0	0.0	196.646	11.66	14.537	307.866	61.17	35.192	-16.439	11.2	0.0	251.28	11.47	12.975	0.0	62.594	27.201	-9.473	31.2	1.55	234.716	12.64	16.35	0.0	61.445	33.086	-6.155	26.2	1.634	201.392	11.9	13.475	0.0	59.476	13.252	-9.089	3.0	0.972	190.349	11.71	12.412	0.0	60.631	0.0	0.0	24.8	1.366	200.617	13.19	14.662	322.223	62.939	11.363	-17.906	46.6	1.467	177.272	12.14	13.537	0.0	61.191	26.91	-25.54	18.4	1.165	214.567	12.6	14.412	0.0	59.994	26.983	-28.718	24.8	0.0	188.993	11.95	16.475	0.0	63.157	18.41	-11.952	35.8	0.0	228.516	13.03
-1.0	18.038	455.684	0.0	26.111	-9.981	26.0	0.0	186.571	11.86	15.787	398.259	65.919	35.047	-16.755	11.2	2.137	263.098	11.22	13.287	0.0	62.666	26.838	-9.532	31.2	1.994	219.41	13.02	19.163	0.0	62.368	33.086	-6.929	26.2	1.751	195.774	12.05	14.725	0.0	62.235	13.18	-9.258	3.0	0.922	202.07	11.63	12.537	0.0	60.474	0.0	0.0	24.8	1.643	195.968	13.04	15.6	512.047	59.86	12.162	-18.165	46.6	1.777	188.218	12.04	14.1	0.0	61.776	27.491	-25.887	18.4	1.601	232.003	12.66	16.225	0.0	59.071	27.056	-1.0	24.8	0.0	180.468	11.88	17.913	0.0	62.435	18.483	-12.221	35.8	0.0	209.432	12.86
-1.0	16.975	354.658	0.0	25.53	-9.808	26.0	1.86	240.043	12.11	16.538	379.117	65.071	35.047	-16.713	11.2	1.165	276.563	11.5	14.037	0.0	61.773	27.346	-9.637	31.2	1.86	226.966	13.16	20.788	0.0	58.945	33.086	-9.886	26.2	1.886	196.743	12.1	14.6	0.0	62.87	13.47	-9.26	3.0	0.0	216.407	11.92	13.662	0.0	60.377	0.0	0.0	24.8	1.793	187.443	13.26	16.913	711.974	61.287	12.017	-18.54	46.6	1.785	180.468	12.3	14.912	0.0	61.015	26.838	-26.47	18.4	1.676	232.681	12.75	17.225	0.0	58.998	26.692	-30.998	24.8	0.922	187.443	11.97	18.413	0.0	63.387	18.338	-12.422	35.8	0.0	207.883	13.12
-1.0	22.475	733.242	0.0	25.603	-10.724	26.0	0.0	225.319	12.2	19.038	786.415	61.803	35.919	-17.472	11.2	1.735	263.97	11.52	15.225	0.0	62.204	26.91	-9.8	31.2	1.617	228.806	13.3	21.225	0.0	57.554	32.722	-7.853	26.2	1.71	200.133	12.3	16.163	0.0	58.225	12.816	-9.489	3.0	0.0	208.754	11.94	14.1	0.0	57.11	0.0	0.0	24.8	1.5	196.743	13.48	17.913	769.399	56.988	11.944	-19.528	46.6	1.542	189.671	12.39	16.038	0.0	58.912	26.983	-27.717	18.4	1.525	239.753	13.02	18.225	0.0	57.806	26.765	-31.154	24.8	0.0	205.267	12.42	23.725	0.0	61.265	18.628	-13.112	35.8	0.0	225.319	13.45
-1.0	19.163	408.893	0.0	25.893	-10.168	26.0	1.944	227.353	12.26	19.475	602.971	65.74	35.192	-17.036	11.2	1.894	266.489	11.49	14.912	0.0	60.279	27.056	-9.771	31.2	1.969	222.704	13.53	20.538	0.0	55.444	32.65	-9.846	26.2	1.659	197.324	12.36	15.287	0.0	58.322	13.252	-9.335	3.0	0.0	210.692	12.34	14.662	0.0	58.231	0.0	0.0	24.8	1.676	199.067	13.8	17.6	652.953	56.142	11.799	-18.935	46.6	1.249	189.09	12.71	16.288	0.0	59.75	26.983	-27.052	18.4	1.433	231.228	12.97	17.038	0.0	57.237	26.184	-30.669	24.8	0.0	161.482	12.97	24.35	0.0	59.091	18.556	-13.651	35.8	0.0	207.398	13.4
-1.0	14.85	257.884	0.0	25.457	-9.552	26.0	0.0	220.185	12.16	15.287	263.202	61.768	35.12	-15.665	11.2	1.71	250.215	11.56	13.35	0.0	61.954	27.273	-9.565	31.2	1.768	213.307	13.21	16.6	0.0	57.658	32.577	-9.255	26.2	1.601	228.128	12.34	13.85	0.0	62.369	12.961	-9.129	3.0	0.0	204.492	12.06	12.975	0.0	58.392	0.0	0.0	24.8	1.768	195.968	13.36	14.225	290.851	57.385	11.726	-17.97	46.6	1.324	183.181	12.38	14.1	0.0	59.494	26.91	-26.762	18.4	1.081	227.353	12.82	15.162	0.0	57.451	26.038	-1.0	24.8	0.0	175.819	12.46	18.288	0.0	60.984	18.628	-12.371	35.8	0.0	199.164	13.38
-1.0	15.037	283.939	0.0	26.329	-9.534	26.0	0.0	210.304	11.86	14.662	291.383	61.374	35.12	-18.182	11.2	0.0	242.853	11.56	12.975	0.0	62.268	26.983	-9.582	31.2	1.684	219.991	12.82	16.225	0.0	58.862	32.795	-9.224	26.2	1.601	199.842	12.2	13.787	0.0	60.364	13.325	-9.14	3.0	0.0	201.78	11.86	12.162	0.0	59.962	0.0	0.0	24.8	1.399	203.039	13.09	14.412	298.295	61.461	12.017	-17.929	46.6	1.098	184.44	12.1	13.35	0.0	62.13	26.765	-26.21	18.4	1.123	230.26	12.74	15.1	0.0	58.938	27.346	-29.614	24.8	1.651	176.206	11.98	16.663	0.0	59.43	18.41	-11.71	35.8	0.0	211.37	13.09
