-1.0	-1.0	17.547	0.0	24.658	-13.9	0.0	2.12	65.678	-9.52	-8.213	14.888	85.142	32.214	-7.019	0.0	2.983	89.701	-9.44	-6.775	0.0	89.393	23.06	-18.461	0.0	1.986	55.313	-8.46	-5.025	0.0	91.877	0.0	-7.122	0.0	2.129	49.016	-9.02	-5.025	0.0	91.193	6.859	-1.0	27.4	2.045	66.162	-9.52	-4.4	0.0	87.766	0.0	0.0	0.0	1.969	45.141	-8.65	-4.588	24.991	91.749	6.35	-1.0	0.2	2.33	25.186	-8.58	-3.275	0.0	88.254	27.346	-12.832	0.4	1.165	30.901	-8.77	-4.65	0.0	85.991	20.88	0.0	0.2	2.062	7.265	-8.88	-6.963	0.0	92.616	12.162	-21.444	0.0	1.081	84.18	-8.44
-1.0	-1.0	18.078	0.0	24.513	-13.633	0.0	2.539	58.413	-9.32	-8.213	16.483	85.194	32.286	-7.026	0.0	2.807	78.755	-9.56	-6.963	0.0	89.36	22.987	-18.051	0.0	2.372	55.894	-8.62	-4.963	0.0	91.757	0.0	-7.18	0.0	2.522	34.776	-9.02	-4.9	0.0	91.174	6.859	-1.0	30.8	2.246	60.641	-9.42	-4.15	0.0	87.832	0.0	0.0	0.0	2.187	38.748	-8.72	-4.525	32.435	91.748	6.205	-1.0	0.2	2.707	34.873	-8.74	-3.15	0.0	88.171	27.419	-13.22	0.4	1.76	32.548	-8.53	-4.275	0.0	86.094	20.372	0.0	0.2	1.927	9.3	-9.03	-6.775	0.0	92.536	12.162	-21.92	0.0	1.626	101.616	-8.5
-1.0	-1.0	38.284	0.0	24.585	-13.633	0.0	2.682	57.25	-9.46	-7.963	39.879	85.158	32.214	-7.072	0.0	3.059	89.217	-9.42	-6.963	0.0	89.399	23.568	-18.328	0.0	2.422	48.047	-8.78	-4.9	0.0	91.9	0.0	-7.192	0.0	2.765	46.498	-9.0	-5.025	0.0	91.236	7.222	-1.0	34.6	2.38	48.241	-9.64	-4.213	0.0	87.654	0.0	0.0	0.0	2.573	41.557	-8.74	-4.15	43.601	91.761	6.786	-1.0	0.2	2.598	22.958	-8.49	-3.025	0.0	88.298	27.564	-13.177	0.4	1.542	30.514	-8.73	-4.4	0.0	86.001	20.009	0.0	0.2	2.07	34.776	-9.04	-6.588	0.0	92.496	11.726	-21.539	0.0	1.366	94.157	-8.57
-1.0	-1.0	46.791	0.0	24.44	-13.633	0.0	2.866	55.41	-9.42	-8.15	36.689	85.168	32.214	-6.996	0.0	2.941	81.08	-9.52	-7.088	0.0	89.391	23.278	-20.794	0.0	2.665	64.225	-8.72	-4.588	0.0	92.029	0.0	-7.196	0.0	2.296	55.506	-9.0	-4.713	0.0	91.198	7.658	-1.0	41.2	2.38	69.94	-9.62	-4.338	0.0	87.66	0.0	0.0	0.0	2.69	54.15	-8.62	-4.025	32.967	91.832	6.35	-1.0	0.2	1.961	25.283	-8.98	-3.212	0.0	88.028	27.419	-13.023	0.4	1.467	60.156	-8.76	-4.4	0.0	85.973	20.372	0.0	0.2	1.324	24.217	-9.3	-6.713	0.0	92.459	11.872	-21.42	0.0	1.71	94.835	-8.54
-1.0	-1.0	64.338	0.0	24.15	-13.832	0.0	2.271	74.784	-9.47	-7.838	63.275	85.155	32.214	-7.062	0.0	2.891	89.314	-9.54	-6.838	0.0	89.385	22.915	-18.355	0.0	1.953	71.877	-8.42	-4.838	0.0	92.095	0.0	-7.19	0.0	1.927	49.21	-8.96	-4.588	0.0	91.209	7.004	-1.0	43.8	1.433	71.102	-9.52	-4.15	0.0	87.766	0.0	0.0	0.0	1.751	46.11	-8.74	-3.962	42.006	91.761	6.132	-1.0	0.2	2.036	33.517	-8.88	-3.087	0.0	88.055	27.637	-12.861	0.4	1.081	51.438	-8.8	-4.025	0.0	85.983	20.59	0.0	0.2	1.559	3.39	-9.02	-6.4	0.0	92.65	11.872	-21.586	0.0	1.081	99.485	-8.34
-1.0	-1.0	71.782	0.0	24.222	-13.765	0.0	1.961	69.165	-9.4	-7.588	64.338	85.173	32.286	-7.081	0.0	2.807	95.514	-9.44	-6.713	0.0	89.432	22.987	-18.196	0.0	1.936	40.685	-8.61	-4.525	0.0	92.06	0.0	-7.253	0.0	1.81	62.772	-8.9	-4.588	0.0	91.264	6.641	-1.0	45.0	1.643	69.359	-9.32	-3.962	0.0	87.898	0.0	0.0	0.0	1.777	43.882	-8.51	-4.15	27.649	91.901	6.859	-1.0	0.2	1.835	26.155	-8.81	-3.087	0.0	88.113	27.855	-12.982	0.4	1.165	55.022	-8.6	-4.338	0.0	86.096	20.154	0.0	0.2	1.986	12.012	-8.98	-6.525	0.0	92.661	11.799	-21.554	0.0	0.0	106.751	-8.51
-1.0	-1.0	26.054	0.0	24.876	-13.968	0.0	1.483	44.27	-9.31	-7.65	24.459	85.217	32.359	-7.201	0.0	2.556	95.514	-9.36	-6.838	0.0	89.473	22.987	-18.355	0.0	1.802	57.541	-8.5	-4.588	0.0	92.054	0.0	-7.443	0.0	1.994	58.703	-8.84	-5.025	0.0	91.319	7.803	-1.0	46.4	1.517	59.091	-9.35	-4.025	0.0	87.87	0.0	0.0	0.0	1.525	54.15	-8.8	-4.588	31.903	91.707	6.641	-1.0	0.2	2.263	38.167	-8.62	-3.15	0.0	88.204	27.346	-15.379	0.4	1.006	33.226	-8.64	-4.338	0.0	86.065	20.372	0.0	0.2	2.305	11.721	-8.91	-6.275	0.0	92.718	12.017	-21.442	0.0	0.922	90.767	-8.43
-1.0	-1.0	26.054	0.0	24.367	-13.568	0.0	1.341	83.889	-9.18	-7.838	22.864	85.312	32.286	-7.041	0.0	2.112	87.086	-9.44	-7.088	0.0	89.451	23.496	-18.209	0.0	2.036	44.27	-8.6	-5.15	0.0	91.876	0.0	-7.142	0.0	2.087	55.7	-8.9	-5.025	0.0	91.264	7.295	-1.0	47.6	1.643	67.228	-9.44	-4.275	0.0	87.787	0.0	0.0	0.0	1.718	49.985	-8.53	-4.213	26.586	91.895	6.423	-1.0	0.2	2.078	40.007	-8.86	-3.275	0.0	88.08	27.346	-13.014	0.4	1.467	37.101	-8.65	-4.588	0.0	86.062	20.662	0.0	0.2	2.162	355.996	-8.86	-6.713	0.0	92.659	11.872	-22.02	0.0	0.0	88.539	-8.58
-1.0	-1.0	32.967	0.0	24.731	-15.064	0.0	1.71	79.24	-9.36	-8.213	28.713	85.183	32.359	-7.032	0.0	2.288	81.08	-9.56	-7.025	0.0	89.38	23.496	-18.315	0.0	1.902	121.087	-8.6	-5.338	0.0	91.857	0.0	-7.127	0.0	1.844	52.019	-9.06	-4.838	0.0	91.181	6.786	-1.0	48.2	1.475	72.265	-9.62	-4.213	0.0	87.699	0.0	0.0	0.0	1.835	58.413	-8.66	-4.15	26.054	91.821	6.859	-1.0	0.2	2.011	24.702	-8.8	-3.65	0.0	88.156	27.419	-12.895	0.4	1.207	24.799	-8.62	-4.525	0.0	86.111	20.953	0.0	0.2	1.81	3.003	-9.02	-6.838	0.0	92.502	12.235	-21.648	0.0	0.0	101.81	-8.42
-1.0	-1.0	23.396	0.0	24.949	-13.439	0.0	1.492	89.798	-9.34	-8.088	22.332	85.23	32.286	-7.035	0.0	2.305	92.22	-9.58	-7.025	0.0	89.355	22.987	-18.408	0.0	2.02	31.58	-8.64	-5.4	0.0	91.977	0.0	-7.129	0.0	1.668	51.147	-9.02	-4.838	0.0	91.193	6.786	-1.0	48.4	1.676	67.615	-9.68	-4.588	0.0	87.683	0.0	0.0	0.0	1.819	47.176	-8.56	-4.838	20.737	91.868	6.132	-1.0	0.2	1.894	38.748	-8.7	-3.212	0.0	88.182	27.637	-12.902	0.4	0.0	30.127	-8.58	-5.15	0.0	86.121	20.59	0.0	0.2	2.078	330.035	-9.0	-6.713	0.0	92.563	12.017	-21.507	0.0	0.0	93.092	-8.52
-1.0	-1.0	27.649	0.0	24.658	-14.247	0.0	1.291	87.473	-9.46	-8.088	28.713	85.158	32.068	-7.069	0.0	2.196	94.642	-9.56	-7.213	0.0	89.38	23.278	-18.368	0.0	1.383	52.891	-8.54	-4.713	0.0	91.93	0.0	-7.193	0.0	1.676	51.535	-8.84	-5.15	0.0	91.281	7.44	-1.0	48.6	0.947	65.968	-9.48	-4.525	0.0	87.776	0.0	0.0	0.0	1.224	66.259	-8.66	-4.338	36.157	91.821	6.786	-1.0	0.2	1.994	44.657	-8.86	-3.4	0.0	88.06	27.419	-12.994	0.4	0.98	35.648	-8.92	-4.588	0.0	85.911	19.863	0.0	0.2	1.877	11.334	-8.98	-6.713	0.0	92.587	12.09	-21.594	0.0	0.0	84.374	-8.51
-1.0	-1.0	37.752	0.0	24.44	-13.633	0.0	1.022	82.049	-9.42	-8.088	35.093	85.168	32.432	-7.042	0.0	2.447	101.423	-9.57	-7.15	0.0	89.358	23.278	-18.289	0.0	1.517	55.506	-8.4	-4.588	0.0	91.857	0.0	-7.181	0.0	1.517	49.985	-9.02	-5.15	0.0	91.193	7.585	-1.0	49.0	1.148	75.365	-9.5	-4.15	0.0	87.731	0.0	0.0	0.0	1.299	50.76	-8.76	-4.15	43.601	91.793	6.132	-1.0	0.2	1.902	28.189	-8.78	-3.087	0.0	88.082	27.419	-12.982	0.4	0.955	64.806	-8.67	-3.962	0.0	86.016	21.098	0.0	0.2	1.676	4.65	-9.18	-6.9	0.0	92.475	12.017	-21.373	0.0	0.0	104.813	-8.42
-1.0	-1.0	28.181	0.0	24.513	-13.633	0.0	1.492	64.903	-9.46	-8.213	20.205	85.158	32.359	-7.039	0.0	2.472	92.801	-9.46	-6.775	0.0	89.426	23.35	-18.183	0.0	1.441	56.378	-8.52	-4.713	0.0	91.936	0.0	-7.208	0.0	1.969	47.563	-8.88	-4.463	0.0	91.27	6.786	-1.0	49.8	1.391	58.025	-9.42	-4.025	0.0	87.812	0.0	0.0	0.0	1.525	38.748	-8.66	-3.837	38.284	91.821	7.004	-1.0	0.2	1.877	38.651	-8.8	-3.275	0.0	88.116	27.419	-12.892	0.4	0.0	34.97	-8.74	-3.837	0.0	85.998	20.227	0.0	0.2	1.584	3.39	-9.0	-6.713	0.0	92.545	11.944	-21.42	0.0	0.98	92.898	-8.47
-1.0	-1.0	25.523	0.0	24.44	-13.633	0.0	1.617	53.956	-9.42	-8.088	22.332	85.168	32.214	-7.035	0.0	2.187	86.408	-9.46	-6.775	0.0	89.426	23.205	-18.09	0.0	1.609	54.828	-8.6	-4.65	0.0	92.1	0.0	-7.176	0.0	1.768	43.01	-8.88	-4.775	0.0	91.27	7.004	-1.0	50.4	1.592	54.538	-9.34	-4.025	0.0	87.873	0.0	0.0	0.0	1.81	40.492	-8.7	-3.837	31.372	91.81	6.423	-1.0	0.2	1.617	34.389	-8.9	-3.212	0.0	88.049	27.709	-12.902	0.4	0.93	57.638	-8.45	-3.837	0.0	86.155	21.098	0.0	0.2	1.416	5.231	-9.04	-6.775	0.0	92.57	11.872	-21.316	0.0	1.198	96.385	-8.47
-1.0	-1.0	29.776	0.0	24.15	-13.633	0.0	1.768	59.187	-9.34	-7.9	34.03	85.23	32.359	-7.063	0.0	2.263	89.12	-9.41	-6.9	0.0	89.459	23.133	-18.064	0.0	1.416	49.21	-8.66	-4.713	0.0	92.009	0.0	-7.163	0.0	1.802	48.629	-8.84	-4.713	0.0	91.319	7.222	-1.0	5.0	1.215	58.413	-9.46	-4.025	0.0	87.801	0.0	0.0	0.0	1.492	38.845	-8.64	-4.65	27.649	91.827	6.496	-1.0	0.2	2.481	26.155	-8.57	-3.15	0.0	88.296	27.637	-13.033	0.4	0.0	26.155	-8.48	-4.338	0.0	86.188	20.735	0.0	0.2	1.927	12.496	-9.1	-6.838	0.0	92.664	12.162	-21.3	0.0	1.156	98.42	-8.54
-1.0	-1.0	27.649	0.0	24.513	-13.633	0.0	1.617	51.825	-9.46	-7.713	34.03	85.158	32.432	-7.044	0.0	2.38	77.69	-9.46	-6.775	0.0	89.426	23.568	-18.183	0.0	1.701	52.891	-8.86	-4.9	0.0	91.802	0.0	-7.17	0.0	2.078	53.956	-8.68	-4.65	0.0	91.42	7.295	-1.0	6.0	1.55	59.769	-9.52	-4.15	0.0	87.746	0.0	0.0	0.0	1.86	42.041	-8.86	-3.9	42.538	91.727	6.859	-1.0	0.2	1.341	31.192	-8.78	-3.462	0.0	88.141	27.637	-12.985	0.4	1.542	57.347	-8.9	-4.4	0.0	85.937	21.026	0.0	0.2	1.24	16.855	-9.02	-6.525	0.0	92.687	12.162	-21.467	0.0	1.106	91.251	-8.6
-1.0	-1.0	80.822	0.0	24.513	-13.439	0.0	2.212	52.116	-9.32	-7.588	82.417	85.276	32.359	-7.074	0.0	2.062	79.821	-9.55	-7.275	0.0	89.441	23.205	-18.447	0.0	2.028	62.481	-8.66	-4.213	0.0	91.934	0.0	-7.272	0.0	1.643	39.523	-8.92	-4.775	0.0	91.258	6.423	-1.0	6.6	1.835	71.781	-9.71	-4.4	0.0	87.616	0.0	0.0	0.0	2.003	45.238	-8.78	-3.962	71.782	91.75	6.06	-1.0	0.2	1.978	17.727	-9.04	-3.525	0.0	87.973	27.273	-13.036	0.4	0.0	49.113	-8.79	-4.15	0.0	85.986	20.662	0.0	0.2	1.852	36.326	-9.14	-6.463	0.0	92.542	11.799	-21.57	0.0	1.207	99.388	-8.68
-1.0	-1.0	56.894	0.0	24.367	-13.633	0.0	1.869	78.658	-9.5	-7.9	53.704	85.148	33.158	-7.063	0.0	2.64	95.901	-9.44	-6.713	0.0	89.432	23.205	-18.289	0.0	1.592	58.413	-8.66	-4.338	0.0	91.971	0.0	-7.194	0.0	1.961	52.019	-8.74	-5.088	0.0	91.347	6.423	-1.0	6.8	1.416	52.988	-9.42	-3.962	0.0	87.792	0.0	0.0	0.0	1.441	41.654	-8.77	-3.837	64.87	91.771	6.714	-1.0	0.2	1.827	21.602	-8.83	-3.15	0.0	88.108	27.637	-12.972	0.4	1.098	57.734	-8.56	-3.212	0.0	86.086	20.009	0.0	0.2	1.425	0.872	-9.1	-6.525	0.0	92.627	11.799	-21.728	0.0	1.274	91.348	-8.53
-1.0	-1.0	45.196	0.0	24.295	-13.503	0.0	2.053	89.798	-9.45	-7.65	45.728	85.16	32.65	-7.103	0.0	2.606	88.636	-9.52	-7.275	0.0	89.41	22.915	-17.167	0.0	1.777	82.727	-8.44	-4.338	0.0	91.996	0.0	-7.194	0.0	1.634	44.56	-8.86	-3.9	0.0	91.275	6.859	-1.0	8.8	1.307	74.299	-9.32	-4.025	0.0	87.858	0.0	0.0	0.0	1.743	46.885	-8.68	-3.962	77.1	91.816	6.932	-1.0	0.2	2.095	23.733	-8.53	-2.962	0.0	88.267	27.637	-13.001	0.4	0.0	56.184	-8.5	-3.65	0.0	86.142	20.372	0.0	0.2	1.701	18.986	-9.08	-6.463	0.0	92.596	12.162	-21.744	0.0	1.056	94.835	-8.6
-1.0	-1.0	36.689	0.0	24.15	-13.568	0.0	1.592	94.061	-9.52	-7.9	34.03	85.142	32.504	-7.07	0.0	2.816	103.844	-9.44	-6.775	0.0	89.471	23.423	-18.09	0.0	1.282	47.951	-8.46	-4.525	0.0	91.99	0.0	-7.26	0.0	1.911	49.21	-8.74	-4.713	0.0	91.384	7.15	-1.0	10.8	1.131	56.088	-9.34	-4.213	0.0	87.853	0.0	0.0	0.0	1.416	42.623	-8.68	-3.775	66.997	91.816	6.132	-1.0	0.2	1.626	31.095	-8.86	-3.087	0.0	88.06	27.346	-12.743	0.4	0.964	54.828	-8.68	-4.15	0.0	86.096	20.953	0.0	0.2	1.55	14.53	-8.88	-6.525	0.0	92.69	11.654	-21.467	0.0	0.0	100.163	-8.64
-1.0	-1.0	60.616	0.0	24.367	-13.376	0.0	1.5	64.322	-9.53	-7.963	61.148	85.14	32.286	-7.059	0.0	2.179	82.824	-9.54	-7.088	0.0	89.405	23.205	-17.204	0.0	1.634	75.171	-8.48	-4.588	0.0	91.909	0.0	-7.181	0.0	1.517	53.86	-8.98	-4.588	0.0	91.242	7.295	-1.0	11.4	1.207	70.424	-9.48	-4.213	0.0	87.776	0.0	0.0	0.0	1.643	40.395	-8.78	-4.4	52.109	91.787	6.132	-1.0	0.2	1.366	35.551	-8.5	-2.962	0.0	88.295	27.346	-13.001	0.4	0.0	56.959	-8.79	-4.65	0.0	86.006	20.953	0.0	0.2	1.458	29.836	-9.0	-6.275	0.0	92.545	12.017	-20.903	0.0	0.0	93.286	-8.58
-1.0	-1.0	54.236	0.0	24.44	-13.439	0.0	1.324	72.168	-9.52	-7.65	61.148	85.142	32.214	-7.083	0.0	2.07	94.932	-9.46	-7.088	0.0	89.465	23.35	-18.673	0.0	1.575	53.956	-8.68	-4.775	0.0	91.627	0.0	-7.58	0.0	1.475	57.928	-8.98	-4.65	0.0	91.242	6.423	-1.0	12.0	1.332	51.535	-9.5	-3.962	0.0	87.771	0.0	0.0	0.0	1.542	46.207	-8.8	-4.338	52.109	91.744	5.915	-1.0	0.2	1.324	26.252	-8.82	-3.462	0.0	88.111	27.491	-12.924	0.4	0.0	60.059	-8.85	-4.15	0.0	85.95	19.936	0.0	0.2	1.399	19.374	-8.86	-6.463	0.0	92.622	12.09	-21.57	0.0	0.905	95.029	-8.64
-1.0	-1.0	88.797	0.0	24.295	-13.439	0.0	1.534	61.125	-9.34	-7.275	84.012	85.23	32.286	-7.126	0.0	2.112	76.237	-9.57	-7.213	0.0	89.396	23.278	-17.907	0.0	1.441	67.712	-8.6	-4.4	0.0	91.8	0.0	-7.196	0.0	1.525	57.25	-8.76	-4.275	0.0	91.379	6.423	-1.0	13.8	1.232	58.219	-9.47	-3.837	0.0	87.759	0.0	0.0	0.0	1.24	56.475	-8.74	-4.525	59.553	91.761	6.714	-1.0	0.2	1.567	26.058	-8.86	-2.962	0.0	88.06	27.419	-12.88	0.4	0.0	51.632	-8.75	-4.775	0.0	85.996	20.517	0.0	0.2	1.5	6.975	-9.19	-6.338	0.0	92.453	12.017	-21.602	0.0	1.031	95.029	-8.5
-1.0	-1.0	73.909	0.0	24.295	-13.313	0.0	1.374	82.533	-9.38	-7.588	79.226	85.219	32.722	-7.088	0.0	2.137	95.998	-9.52	-7.088	0.0	89.41	23.133	-18.025	0.0	1.458	69.359	-8.56	-5.4	0.0	91.737	0.0	-7.092	0.0	1.55	49.404	-8.94	-4.338	0.0	91.253	7.004	-1.0	15.8	1.123	61.9	-9.5	-4.025	0.0	87.771	0.0	0.0	0.0	1.332	56.184	-8.84	-4.775	71.251	91.733	6.205	-1.0	0.2	1.408	21.311	-8.82	-3.775	0.0	88.111	27.564	-12.816	0.4	0.0	49.404	-8.77	-4.775	0.0	85.991	20.372	0.0	0.2	1.022	11.527	-9.1	-6.338	0.0	92.516	11.872	-21.689	0.0	0.0	101.52	-8.4
-1.0	-1.0	54.767	0.0	24.44	-13.568	0.0	1.508	70.231	-9.39	-7.463	60.084	85.217	32.359	-7.118	0.0	2.196	92.414	-9.46	-7.338	0.0	89.465	23.496	-17.516	0.0	1.567	66.55	-8.54	-4.588	0.0	91.704	0.0	-7.173	0.0	1.274	46.594	-8.82	-5.025	0.0	91.324	7.004	-1.0	17.8	1.358	73.04	-9.42	-4.4	0.0	87.812	0.0	0.0	0.0	1.45	40.201	-8.88	-4.713	55.299	91.722	6.568	-1.0	0.2	1.265	24.702	-8.85	-3.337	0.0	88.063	27.273	-12.764	0.4	0.0	60.156	-8.64	-4.9	0.0	86.065	20.953	0.0	0.2	1.257	0.0	-9.01	-6.713	0.0	92.505	11.944	-1.0	0.0	0.0	92.414	-8.5
-1.0	-1.0	52.64	0.0	24.585	-13.313	0.0	1.575	72.749	-9.36	-7.588	59.021	85.225	32.432	-7.128	0.0	2.296	92.704	-9.54	-7.15	0.0	89.405	23.496	-18.289	0.0	1.215	69.649	-8.54	-5.15	0.0	91.704	0.0	-7.208	0.0	1.45	43.688	-8.9	-5.025	0.0	91.283	6.35	-1.0	19.8	0.0	73.427	-9.44	-3.962	0.0	87.826	0.0	0.0	0.0	1.106	39.62	-8.84	-4.775	57.958	91.733	6.132	-1.0	0.2	1.944	29.836	-8.86	-3.275	0.0	88.08	27.273	-13.014	0.4	0.0	33.517	-8.66	-4.713	0.0	86.06	20.59	0.0	0.2	1.601	16.177	-8.96	-6.65	0.0	92.519	11.799	-21.952	0.0	0.0	94.835	-8.64
-1.0	-1.0	49.982	0.0	24.44	-13.128	0.0	1.643	76.43	-9.43	-7.838	47.323	85.165	32.359	-7.075	0.0	2.271	87.958	-9.51	-7.025	0.0	89.413	22.769	-18.873	0.0	1.517	41.557	-8.48	-4.4	0.0	91.797	0.0	-7.166	0.0	1.651	39.038	-8.72	-4.713	0.0	91.39	6.496	-1.0	21.2	1.441	56.863	-9.56	-4.338	0.0	87.715	0.0	0.0	0.0	1.508	34.776	-8.61	-3.837	99.432	91.873	6.35	-1.0	0.2	1.668	39.813	-8.86	-3.212	0.0	88.1	27.637	-12.902	0.4	1.098	33.904	-8.82	-4.338	0.0	85.978	20.88	0.0	0.2	1.299	17.63	-8.94	-6.588	0.0	92.525	11.944	-21.798	0.0	1.022	95.611	-8.62
-1.0	-1.0	55.299	0.0	24.658	-13.633	0.0	1.643	66.55	-9.28	-7.588	54.767	85.286	32.359	-7.095	0.0	1.953	93.576	-9.35	-6.775	0.0	89.514	23.859	-18.368	0.0	1.559	51.244	-8.54	-3.837	0.0	91.686	0.0	-7.228	0.0	1.517	52.407	-8.79	-4.525	0.0	91.333	6.786	-1.0	23.2	1.349	56.281	-9.47	-3.775	0.0	87.779	0.0	0.0	0.0	1.575	45.141	-8.61	-3.4	78.695	91.873	6.278	-1.0	0.2	1.19	28.964	-8.7	-2.9	0.0	88.142	27.419	-13.323	0.4	0.922	28.092	-8.76	-4.025	0.0	86.014	20.808	0.0	0.2	0.989	1.841	-8.87	-6.213	0.0	92.545	12.017	-21.721	0.0	0.0	84.374	-8.36
-1.0	-1.0	63.275	0.0	24.367	-13.439	0.0	1.55	68.971	-9.36	-7.65	69.655	85.204	32.504	-7.103	0.0	2.078	75.558	-9.44	-6.775	0.0	89.471	23.568	-20.599	0.0	1.358	71.587	-8.7	-3.837	0.0	91.622	0.0	-7.274	0.0	1.383	58.122	-8.89	-4.525	0.0	91.305	5.987	-1.0	28.6	1.324	62.772	-9.51	-3.712	0.0	87.768	0.0	0.0	0.0	1.383	37.489	-8.74	-3.9	90.392	91.799	6.132	-1.0	0.2	1.182	29.933	-8.96	-3.087	0.0	88.014	27.855	-12.921	0.4	0.0	76.721	-8.72	-4.15	0.0	86.004	20.081	0.0	0.2	0.972	5.425	-9.08	-6.15	0.0	92.485	11.436	-21.737	0.0	0.98	75.074	-8.44
-1.0	-1.0	96.773	0.0	24.222	-13.313	0.0	1.793	74.493	-9.39	-7.338	96.241	85.237	32.286	-7.362	0.0	2.388	89.701	-9.58	-7.088	0.0	89.394	23.133	-17.933	0.0	1.265	68.003	-8.68	-4.275	0.0	91.646	0.0	-7.184	0.0	1.609	54.441	-8.96	-4.963	0.0	91.247	6.859	-1.0	35.2	0.964	67.906	-9.52	-4.15	0.0	87.746	0.0	0.0	0.0	1.249	42.138	-8.78	-3.775	70.187	91.787	6.568	-1.0	0.2	1.048	24.702	-9.0	-3.15	0.0	87.983	27.709	-12.972	0.4	0.0	46.498	-8.74	-4.15	0.0	85.998	20.88	0.0	0.2	0.0	12.496	-9.26	-6.338	0.0	92.397	12.017	-21.776	0.0	0.989	108.3	-8.52
