9.66	10.537	181.848	67.721	25.385	-13.343	34.8	0.0	207.979	8.09	10.6	193.015	67.595	33.449	-8.575	28.8	0.0	267.554	9.02	13.037	0.0	67.006	24.295	-13.059	0.0	1.567	214.954	9.67	13.537	0.0	66.358	30.979	-4.48	35.0	1.391	197.808	9.45	12.475	0.0	67.547	10.709	-9.907	0.0	1.098	235.49	9.72	11.787	0.0	68.193	0.0	0.0	0.2	1.056	196.355	10.42	12.537	196.205	66.877	9.765	-1.0	0.0	0.0	177.562	9.53	12.287	0.0	66.962	26.329	-11.375	31.6	0.93	227.547	10.1	12.975	0.0	66.956	21.534	-17.458	0.0	0.0	164.097	9.3	12.6	0.0	67.465	9.111	-1.0	37.2	0.0	230.26	10.2
9.76	10.475	166.428	67.929	25.094	-13.434	34.8	0.0	202.942	8.14	10.1	156.858	67.605	33.449	-8.506	28.8	0.0	261.064	8.88	12.6	0.0	67.686	23.786	-12.976	0.0	1.886	245.565	9.79	12.787	0.0	67.228	31.051	-4.14	35.0	1.617	203.233	9.3	12.287	0.0	68.115	10.855	-9.931	0.0	0.989	215.729	9.66	10.912	0.0	68.046	0.0	0.0	0.2	1.441	207.592	10.28	12.162	190.356	66.714	9.474	-28.837	0.0	1.039	189.284	9.45	11.6	0.0	68.305	26.474	-11.417	31.6	1.14	229.678	10.08	12.662	0.0	67.171	21.462	-18.296	0.0	0.0	179.112	8.86	11.662	0.0	67.926	9.838	-28.088	37.2	0.0	239.365	10.1
9.68	10.912	198.863	68.456	24.585	-13.414	34.8	1.718	246.34	8.18	10.225	188.761	68.473	33.521	-8.559	28.8	0.0	278.113	8.63	12.537	0.0	68.261	24.004	-12.921	0.0	1.643	209.723	9.78	13.35	0.0	67.035	30.252	-4.541	35.0	1.433	198.292	9.2	12.35	0.0	68.043	11.291	-9.897	0.0	0.0	208.948	9.42	10.6	0.0	67.487	0.0	0.0	0.2	1.601	212.823	10.28	12.287	222.259	67.862	9.329	-1.0	0.0	1.299	181.147	9.08	11.1	0.0	67.696	26.62	-11.39	31.6	1.366	219.119	9.97	13.1	0.0	66.932	21.534	-17.49	0.0	0.0	153.732	9.17	12.162	0.0	68.253	9.91	-1.0	37.2	1.978	217.57	9.72
9.76	11.662	210.561	69.037	24.731	-13.559	34.8	2.129	238.881	8.28	11.162	333.389	69.773	33.303	-4.219	28.8	0.0	274.238	8.61	12.912	0.0	69.995	24.513	-13.035	0.0	1.676	235.49	9.68	13.287	0.0	68.266	30.833	-4.269	35.0	1.517	202.167	9.38	12.537	0.0	70.089	11.291	-9.932	0.0	0.0	212.823	9.44	10.787	0.0	67.463	0.0	0.0	0.2	1.475	218.054	10.04	11.85	200.459	67.872	9.765	-1.0	0.0	1.45	180.759	9.18	11.6	0.0	67.144	26.256	-11.471	31.6	1.349	233.844	9.9	12.537	0.0	67.384	21.752	-17.171	0.0	0.0	176.787	9.07	12.725	0.0	69.817	9.184	-1.0	37.2	0.0	219.023	9.92
9.61	10.662	188.761	69.25	24.731	-13.418	34.8	0.0	227.741	8.06	10.412	190.888	68.879	33.449	-8.581	28.8	0.0	277.532	8.92	12.787	0.0	69.522	24.367	-12.84	0.0	1.475	241.69	9.6	12.975	0.0	68.198	30.543	-4.162	35.0	1.651	191.124	9.34	12.225	0.0	69.735	10.709	-9.879	0.0	0.0	191.705	9.52	10.725	0.0	68.803	0.0	0.0	0.2	1.291	202.458	10.18	12.162	198.332	69.411	9.329	-1.0	0.0	1.559	181.921	9.4	11.412	0.0	69.799	26.692	-11.496	31.6	1.106	221.735	9.82	12.225	0.0	68.644	21.389	-17.007	0.0	0.0	147.823	9.17	12.225	0.0	70.58	9.256	-28.864	37.2	0.0	219.41	9.89
9.51	10.85	218.005	69.847	25.385	-13.251	34.8	0.0	228.806	8.24	10.662	196.737	69.02	32.432	-4.08	28.8	0.0	244.112	8.82	12.662	0.0	70.301	24.004	-12.816	0.0	1.383	235.684	9.55	13.225	0.0	68.863	30.833	-4.205	35.0	1.433	197.808	9.3	12.537	0.0	69.299	10.782	-9.924	0.0	0.0	217.085	9.54	10.912	0.0	69.639	0.0	0.0	0.2	1.207	216.988	10.2	12.162	215.878	68.714	9.692	-1.0	0.0	1.383	184.537	9.07	11.35	0.0	70.056	26.62	-11.458	31.6	1.676	222.219	9.96	12.975	0.0	68.697	21.244	-17.024	0.0	0.0	171.847	9.37	12.225	0.0	69.954	9.765	-28.544	37.2	1.701	212.048	9.82
9.59	10.662	203.649	68.574	25.385	-13.418	34.8	0.0	223.769	8.22	10.412	199.395	69.016	33.158	-8.515	28.8	2.011	246.34	8.85	12.725	0.0	69.722	24.658	-12.745	0.0	1.332	234.522	9.54	12.725	0.0	68.861	30.906	-3.869	35.0	1.366	198.389	9.24	12.475	0.0	69.796	10.855	-9.932	0.0	0.0	231.616	9.48	11.225	0.0	69.52	0.0	0.0	0.2	1.073	199.455	10.13	11.912	185.57	69.079	9.184	-1.0	0.0	1.391	184.731	9.24	11.537	0.0	69.341	26.329	-11.516	31.6	1.106	222.316	10.0	12.662	0.0	68.353	21.244	-16.614	0.0	0.0	187.249	9.52	12.787	0.0	70.062	10.056	-1.0	37.2	1.534	216.504	9.91
9.64	10.537	209.498	68.151	24.513	-13.394	34.8	0.0	237.04	8.3	10.225	202.585	68.469	33.449	-8.54	28.8	0.0	264.939	8.82	13.537	0.0	69.129	24.44	-12.898	0.0	1.441	228.903	9.98	14.287	0.0	66.77	30.18	-4.351	35.0	1.123	212.145	9.6	12.85	0.0	68.062	11.145	-9.994	0.0	0.0	209.529	9.6	11.162	0.0	69.784	0.0	0.0	0.2	0.989	202.167	10.38	12.787	323.818	68.097	9.62	-1.0	0.0	0.0	189.574	9.34	12.162	0.0	69.307	26.547	-11.706	31.6	1.257	215.245	10.17	13.1	0.0	67.46	21.534	-16.243	0.0	0.0	185.118	9.58	13.85	0.0	68.734	9.474	-29.484	37.2	1.659	226.191	9.9
9.8	12.037	325.945	67.12	25.385	-13.791	34.8	2.02	245.274	8.24	10.537	220.132	67.488	33.521	-8.568	28.8	1.886	262.517	8.94	15.162	0.0	67.995	23.859	-15.168	0.0	1.232	228.903	10.0	14.1	0.0	65.342	30.543	-4.245	35.0	0.93	199.842	9.72	14.162	0.0	67.133	11.145	-10.145	0.0	0.0	197.518	9.42	10.787	0.0	68.758	0.0	0.0	0.2	0.93	187.443	10.18	13.6	559.902	67.025	9.184	-1.0	0.0	1.265	187.056	9.58	12.037	0.0	68.248	26.184	-11.656	31.6	0.0	225.707	10.15	12.85	0.0	66.801	21.607	-16.418	0.0	0.0	192.868	9.5	12.85	0.0	66.683	9.329	-29.033	37.2	1.559	225.803	10.08
9.94	10.787	188.229	67.582	25.603	-13.494	34.8	1.994	247.793	8.44	10.787	202.585	67.497	33.376	-8.607	28.8	1.785	271.817	8.95	13.662	0.0	68.105	23.859	-13.135	0.0	1.006	232.778	9.96	13.287	0.0	65.749	30.47	-4.269	35.0	0.997	209.142	9.71	12.725	0.0	67.757	11.363	-9.993	0.0	0.0	204.686	9.92	12.162	0.0	67.687	0.0	0.0	0.2	0.939	198.292	10.34	12.037	191.419	66.01	9.692	-1.0	0.0	0.0	191.221	9.74	12.037	0.0	66.535	26.692	-11.685	31.6	0.0	219.604	10.3	12.6	0.0	65.809	21.244	-15.971	0.0	0.0	160.32	9.88	15.225	0.0	67.244	9.91	-30.015	37.2	1.399	243.046	10.32
9.72	10.475	180.785	68.598	24.803	-13.382	34.8	1.978	243.628	8.3	10.225	193.015	68.2	33.521	-8.512	28.8	2.053	301.943	8.78	12.412	0.0	67.614	24.367	-12.77	0.0	0.0	219.216	10.0	12.725	0.0	65.508	31.124	-3.994	35.0	0.0	199.649	9.42	12.225	0.0	68.731	10.855	-9.855	0.0	0.0	211.467	9.58	10.975	0.0	67.108	0.0	0.0	0.2	0.0	206.72	10.42	11.537	169.087	66.052	9.765	-1.0	0.0	0.0	188.218	9.48	11.662	0.0	66.022	26.547	-11.681	31.6	0.0	233.553	10.26	12.162	0.0	65.609	21.244	-16.175	0.0	0.0	177.659	9.56	12.912	0.0	66.503	10.201	-1.0	37.2	1.416	245.081	10.15
9.68	9.85	162.175	68.564	24.658	-13.527	34.8	1.919	227.547	8.32	9.912	163.77	68.499	33.594	-8.427	28.8	0.0	292.45	8.74	11.787	0.0	68.604	24.367	-12.534	0.0	1.056	228.128	9.56	11.787	0.0	68.136	31.124	-3.595	35.0	1.215	201.392	9.32	12.037	0.0	69.544	11.145	-9.82	0.0	0.0	214.954	9.56	10.35	0.0	68.73	0.0	0.0	0.2	0.0	201.295	10.18	11.35	160.58	68.332	9.692	-1.0	0.0	0.0	190.349	9.14	10.975	0.0	67.707	26.62	-11.48	31.6	0.0	229.581	10.0	11.85	0.0	67.511	21.171	-15.872	0.0	0.0	178.531	9.29	11.787	0.0	68.599	9.765	-28.674	37.2	1.844	208.367	10.31
9.74	10.412	164.302	68.115	24.585	-13.422	34.8	1.475	219.604	8.32	9.975	162.706	68.123	33.812	-8.501	28.8	1.978	299.134	8.86	11.662	0.0	68.546	23.859	-12.758	0.0	1.165	209.82	9.6	12.162	0.0	68.306	31.124	-3.557	35.0	1.383	197.518	9.4	11.912	0.0	69.425	10.782	-9.787	0.0	0.0	183.859	9.53	10.225	0.0	68.886	0.0	0.0	0.2	1.14	211.37	10.14	11.287	157.921	67.89	9.111	-1.0	0.0	1.089	181.147	9.16	11.037	0.0	68.332	26.402	-11.548	31.6	1.249	233.941	9.88	11.725	0.0	67.897	21.244	-15.769	0.0	0.0	174.656	9.32	11.725	0.0	69.597	9.838	-1.0	37.2	1.827	214.954	10.02
9.5	10.475	173.341	67.719	24.949	-13.486	34.8	1.894	226.094	8.15	10.037	165.365	68.682	33.957	-3.895	28.8	1.994	264.551	8.71	11.537	0.0	68.384	24.295	-12.735	0.0	1.416	220.379	9.72	12.287	0.0	67.514	30.979	-3.681	35.0	1.274	196.743	9.56	11.85	0.0	69.99	10.855	-9.827	0.0	0.0	182.793	9.49	10.225	0.0	68.15	0.0	0.0	0.2	0.0	189.671	10.14	11.662	169.619	68.162	9.474	-28.41	0.0	0.93	178.531	9.15	10.85	0.0	68.142	26.329	-11.518	31.6	1.006	224.254	10.02	11.975	0.0	67.841	21.825	-15.977	0.0	0.0	175.431	9.02	11.787	0.0	68.818	9.184	-1.0	37.2	0.0	226.966	9.89
9.68	11.1	182.38	69.585	25.167	-13.607	34.8	1.567	254.768	8.37	10.662	265.86	69.551	33.812	-8.554	28.8	1.684	284.7	8.52	11.85	0.0	70.137	24.004	-12.351	0.0	1.55	220.766	9.74	12.725	0.0	67.898	30.979	-3.828	35.0	1.291	195.968	9.5	12.475	0.0	70.457	11.363	-9.89	0.0	0.0	208.658	9.64	10.475	0.0	68.583	0.0	0.0	0.2	1.081	205.751	10.16	11.537	167.492	67.649	9.184	-1.0	0.0	1.408	185.312	9.18	11.037	0.0	67.985	26.692	-12.209	31.6	0.0	240.915	9.8	11.787	0.0	67.093	21.462	-15.562	0.0	0.0	173.784	9.22	12.287	0.0	69.765	9.402	-28.021	37.2	2.028	209.142	9.97
9.62	10.412	146.223	69.413	25.094	-13.422	34.8	1.584	241.496	8.44	10.35	153.135	69.617	33.667	-8.545	28.8	1.819	267.361	8.68	11.725	0.0	70.909	24.15	-12.255	0.0	0.939	222.51	9.69	12.412	0.0	69.319	30.47	-3.764	35.0	1.374	206.43	9.2	11.787	0.0	69.921	10.782	-9.818	0.0	0.0	228.71	9.34	10.287	0.0	69.038	0.0	0.0	0.2	1.299	198.583	9.97	11.037	138.779	69.371	9.62	-1.0	0.0	1.265	179.015	9.26	10.975	0.0	68.755	26.62	-11.627	31.6	1.006	221.347	9.86	11.35	0.0	68.543	21.098	-15.464	0.0	0.0	179.984	9.2	11.912	0.0	70.983	9.402	-28.728	37.2	2.053	216.891	9.75
9.57	9.85	132.398	69.725	24.658	-13.368	34.8	2.07	221.444	8.24	9.912	134.525	68.833	33.594	-8.559	28.8	1.835	278.888	8.71	11.35	0.0	70.121	23.932	-12.416	0.0	0.922	221.347	9.42	11.912	0.0	67.84	31.415	-3.474	35.0	1.115	205.848	9.35	11.725	0.0	68.206	10.782	-9.793	0.0	0.0	201.295	9.28	10.1	0.0	70.203	0.0	0.0	0.2	1.056	202.07	9.89	10.85	126.549	67.409	9.692	-1.0	0.0	1.332	191.221	9.18	10.787	0.0	69.437	26.474	-11.479	31.6	0.0	235.103	9.7	11.412	0.0	67.972	21.316	-17.415	0.0	0.0	176.594	9.06	11.225	0.0	70.718	9.547	-28.329	37.2	2.07	220.766	9.69
9.5	9.725	133.462	66.574	25.167	-13.345	34.8	2.078	240.14	8.26	9.725	131.867	68.488	33.594	-8.481	28.8	0.0	278.113	8.7	11.412	0.0	69.266	24.295	-12.713	0.0	1.274	228.71	9.47	12.225	0.0	68.363	30.615	-3.702	35.0	1.441	199.067	9.13	11.35	0.0	67.759	11.872	-9.757	0.0	0.0	225.707	9.33	9.975	0.0	69.305	0.0	0.0	0.2	1.148	208.173	10.02	11.162	134.525	69.085	9.91	-1.0	0.0	1.324	186.087	9.04	10.6	0.0	69.357	26.474	-11.42	31.6	0.0	219.991	9.78	11.412	0.0	68.231	21.316	-15.406	0.0	0.0	165.26	9.06	11.162	0.0	70.214	9.838	-28.093	37.2	1.852	207.011	9.76
9.46	9.85	145.16	68.253	25.53	-13.421	34.8	0.0	230.066	8.29	10.037	138.247	68.01	33.158	-8.527	28.8	0.0	235.684	8.86	11.787	0.0	67.385	24.077	-12.303	0.0	0.0	225.61	9.56	12.475	0.0	65.899	30.833	-3.579	35.0	1.341	199.455	9.47	11.787	0.0	67.659	10.927	-9.737	0.0	0.0	224.932	9.64	10.287	0.0	67.961	0.0	0.0	0.2	0.913	202.07	10.12	11.35	153.667	66.631	9.547	-28.382	0.0	1.098	193.546	9.11	11.037	0.0	67.24	26.62	-11.607	31.6	0.0	227.353	9.95	11.787	0.0	67.42	21.244	-15.278	0.0	0.0	170.394	9.02	11.225	0.0	69.807	9.547	-28.433	37.2	0.0	214.179	9.79
9.59	10.662	214.283	68.006	24.585	-13.522	34.8	0.0	221.444	8.2	10.162	161.643	67.939	33.739	-8.514	28.8	0.0	258.933	8.86	12.6	0.0	68.115	23.786	-12.411	0.0	1.324	225.029	9.74	13.225	0.0	65.82	30.761	-3.659	35.0	1.123	205.558	9.32	12.35	0.0	68.146	11.073	-9.897	0.0	0.0	211.467	9.47	10.35	0.0	66.951	0.0	0.0	0.2	1.173	212.435	10.21	12.037	271.709	65.462	9.765	-28.571	0.0	1.224	191.318	9.26	11.412	0.0	67.864	26.62	-11.64	31.6	0.997	224.254	9.99	12.225	0.0	65.727	21.389	-15.305	0.0	0.0	162.451	9.16	11.787	0.0	68.143	10.056	-1.0	37.2	2.02	233.941	9.74
9.8	13.1	421.654	67.611	24.949	-13.952	34.8	0.0	229.194	8.38	11.412	393.473	67.918	33.667	-8.693	28.8	0.0	267.458	8.98	15.412	0.0	68.488	24.44	-13.18	0.0	1.056	236.847	9.88	14.662	0.0	66.779	30.47	-4.129	35.0	1.056	188.993	9.73	13.537	0.0	67.489	11.436	-10.061	0.0	2.07	200.617	9.49	11.412	0.0	68.069	0.0	0.0	0.2	1.265	199.842	10.45	12.662	239.806	66.964	9.838	-28.843	0.0	1.006	178.531	9.3	11.787	0.0	68.115	26.256	-11.672	31.6	1.022	226.578	10.16	12.975	0.0	66.775	21.244	-15.617	0.0	0.0	162.16	9.72	15.475	0.0	68.787	9.62	-30.134	37.2	1.341	239.753	10.0
9.74	11.6	206.839	66.617	24.876	-14.152	34.8	0.0	230.26	8.58	11.912	238.211	66.953	33.376	-8.774	28.8	0.0	261.064	8.9	13.912	0.0	67.798	24.44	-12.847	0.0	1.224	241.206	10.2	14.85	0.0	64.933	30.615	-4.496	35.0	1.224	195.968	9.36	12.662	0.0	67.856	11.0	-9.925	0.0	0.0	222.316	9.8	11.787	0.0	67.284	0.0	0.0	0.2	0.0	201.199	10.31	13.475	457.811	66.032	9.838	-1.0	0.0	1.115	192.965	9.31	11.412	0.0	67.385	26.62	-11.64	31.6	0.0	229.291	10.22	13.912	0.0	65.463	21.244	-15.344	0.0	0.0	152.182	9.95	14.725	0.0	66.161	9.692	-29.89	37.2	1.793	221.347	10.12
9.79	11.162	182.912	67.799	25.239	-13.672	34.8	1.592	248.665	8.52	10.85	185.039	67.16	33.594	-8.605	28.8	1.852	271.139	8.69	12.725	0.0	68.272	24.44	-12.586	0.0	1.383	228.128	9.92	13.6	0.0	66.155	31.051	-3.994	35.0	1.198	192.674	9.32	12.287	0.0	67.06	11.073	-9.864	0.0	0.0	229.194	9.64	11.225	0.0	66.818	0.0	0.0	0.2	1.14	205.558	10.32	12.162	184.507	64.898	9.329	-28.625	0.0	1.19	185.893	9.34	11.6	0.0	65.997	26.62	-11.671	31.6	1.115	228.71	10.22	12.85	0.0	64.992	21.244	-15.446	0.0	0.0	186.087	9.48	12.912	0.0	66.789	9.184	-1.0	37.2	1.969	221.735	10.04
9.54	10.912	191.419	68.024	25.239	-13.677	34.8	1.643	229.872	8.13	10.287	177.595	68.383	33.594	-8.547	28.8	0.0	285.863	8.58	12.6	0.0	67.685	24.44	-12.642	0.0	1.349	230.26	9.95	13.662	0.0	63.522	30.833	-4.014	35.0	0.0	199.067	9.32	12.412	0.0	67.875	11.581	-9.857	0.0	1.785	197.13	9.62	11.1	0.0	66.978	0.0	0.0	0.2	0.0	205.945	10.39	12.35	186.102	65.272	9.692	-28.27	0.0	0.0	184.924	9.27	11.537	0.0	67.405	26.547	-11.602	31.6	1.098	237.815	10.14	12.725	0.0	63.33	21.607	-15.01	0.0	0.0	204.008	9.2	12.225	0.0	66.711	9.62	-28.758	37.2	1.71	244.402	9.94
9.56	11.037	194.078	68.001	25.021	-14.396	34.8	1.961	228.903	8.24	10.787	184.507	68.35	33.739	-8.664	28.8	1.86	262.227	8.72	12.787	0.0	68.681	24.004	-12.882	0.0	1.148	228.71	9.94	13.912	0.0	65.856	31.051	-4.183	35.0	0.0	186.184	9.28	12.225	0.0	68.812	11.291	-9.838	0.0	0.0	217.666	9.53	11.162	0.0	67.153	0.0	0.0	0.2	0.0	211.661	10.48	12.412	206.308	64.815	9.983	-28.84	0.0	0.0	185.021	9.32	11.537	0.0	67.441	26.62	-11.631	31.6	0.0	225.029	10.29	13.475	0.0	64.141	21.098	-15.589	0.0	0.0	136.974	9.28	12.85	0.0	66.971	9.184	-1.0	37.2	1.232	224.641	9.99
9.52	11.162	198.863	68.318	25.239	-13.892	34.8	1.86	213.017	8.08	10.787	196.737	68.749	33.739	-8.588	28.8	1.819	272.204	8.77	13.162	0.0	68.529	24.004	-12.476	0.0	0.947	223.091	9.65	13.725	0.0	66.793	31.124	-4.333	35.0	0.0	191.221	9.21	12.475	0.0	68.584	11.218	-9.882	0.0	2.02	233.941	9.65	11.662	0.0	67.855	0.0	0.0	0.2	0.0	197.033	10.44	12.6	203.649	65.696	9.329	-28.923	0.0	0.0	184.149	9.3	11.537	0.0	66.209	26.692	-11.66	31.6	0.922	221.541	10.24	13.162	0.0	63.347	21.534	-15.241	0.0	0.0	167.1	9.12	12.85	0.0	68.163	9.838	-1.0	37.2	1.492	222.316	10.22
9.46	11.037	195.673	68.846	25.385	-13.98	34.8	0.0	232.778	8.18	10.537	194.078	68.982	33.667	-8.558	28.8	0.0	251.861	8.56	13.037	0.0	68.812	23.496	-12.682	0.0	1.215	240.043	9.73	13.35	0.0	66.039	30.688	-3.911	35.0	1.081	199.746	9.35	12.537	0.0	69.843	10.782	-9.891	0.0	0.0	189.38	9.54	11.225	0.0	67.835	0.0	0.0	0.2	0.0	199.067	10.29	12.475	193.015	67.182	9.547	-1.0	0.0	0.0	182.987	9.28	11.6	0.0	66.971	26.692	-11.671	31.6	0.0	225.029	10.01	12.725	0.0	66.116	21.098	-15.418	0.0	0.0	148.598	9.3	12.725	0.0	68.87	9.474	-1.0	37.2	1.844	212.048	9.76
9.36	10.912	194.078	69.845	24.876	-13.787	34.8	0.0	228.128	8.2	10.475	194.61	69.199	33.158	-8.579	28.8	0.0	273.367	8.82	13.287	0.0	69.048	23.859	-12.851	0.0	1.232	239.753	9.58	13.537	0.0	66.671	31.051	-4.185	35.0	1.115	194.321	9.25	12.35	0.0	69.878	11.363	-9.864	0.0	0.0	199.649	9.49	11.162	0.0	69.094	0.0	0.0	0.2	0.964	199.746	10.39	12.412	193.546	67.691	9.62	-28.946	0.0	1.006	176.981	9.26	11.412	0.0	68.324	26.692	-11.61	31.6	0.98	225.61	10.06	12.475	0.0	65.96	21.534	-15.431	0.0	0.0	167.682	9.43	13.037	0.0	69.297	9.402	-29.224	37.2	1.467	218.829	9.9
9.43	10.975	186.634	70.178	25.385	-13.744	34.8	0.0	226.966	8.0	10.475	190.888	70.593	33.449	-8.588	28.8	0.0	250.118	8.5	12.787	0.0	70.979	23.641	-12.636	0.0	1.374	229.678	9.42	13.475	0.0	70.442	31.051	-4.543	35.0	1.131	193.255	9.08	12.287	0.0	71.959	10.855	-9.855	0.0	0.0	230.066	9.47	11.287	0.0	69.17	0.0	0.0	0.2	0.972	195.774	10.3	12.475	189.292	68.598	9.692	-28.868	0.0	0.0	184.731	9.07	11.287	0.0	68.531	26.547	-11.619	31.6	1.131	224.641	9.78	12.287	0.0	67.851	21.244	-15.531	0.0	0.0	164.582	9.26	13.037	0.0	71.021	9.91	-29.224	37.2	1.852	193.255	9.92
9.34	10.662	181.317	70.188	24.731	-13.963	34.8	0.0	222.122	7.94	10.662	182.38	70.0	33.812	-8.648	28.8	0.0	247.502	8.46	12.787	0.0	71.418	24.004	-12.52	0.0	1.567	228.903	9.76	13.412	0.0	67.576	30.761	-4.016	35.0	0.955	199.067	9.18	12.412	0.0	71.19	11.291	-9.873	0.0	0.0	221.154	9.37	10.975	0.0	69.9	0.0	0.0	0.2	0.997	208.27	10.29	12.037	179.19	69.136	9.184	-1.0	0.0	0.939	178.144	9.15	11.6	0.0	68.465	26.547	-11.671	31.6	0.0	244.79	9.91	12.287	0.0	68.147	21.098	-15.319	0.0	0.0	183.956	9.14	12.475	0.0	71.866	9.547	-1.0	37.2	1.927	206.623	9.77
