-1.0	-6.775	0.0	0.0	24.44	-12.434	0.0	4.073	133.583	-3.94	-6.4	0.0	51.468	32.359	-7.36	0.0	7.517	100.938	-4.62	-6.088	0.0	59.384	23.714	-17.68	0.0	1.902	77.786	-4.02	-5.775	0.0	61.351	0.0	-7.062	0.0	1.508	62.287	-4.64	-4.588	0.0	63.479	9.402	-14.064	19.0	0.0	113.531	-4.96	-5.713	0.0	61.992	0.0	0.0	0.0	1.374	80.886	-4.08	-4.838	0.532	64.656	7.585	-1.0	0.2	1.399	45.044	-4.08	-3.712	0.0	61.502	28.218	-19.337	0.4	0.0	65.581	-4.52	-4.963	0.0	63.948	20.953	0.0	0.2	1.291	10.365	-4.72	-6.213	0.0	61.419	11.872	-1.0	0.0	1.735	112.95	-3.8
-1.0	-6.588	1.063	0.0	24.731	-12.461	0.0	4.215	134.358	-4.38	-6.588	0.0	57.033	32.577	-7.332	0.0	7.048	111.4	-4.66	-5.838	0.0	60.218	23.278	-17.274	0.0	1.911	85.149	-4.26	-5.775	0.0	64.65	0.0	-7.039	0.0	1.316	53.86	-4.84	-4.775	0.0	66.923	9.329	-12.266	19.4	0.0	77.883	-4.96	-5.713	0.0	62.55	0.0	0.0	0.0	1.232	77.98	-4.34	-4.838	0.532	67.222	7.295	-1.0	0.2	1.316	50.566	-4.22	-3.775	0.0	62.892	27.927	-19.419	0.4	0.0	59.962	-4.59	-5.088	0.0	65.007	21.098	0.0	0.2	1.24	39.813	-4.76	-6.4	0.0	62.106	12.235	-1.0	0.0	1.039	116.534	-3.96
-1.0	-7.463	1.063	0.0	24.731	-12.396	0.0	3.193	162.548	-4.34	-6.588	0.0	56.539	32.795	-7.326	0.0	6.578	138.814	-4.72	-5.775	0.0	60.99	23.496	-17.561	0.0	1.542	101.713	-4.4	-6.275	0.0	67.057	0.0	-7.051	0.0	1.123	56.378	-4.68	-4.65	0.0	63.788	9.402	-12.396	19.6	0.0	119.925	-5.06	-5.65	0.0	62.638	0.0	0.0	0.0	0.0	70.521	-4.38	-5.275	0.0	67.521	7.44	-1.0	0.2	0.0	56.863	-4.36	-3.837	0.0	64.71	27.782	-19.405	0.4	0.0	95.611	-4.54	-4.963	0.0	64.468	21.171	0.0	0.2	0.0	73.04	-4.82	-6.65	0.0	62.256	11.944	-1.0	0.0	0.913	138.136	-4.32
-1.0	-6.525	0.0	0.0	24.585	-12.47	0.0	4.45	127.771	-4.22	-6.4	0.0	55.384	32.577	-7.329	0.0	6.972	119.15	-4.73	-5.963	0.0	60.179	23.133	-16.801	0.0	1.751	123.509	-4.28	-5.275	0.0	63.437	0.0	-7.139	0.0	0.0	110.432	-4.86	-4.588	0.0	66.252	9.692	-12.753	20.0	0.0	94.932	-5.3	-5.713	0.0	64.643	0.0	0.0	0.0	0.0	70.618	-4.4	-4.963	1.595	67.466	7.585	-1.0	0.2	0.0	57.25	-4.31	-3.712	0.0	62.85	27.709	-19.628	0.4	0.0	107.622	-4.58	-4.838	0.0	64.853	20.88	0.0	0.2	0.0	69.262	-4.86	-7.275	0.0	62.938	11.872	-1.0	0.0	0.0	133.293	-4.32
-1.0	-6.588	0.0	0.0	24.513	-12.461	0.0	5.59	111.594	-4.4	-6.588	0.0	56.641	32.504	-7.332	0.0	7.768	134.843	-4.64	-5.9	0.0	59.734	23.641	-17.171	0.0	2.439	70.134	-4.2	-5.65	0.0	61.642	0.0	-7.042	0.0	1.316	133.099	-4.77	-4.463	0.0	62.98	9.547	-14.084	20.4	0.0	152.764	-5.05	-5.713	0.0	62.348	0.0	0.0	0.0	0.0	76.624	-4.54	-5.338	1.063	67.872	7.513	-1.0	0.2	0.0	56.669	-4.28	-3.712	0.0	62.563	27.782	-19.434	0.4	0.0	135.327	-4.64	-5.275	0.0	64.92	21.098	0.0	0.2	0.0	135.715	-4.69	-6.275	0.0	61.129	12.017	-1.0	0.0	1.224	103.36	-4.49
-1.0	-6.275	0.532	0.0	24.077	-12.867	0.0	4.249	143.174	-4.22	-6.463	0.0	54.934	32.504	-7.317	0.0	7.391	145.014	-4.6	-5.713	0.0	58.102	23.133	-17.209	0.0	1.953	92.511	-4.36	-5.338	0.0	64.553	0.0	-7.089	0.0	0.955	87.473	-4.74	-4.65	0.0	64.458	9.256	-13.502	22.0	1.936	43.301	-5.04	-5.9	0.0	61.444	0.0	0.0	0.0	0.0	153.248	-4.62	-5.088	0.0	68.693	7.513	-1.0	0.2	0.0	57.25	-4.24	-3.712	0.0	61.957	28.145	-19.822	0.4	1.14	164.194	-4.52	-5.275	0.0	62.919	20.88	0.0	0.2	1.098	230.647	-4.78	-6.213	0.0	60.549	11.872	-1.0	0.0	1.425	125.446	-4.43
-1.0	-6.088	0.0	0.0	24.44	-12.652	0.0	6.537	122.54	-3.86	-6.213	0.0	50.175	32.432	-7.338	0.0	7.5	101.52	-4.7	-5.838	0.0	59.561	23.133	-17.456	0.0	3.302	82.824	-4.32	-5.713	0.0	63.931	0.0	-7.059	0.0	1.215	55.216	-4.76	-4.775	0.0	65.754	9.91	-12.968	25.6	1.508	73.524	-5.12	-5.4	0.0	63.077	0.0	0.0	0.0	1.173	72.071	-4.18	-4.65	0.0	63.798	7.585	-1.0	0.2	0.0	132.13	-4.24	-3.837	0.0	62.57	27.637	-19.502	0.4	0.0	40.492	-4.41	-5.088	0.0	62.087	20.88	0.0	0.2	0.0	174.463	-4.68	-6.275	0.0	62.466	12.308	-1.0	0.0	1.433	86.02	-4.42
-1.0	-6.838	0.532	0.0	24.367	-12.484	0.0	4.752	128.934	-4.5	-6.65	0.0	57.346	32.577	-7.314	0.0	8.28	118.472	-4.73	-6.088	0.0	59.99	23.278	-17.134	0.0	1.852	124.478	-4.24	-5.4	0.0	63.444	0.0	-7.202	0.0	1.467	129.902	-4.76	-4.65	0.0	64.768	9.91	-12.626	26.4	0.0	91.251	-5.06	-5.713	0.0	62.267	0.0	0.0	0.0	1.274	79.627	-4.22	-4.963	0.0	64.448	7.876	-1.0	0.2	0.0	93.576	-4.32	-3.462	0.0	63.06	27.855	-19.785	0.4	0.0	71.49	-4.5	-5.088	0.0	63.108	20.372	0.0	0.2	0.0	126.221	-4.72	-6.588	0.0	60.532	12.162	-21.539	0.0	1.207	128.837	-4.14
-1.0	-6.4	1.063	0.0	24.585	-12.547	0.0	5.916	98.614	-3.83	-6.338	0.0	50.324	31.923	-7.328	0.0	7.944	103.748	-4.68	-5.713	0.0	58.719	23.568	-20.299	0.0	2.254	104.426	-4.4	-6.025	0.0	64.703	0.0	-7.027	0.0	0.0	120.312	-4.56	-4.713	0.0	61.741	9.184	-13.492	26.6	1.24	103.263	-5.16	-5.775	0.0	63.596	0.0	0.0	0.0	0.0	92.898	-4.38	-4.963	0.0	66.135	7.876	-1.0	0.2	0.0	94.351	-4.36	-3.65	0.0	63.423	28.073	-19.837	0.4	0.0	119.15	-4.38	-4.963	0.0	61.879	20.299	0.0	0.2	0.0	181.243	-4.74	-5.9	0.0	60.042	11.799	-1.0	0.0	1.224	145.595	-4.22
-1.0	-6.713	0.0	0.0	24.367	-12.328	0.0	4.852	68.874	-3.34	-6.213	0.0	44.27	32.432	-7.344	0.0	7.106	113.919	-4.26	-5.65	0.0	52.4	23.133	-17.041	0.0	2.07	83.308	-4.18	-5.338	0.0	61.539	0.0	-7.089	0.0	1.575	106.46	-4.38	-4.775	0.0	60.292	9.329	-14.696	26.8	2.12	60.544	-5.02	-5.713	0.0	60.184	0.0	0.0	0.0	0.0	119.247	-4.3	-5.025	0.532	65.138	7.876	-1.0	0.2	0.0	94.061	-4.28	-3.712	0.0	62.27	27.637	-19.337	0.4	1.098	101.713	-4.34	-5.025	0.0	61.752	21.171	0.0	0.2	1.265	166.422	-4.54	-6.213	0.0	57.229	11.944	-22.317	0.0	1.165	64.418	-4.26
-1.0	-6.65	2.127	0.0	24.731	-12.511	0.0	4.852	145.498	-3.76	-6.463	0.0	48.194	32.504	-7.324	0.0	7.207	131.937	-4.44	-5.713	0.0	54.591	23.423	-17.029	0.0	3.285	142.302	-4.16	-5.213	0.0	61.623	0.0	-7.084	0.0	2.011	103.651	-4.57	-4.65	0.0	61.632	9.329	-14.053	27.0	1.559	97.16	-4.93	-5.713	0.0	60.308	0.0	0.0	0.0	1.115	142.108	-4.38	-4.713	0.532	65.202	7.222	-1.0	0.2	0.0	94.061	-4.27	-3.712	0.0	62.511	27.564	-19.822	0.4	1.441	81.758	-4.36	-4.963	0.0	61.829	20.953	0.0	0.2	0.947	149.954	-4.56	-6.525	0.0	57.032	11.799	-1.0	0.0	1.693	98.323	-4.18
-1.0	-7.588	0.0	0.0	24.367	-12.437	0.0	3.939	66.162	-4.42	-6.838	0.0	56.137	32.504	-7.392	0.0	5.003	92.995	-4.72	-5.713	0.0	59.53	23.568	-17.391	0.0	3.428	94.835	-4.28	-5.775	0.0	62.722	0.0	-7.084	0.0	1.726	68.487	-4.7	-4.775	0.0	64.596	9.765	-13.35	27.2	1.743	65.775	-5.02	-5.713	0.0	61.581	0.0	0.0	0.0	1.173	116.534	-4.41	-4.963	0.532	64.962	7.731	-1.0	0.2	0.0	117.503	-4.4	-3.837	0.0	63.706	27.782	-20.663	0.4	0.0	109.463	-4.42	-5.025	0.0	62.086	20.953	0.0	0.2	1.056	189.38	-4.74	-6.275	0.0	59.826	12.308	-1.0	0.0	1.307	128.062	-4.14
-1.0	-7.088	0.0	0.0	24.658	-12.39	0.0	3.914	122.637	-4.08	-6.588	0.0	51.564	32.504	-7.268	0.0	5.933	119.634	-4.48	-5.713	0.0	53.906	23.278	-17.482	0.0	2.481	112.66	-4.34	-6.588	0.0	61.993	0.0	-6.982	0.0	0.0	133.971	-4.66	-5.025	0.0	63.079	10.056	-13.509	27.8	0.0	66.162	-5.13	-5.713	0.0	63.128	0.0	0.0	0.0	1.006	74.202	-4.32	-4.9	0.532	64.952	7.731	-1.0	0.2	0.0	151.311	-4.4	-3.712	0.0	62.276	28.0	-20.791	0.4	0.0	177.95	-4.36	-5.025	0.0	61.642	20.227	0.0	0.2	1.718	159.448	-4.74	-6.65	0.0	58.846	11.944	-1.0	0.0	1.173	126.996	-4.22
-1.0	-7.463	1.595	0.0	24.367	-13.604	0.0	2.9	84.277	-3.58	-6.9	0.0	46.854	32.504	-7.269	0.0	5.229	102.488	-4.68	-5.775	0.0	57.538	22.915	-17.378	0.0	2.221	96.385	-4.36	-6.4	0.0	61.936	0.0	-6.982	0.0	0.0	118.569	-4.34	-4.4	0.0	58.089	9.692	-14.095	28.0	0.972	72.652	-5.22	-6.15	0.0	60.716	0.0	0.0	0.0	0.0	76.721	-4.08	-4.65	0.532	62.491	8.021	-1.0	0.2	0.0	197.905	-4.39	-3.462	0.0	62.197	27.927	-19.785	0.4	0.0	86.989	-4.3	-5.025	0.0	60.333	20.953	0.0	0.2	1.475	190.833	-4.49	-6.775	0.0	54.977	12.308	-1.0	0.0	0.0	80.111	-4.3
-1.0	-7.088	0.0	0.0	24.367	-12.448	0.0	3.671	99.001	-3.76	-6.838	0.532	48.165	32.504	-7.215	0.0	6.344	86.214	-4.78	-5.963	0.0	59.085	23.423	-17.249	0.0	3.092	102.585	-4.28	-6.025	0.0	60.957	0.0	-6.981	0.0	0.98	141.914	-4.52	-4.713	0.0	61.56	9.838	-15.255	30.0	1.475	90.186	-5.2	-5.713	0.0	62.719	0.0	0.0	0.0	1.106	68.487	-3.87	-4.713	0.0	61.86	7.077	-1.0	0.2	0.0	214.954	-4.4	-3.712	0.0	61.528	27.855	-20.114	0.4	0.0	145.595	-4.28	-4.9	0.0	59.93	20.662	0.0	0.2	1.567	190.349	-4.76	-6.15	0.0	59.578	12.162	-1.0	0.0	1.131	123.122	-4.32
-1.0	-7.338	2.127	0.0	24.15	-12.413	0.0	4.266	122.25	-4.39	-6.963	0.0	54.033	32.432	-7.263	0.0	6.042	93.673	-4.76	-5.9	0.0	58.213	23.205	-17.171	0.0	2.338	110.238	-4.22	-5.713	0.0	59.858	0.0	-7.096	0.0	1.14	136.296	-4.61	-4.713	0.0	60.118	9.62	-14.939	32.2	0.0	106.46	-5.04	-5.9	0.0	60.1	0.0	0.0	0.0	0.0	164.485	-3.84	-4.9	0.0	60.816	7.876	-1.0	0.2	0.0	206.43	-4.4	-3.65	0.0	60.829	28.291	-19.352	0.4	0.0	88.636	-4.26	-5.088	0.0	59.906	21.171	0.0	0.2	1.869	191.705	-4.7	-6.588	0.0	56.149	11.944	-1.0	0.0	1.006	136.974	-4.1
-1.0	-7.838	0.0	0.0	24.658	-12.401	0.0	2.908	108.107	-4.28	-7.15	0.0	52.598	32.286	-7.235	0.0	5.003	92.995	-4.6	-5.713	0.0	55.157	23.278	-17.3	0.0	2.715	90.476	-4.2	-5.9	0.0	59.644	0.0	-7.029	0.0	1.022	125.059	-4.74	-4.65	0.0	60.825	10.056	-13.912	33.4	0.0	101.81	-5.1	-6.088	0.0	60.009	0.0	0.0	0.0	0.0	111.788	-3.98	-4.9	0.532	60.197	7.876	-1.0	0.2	0.0	113.241	-4.3	-3.587	0.0	60.306	27.782	-18.786	0.4	0.98	116.244	-4.29	-4.963	0.0	58.947	20.662	0.0	0.2	1.014	141.914	-4.54	-6.275	0.0	55.447	12.235	-1.0	0.0	0.922	101.616	-4.13
-1.0	-7.4	0.532	0.0	24.658	-12.642	0.0	3.243	96.967	-4.36	-6.775	0.0	53.328	32.359	-7.266	0.0	5.983	98.323	-4.66	-5.9	0.0	55.904	23.568	-16.991	0.0	1.994	97.451	-4.15	-5.588	0.0	58.312	0.0	-7.016	0.0	1.115	104.91	-4.61	-4.775	0.0	59.14	9.91	-14.033	35.2	1.341	90.089	-5.12	-5.9	0.0	60.06	0.0	0.0	0.0	0.0	94.254	-4.0	-4.65	1.063	59.678	7.731	-1.0	0.2	0.0	148.211	-4.2	-3.775	0.0	58.825	27.273	-19.419	0.4	0.0	80.789	-4.3	-5.025	0.0	58.918	21.098	0.0	0.2	0.0	154.41	-4.7	-6.588	0.0	55.31	11.944	-1.0	0.0	1.349	149.373	-4.14
-1.0	-7.338	0.0	0.0	24.44	-12.472	0.0	4.576	99.195	-3.96	-6.713	0.532	49.05	32.432	-7.271	0.0	5.983	96.676	-4.52	-6.025	0.0	53.645	23.133	-17.056	0.0	3.143	124.284	-4.09	-5.775	0.0	57.19	0.0	-7.106	0.0	1.944	79.53	-4.66	-4.775	0.0	59.92	9.329	-14.545	35.6	0.0	106.944	-5.2	-6.213	0.0	59.911	0.0	0.0	0.0	0.0	93.964	-4.08	-5.213	1.063	60.667	7.295	-1.0	0.2	0.0	147.436	-4.12	-3.712	0.0	57.573	28.145	-19.143	0.4	1.224	68.874	-4.3	-5.088	0.0	58.095	20.517	0.0	0.2	1.006	301.362	-4.6	-6.213	0.0	53.86	11.872	-1.0	0.0	2.481	117.406	-4.0
-1.0	-7.275	1.063	0.0	24.44	-12.481	0.0	3.62	125.446	-4.26	-6.838	0.0	51.394	32.504	-7.254	0.0	5.807	133.293	-4.51	-5.838	0.0	53.249	23.205	-17.094	0.0	2.807	101.035	-4.2	-5.4	0.0	58.989	0.0	-7.099	0.0	1.676	110.722	-4.54	-4.713	0.0	58.496	9.692	-15.58	35.8	1.173	97.935	-5.12	-6.025	0.0	59.246	0.0	0.0	0.0	0.0	68.003	-4.14	-5.025	0.532	61.035	8.167	-1.0	0.2	0.0	145.983	-4.22	-3.837	0.0	59.014	27.855	-19.211	0.4	0.0	74.299	-4.38	-5.463	0.0	59.233	20.299	0.0	0.2	0.0	257.577	-4.48	-6.275	0.0	51.074	12.162	-1.0	0.0	1.693	132.227	-3.98
-1.0	-7.65	0.0	0.0	24.658	-12.311	0.0	3.729	124.575	-4.48	-7.4	0.0	53.31	32.214	-7.215	0.0	4.693	93.189	-4.56	-5.963	0.0	53.724	23.278	-17.069	0.0	1.777	94.835	-4.26	-6.088	0.0	59.253	0.0	-7.044	0.0	1.408	110.625	-4.66	-4.838	0.0	58.914	9.256	-15.975	36.0	1.366	151.795	-4.99	-5.775	0.0	57.984	0.0	0.0	0.0	0.0	124.09	-4.22	-5.088	0.532	61.478	7.585	-1.0	0.2	0.0	145.498	-4.28	-3.462	0.0	59.004	28.145	-19.201	0.4	0.0	114.791	-4.41	-5.213	0.0	59.582	21.244	0.0	0.2	1.064	176.884	-4.7	-6.15	0.0	55.282	12.017	-1.0	0.0	1.743	163.807	-4.07
-1.0	-7.4	0.532	0.0	24.513	-12.463	0.0	4.4	94.932	-4.28	-6.838	0.0	51.304	32.577	-7.254	0.0	5.422	90.089	-4.66	-5.9	0.0	55.008	23.568	-17.171	0.0	3.52	91.833	-4.1	-5.088	0.0	57.521	0.0	-7.125	0.0	1.886	114.984	-4.66	-4.963	0.0	59.839	9.838	-15.371	37.4	1.433	103.748	-5.0	-5.9	0.0	57.597	0.0	0.0	0.0	0.0	121.668	-4.26	-5.088	0.532	61.739	7.368	-1.0	0.2	0.0	184.246	-4.27	-3.775	0.0	58.045	27.637	-19.322	0.4	0.0	139.977	-4.28	-4.963	0.0	57.464	20.88	0.0	0.2	1.458	139.202	-4.8	-6.275	0.0	57.27	12.162	-1.0	0.0	1.944	110.819	-4.02
-1.0	-7.588	1.063	0.0	24.44	-12.32	0.0	3.872	87.57	-4.28	-7.025	0.0	51.333	32.65	-7.233	0.0	5.447	90.089	-4.64	-5.9	0.0	55.235	23.641	-17.171	0.0	2.883	105.879	-4.12	-5.4	0.0	57.849	0.0	-7.092	0.0	2.02	104.135	-4.82	-5.088	0.0	62.574	9.62	-14.27	38.0	1.123	95.804	-4.94	-5.838	0.0	57.221	0.0	0.0	0.0	0.0	146.564	-4.08	-4.775	0.0	59.501	8.094	-1.0	0.2	0.0	143.077	-4.28	-3.9	0.0	59.031	27.491	-19.1	0.4	0.0	67.712	-4.18	-5.213	0.0	56.425	20.88	0.0	0.2	1.416	135.715	-4.83	-6.15	0.0	56.989	12.235	-1.0	0.0	1.441	124.768	-4.03
-1.0	-7.025	0.0	0.0	24.731	-12.516	0.0	2.732	53.472	-3.27	-6.963	0.0	41.714	32.504	-7.231	0.0	3.687	82.049	-4.66	-5.963	0.0	54.473	23.568	-17.159	0.0	3.31	130.677	-4.14	-5.4	0.0	57.487	0.0	-7.092	0.0	1.877	106.751	-4.78	-4.9	0.0	59.738	9.111	-15.142	38.8	0.0	105.297	-4.96	-5.65	0.0	56.941	0.0	0.0	0.0	1.089	126.899	-3.9	-4.838	2.659	57.857	7.513	-1.0	0.2	1.324	140.171	-4.24	-3.712	0.0	57.83	27.419	-18.854	0.4	1.014	135.908	-4.1	-4.775	0.0	55.515	20.59	0.0	0.2	2.103	147.92	-4.77	-6.525	0.0	55.635	11.872	-1.0	0.0	1.978	131.549	-4.02
-1.0	-8.025	0.532	0.0	24.004	-12.375	0.0	3.335	104.135	-4.38	-7.588	0.0	51.117	32.504	-7.194	0.0	4.634	125.059	-4.5	-5.838	0.0	52.394	23.133	-17.004	0.0	2.69	128.934	-4.0	-5.713	0.0	54.347	0.0	-7.096	0.0	1.978	108.204	-4.62	-4.9	0.0	56.105	9.547	-15.794	40.2	0.0	154.895	-5.03	-5.9	0.0	57.537	0.0	0.0	0.0	0.0	118.762	-4.12	-5.025	1.063	60.201	7.513	-1.0	0.2	0.972	146.37	-4.22	-3.712	0.0	56.947	27.709	-19.24	0.4	0.0	125.253	-4.09	-4.775	0.0	55.151	20.808	0.0	0.2	2.087	149.858	-4.66	-6.213	0.0	52.913	11.799	-1.0	0.0	1.994	147.533	-4.0
-1.0	-7.338	0.0	0.0	24.731	-12.413	0.0	4.198	77.399	-4.4	-7.4	0.0	50.911	32.504	-7.163	0.0	4.81	85.73	-4.32	-5.838	0.0	48.884	23.496	-17.184	0.0	2.69	92.123	-3.92	-5.4	0.0	52.65	0.0	-7.114	0.0	1.668	126.028	-4.66	-4.963	0.0	58.01	9.838	-17.089	42.6	0.98	70.037	-4.94	-5.713	0.0	56.306	0.0	0.0	0.0	0.0	130.677	-3.88	-4.9	0.532	57.029	7.513	-1.0	0.2	1.022	157.51	-4.09	-3.525	0.0	54.503	27.709	-19.09	0.4	0.0	146.273	-4.08	-5.4	0.0	54.758	21.389	0.0	0.2	1.224	158.963	-4.72	-6.15	0.0	54.294	11.872	-1.0	0.0	1.86	136.586	-3.92
-1.0	-7.775	0.0	0.0	24.585	-12.41	0.0	3.05	92.608	-3.82	-7.15	0.0	46.047	32.577	-7.209	0.0	5.011	114.694	-4.48	-5.775	0.0	52.368	23.496	-17.016	0.0	3.26	96.385	-3.99	-5.588	0.0	54.631	0.0	-7.099	0.0	1.668	122.153	-4.48	-4.9	0.0	54.444	9.765	-16.133	45.4	1.014	160.61	-4.73	-5.775	0.0	52.931	0.0	0.0	0.0	1.391	81.274	-3.88	-5.15	1.063	57.112	7.295	-1.0	0.2	0.0	172.234	-4.08	-3.712	0.0	55.265	27.855	-18.662	0.4	1.45	189.38	-4.04	-4.963	0.0	53.489	20.444	0.0	0.2	1.617	163.419	-4.58	-6.838	0.0	52.153	11.944	-1.0	0.0	1.131	150.826	-3.86
-1.0	-7.838	0.532	0.0	24.44	-12.401	0.0	1.961	57.638	-3.96	-7.838	0.0	46.268	32.141	-7.154	0.0	2.9	85.149	-4.54	-6.15	0.0	52.216	23.568	-16.5	0.0	2.925	107.138	-4.04	-5.713	0.0	54.086	0.0	-7.044	0.0	1.232	137.749	-4.55	-4.838	0.0	56.005	9.547	-15.313	46.2	1.014	83.889	-4.97	-6.15	0.0	56.69	0.0	0.0	0.0	0.0	85.245	-3.86	-4.775	1.063	57.808	7.368	-1.0	0.2	0.0	200.133	-4.12	-3.775	0.0	55.372	28.0	-18.648	0.4	1.232	152.376	-3.95	-5.15	0.0	52.703	21.026	0.0	0.2	2.162	181.243	-4.66	-6.4	0.0	52.713	12.235	-1.0	0.0	1.358	127.674	-4.0
-1.0	-8.15	0.532	0.0	24.44	-12.3	0.0	3.478	71.974	-4.06	-7.338	0.0	46.821	32.577	-7.188	0.0	4.869	93.479	-4.4	-5.838	0.0	49.019	22.915	-17.004	0.0	2.422	126.124	-3.88	-5.713	0.0	50.985	0.0	-7.089	0.0	1.483	147.048	-4.48	-5.025	0.0	54.02	9.547	-15.36	46.4	0.0	148.598	-4.84	-5.588	0.0	54.107	0.0	0.0	0.0	0.0	176.206	-3.77	-5.088	1.063	53.786	7.513	-1.0	0.2	1.374	179.693	-4.18	-3.712	0.0	54.206	27.855	-18.662	0.4	0.0	145.305	-3.94	-5.025	0.0	52.073	20.372	0.0	0.2	1.684	160.61	-4.6	-7.025	0.0	49.664	11.799	-1.0	0.0	0.0	164.969	-3.8
-1.0	-7.9	0.532	0.0	24.513	-12.451	0.0	3.008	95.029	-3.81	-7.588	0.0	44.847	32.359	-7.174	0.0	4.668	98.71	-4.54	-6.338	0.0	51.238	23.133	-17.174	0.0	0.0	58.606	-3.9	-5.838	0.0	52.395	0.0	-7.086	0.0	1.098	88.83	-4.6	-5.15	0.0	55.522	9.838	-15.665	47.0	1.014	47.854	-4.76	-5.838	0.0	52.67	0.0	0.0	0.0	0.922	114.597	-3.7	-5.025	1.063	53.283	7.585	-1.0	0.2	0.0	55.119	-3.92	-3.65	0.0	51.731	27.637	-18.484	0.4	1.182	153.054	-4.02	-5.463	0.0	52.607	20.009	0.0	0.2	0.0	232.778	-4.46	-6.9	0.0	49.362	11.799	-1.0	0.0	1.458	114.113	-3.82
