11.44	12.162	333.92	51.181	25.312	-12.153	34.8	0.0	243.143	9.82	10.912	329.135	51.537	33.667	-8.981	28.8	1.081	281.019	10.54	15.287	0.0	49.681	24.295	-9.743	16.0	0.0	214.954	11.92	14.787	0.0	48.688	31.269	-4.953	35.0	1.165	201.005	11.16	15.475	0.0	49.701	10.927	-10.085	0.0	1.919	192.868	11.6	11.975	0.0	48.46	0.0	0.0	0.2	0.0	191.318	12.07	14.162	362.633	49.08	10.492	-28.013	0.0	0.0	177.369	11.41	14.037	0.0	50.565	26.474	-12.386	31.6	0.0	252.927	11.91	15.037	0.0	48.251	24.077	-27.282	0.0	0.0	189.962	12.12	16.85	0.0	45.482	10.274	-30.218	37.2	1.24	190.059
11.55	12.287	336.047	50.982	24.949	-12.21	34.8	0.0	232.584	10.03	11.037	322.223	52.715	33.521	-8.997	28.8	0.947	264.067	10.48	14.475	0.0	49.211	25.239	-9.667	16.0	0.0	231.616	11.7	14.475	0.0	47.35	30.688	-4.759	35.0	0.0	193.546	11.36	14.85	0.0	50.987	11.073	-9.999	0.0	0.0	205.848	11.58	12.037	0.0	49.015	0.0	0.0	0.2	1.852	208.27	12.23	14.475	360.506	48.011	11.0	-28.509	0.0	1.802	178.337	11.18	13.787	0.0	49.241	26.474	-12.048	31.6	0.0	219.798	11.86	15.35	0.0	47.464	24.15	-27.29	0.0	0.0	149.083	12.4	16.35	0.0	48.376	11.073	-29.614	37.2	1.777	216.698
11.78	12.975	337.111	52.447	25.167	-12.369	34.8	0.0	263.389	10.04	11.225	318.501	52.686	33.449	-9.046	28.8	0.0	247.018	10.55	14.662	0.0	48.85	24.585	-9.751	16.0	1.022	250.893	11.98	15.287	0.0	49.377	31.269	-2.94	35.0	2.103	187.056	11.5	15.412	0.0	51.159	11.0	-10.044	0.0	0.0	213.21	11.6	11.85	0.0	50.006	0.0	0.0	0.2	0.0	189.962	12.27	14.787	388.688	49.292	10.201	-28.044	0.0	2.137	183.375	11.25	13.787	0.0	50.696	26.402	-12.079	31.6	0.0	218.441	11.88	15.662	0.0	46.746	24.44	-26.913	0.0	0.0	155.67	11.69	15.912	0.0	47.286	10.927	-29.527	37.2	1.768	216.891
11.95	12.912	328.072	52.683	25.167	-12.357	34.8	1.483	238.978	10.19	11.412	315.842	53.609	33.594	-9.07	28.8	2.137	286.638	10.53	14.85	0.0	49.587	24.15	-9.655	16.0	0.905	232.875	11.34	14.162	0.0	48.302	30.833	-4.395	35.0	0.0	194.224	11.08	15.35	0.0	48.64	10.782	-10.074	0.0	2.045	219.991	11.32	11.662	0.0	48.796	0.0	0.0	0.2	0.0	190.059	12.21	14.537	366.355	49.036	10.492	-28.056	0.0	1.425	172.234	11.2	14.037	0.0	50.934	26.547	-12.155	31.6	2.003	234.716	12.42	16.163	0.0	48.441	24.367	-28.028	0.0	0.0	183.956	11.72	16.038	0.0	47.54	11.0	-29.943	37.2	2.07	194.418
11.7	12.787	340.301	50.389	25.385	-12.408	34.8	1.751	234.716	9.9	11.1	334.452	51.336	33.667	-8.988	28.8	0.0	307.949	10.34	14.787	0.0	50.206	24.44	-9.793	16.0	1.123	229.291	11.67	14.412	0.0	48.095	31.124	-4.652	35.0	0.0	190.349	11.36	15.662	0.0	50.589	11.363	-10.066	0.0	1.467	207.979	11.48	11.787	0.0	50.236	0.0	0.0	0.2	0.0	198.68	12.03	14.662	383.902	47.517	9.765	-28.232	0.0	0.0	159.932	11.35	13.975	0.0	50.71	26.474	-12.702	31.6	2.129	234.716	12.07	15.475	0.0	47.741	24.367	-27.724	0.0	0.0	204.008	12.02	16.663	0.0	48.358	10.492	-29.885	37.2	1.508	195.193
11.82	13.037	345.087	48.675	25.239	-12.528	34.8	1.961	236.169	9.9	10.85	339.238	50.269	33.449	-8.957	28.8	0.0	272.979	10.81	15.975	0.0	49.87	24.15	-10.137	16.0	2.045	217.085	11.61	15.162	0.0	49.607	31.124	-4.907	35.0	1.994	178.725	11.9	16.225	0.0	49.367	11.073	-10.256	0.0	0.93	206.817	11.3	12.037	0.0	49.35	0.0	0.0	0.2	0.0	188.218	12.31	14.85	388.688	47.678	10.274	-28.071	0.0	0.0	191.705	11.41	14.162	0.0	51.269	26.474	-12.209	31.6	0.0	217.57	12.16	15.6	0.0	47.252	24.295	-27.014	0.0	0.0	138.621	12.38	17.413	0.0	45.799	10.855	-29.755	37.2	0.939	205.17
11.58	12.162	315.842	49.417	25.748	-12.369	34.8	0.0	242.078	9.83	10.662	313.715	50.107	33.594	-8.958	28.8	0.0	259.514	10.92	16.1	0.0	48.434	24.731	-10.18	16.0	1.215	237.428	11.86	14.85	0.0	45.356	30.688	-4.801	35.0	0.947	198.971	11.39	15.287	0.0	48.059	10.709	-10.111	0.0	1.886	238.397	11.48	11.787	0.0	47.541	0.0	0.0	0.2	1.064	216.407	12.41	15.35	351.467	47.189	10.637	-28.293	0.0	0.947	183.181	11.63	15.037	0.0	50.594	26.402	-12.306	31.6	0.0	232.391	12.51	16.163	0.0	47.452	23.859	-27.772	0.0	0.0	203.136	12.47	16.475	0.0	45.113	10.927	-30.154	37.2	0.0	214.567
11.58	12.287	309.993	50.434	25.021	-12.467	34.8	1.022	220.379	10.02	10.725	301.486	51.291	33.594	-8.811	28.8	1.425	265.133	10.62	14.537	0.0	46.995	24.731	-9.836	16.0	0.0	234.328	12.22	14.475	0.0	45.653	31.197	-4.241	35.0	0.0	201.78	11.56	14.85	0.0	49.508	11.073	-10.038	0.0	0.939	204.492	11.68	11.912	0.0	47.285	0.0	0.0	0.2	0.0	215.632	11.3	14.537	367.419	51.741	10.128	-28.056	0.0	0.0	33.517	11.8	14.912	0.0	49.508	26.547	-12.22	31.6	0.0	229.291	11.39	15.225	0.0	52.877	24.513	-27.236	0.0	0.0	308.337	11.85	14.787	0.0	46.459	10.709	-1.0	37.2	1.994	236.169
11.67	12.037	306.271	49.923	25.966	-12.347	34.8	1.768	235.394	9.9	10.6	312.12	49.841	33.449	-8.95	28.8	0.0	282.957	10.66	14.412	0.0	48.555	24.222	-9.691	16.0	1.534	205.945	12.2	14.475	0.0	46.597	31.051	-4.716	35.0	1.86	204.105	11.49	15.037	0.0	47.011	10.927	-10.105	0.0	0.0	211.467	11.57	11.662	0.0	46.864	0.0	0.0	0.2	0.0	272.979	10.62	13.662	306.803	52.133	10.128	-27.316	0.0	1.844	32.839	11.7	13.975	0.0	48.597	26.474	-12.34	31.6	0.0	250.118	11.52	14.475	0.0	51.711	24.44	-26.793	0.0	0.0	354.834	11.82	15.85	0.0	46.77	10.492	-30.315	37.2	1.994	198.486
11.46	10.975	265.328	50.449	25.675	-12.161	34.8	0.0	234.716	9.9	9.6	266.924	50.819	33.449	-8.835	28.8	0.0	276.176	10.5	14.1	0.0	47.51	24.367	-9.873	16.0	0.0	239.268	12.35	13.725	0.0	45.035	31.415	-4.587	35.0	0.0	178.047	11.36	14.475	0.0	48.087	10.782	-10.013	0.0	1.869	199.358	11.56	11.225	0.0	47.145	0.0	0.0	0.2	1.609	201.683	10.3	12.725	272.773	51.573	10.056	-27.166	0.0	1.517	48.047	11.38	13.662	0.0	48.12	26.547	-12.216	31.6	1.793	233.069	10.75	13.912	0.0	49.678	24.15	-26.188	0.0	0.0	344.663	11.69	14.725	0.0	47.724	10.492	-29.667	37.2	1.391	190.93
11.41	10.475	253.631	51.085	25.748	-12.629	34.8	0.0	222.51	9.7	9.287	243.528	50.487	33.086	-8.797	28.8	1.123	243.337	10.29	13.162	0.0	48.816	24.44	-9.585	16.0	1.131	219.119	12.2	13.662	0.0	46.723	31.342	-4.481	35.0	0.0	224.835	11.19	14.475	0.0	50.535	11.508	-9.974	0.0	0.0	191.318	11.46	11.1	0.0	45.97	0.0	0.0	0.2	1.307	200.617	10.54	13.287	296.7	54.378	10.492	-27.28	0.0	1.031	42.816	11.32	13.225	0.0	47.708	26.765	-12.138	31.6	1.064	227.353	10.99	14.1	0.0	52.063	24.077	-26.264	0.0	0.0	0.0	11.84	14.6	0.0	46.929	10.637	-29.496	37.2	1.5	199.842
11.26	9.912	277.026	52.707	25.094	-12.205	34.8	0.0	227.838	9.72	9.1	288.724	52.792	33.667	-8.75	28.8	1.039	254.477	10.38	13.975	0.0	48.735	24.949	-9.824	16.0	1.098	217.279	12.06	13.725	0.0	46.359	31.342	-4.417	35.0	0.0	307.077	11.42	14.975	0.0	49.489	11.145	-10.096	0.0	1.559	199.455	11.56	11.225	0.0	48.143	0.0	0.0	0.2	1.743	202.942	10.49	14.1	333.389	54.192	10.201	-27.623	0.0	1.048	42.235	11.43	13.787	0.0	50.996	26.62	-12.206	31.6	2.003	252.54	11.3	14.975	0.0	52.834	23.932	-26.623	0.0	0.0	12.206	12.12	15.35	0.0	46.587	10.419	-29.847	37.2	1.064	188.993
11.46	9.725	274.899	52.523	25.82	-11.985	34.8	1.869	239.946	9.82	9.225	282.875	53.556	33.376	-8.715	28.8	0.0	260.192	10.65	14.412	0.0	49.757	24.731	-9.849	16.0	0.0	238.59	11.0	13.412	0.0	50.203	31.342	-4.142	35.0	0.0	0.387	11.38	14.412	0.0	51.295	11.291	-10.028	0.0	0.0	226.966	11.67	11.725	0.0	47.721	0.0	0.0	0.2	0.0	201.392	10.52	14.1	311.056	53.266	9.91	-27.134	0.0	0.0	42.816	10.86	13.912	0.0	51.132	26.547	-12.295	31.6	1.324	312.599	10.99	14.162	0.0	49.833	24.15	-26.289	0.0	0.0	2.034	11.63	15.162	0.0	47.716	10.564	-29.758	37.2	1.601	239.268
11.5	9.225	218.537	50.853	25.675	-11.761	34.8	1.173	193.062	9.84	9.287	255.758	52.206	33.739	-8.756	28.8	0.0	268.814	10.47	13.412	0.0	50.957	24.658	-9.705	16.0	1.156	232.003	11.58	12.975	0.0	49.603	30.543	-4.287	35.0	0.0	188.993	11.31	14.412	0.0	51.407	11.654	-10.02	0.0	2.053	200.617	11.22	11.225	0.0	49.833	0.0	0.0	0.2	0.0	207.204	10.47	13.225	265.328	54.219	10.709	-26.892	0.0	0.0	42.816	10.97	14.1	0.0	52.212	26.62	-12.432	31.6	0.0	283.15	11.2	14.1	0.0	54.115	24.44	-25.887	0.0	0.0	356.481	11.05	14.162	0.0	49.317	10.419	-29.628	37.2	2.095	245.081
11.23	9.287	163.238	52.673	25.457	-12.177	34.8	1.978	214.47	9.74	8.85	208.966	52.674	33.521	-8.769	28.8	0.0	265.036	10.37	13.162	0.0	50.944	24.731	-10.255	16.0	0.0	232.003	11.24	12.85	0.0	48.32	30.761	-4.534	35.0	0.0	186.184	10.95	13.787	0.0	51.754	11.218	-9.92	0.0	0.0	221.929	11.17	10.85	0.0	48.59	0.0	0.0	0.2	0.0	179.209	10.32	12.85	235.552	51.97	10.709	-26.979	0.0	0.0	42.913	10.58	13.6	0.0	52.732	26.402	-12.341	31.6	0.0	320.736	10.78	13.85	0.0	51.822	23.932	-25.788	0.0	0.0	351.347	11.44	13.85	0.0	48.004	10.419	-1.0	37.2	0.0	208.948
11.06	9.037	125.486	51.465	26.038	-11.765	34.8	1.425	253.702	9.66	8.912	203.117	51.969	33.449	-8.744	28.8	1.785	289.35	10.29	12.725	0.0	50.322	24.077	-9.556	16.0	0.0	223.866	11.59	12.287	0.0	49.295	31.415	-4.01	35.0	0.0	168.069	10.98	14.037	0.0	49.893	11.436	-9.957	0.0	0.0	232.294	11.28	10.6	0.0	49.81	0.0	0.0	0.2	0.0	209.142	10.34	12.35	240.338	52.97	9.983	-26.418	0.0	0.0	42.816	10.84	13.475	0.0	52.042	26.547	-12.46	31.6	0.0	342.822	10.76	13.412	0.0	55.334	24.295	-25.367	0.0	0.0	351.347	11.08	13.287	0.0	47.833	10.637	-29.336	37.2	1.634	226.772
11.15	8.975	116.447	53.807	25.966	-11.72	34.8	0.0	233.844	9.69	8.975	172.277	53.268	33.376	-8.76	28.8	1.106	273.851	10.16	13.1	0.0	49.169	24.367	-9.607	16.0	0.0	260.58	10.81	12.412	0.0	49.901	31.269	-4.053	35.0	0.0	130.484	11.25	14.412	0.0	49.652	10.927	-10.004	0.0	0.0	232.197	11.32	10.537	0.0	48.61	0.0	0.0	0.2	1.517	201.974	10.4	11.787	221.196	52.163	10.128	-26.433	0.0	0.0	42.913	10.58	13.6	0.0	51.885	26.692	-12.375	31.6	0.0	342.822	10.55	13.1	0.0	52.123	24.077	-25.371	0.0	0.0	339.335	11.08	13.1	0.0	48.795	10.492	-29.145	37.2	0.0	281.504
10.88	8.975	113.788	52.291	25.82	-11.686	34.8	1.517	248.084	9.5	8.912	126.018	52.068	33.376	-8.76	28.8	1.827	259.902	10.4	12.975	0.0	49.539	24.731	-9.513	16.0	1.14	253.508	10.37	11.912	0.0	52.038	30.47	-3.637	35.0	0.0	69.165	11.34	13.912	0.0	50.494	11.218	-9.962	0.0	0.0	188.605	11.28	10.412	0.0	48.48	0.0	0.0	0.2	0.0	260.677	10.39	10.975	206.308	52.796	10.128	-26.347	0.0	0.0	42.72	10.38	13.6	0.0	52.855	26.402	-12.341	31.6	0.0	342.822	10.47	13.287	0.0	52.233	24.222	-25.195	0.0	0.0	338.947	11.46	13.287	0.0	48.255	10.782	-29.12	37.2	0.0	197.905
10.84	8.662	106.876	51.678	25.603	-11.569	34.8	1.584	238.106	9.54	8.912	110.066	52.103	33.231	-8.661	28.8	1.852	274.82	10.13	12.475	0.0	49.626	24.367	-9.552	16.0	1.567	218.345	10.28	11.85	0.0	51.175	31.487	-8.804	35.0	0.0	69.068	10.94	13.162	0.0	49.21	11.291	-9.853	0.0	1.307	218.441	9.99	10.225	0.0	50.648	0.0	0.0	0.2	0.0	3.197	10.16	10.412	130.272	52.13	10.128	-25.9	0.0	0.0	42.816	9.91	12.85	0.0	55.238	26.547	-12.172	31.6	0.0	37.295	10.48	13.725	0.0	53.08	24.513	-24.864	0.0	0.0	339.335	11.49	13.35	0.0	48.29	10.637	-29.257	37.2	0.0	201.683
11.08	8.725	102.622	52.167	25.312	-11.546	34.8	0.0	227.547	9.56	8.787	102.09	51.319	33.812	-8.638	28.8	1.257	271.526	10.14	11.787	0.0	49.443	24.876	-9.465	16.2	1.978	239.656	10.2	11.537	0.0	51.65	30.761	-3.753	35.0	0.0	68.584	10.98	13.287	0.0	49.924	10.855	-9.887	0.0	1.391	225.029	10.32	10.162	0.0	51.545	0.0	0.0	0.2	0.0	2.712	10.07	10.475	104.749	54.041	10.492	-25.924	0.0	0.0	42.72	9.78	13.225	0.0	53.521	26.62	-12.307	31.6	0.0	37.004	10.48	12.85	0.0	54.1	23.932	-24.782	0.0	0.0	339.722	11.16	12.037	0.0	48.775	10.419	-28.782	37.2	0.0	231.422
11.03	8.475	101.559	53.248	25.239	-11.474	34.8	0.0	230.647	9.44	8.537	100.495	54.069	33.449	-8.675	28.8	1.224	261.742	10.18	11.35	0.0	49.602	24.731	-9.224	16.2	2.07	225.319	10.02	11.662	0.0	50.865	30.833	-4.278	35.0	0.0	69.068	11.02	13.787	0.0	50.91	10.927	-9.936	0.0	0.0	225.707	10.36	10.162	0.0	50.209	0.0	0.0	0.2	0.0	2.712	10.04	10.1	99.432	53.048	10.637	-26.238	0.0	0.0	43.688	9.79	13.287	0.0	55.042	26.402	-12.216	31.6	0.0	37.198	10.52	13.35	0.0	53.146	24.367	-24.846	0.0	0.0	339.335	11.31	12.162	0.0	48.732	10.709	-28.517	37.2	0.0	216.504
10.98	8.35	97.837	51.971	25.167	-11.487	34.8	0.0	235.781	9.49	8.6	97.837	52.278	33.594	-8.556	28.8	1.274	266.101	10.38	13.1	0.0	51.523	24.803	-2.37	16.2	0.0	226.482	9.96	11.537	0.0	52.283	30.833	-4.074	35.0	0.0	69.068	11.31	13.725	0.0	50.827	11.0	-9.966	0.0	0.0	230.453	9.82	10.35	0.0	51.961	0.0	0.0	0.2	0.0	2.906	10.09	10.037	96.773	52.874	10.709	-1.0	0.0	0.0	43.495	9.74	13.412	0.0	52.885	26.184	-12.238	31.6	0.0	37.101	10.6	13.475	0.0	54.088	24.15	-25.018	0.0	0.0	339.722	11.56	13.662	0.0	48.827	10.782	-28.843	37.2	0.0	207.786
10.92	8.35	95.71	53.112	25.094	-11.553	34.8	0.0	258.352	9.4	8.662	91.988	52.927	33.449	-8.615	28.8	1.14	254.186	10.22	12.537	0.0	50.037	24.731	-9.613	16.2	1.081	220.282	9.98	11.537	0.0	52.255	31.051	-4.114	35.0	0.0	68.874	10.98	13.35	0.0	50.874	11.291	-9.88	0.0	1.324	205.267	9.58	9.662	0.0	53.102	0.0	0.0	0.2	0.0	2.906	9.88	9.975	93.051	54.252	10.128	-25.963	0.0	0.0	42.429	9.68	13.225	0.0	53.596	26.402	-12.205	31.6	0.0	37.101	10.73	13.225	0.0	55.181	23.932	-24.552	0.0	0.0	339.335	11.68	12.975	0.0	48.034	10.564	-28.762	37.2	0.0	182.212
10.81	8.537	96.241	52.825	25.239	-11.298	34.8	0.0	229.485	9.39	8.662	94.115	52.745	33.449	-8.581	28.8	1.073	263.68	10.36	13.1	0.0	50.759	24.585	-9.714	16.2	1.751	247.018	10.07	11.6	0.0	53.322	31.124	-4.216	35.0	0.0	57.153	11.36	13.787	0.0	50.282	11.363	-9.944	0.0	0.0	220.185	9.65	10.287	0.0	54.428	0.0	0.0	0.2	0.0	2.906	9.79	9.85	89.329	57.31	10.201	-25.688	0.0	0.0	42.526	9.52	13.412	0.0	55.24	26.692	-12.172	31.6	0.0	37.004	10.65	12.412	0.0	54.095	24.295	-23.886	0.0	0.0	339.335	11.81	13.475	0.0	47.458	10.274	-29.313	37.2	0.0	205.655
10.84	8.225	94.115	52.709	26.184	-11.5	34.8	0.0	229.581	9.46	8.35	93.051	52.815	33.812	-8.578	28.8	1.173	261.839	10.42	12.975	0.0	49.603	24.513	-9.742	16.2	0.939	288.188	10.07	11.412	0.0	52.147	30.833	-4.19	35.0	0.0	57.347	11.76	13.912	0.0	49.596	11.581	-9.946	0.0	0.0	219.604	9.79	10.537	0.0	54.627	0.0	0.0	0.2	0.0	2.615	9.72	9.725	90.924	54.943	10.782	-25.182	0.0	0.0	42.429	9.5	13.412	0.0	56.387	26.474	-12.238	31.6	0.0	36.81	10.44	12.85	0.0	51.471	24.15	-23.799	0.0	0.0	339.238	11.87	13.537	0.0	48.898	10.564	-1.0	37.2	0.0	234.619
10.84	8.1	96.241	53.01	24.949	-11.321	34.8	0.0	221.929	9.46	8.225	95.178	52.875	33.594	-8.504	28.8	0.0	251.377	10.12	12.662	0.0	51.305	24.004	-9.683	16.2	0.0	265.908	9.89	11.287	0.0	52.695	30.833	-4.066	35.0	0.0	57.153	11.64	13.725	0.0	49.364	10.927	-9.934	0.0	0.0	219.991	9.56	10.037	0.0	53.07	0.0	0.0	0.2	0.0	2.712	9.78	9.662	90.924	57.542	10.492	-25.275	0.0	0.0	42.429	9.72	13.412	0.0	55.328	26.474	-12.205	31.6	0.0	37.295	10.6	12.85	0.0	53.368	24.513	-24.536	0.0	0.0	339.529	11.93	13.35	0.0	48.129	10.492	-27.9	37.2	0.0	234.328
10.75	8.35	97.837	52.968	25.675	-11.391	34.8	1.475	217.182	9.47	8.412	91.456	52.576	33.667	-8.552	28.8	1.617	273.076	9.46	12.225	0.0	52.032	24.295	-9.637	16.2	0.0	352.897	9.86	11.1	0.0	53.532	30.761	-4.158	35.0	0.0	57.347	11.49	13.787	0.0	49.622	11.363	-9.912	0.0	0.0	219.991	9.56	10.1	0.0	55.009	0.0	0.0	0.2	0.0	2.615	9.77	9.662	89.861	54.743	10.564	-25.044	0.0	0.0	42.526	9.56	13.475	0.0	53.459	26.474	-12.25	31.6	0.0	37.586	10.59	13.225	0.0	51.765	23.714	-24.923	0.0	0.0	338.947	12.11	13.475	0.0	46.743	10.709	-28.76	37.2	0.0	222.607
10.81	8.225	93.583	53.368	25.603	-11.341	34.8	1.291	216.698	9.46	8.475	93.051	53.025	33.594	-8.542	28.8	1.567	256.996	9.35	12.162	0.0	54.175	24.876	-9.621	16.2	0.0	12.012	9.79	10.975	0.0	54.18	30.979	-3.996	35.0	0.0	57.444	11.4	13.1	0.0	49.023	11.436	-9.821	0.0	0.0	178.919	9.66	10.037	0.0	54.399	0.0	0.0	0.2	0.0	2.809	9.82	9.6	87.734	55.934	10.419	-24.324	0.0	0.0	41.945	9.8	13.35	0.0	55.163	26.474	-12.128	31.6	0.0	37.004	10.92	13.037	0.0	51.263	24.367	-24.482	0.0	0.0	339.335	10.87	12.6	0.0	51.682	10.782	-1.0	37.2	0.0	140.752
10.77	8.412	91.988	52.336	25.748	-11.401	34.8	1.777	217.57	9.4	8.475	89.329	52.144	33.594	-8.507	28.8	1.902	253.411	9.85	12.287	0.0	52.449	24.295	-9.526	16.2	0.0	352.897	10.03	10.787	0.0	52.021	30.833	-3.969	35.0	0.0	57.056	11.28	12.725	0.0	50.578	11.363	-9.76	0.0	0.0	198.292	9.62	9.975	0.0	54.066	0.0	0.0	0.2	0.0	2.712	9.86	9.6	88.266	55.26	10.709	-25.137	0.0	0.0	42.623	9.84	13.225	0.0	54.187	26.402	-12.205	31.6	0.0	37.004	11.1	13.225	0.0	52.926	24.367	-25.171	0.0	0.0	339.335	11.58	12.85	0.0	48.705	10.709	-1.0	37.2	0.0	142.883
10.78	8.1	90.924	52.972	25.82	-11.321	34.8	1.24	238.59	9.45	8.287	90.392	53.114	33.667	-8.503	28.8	1.299	254.961	10.07	12.225	0.0	53.232	24.44	-9.855	16.2	0.0	272.688	10.4	10.412	0.0	52.133	31.051	-3.836	35.0	0.0	57.25	11.06	12.162	0.0	49.534	10.927	-9.682	0.0	1.022	189.284	9.92	9.85	0.0	53.541	0.0	0.0	0.2	0.0	2.809	9.98	9.475	85.607	55.337	10.201	-24.976	0.0	0.0	42.623	9.98	13.225	0.0	56.518	26.62	-12.414	31.6	0.0	36.907	10.9	13.037	0.0	49.974	24.295	-24.482	0.0	0.0	339.335	11.88	12.912	0.0	47.31	10.927	-1.0	37.2	1.207	228.128
