7.94	5.725	1.063	57.288	25.239	-12.637	34.8	0.0	297.487	6.61	6.1	0.0	57.833	33.449	-8.42	28.8	1.718	295.162	7.21	5.162	0.0	55.045	24.295	-11.038	0.0	0.0	251.765	7.56	6.412	0.0	58.184	30.688	-2.457	35.0	1.433	220.379	7.5	5.6	0.0	56.318	11.0	-9.193	0.0	0.905	258.352	7.58	5.412	0.0	55.834	0.0	0.0	0.2	0.0	200.811	7.86	5.725	1.063	58.95	9.547	-1.0	0.0	0.0	178.144	7.1	5.412	0.0	57.91	26.765	-12.121	31.6	1.852	240.818	7.52	5.475	0.0	60.465	21.825	-17.43	0.0	0.0	135.521	7.22	6.225	0.0	55.311	9.91	-1.0	37.2	1.961	265.617	7.95
8.22	6.037	0.0	54.1	25.53	-12.739	34.8	1.064	272.301	6.63	6.1	0.0	56.825	33.521	-8.365	28.8	0.0	264.551	7.24	5.225	0.0	54.224	23.859	-10.865	0.0	0.0	247.405	7.6	6.35	0.0	56.712	30.761	-1.693	35.0	1.575	204.88	7.62	5.537	0.0	55.458	11.363	-9.222	0.0	1.76	250.99	7.66	5.537	0.0	55.259	0.0	0.0	0.2	1.835	198.292	8.06	5.725	0.532	58.031	9.91	-1.0	0.0	1.567	195.096	7.2	5.6	0.0	56.942	26.692	-12.286	31.6	1.559	234.716	7.62	5.475	0.0	58.998	21.389	-17.338	0.0	0.0	161.094	7.21	6.287	0.0	54.839	9.474	-1.0	37.2	1.961	263.195	7.82
7.62	5.162	0.532	59.798	25.312	-12.743	34.8	0.0	196.258	6.72	5.912	0.0	54.943	33.594	-8.336	28.8	1.969	260.58	7.08	5.35	0.0	56.4	23.714	-10.973	0.0	1.894	266.876	7.64	6.412	0.0	55.843	31.124	-2.176	35.0	1.76	203.911	7.5	5.537	0.0	56.318	11.363	-9.186	0.0	0.913	212.048	7.55	5.6	0.0	56.995	0.0	0.0	0.2	1.492	219.313	7.96	5.6	1.063	58.65	9.402	-1.0	0.0	1.391	188.412	7.1	5.412	0.0	58.686	26.765	-12.21	31.6	0.947	228.71	7.51	5.475	0.0	60.435	21.825	-17.522	0.0	0.0	151.601	7.05	6.225	0.0	57.758	9.983	-1.0	37.2	2.129	272.785	7.86
7.42	5.475	0.0	62.28	24.585	-12.694	34.8	1.894	241.69	5.92	5.537	0.0	63.58	33.594	-8.279	28.8	1.55	263.001	7.04	5.225	0.0	56.103	23.859	-10.985	0.0	0.98	232.391	7.62	6.537	0.0	56.278	30.688	-2.219	35.0	1.76	189.38	7.2	5.225	0.0	60.356	11.218	-9.139	0.0	1.131	239.365	7.46	5.475	0.0	57.446	0.0	0.0	0.2	0.0	199.939	7.72	5.6	0.532	60.299	9.62	-1.0	0.0	1.768	176.594	7.01	5.225	0.0	58.872	26.547	-11.879	31.6	1.425	211.37	7.51	5.6	0.0	59.923	21.897	-17.184	0.0	0.0	115.663	7.17	6.1	0.0	55.889	9.983	-1.0	37.2	1.617	231.034	7.78
7.37	4.912	0.0	61.936	25.239	-12.908	34.8	1.953	178.919	6.46	5.85	0.0	57.838	33.739	-8.345	28.8	0.0	305.237	6.87	5.162	0.0	58.248	23.35	-10.976	0.0	0.0	232.003	7.63	6.662	0.0	56.338	30.397	-1.905	35.0	0.0	219.991	7.42	5.537	0.0	56.073	10.927	-9.231	0.0	0.0	193.062	7.42	5.537	0.0	58.651	0.0	0.0	0.2	1.693	211.37	8.1	5.6	0.0	58.095	10.056	-1.0	0.0	1.626	215.923	6.76	5.225	0.0	61.103	26.038	-12.092	31.6	0.0	241.69	7.66	5.6	0.0	59.004	21.752	-17.184	0.0	0.0	127.19	7.01	6.225	0.0	57.405	9.983	-1.0	37.2	2.053	289.641	7.72
7.06	4.975	0.0	64.989	24.949	-12.611	34.8	1.291	198.68	6.23	5.475	0.532	61.661	33.594	-8.256	28.8	0.0	190.93	6.34	5.037	0.0	62.572	23.786	-10.898	0.0	0.0	200.617	7.0	6.1	0.0	61.958	30.615	-2.067	35.0	1.366	221.444	6.72	5.475	0.0	64.655	11.0	-9.169	0.0	1.366	230.453	7.05	5.037	0.0	62.665	0.0	0.0	0.2	0.0	196.646	7.54	5.537	0.0	63.722	9.91	-1.0	0.0	0.0	185.796	6.7	4.912	0.0	62.8	26.692	-12.042	31.6	1.383	207.979	7.44	5.225	0.0	60.594	20.88	-17.189	0.0	0.0	145.595	6.9	5.85	0.0	60.25	9.838	-1.0	37.2	0.0	302.428	7.87
6.95	5.162	0.0	65.789	25.53	-12.794	34.8	1.634	234.716	5.73	5.162	0.532	64.836	33.449	-8.247	28.8	0.0	260.967	6.8	5.35	0.0	57.719	24.731	-10.913	0.0	1.886	205.558	7.2	6.225	0.0	61.514	30.688	-2.005	35.0	1.525	203.911	6.62	5.6	0.0	65.73	10.782	-9.184	0.0	1.835	212.629	6.8	5.1	0.0	64.229	0.0	0.0	0.2	0.0	209.239	7.42	5.475	1.063	62.364	9.91	-1.0	0.0	0.0	165.744	6.69	5.037	0.0	61.373	26.62	-12.195	31.6	0.0	195.968	7.75	5.412	0.0	57.113	21.316	-17.601	0.0	0.0	146.758	6.68	5.662	0.0	62.072	10.056	-26.254	37.2	0.0	245.177	7.24
7.53	5.225	0.0	58.495	25.385	-12.702	34.8	1.852	214.954	5.68	5.225	0.0	65.779	33.594	-8.285	28.8	1.366	285.475	6.36	5.162	0.0	64.097	24.585	-10.946	0.0	0.0	210.982	7.64	6.225	0.0	56.164	30.47	-2.146	35.0	0.0	201.295	6.91	5.537	0.0	61.915	10.782	-9.177	0.0	1.835	212.145	6.66	5.037	0.0	66.172	0.0	0.0	0.2	1.156	201.392	7.92	5.6	0.532	58.845	9.692	-1.0	0.0	1.056	179.112	6.4	5.037	0.0	65.009	26.402	-12.332	31.6	0.0	223.479	7.52	5.475	0.0	59.725	21.462	-17.338	0.0	0.0	148.308	6.98	5.975	0.0	56.734	10.274	-1.0	37.2	1.198	241.69	7.0
7.23	5.35	0.0	62.444	24.731	-12.574	34.8	0.0	205.655	6.68	5.85	0.0	55.025	33.449	-8.424	28.8	0.0	249.633	6.86	4.975	0.0	57.382	24.367	-10.889	0.0	1.475	202.167	7.66	6.412	0.0	55.728	30.252	-2.562	35.0	1.71	211.757	6.85	5.537	0.0	63.048	11.291	-9.177	0.0	1.031	202.458	7.14	5.225	0.0	59.465	0.0	0.0	0.2	1.316	216.891	8.09	5.787	0.0	56.758	9.547	-1.0	0.0	1.408	185.506	6.6	5.037	0.0	61.779	26.547	-12.195	31.6	0.98	234.716	7.65	5.412	0.0	57.793	21.534	-17.232	0.0	0.0	152.957	7.19	6.287	0.0	55.979	9.62	-1.0	37.2	1.869	286.25	7.21
7.12	5.225	5.849	64.917	24.731	-12.457	34.8	0.0	228.128	5.83	5.225	0.0	64.553	33.739	-8.205	28.8	0.0	228.516	6.48	5.162	0.0	62.038	23.859	-10.687	0.0	0.0	229.194	7.17	6.225	0.0	62.769	30.397	-2.076	35.0	1.207	183.956	6.64	5.537	0.0	65.679	11.0	-9.259	0.0	0.0	216.795	7.12	5.162	0.0	60.654	0.0	0.0	0.2	0.0	216.601	7.81	5.475	3.19	60.086	9.474	-1.0	0.0	0.0	159.448	6.62	5.1	0.0	62.174	26.402	-12.205	31.6	0.0	197.614	7.4	5.475	0.0	60.615	21.244	-17.338	0.0	0.0	138.039	7.03	5.912	0.0	58.875	9.838	-1.0	37.2	2.103	250.215	7.76
7.82	5.662	0.532	56.659	25.385	-12.578	34.8	0.0	233.844	6.03	5.537	0.532	62.046	33.667	-8.311	28.8	1.265	232.391	6.28	5.225	0.0	64.221	24.367	-10.985	0.0	0.0	221.154	7.53	6.6	0.0	57.717	30.688	-2.453	35.0	1.969	209.723	6.95	5.725	0.0	60.937	11.363	-9.217	0.0	2.095	208.754	7.04	5.537	0.0	61.093	0.0	0.0	0.2	1.944	198.292	7.57	5.475	1.063	61.969	9.184	-1.0	0.0	1.559	163.807	6.58	5.1	0.0	62.334	26.692	-12.028	31.6	0.0	163.226	7.65	5.412	0.0	58.255	21.825	-17.141	0.0	0.0	117.794	6.9	5.85	0.0	58.367	9.329	-1.0	37.2	0.989	241.593	7.22
7.92	5.662	0.532	56.878	25.167	-12.529	34.8	1.525	303.687	6.42	5.662	0.0	58.12	33.739	-8.317	28.8	1.006	308.627	7.11	5.225	0.0	55.001	24.295	-11.111	0.0	1.316	274.045	7.53	6.412	0.0	57.659	31.051	-2.422	35.0	0.0	214.179	7.22	5.537	0.0	59.02	10.782	-9.186	0.0	1.927	239.365	7.2	5.537	0.0	59.446	0.0	0.0	0.2	2.112	191.608	7.82	5.725	1.063	58.944	9.692	-1.0	0.0	1.768	171.072	6.74	5.225	0.0	60.394	26.402	-12.136	31.6	1.207	207.592	7.44	5.225	0.0	59.798	21.825	-17.28	0.0	0.0	172.138	7.23	6.1	0.0	53.779	9.402	-1.0	37.2	1.643	247.696	7.48
7.58	5.412	0.0	61.324	25.603	-12.488	34.8	0.0	208.173	6.6	5.975	0.0	56.56	33.449	-8.294	28.8	1.55	255.543	6.78	5.35	0.0	58.95	23.859	-10.973	0.0	1.743	264.261	7.5	6.6	0.0	57.886	30.47	-2.488	35.0	0.0	209.142	7.2	5.662	0.0	60.498	11.0	-9.246	0.0	1.894	269.976	7.35	5.35	0.0	58.553	0.0	0.0	0.2	0.0	195.968	8.03	5.85	0.0	57.36	9.474	-1.0	0.0	0.0	192.868	6.92	5.412	0.0	59.771	26.474	-12.035	31.6	1.869	220.379	7.6	5.6	0.0	58.823	21.607	-17.275	0.0	0.0	148.986	6.92	6.162	0.0	59.144	9.765	-1.0	37.2	1.886	238.881	7.7
7.2	5.225	0.0	65.588	24.585	-12.652	34.8	1.659	308.337	5.8	5.6	0.0	65.393	33.594	-8.334	28.8	1.165	290.706	6.61	5.1	0.0	61.303	23.786	-10.848	0.0	0.0	224.641	7.56	6.6	0.0	57.287	30.833	-2.488	35.0	1.391	207.689	7.15	5.537	0.0	60.263	10.637	-9.168	0.0	1.944	211.854	7.21	5.412	0.0	61.431	0.0	0.0	0.2	1.307	200.23	7.77	5.975	0.0	60.392	9.474	-1.0	0.0	0.0	188.218	6.77	5.162	0.0	62.366	26.474	-12.17	31.6	0.0	245.081	7.46	5.412	0.0	61.134	21.462	-17.051	0.0	0.0	142.399	6.76	6.037	0.0	60.708	10.128	-26.1	37.2	0.0	254.864	7.52
7.77	5.35	0.532	57.058	24.731	-12.93	34.8	0.0	294.581	6.67	6.1	0.0	55.58	33.739	-8.316	28.8	0.0	282.957	7.01	5.225	0.0	55.894	24.44	-10.985	0.0	1.031	260.289	7.79	6.537	0.0	53.504	30.906	-2.501	35.0	0.0	190.543	7.54	5.6	0.0	55.505	11.0	-9.22	0.0	0.0	226.191	7.22	5.412	0.0	59.278	0.0	0.0	0.2	0.0	213.404	8.26	6.037	0.532	54.994	9.838	-1.0	0.0	0.0	187.443	6.86	5.162	0.0	59.79	26.474	-12.082	31.6	0.0	220.766	7.6	5.475	0.0	58.449	21.534	-17.066	0.0	0.0	143.077	7.21	6.1	0.0	54.692	9.62	-1.0	37.2	1.299	256.802	7.82
7.31	5.412	0.532	63.238	24.731	-12.634	34.8	0.0	231.228	6.06	5.662	0.532	63.052	33.376	-8.317	28.8	1.617	264.067	6.92	5.225	0.0	58.141	24.658	-11.64	0.0	0.913	248.665	7.58	6.475	0.0	56.797	30.543	-2.233	35.0	1.282	226.578	7.35	5.6	0.0	57.862	10.782	-9.193	0.0	1.416	215.245	7.49	5.412	0.0	56.404	0.0	0.0	0.2	1.399	201.877	7.96	5.85	0.0	57.842	9.838	-1.0	0.0	1.198	175.141	6.95	5.225	0.0	59.149	26.765	-11.921	31.6	0.0	207.108	7.57	5.475	0.0	59.162	21.244	-17.338	0.0	0.0	152.861	7.2	6.037	0.0	56.244	9.184	-1.0	37.2	1.399	272.107	7.92
6.66	4.912	3.722	68.11	25.167	-12.454	34.8	1.115	229.581	5.82	5.162	0.0	65.261	33.158	-8.263	28.8	0.0	237.331	6.3	5.35	0.0	65.046	24.44	-10.942	0.0	1.173	211.467	6.88	5.975	0.0	64.71	30.833	-1.989	35.0	1.978	202.555	6.28	5.412	0.0	68.253	11.0	-9.503	0.0	0.0	202.361	7.48	5.6	0.0	57.188	0.0	0.0	0.2	0.0	188.121	8.12	5.975	1.063	57.316	9.838	-1.0	0.0	1.693	188.218	6.84	5.225	0.0	60.382	26.184	-12.136	31.6	1.156	202.167	7.52	5.35	0.0	59.725	21.97	-17.127	0.0	0.0	151.02	7.09	6.037	0.0	56.925	10.201	-1.0	37.2	1.408	212.242	7.87
7.05	5.412	0.0	66.188	24.803	-12.393	34.8	1.726	230.841	5.69	5.225	0.0	66.618	33.667	-8.197	28.8	0.989	264.455	6.04	5.037	0.0	67.058	24.222	-10.839	0.0	2.028	231.228	7.51	6.35	0.0	57.164	31.051	-2.295	35.0	1.215	196.355	6.42	5.225	0.0	68.065	10.782	-9.221	0.0	0.0	221.929	6.5	4.912	0.0	67.465	0.0	0.0	0.2	1.994	207.979	7.58	5.6	0.532	61.465	9.983	-1.0	0.0	1.735	186.184	6.32	4.975	0.0	66.029	26.547	-12.052	31.6	1.064	201.78	7.13	5.225	0.0	64.231	21.68	-17.28	0.0	0.0	166.907	6.67	5.975	0.0	62.851	9.62	-1.0	37.2	1.282	265.229	6.99
6.91	4.912	0.0	67.433	25.167	-12.359	34.8	1.617	228.128	5.67	5.412	0.0	66.856	33.376	-8.29	28.8	1.165	240.14	6.02	5.225	0.0	67.617	24.367	-10.836	0.0	1.165	221.154	7.74	6.537	0.0	54.475	31.051	-2.184	35.0	0.0	205.558	6.48	5.225	0.0	67.38	10.492	-9.212	0.0	0.0	209.336	7.03	5.537	0.0	62.019	0.0	0.0	0.2	0.0	204.88	8.12	5.912	0.0	56.85	10.128	-1.0	0.0	0.0	162.838	6.34	5.037	0.0	65.653	26.474	-12.018	31.6	2.053	221.154	7.46	5.412	0.0	60.171	21.171	-17.415	0.0	0.0	140.364	6.87	5.85	0.0	58.964	9.402	-1.0	37.2	1.366	273.754	7.3
6.96	5.162	0.0	66.849	25.021	-12.399	34.8	1.19	216.02	5.59	5.225	0.0	67.029	33.667	-8.254	28.8	1.307	261.839	6.66	5.35	0.0	59.843	24.367	-10.883	0.0	1.517	231.228	7.84	6.725	0.0	53.659	30.833	-2.391	35.0	0.0	197.13	7.12	5.787	0.0	59.945	10.637	-9.225	0.0	1.819	249.052	6.94	5.412	0.0	62.451	0.0	0.0	0.2	0.0	215.342	8.0	5.912	0.0	56.803	9.62	-1.0	0.0	1.927	176.109	6.24	5.037	0.0	66.529	26.547	-12.062	31.6	1.265	207.883	7.4	5.537	0.0	61.04	21.316	-17.537	0.0	0.0	154.41	6.85	5.85	0.0	59.959	10.128	-1.0	37.2	1.5	257.383	7.12
7.2	5.037	1.063	64.959	25.021	-12.572	34.8	1.257	209.529	5.64	5.475	0.532	66.447	33.521	-8.157	28.8	1.224	268.329	7.17	5.475	0.0	54.332	24.15	-10.901	0.0	1.391	241.303	7.78	6.725	0.0	53.502	30.906	-2.568	35.0	0.0	203.911	7.46	5.6	0.0	56.195	10.855	-9.22	0.0	1.291	209.723	7.47	5.475	0.0	56.372	0.0	0.0	0.2	0.0	208.658	7.58	5.725	2.127	61.69	9.474	-1.0	0.0	1.626	159.157	7.0	5.225	0.0	58.383	26.547	-12.136	31.6	0.964	204.976	7.2	5.6	0.0	64.106	21.316	-17.459	0.0	0.0	147.726	7.21	6.35	0.0	54.662	10.056	-1.0	37.2	1.542	283.441	7.72
6.87	4.912	1.063	67.667	25.021	-12.312	34.8	0.964	225.997	5.58	5.35	0.532	67.349	33.667	-8.202	28.8	0.0	237.04	6.42	5.1	0.0	63.97	23.859	-10.79	0.0	2.095	223.479	7.74	6.537	0.0	54.001	31.051	-2.537	35.0	0.0	200.617	6.53	5.225	0.0	67.067	11.145	-9.193	0.0	1.668	204.008	7.72	5.6	0.0	53.909	0.0	0.0	0.2	0.0	208.658	8.2	5.912	0.532	54.631	9.402	-1.0	0.0	1.467	176.497	6.91	5.537	0.0	58.885	26.402	-13.52	31.6	0.0	242.078	7.62	5.6	0.0	57.673	21.607	-17.645	0.0	0.0	146.37	7.2	6.225	0.0	55.513	9.91	-1.0	37.2	1.584	297.1	7.88
6.86	5.1	0.532	67.826	25.167	-12.485	34.8	1.324	230.841	5.53	5.412	0.532	68.219	33.594	-8.242	28.8	1.056	257.189	6.26	5.225	0.0	65.72	24.513	-10.779	0.0	1.693	226.578	7.6	6.6	0.0	55.719	30.107	-2.383	35.0	0.0	201.005	6.58	5.162	0.0	66.888	10.927	-9.177	0.0	1.684	212.532	7.43	5.6	0.0	58.48	0.0	0.0	0.2	0.0	206.914	8.26	5.912	2.127	54.847	9.62	-1.0	0.0	0.0	185.893	6.58	5.162	0.0	64.025	26.329	-12.126	31.6	0.0	209.142	7.33	5.225	0.0	61.451	21.607	-17.839	0.0	0.0	143.077	6.62	5.912	0.0	63.452	9.402	-1.0	37.2	1.718	285.863	7.96
6.84	5.162	0.0	68.331	25.312	-12.447	34.8	1.031	210.982	5.53	5.225	0.532	68.086	33.594	-8.246	28.8	0.98	241.109	6.16	5.225	0.0	66.595	23.932	-10.925	0.0	1.483	218.054	7.63	6.6	0.0	55.313	30.979	-2.205	35.0	0.0	218.248	6.5	5.475	0.0	67.088	10.564	-9.271	0.0	1.911	223.285	7.58	5.537	0.0	55.746	0.0	0.0	0.2	0.0	200.036	8.22	5.85	1.063	54.693	9.256	-1.0	0.0	1.634	159.448	6.82	5.225	0.0	59.385	26.474	-12.005	31.6	0.0	237.718	7.3	5.412	0.0	61.727	21.752	-19.686	0.0	0.0	130.968	7.17	6.412	0.0	55.156	10.128	-1.0	37.2	1.886	295.84	8.1
6.84	5.037	0.0	67.983	25.53	-12.332	34.8	0.0	211.079	5.55	5.225	0.0	67.85	33.521	-8.197	28.8	0.0	252.152	5.94	5.225	0.0	68.003	23.932	-10.865	0.0	1.869	221.541	7.64	6.662	0.0	54.962	31.56	-2.511	35.0	1.668	215.729	6.32	5.537	0.0	68.978	11.145	-9.269	0.0	1.835	199.067	7.5	5.85	0.0	57.278	0.0	0.0	0.2	0.0	210.304	8.2	5.975	1.063	54.838	10.056	-1.0	0.0	0.947	183.278	6.9	5.35	0.0	59.768	26.111	-12.155	31.6	0.0	233.941	7.56	5.725	0.0	59.76	21.752	-17.864	0.0	0.0	145.595	6.86	5.85	0.0	58.791	9.765	-1.0	37.2	1.567	250.602	7.97
6.84	4.912	1.063	68.224	24.731	-12.359	34.8	0.0	215.051	5.55	5.1	0.0	68.01	33.739	-8.192	28.8	0.0	256.802	5.9	5.162	0.0	67.969	24.513	-10.976	0.0	1.265	210.982	7.1	6.35	0.0	62.618	30.833	-2.295	35.0	0.989	224.932	6.3	5.6	0.0	69.053	11.363	-9.305	0.0	1.751	213.598	6.73	5.037	0.0	66.103	0.0	0.0	0.2	0.0	208.367	7.58	5.6	0.0	63.535	9.547	-26.136	0.0	0.0	174.656	6.24	5.037	0.0	67.309	26.474	-12.062	31.6	1.877	225.61	7.0	5.1	0.0	65.033	20.88	-17.435	0.0	0.0	154.314	6.4	5.725	0.0	65.826	9.402	-1.0	37.2	0.0	243.531	7.29
6.86	4.787	3.19	67.692	24.949	-12.246	34.8	0.0	223.479	5.56	5.225	0.532	67.826	33.594	-8.205	28.8	0.0	250.408	6.05	5.162	0.0	66.71	24.15	-10.77	0.0	0.913	220.573	7.18	6.287	0.0	61.032	31.705	-2.168	35.0	0.93	209.529	6.33	5.412	0.0	68.635	10.927	-9.273	0.0	1.374	200.52	6.56	5.162	0.0	67.449	0.0	0.0	0.2	0.913	204.492	7.48	5.6	0.532	63.406	9.91	-1.0	0.0	0.0	180.662	6.03	5.037	0.0	68.153	26.765	-12.332	31.6	1.911	219.216	7.12	5.225	0.0	63.926	21.462	-17.65	0.0	0.0	158.188	6.43	5.725	0.0	64.384	9.91	-26.085	37.2	1.165	244.209	7.21
6.96	4.85	0.0	66.362	24.876	-12.302	34.8	0.0	197.033	5.64	5.412	0.0	66.528	33.739	-8.233	28.8	0.0	241.303	5.98	4.975	0.0	67.449	24.222	-10.772	0.0	0.0	209.336	7.2	6.037	0.0	61.429	30.761	-2.011	35.0	0.0	196.355	6.42	5.225	0.0	67.477	10.855	-9.231	0.0	1.332	221.929	6.72	5.1	0.0	65.557	0.0	0.0	0.2	0.0	201.586	7.58	5.725	1.595	61.886	9.62	-1.0	0.0	0.0	180.275	5.99	5.1	0.0	68.305	26.474	-12.116	31.6	0.0	221.057	7.06	5.412	0.0	64.495	21.098	-17.789	0.0	0.0	133.971	6.46	5.975	0.0	63.977	9.692	-1.0	37.2	1.056	243.143	7.19
7.04	4.85	0.0	65.287	24.803	-12.256	34.8	0.0	202.167	5.6	5.225	0.532	66.197	33.667	-8.246	28.8	2.045	240.528	6.04	5.037	0.0	66.358	24.367	-10.781	0.0	0.0	215.632	7.28	6.537	0.0	59.744	31.124	-2.396	35.0	0.0	210.207	6.5	5.412	0.0	66.414	10.782	-9.244	0.0	1.249	209.529	6.42	5.037	0.0	67.611	0.0	0.0	0.2	0.0	194.805	7.5	5.6	0.532	62.126	9.474	-1.0	0.0	0.0	174.463	6.14	5.037	0.0	66.672	26.547	-12.106	31.6	1.936	223.382	7.22	5.412	0.0	62.135	21.825	-17.695	0.0	0.0	137.458	6.54	5.787	0.0	62.55	9.765	-1.0	37.2	1.106	237.815	7.06
7.21	5.1	0.532	63.277	25.53	-12.389	34.8	0.0	235.684	5.92	5.475	0.0	63.166	33.521	-8.166	28.8	0.0	256.027	6.24	5.162	0.0	63.994	24.295	-10.827	0.0	0.0	219.991	7.58	6.6	0.0	55.834	31.342	-2.418	35.0	0.0	213.792	6.56	5.6	0.0	65.311	11.363	-9.296	0.0	1.383	224.641	6.47	5.225	0.0	66.84	0.0	0.0	0.2	2.028	203.33	7.68	5.787	1.595	60.661	10.128	-1.0	0.0	0.0	188.799	6.28	5.1	0.0	65.288	26.402	-12.072	31.6	0.0	221.444	7.45	5.6	0.0	59.97	21.462	-18.121	0.0	0.0	149.276	6.59	5.787	0.0	61.749	10.564	-1.0	37.2	1.416	269.007	6.96
