7.03	3.913	0.0	53.424	24.731	-12.437	34.8	0.0	357.546	5.92	5.225	0.0	51.867	34.248	-2.171	28.8	0.0	295.55	6.49	4.287	0.0	49.992	24.367	-11.575	0.0	0.922	236.459	7.1	5.225	0.0	48.246	30.906	-1.627	35.0	0.0	226.966	6.85	4.537	0.0	50.916	11.363	-8.999	0.0	0.0	232.003	7.0	4.85	0.0	49.545	0.0	0.0	0.2	1.366	201.102	7.68	5.037	0.0	48.689	8.966	-25.451	0.0	0.0	182.987	6.41	4.162	0.0	52.532	26.62	-10.99	31.6	0.0	240.528	7.1	4.225	0.0	51.102	21.389	-12.202	0.0	0.0	137.458	6.48	4.662	0.0	49.869	9.402	-1.0	37.2	0.0	255.252	7.27
7.08	4.35	1.063	53.609	24.585	-12.508	34.8	2.02	226.966	5.93	5.225	0.0	51.03	33.449	-7.905	28.8	1.676	300.587	6.3	4.1	0.0	51.651	24.295	-11.586	0.0	1.877	242.853	7.0	5.537	0.0	50.333	31.051	-1.976	35.0	1.86	202.942	6.76	4.662	0.0	52.552	11.363	-8.982	0.0	2.112	239.753	7.0	4.725	0.0	49.818	0.0	0.0	0.2	1.601	202.555	7.59	4.975	0.532	49.776	9.62	-25.913	0.0	1.148	160.32	6.37	4.475	0.0	53.477	26.62	-10.971	31.6	0.0	249.052	7.06	4.162	0.0	51.217	20.88	-12.192	0.0	0.0	110.625	6.42	4.725	0.0	51.068	9.329	-1.0	37.2	0.0	273.851	7.24
7.19	4.287	0.0	52.434	24.585	-12.598	34.8	0.0	266.392	5.96	5.162	4.254	50.734	34.03	-7.899	28.8	1.425	293.903	6.31	4.1	0.0	51.173	23.786	-11.626	0.0	1.751	247.502	6.99	5.6	0.0	49.574	30.325	-1.859	35.0	0.0	226.191	6.74	4.662	0.0	52.251	10.782	-9.047	0.0	2.12	216.407	6.88	4.725	0.0	50.287	0.0	0.0	0.2	2.02	205.655	7.56	4.975	1.063	49.65	9.038	-25.722	0.0	1.743	176.884	6.44	4.162	0.0	52.477	26.547	-10.865	31.6	2.045	229.194	6.88	4.287	0.0	53.105	20.808	-12.212	0.0	0.0	185.118	6.48	4.662	0.0	49.263	9.91	-1.0	37.2	0.0	247.987	7.16
7.22	4.475	0.0	51.509	24.949	-12.578	34.8	1.911	279.276	6.0	5.037	1.595	49.956	33.739	-7.877	28.8	0.0	279.276	6.42	4.225	0.0	50.767	24.222	-11.527	0.0	1.743	245.371	7.02	5.412	0.0	49.03	30.833	-1.794	35.0	1.919	194.418	6.75	4.537	0.0	52.013	11.218	-9.033	0.0	1.743	215.148	6.93	4.975	0.0	50.294	0.0	0.0	0.2	2.053	223.382	7.4	5.037	0.0	51.865	9.547	-25.936	0.0	1.55	187.056	6.3	4.225	0.0	53.526	26.765	-10.873	31.6	1.031	232.294	6.98	4.35	0.0	52.762	21.171	-12.176	0.0	0.0	144.045	6.38	4.725	0.0	51.002	9.62	-1.0	37.2	0.0	273.851	7.21
6.96	4.1	0.0	54.478	24.658	-13.267	34.8	1.207	222.897	5.66	4.975	0.0	54.111	33.521	-7.897	28.8	1.081	275.401	6.35	3.975	0.0	50.486	24.367	-11.49	0.0	1.006	231.519	6.88	5.6	0.0	50.8	30.397	-1.859	35.0	1.634	221.541	6.76	4.35	0.0	52.105	11.363	-9.011	0.0	1.634	217.279	6.84	4.725	0.0	51.336	0.0	0.0	0.2	2.045	202.555	7.42	4.662	0.532	51.807	9.329	-25.709	0.0	0.0	159.157	6.37	4.35	0.0	53.743	26.474	-10.891	31.6	1.048	233.456	7.04	4.35	0.0	51.574	20.88	-12.222	0.0	0.0	165.163	6.37	4.412	0.0	50.76	9.111	-1.0	37.2	0.0	250.893	7.21
6.94	3.913	1.063	54.446	25.094	-12.587	34.8	0.0	218.054	5.74	5.162	1.595	52.705	33.667	-7.934	28.8	0.0	279.276	6.36	4.1	0.0	50.759	23.568	-11.547	0.0	0.0	246.34	6.89	5.35	0.0	50.379	30.47	-1.669	35.0	1.24	204.589	6.66	4.475	0.0	52.895	11.363	-9.017	0.0	1.525	237.04	6.82	4.787	0.0	50.822	0.0	0.0	0.2	1.743	215.148	7.56	4.912	1.595	49.833	9.547	-25.603	0.0	1.458	176.497	6.26	4.225	0.0	53.756	26.692	-10.999	31.6	1.156	242.078	6.9	4.225	0.0	52.811	21.026	-12.111	0.0	0.0	131.162	6.32	4.6	0.0	51.474	9.329	-1.0	37.2	0.0	258.739	7.05
6.89	3.725	0.532	53.937	24.949	-12.506	34.8	0.0	239.365	5.74	4.912	0.0	52.794	33.667	-7.9	28.8	1.207	268.717	6.38	4.1	0.0	49.34	24.367	-11.666	0.0	1.123	255.058	7.12	5.35	0.0	47.326	30.47	-1.807	35.0	1.575	196.743	6.76	4.475	0.0	51.505	11.073	-9.025	0.0	1.626	227.257	6.78	4.6	0.0	51.418	0.0	0.0	0.2	1.684	206.817	7.35	4.787	1.063	51.497	8.966	-25.752	0.0	0.0	175.722	6.24	4.287	0.0	54.431	26.547	-10.913	31.6	1.156	231.616	6.84	4.287	0.0	53.189	21.389	-12.121	0.0	0.0	135.133	6.42	4.725	0.0	49.498	8.966	-1.0	37.2	0.0	252.346	7.06
6.94	4.287	0.532	54.416	25.312	-12.547	34.8	1.894	225.707	5.7	4.787	0.0	53.94	33.594	-7.851	28.8	0.0	257.092	6.47	4.35	0.0	48.957	23.714	-11.664	0.0	0.0	259.127	7.02	5.412	0.0	48.297	31.124	-1.656	35.0	0.0	194.418	6.56	4.225	0.0	53.445	10.855	-9.022	0.0	0.0	211.467	7.02	4.662	0.0	47.375	0.0	0.0	0.2	1.349	192.868	7.61	5.1	3.19	48.036	9.184	-25.571	0.0	0.0	183.278	6.61	4.412	0.0	49.614	26.983	-10.9	31.6	0.972	231.616	7.26	4.412	0.0	47.96	21.098	-12.232	0.0	0.0	142.592	6.52	4.85	0.0	48.842	9.402	-1.0	37.2	0.0	271.914	7.35
6.88	4.037	0.532	54.731	25.385	-12.658	34.8	0.0	220.282	5.66	4.725	0.0	54.111	33.594	-7.863	28.8	0.0	261.064	6.04	4.225	0.0	52.866	23.859	-11.645	0.0	1.073	232.003	6.77	5.225	0.0	51.417	30.688	-1.798	35.0	1.634	200.908	6.38	4.475	0.0	54.863	10.782	-9.042	0.0	0.0	209.432	6.68	4.412	0.0	52.839	0.0	0.0	0.2	1.936	190.93	7.21	4.725	5.317	52.795	9.329	-25.825	0.0	1.24	176.4	6.16	4.162	0.0	54.742	26.329	-10.958	31.6	1.257	219.604	6.89	4.35	0.0	52.958	20.88	-12.13	0.0	0.0	151.214	6.28	4.725	0.0	52.186	9.402	-1.0	37.2	0.0	256.802	7.21
6.84	3.85	0.0	54.814	25.021	-12.526	34.8	1.399	231.519	5.57	4.475	0.0	54.421	33.667	-7.89	28.8	2.103	263.292	5.96	3.975	0.0	53.329	23.859	-11.647	0.0	0.0	230.841	6.74	5.35	0.0	51.232	31.124	-1.669	35.0	1.341	211.661	6.49	4.1	0.0	53.198	11.073	-8.982	0.0	0.0	205.558	6.36	4.225	0.0	54.977	0.0	0.0	0.2	1.475	194.224	6.99	4.662	0.532	53.714	9.038	-1.0	0.0	0.0	175.237	6.12	4.162	0.0	54.766	26.474	-10.958	31.6	0.0	210.595	6.87	4.287	0.0	52.598	20.88	-12.212	0.0	0.0	157.22	6.26	4.537	0.0	51.406	9.402	-1.0	37.2	2.078	236.556	6.66
6.96	4.1	2.659	54.154	25.457	-12.419	34.8	1.927	228.516	5.72	4.85	0.0	53.146	33.739	-7.955	28.8	1.978	248.665	6.01	4.162	0.0	53.099	24.15	-11.675	0.0	1.802	212.145	6.78	5.35	0.0	50.303	30.688	-1.841	35.0	0.0	216.407	6.36	4.6	0.0	55.036	11.145	-9.083	0.0	1.994	207.204	6.66	4.412	0.0	50.981	0.0	0.0	0.2	0.0	215.729	7.38	4.725	2.659	50.536	9.038	-25.919	0.0	0.0	186.862	6.28	4.162	0.0	52.752	26.402	-10.927	31.6	0.0	235.878	6.99	4.162	0.0	50.755	20.953	-12.056	0.0	0.0	147.92	6.22	4.662	0.0	51.999	9.111	-1.0	37.2	1.827	229.678	7.0
6.85	3.913	0.532	53.753	24.731	-12.34	34.8	0.0	198.196	5.54	4.725	4.785	53.976	33.957	-7.872	28.8	0.0	270.654	6.22	4.162	0.0	50.559	24.295	-11.798	0.0	1.969	231.131	6.94	5.225	0.0	48.836	30.761	-1.695	35.0	1.056	224.932	6.56	4.537	0.0	52.524	11.0	-9.076	0.0	2.011	215.342	6.49	4.475	0.0	53.435	0.0	0.0	0.2	1.441	201.005	7.34	4.725	1.063	50.833	9.038	-1.0	0.0	0.0	168.65	6.1	4.162	0.0	54.411	26.62	-11.023	31.6	1.048	211.854	6.85	3.85	0.0	52.446	21.171	-12.008	0.0	0.0	155.089	6.3	4.475	0.0	50.208	9.111	-1.0	37.2	1.902	270.751	6.92
7.02	4.287	3.722	51.872	25.457	-12.305	34.8	1.458	252.152	5.66	4.85	0.532	52.218	33.594	-7.858	28.8	0.0	280.051	6.22	4.1	0.0	50.529	24.44	-11.666	0.0	1.852	228.128	6.84	5.225	0.0	49.067	30.47	-1.592	35.0	0.0	194.224	6.61	4.1	0.0	51.964	10.855	-9.042	0.0	1.936	200.036	6.6	4.1	0.0	51.363	0.0	0.0	0.2	0.0	201.683	7.34	4.85	0.532	49.803	9.256	-25.484	0.0	0.0	177.078	6.34	4.162	0.0	51.597	26.547	-10.99	31.6	0.0	230.744	6.96	4.225	0.0	50.962	20.808	-11.807	0.0	0.0	156.057	6.38	4.6	0.0	48.884	9.402	-1.0	37.2	1.726	279.469	7.02
6.82	3.975	0.0	53.512	25.385	-12.447	34.8	0.0	241.593	5.6	4.662	0.0	52.596	33.739	-7.865	28.8	1.106	280.438	6.3	4.1	0.0	49.117	24.295	-12.932	0.0	1.886	246.34	6.9	5.037	0.0	48.25	31.051	-1.528	35.0	0.0	200.036	6.75	4.287	0.0	49.633	11.363	-9.064	0.0	1.408	242.271	6.63	4.35	0.0	50.856	0.0	0.0	0.2	1.022	198.68	7.32	4.662	0.532	49.922	9.038	-25.803	0.0	0.0	185.409	6.11	4.037	0.0	53.114	26.62	-11.037	31.6	1.534	221.154	6.92	4.225	0.0	51.017	20.59	-12.202	0.0	0.0	153.926	6.4	4.475	0.0	48.093	9.111	-1.0	37.2	2.087	264.939	7.06
6.84	3.538	0.0	54.166	24.803	-12.476	34.8	1.819	215.245	5.75	4.662	0.532	52.676	33.521	-7.865	28.8	1.022	241.981	6.18	3.725	0.0	50.794	24.367	-11.65	0.0	2.07	242.465	6.81	4.975	0.0	48.789	30.979	-1.507	35.0	0.0	210.692	6.36	4.475	0.0	54.625	11.291	-9.503	0.0	1.366	218.829	6.8	4.412	0.0	49.184	0.0	0.0	0.2	0.0	215.342	7.44	4.787	0.0	48.688	9.038	-1.0	0.0	0.0	175.431	6.34	4.1	0.0	51.477	26.329	-11.046	31.6	2.095	231.422	6.98	4.1	0.0	50.24	20.808	-12.002	0.0	0.0	174.463	6.27	4.475	0.0	50.083	9.765	-1.0	37.2	1.986	265.714	7.07
6.84	3.6	1.595	53.367	24.731	-12.536	34.8	0.0	202.942	5.76	4.912	0.0	51.815	33.667	-7.882	28.8	1.048	241.303	6.12	3.913	0.0	50.214	23.859	-11.638	0.0	1.986	228.516	6.8	5.037	0.0	48.787	30.761	-1.562	35.0	0.0	221.541	6.48	4.225	0.0	51.736	11.363	-9.084	0.0	1.986	208.173	6.74	4.35	0.0	49.51	0.0	0.0	0.2	0.0	190.155	7.29	4.6	1.063	50.13	9.547	-25.687	0.0	0.0	176.4	6.34	4.225	0.0	51.297	26.547	-11.032	31.6	0.0	224.835	6.98	4.225	0.0	50.572	21.389	-12.022	0.0	0.0	163.032	6.24	4.35	0.0	49.898	9.329	-1.0	37.2	1.869	263.195	7.08
6.79	3.475	0.0	53.419	24.731	-12.367	34.8	1.265	218.441	5.76	4.725	0.0	51.874	33.739	-7.916	28.8	0.0	241.787	6.1	3.85	0.0	50.753	25.021	-11.75	0.0	0.0	228.225	6.68	4.912	0.0	49.472	30.688	-1.519	35.0	1.14	211.467	6.49	3.913	0.0	51.738	11.726	-9.021	0.0	0.0	199.842	6.65	4.225	0.0	50.135	0.0	0.0	0.2	1.785	201.392	7.21	4.412	7.976	50.785	8.748	-25.716	0.0	1.173	187.056	6.06	3.913	0.0	53.402	26.765	-10.923	31.6	1.173	234.134	6.85	3.913	0.0	51.278	21.462	-12.017	0.0	0.0	135.327	6.26	4.162	0.0	49.87	9.402	-1.0	37.2	1.802	245.952	7.14
6.93	3.725	0.0	50.505	24.949	-12.607	34.8	0.989	223.479	5.53	4.6	0.0	51.753	33.449	-7.859	28.8	0.0	274.916	6.42	3.913	0.0	46.095	24.077	-11.719	0.0	0.0	235.781	6.92	4.912	0.0	45.723	31.197	-1.451	35.0	0.0	202.748	6.83	4.162	0.0	47.505	10.709	-9.077	0.0	1.894	219.119	6.66	4.1	0.0	48.677	0.0	0.0	0.2	0.955	200.036	7.8	4.725	0.0	43.1	9.62	-1.0	0.0	0.93	170.975	6.24	4.1	0.0	50.049	26.62	-11.251	31.6	0.913	219.991	7.04	3.975	0.0	49.094	21.098	-12.027	0.0	0.0	148.114	6.44	4.35	0.0	45.57	9.765	-1.0	37.2	1.684	266.489	7.1
7.11	3.663	5.317	48.032	24.585	-12.546	34.8	0.0	214.567	6.08	5.1	0.0	44.779	33.739	-7.91	28.8	0.0	274.626	6.56	3.85	0.0	43.836	23.786	-11.792	0.0	0.0	245.468	7.04	5.225	0.0	44.019	31.197	-1.558	35.0	0.0	211.854	6.94	4.287	0.0	45.974	10.927	-9.064	0.0	0.0	227.353	6.94	4.225	0.0	44.352	0.0	0.0	0.2	0.0	198.292	7.58	4.35	0.532	45.212	9.038	-25.694	0.0	0.0	176.981	6.56	3.913	0.0	46.947	26.62	-10.987	31.6	0.0	235.781	7.09	3.913	0.0	47.876	20.88	-11.973	0.0	0.0	164.485	6.58	4.475	0.0	44.277	9.474	-1.0	37.2	0.0	257.771	7.3
7.02	3.913	0.0	50.366	25.239	-12.536	34.8	1.064	278.501	0.0	0.0	0.0	0.0	0.0	0.0	28.8	1.802	111.303	6.39	3.788	0.0	46.863	24.077	-11.783	0.0	1.634	254.089	6.98	5.162	0.0	45.357	30.252	-1.536	35.0	2.036	199.746	6.94	4.287	0.0	45.818	11.218	-9.138	0.0	2.137	252.152	7.0	4.287	0.0	44.891	0.0	0.0	0.2	1.408	215.535	7.5	4.475	1.063	46.602	8.53	-25.738	0.0	1.131	187.734	6.32	3.85	0.0	48.846	26.547	-11.472	31.6	0.0	251.765	6.86	3.725	0.0	50.254	21.171	-11.773	0.0	0.0	124.09	6.51	4.225	0.0	44.55	9.547	-1.0	37.2	0.0	276.951	7.21
7.3	4.475	0.532	48.026	25.167	-12.061	34.8	1.165	203.911	6.14	5.475	0.532	45.688	33.594	-7.949	28.8	0.0	328.001	6.5	3.85	0.0	44.236	23.786	-11.963	0.0	0.939	238.978	7.21	5.1	0.0	41.572	30.543	-1.343	35.0	0.0	203.136	7.08	4.412	0.0	42.795	10.709	-9.173	0.0	1.785	228.903	7.04	3.975	0.0	43.925	0.0	0.0	0.2	1.006	203.717	7.56	4.6	0.0	44.175	9.038	-25.875	0.0	0.0	180.856	6.48	4.1	0.0	47.09	26.62	-11.216	31.6	0.0	226.869	6.96	3.913	0.0	49.357	20.662	-11.93	0.0	0.0	154.895	6.6	4.475	0.0	42.991	9.184	-1.0	37.2	0.0	263.389	7.25
7.52	4.537	1.063	45.048	25.385	-12.489	34.8	1.718	280.729	6.23	5.475	0.0	43.985	33.885	-7.975	28.8	0.0	287.025	6.6	3.85	0.0	43.527	24.367	-11.75	0.0	0.98	242.465	7.12	5.037	0.0	43.651	30.47	-1.288	35.0	0.0	198.196	7.0	4.225	0.0	45.266	11.0	-9.191	0.0	2.103	210.207	7.14	4.475	0.0	42.865	0.0	0.0	0.2	0.0	210.595	7.44	4.475	1.595	46.563	9.038	-25.738	0.0	0.0	167.585	6.59	4.037	0.0	46.611	26.692	-11.242	31.6	2.045	259.514	7.14	3.975	0.0	46.464	20.88	-12.751	0.0	0.0	174.656	6.61	4.725	0.0	44.406	8.893	-1.0	37.2	0.0	267.651	7.52
7.63	4.537	0.0	44.026	25.167	-12.845	34.8	1.475	281.6	6.38	5.6	0.0	42.871	33.521	-7.944	28.8	0.997	307.755	6.63	3.663	0.0	43.184	23.786	-11.806	0.0	1.751	240.528	7.0	4.975	0.0	44.484	30.543	-1.507	35.0	1.064	195.29	7.08	4.037	0.0	43.929	10.709	-9.099	0.0	0.0	228.71	7.0	4.225	0.0	42.88	0.0	0.0	0.2	1.374	191.415	7.6	4.35	0.532	44.776	9.329	-25.6	0.0	0.0	180.081	6.56	3.725	0.0	44.869	26.474	-11.127	31.6	1.207	217.182	6.96	3.475	0.0	48.105	20.953	-11.906	0.0	0.0	182.018	6.77	4.6	0.0	41.235	8.893	-1.0	37.2	0.0	257.964	7.36
7.81	4.537	0.532	42.594	25.021	-12.845	34.8	1.366	288.478	6.34	5.162	0.0	42.171	33.521	-7.916	28.8	0.0	315.311	6.74	3.475	0.0	40.977	23.641	-11.735	0.0	0.0	237.815	7.28	5.162	0.0	41.516	30.252	-1.605	35.0	0.0	212.629	7.21	3.788	0.0	42.271	11.0	-9.181	0.0	1.676	241.303	6.98	4.037	0.0	43.004	0.0	0.0	0.2	1.224	194.805	7.58	4.35	0.0	43.8	9.038	-25.312	0.0	0.0	182.793	6.6	3.975	0.0	44.468	26.184	-11.415	31.6	0.0	220.379	7.21	3.725	0.0	44.698	21.316	-11.944	0.0	0.0	154.507	6.74	4.287	0.0	41.009	9.329	-1.0	37.2	0.0	260.967	7.21
7.74	4.537	0.0	42.3	24.513	-12.952	34.8	1.115	279.179	6.02	5.037	0.0	47.37	33.885	-7.912	28.8	0.0	280.826	6.5	3.475	0.0	44.612	24.004	-11.819	0.0	0.0	251.183	7.01	5.037	0.0	45.485	31.415	-1.46	35.0	1.156	196.355	7.0	4.1	0.0	44.328	10.855	-9.261	0.0	1.274	236.265	7.02	4.412	0.0	45.361	0.0	0.0	0.2	0.0	198.583	7.46	4.225	0.0	45.821	8.821	-1.0	0.0	0.0	178.531	6.72	3.975	0.0	46.998	27.128	-11.341	31.6	1.173	234.716	7.14	3.6	0.0	46.061	21.462	-11.969	0.0	0.0	158.673	6.59	4.35	0.0	44.935	9.474	-1.0	37.2	0.0	284.313	7.34
7.38	4.287	0.0	46.556	25.312	-12.909	34.8	1.299	292.062	6.63	5.412	0.532	41.506	33.376	-7.978	28.8	0.0	321.027	6.48	3.6	0.0	45.637	24.295	-11.925	0.0	1.089	247.405	7.04	4.975	0.0	44.802	30.543	-1.472	35.0	1.089	203.039	6.86	4.162	0.0	46.8	11.0	-9.236	0.0	1.676	231.131	6.98	4.037	0.0	44.764	0.0	0.0	0.2	0.0	209.045	7.6	4.412	0.0	45.651	9.038	-25.81	0.0	0.997	170.781	6.42	3.475	0.0	48.524	26.474	-11.268	31.6	0.913	232.778	7.02	3.913	0.0	47.621	21.244	-11.973	0.0	0.0	150.826	6.54	4.412	0.0	44.71	9.038	-1.0	37.2	0.0	260.87	7.31
7.2	4.225	0.0	48.504	25.021	-13.007	34.8	0.0	212.726	5.92	4.912	0.0	48.184	33.739	-7.935	28.8	0.955	268.329	6.61	3.413	0.0	43.465	23.859	-11.768	0.0	0.0	257.577	7.11	5.162	0.0	44.56	30.543	-1.571	35.0	0.0	233.166	6.95	3.975	0.0	46.068	10.637	-9.192	0.0	0.0	222.994	7.14	4.162	0.0	43.212	0.0	0.0	0.2	1.224	207.011	7.8	4.537	1.063	43.448	8.966	-25.665	0.0	0.0	158.092	6.5	3.725	0.0	46.631	26.547	-11.378	31.6	1.927	225.416	7.04	3.725	0.0	47.316	21.026	-11.988	0.0	0.0	127.578	6.62	4.225	0.0	43.749	9.62	-1.0	37.2	0.0	253.702	7.21
7.36	4.225	0.532	45.995	25.239	-12.899	34.8	0.0	293.806	6.23	5.037	0.532	43.828	33.667	-7.939	28.8	1.626	277.338	6.34	3.6	0.0	45.496	23.859	-11.754	0.0	1.358	247.502	6.98	4.662	0.0	44.513	30.761	-1.4	35.0	1.207	196.549	7.02	3.85	0.0	44.55	10.709	-9.167	0.0	2.028	230.841	6.88	3.913	0.0	46.09	0.0	0.0	0.2	1.534	197.905	7.24	4.225	1.063	47.865	9.402	-1.0	0.0	1.006	170.297	6.28	3.725	0.0	49.691	26.402	-11.341	31.6	0.0	216.504	7.12	3.725	0.0	47.049	21.244	-12.033	0.0	0.0	138.814	6.48	4.225	0.0	44.641	9.256	-1.0	37.2	0.0	266.101	7.21
7.38	4.35	0.0	46.494	25.021	-13.029	34.8	1.408	257.092	6.1	5.1	0.0	45.807	33.812	-7.91	28.8	0.0	282.375	6.35	3.413	0.0	45.869	24.658	-11.896	0.0	1.651	244.693	7.1	5.1	0.0	45.278	30.979	-1.275	35.0	1.508	197.808	6.88	3.975	0.0	47.172	11.073	-9.171	0.0	0.0	217.279	6.92	4.225	0.0	44.913	0.0	0.0	0.2	1.534	202.845	7.5	4.287	0.0	46.85	9.038	-25.387	0.0	0.0	172.234	6.38	3.663	0.0	47.754	26.692	-11.332	31.6	0.0	222.994	7.01	3.913	0.0	47.62	21.244	-12.062	0.0	0.0	148.114	6.57	4.35	0.0	43.931	9.983	-1.0	37.2	0.0	298.165	7.15
7.68	4.537	0.0	42.833	24.658	-13.763	34.8	1.5	286.638	6.33	5.225	0.0	43.054	33.739	-7.923	28.8	0.0	291.966	6.67	3.538	0.0	42.399	24.077	-11.959	0.0	0.0	262.13	7.08	4.912	0.0	43.929	30.761	-1.519	35.0	1.081	190.543	7.14	3.913	0.0	42.833	11.0	-9.114	0.0	1.835	213.598	6.78	4.162	0.0	46.851	0.0	0.0	0.2	1.693	196.258	7.39	4.287	1.063	46.495	8.821	-1.0	0.0	0.98	176.691	6.48	3.725	0.0	48.134	26.62	-11.232	31.6	0.0	224.641	7.08	3.788	0.0	46.611	21.534	-12.133	0.0	0.0	153.732	6.63	4.35	0.0	43.152	9.329	-1.0	37.2	1.819	248.665	6.84
