7.92	7.1	1.063	85.471	25.82	-8.484	1.2	2.078	83.502	6.74	7.35	0.0	0.0	35.192	-12.264	12.2	1.307	102.876	6.45	7.412	0.0	96.836	27.419	-8.959	31.8	1.693	118.278	7.1	8.037	0.0	98.589	33.013	-1.774	28.0	0.0	63.547	6.75	7.85	0.0	94.792	12.526	-8.47	4.4	0.0	99.388	6.46	7.287	0.0	93.314	0.0	0.0	26.2	0.0	60.834	7.24	7.725	0.0	98.397	11.944	-14.905	48.2	0.0	159.932	6.66	7.912	0.0	92.155	26.983	-23.632	19.8	0.0	125.253	6.98	7.6	0.0	92.451	25.82	-26.777	26.0	0.0	158.382	6.58	7.662	0.0	97.071	17.974	-9.422	37.4	1.098	125.059	7.83
9.81	7.225	2.127	80.632	25.748	-8.499	1.2	1.777	86.117	6.72	7.6	0.532	0.0	35.483	-12.262	12.2	1.475	114.5	6.49	7.537	0.0	96.887	26.692	-8.974	31.8	1.601	98.614	7.09	8.037	0.0	98.586	33.158	-1.998	28.0	0.0	63.45	6.75	8.037	0.0	94.833	12.671	-8.457	4.4	0.0	99.679	6.52	7.412	0.0	93.351	0.0	0.0	26.2	0.0	60.156	7.21	7.662	0.532	98.427	11.799	-15.475	48.2	0.0	160.126	6.7	7.912	0.0	92.039	26.62	-23.746	19.8	0.0	109.56	6.96	7.6	0.0	92.446	25.675	-26.475	26.0	0.0	158.285	6.57	7.725	0.0	97.068	17.829	-9.421	37.4	0.0	124.962	7.68
8.38	7.225	1.595	83.347	25.312	-8.466	1.2	1.944	78.077	6.71	7.35	0.0	0.0	35.483	-12.395	12.2	1.014	106.072	6.48	7.412	0.0	96.904	26.765	-9.022	31.8	1.609	84.471	7.13	7.975	0.0	98.598	32.94	-2.014	28.0	0.0	63.45	6.74	7.912	0.0	94.83	12.671	-8.468	4.4	0.0	99.485	6.5	7.412	0.0	93.367	0.0	0.0	26.2	0.0	60.059	7.21	7.662	1.063	98.427	11.508	-15.4	48.2	0.0	159.932	6.7	8.1	0.0	91.531	27.128	-24.15	19.8	0.0	80.014	6.99	7.6	0.0	92.496	25.966	-26.475	26.0	0.0	158.382	6.58	7.662	0.0	97.071	18.047	-9.422	37.4	1.073	125.059	7.69
9.1	7.162	1.063	83.042	25.603	-8.459	1.2	1.492	102.391	6.68	7.537	0.0	0.0	35.047	-12.168	12.2	1.399	105.297	6.48	7.537	0.0	96.924	27.056	-8.967	31.8	0.0	95.901	7.16	8.225	0.0	98.607	33.158	-2.097	28.0	0.0	63.353	6.74	7.787	0.0	94.83	12.453	-8.463	4.4	0.0	99.873	6.53	7.35	0.0	93.395	0.0	0.0	26.2	0.0	60.641	7.21	7.6	0.0	98.427	11.872	-15.538	48.2	0.0	159.641	6.72	8.162	0.0	91.408	27.128	-23.487	19.8	0.0	79.53	7.02	7.725	0.0	92.504	26.111	-26.623	26.0	0.0	158.576	6.6	7.662	0.0	97.057	17.829	-9.413	37.4	0.0	124.865	7.7
9.08	7.1	0.532	82.966	25.82	-8.452	1.2	1.961	81.855	6.68	7.35	0.0	0.0	35.192	-12.221	12.2	0.955	103.36	6.65	7.537	0.0	82.05	27.056	-8.953	31.8	1.324	99.291	7.12	8.1	0.0	98.595	33.013	-2.056	28.0	0.0	63.353	6.74	7.6	0.0	94.871	12.453	-8.45	4.4	0.0	99.776	6.52	7.287	0.0	93.414	0.0	0.0	26.2	0.0	60.737	7.22	7.725	5.849	98.43	12.017	-15.876	48.2	0.0	159.835	6.72	7.975	0.0	91.302	27.128	-23.311	19.8	0.0	79.627	7.02	7.6	0.0	92.504	26.184	-26.576	26.0	0.0	158.576	6.62	7.662	0.0	97.043	18.047	-9.413	37.4	0.0	98.904	7.72
8.78	7.35	1.595	83.323	25.239	-8.488	1.2	1.492	97.548	6.66	7.287	1.595	0.0	35.338	-12.253	12.2	0.0	103.554	6.48	7.412	0.0	76.285	26.765	-8.945	31.8	0.964	91.251	7.12	8.1	0.0	98.595	33.086	-1.981	28.0	0.0	63.45	6.76	7.912	0.0	94.856	12.671	-8.485	4.4	0.0	99.485	6.52	7.6	0.0	93.414	0.0	0.0	26.2	0.0	60.059	7.22	7.725	0.532	98.43	11.654	-15.565	48.2	0.0	159.932	6.69	7.975	0.0	90.458	27.273	-23.767	19.8	0.0	79.433	7.04	7.6	0.0	92.509	26.62	-26.166	26.0	0.0	158.382	6.53	7.6	0.0	97.056	17.974	-9.353	37.4	0.0	98.614	7.66
8.04	7.162	1.595	84.854	25.53	-8.434	1.2	1.869	80.886	6.66	7.35	3.19	0.0	34.902	-12.179	12.2	0.0	103.554	6.48	7.537	0.0	73.484	27.056	-8.988	31.8	0.0	90.961	7.14	7.975	0.0	98.601	33.376	-1.829	28.0	0.0	63.45	6.72	7.912	0.0	94.865	12.598	-8.494	4.4	0.0	99.485	6.51	7.287	0.0	93.432	0.0	0.0	26.2	0.0	60.544	7.22	7.725	0.532	98.469	12.162	-16.963	48.2	0.0	160.223	6.66	7.975	0.0	90.235	27.491	-22.74	19.8	0.0	70.812	7.04	7.6	0.0	92.509	27.056	-26.576	26.2	0.0	158.382	6.58	7.6	0.0	97.031	17.902	-9.441	37.4	0.0	98.226	7.72
8.32	7.1	0.532	84.457	25.53	-8.402	1.2	1.651	106.072	6.67	7.35	2.127	0.0	35.192	-12.439	12.2	0.0	103.069	6.48	7.537	0.0	72.226	26.765	-8.918	31.8	1.073	105.007	7.1	7.975	0.0	98.589	33.086	-2.126	28.0	0.0	63.547	6.7	7.787	0.0	94.9	12.38	-8.651	4.4	0.0	99.485	6.5	7.35	0.0	93.45	0.0	0.0	26.2	0.0	60.641	7.23	7.6	2.659	98.472	12.235	-16.933	48.2	0.0	159.932	6.7	7.912	0.0	90.18	27.056	-22.492	19.8	0.0	70.812	7.03	7.537	0.0	92.528	26.184	-26.451	26.2	0.0	158.285	6.51	7.6	0.0	97.011	17.974	-9.414	37.4	0.0	98.226	7.68
8.52	6.975	1.595	83.38	25.82	-8.363	1.2	1.601	96.289	6.63	7.225	0.0	0.0	35.41	-13.313	12.2	1.517	105.976	6.45	7.6	0.0	70.084	26.91	-8.912	31.8	1.006	100.066	7.12	8.225	0.0	98.595	33.086	-1.872	28.0	0.0	63.256	6.72	7.912	0.0	94.906	12.744	-8.658	4.4	0.0	99.679	6.54	7.537	0.0	93.46	0.0	0.0	26.2	0.0	60.834	7.22	7.662	1.063	98.469	11.799	-16.86	48.2	0.0	159.932	6.71	8.037	0.0	90.031	26.983	-22.19	19.8	0.0	71.102	7.03	7.6	0.0	92.549	26.329	-25.956	26.2	0.0	158.382	6.62	7.662	0.0	97.003	17.756	-9.44	37.4	0.0	98.614	7.67
8.08	6.975	1.063	84.609	25.675	-8.405	1.2	1.953	112.272	6.69	7.35	0.532	0.0	35.41	-13.069	12.2	1.031	111.594	6.24	7.537	0.0	67.765	27.056	-8.89	31.8	1.358	107.235	7.16	8.162	0.0	98.607	33.376	-2.039	28.0	0.0	63.353	6.75	7.85	0.0	94.914	12.526	-8.619	4.4	0.0	99.679	6.51	7.287	0.0	93.494	0.0	0.0	26.2	0.0	60.35	7.21	7.787	0.532	98.485	11.581	-16.889	48.2	0.0	159.932	6.65	8.037	0.0	89.973	27.855	-22.19	19.8	0.0	71.006	7.0	7.725	0.0	92.541	26.184	-26.824	26.2	0.0	158.285	6.63	7.6	0.0	97.006	17.756	-9.405	37.4	0.0	99.776	7.54
8.46	7.1	2.127	83.812	25.603	-8.618	1.2	1.877	109.947	6.66	7.287	0.0	0.0	35.773	-12.955	12.2	1.383	117.406	6.09	7.537	0.0	34.519	27.346	-8.89	31.8	1.073	58.8	7.14	8.037	0.0	98.601	33.303	-2.072	28.0	0.0	63.45	6.74	8.037	0.0	94.912	12.526	-8.673	4.4	0.0	99.485	6.48	7.412	0.0	93.486	0.0	0.0	26.2	0.0	60.35	7.22	7.912	0.532	98.488	12.09	-16.919	48.2	0.0	156.638	6.65	7.975	0.0	89.929	27.346	-22.398	19.8	0.0	70.909	6.98	7.6	0.0	92.577	26.111	-26.677	26.2	0.0	158.285	6.58	7.725	0.0	96.992	17.902	-9.412	37.4	0.0	108.591	7.53
8.84	7.1	0.532	83.029	25.603	-8.385	1.2	2.003	88.539	6.64	7.35	0.0	0.0	35.12	-13.174	12.2	1.391	105.201	6.09	7.6	0.0	34.552	26.838	-8.904	31.8	0.913	109.85	7.11	8.287	0.0	98.592	33.158	-2.23	28.0	0.0	63.45	6.72	7.787	0.0	94.906	12.453	-8.636	4.4	0.0	99.582	6.46	7.35	0.0	93.522	0.0	0.0	26.2	0.0	60.641	7.21	7.662	0.532	98.485	12.017	-16.948	48.2	0.0	89.798	6.65	8.037	0.0	89.929	27.637	-22.76	19.8	0.0	71.006	6.98	7.6	0.0	92.577	27.273	-26.475	26.2	0.0	158.285	6.51	7.6	0.0	97.011	17.974	-9.396	37.4	0.0	110.141	7.43
9.32	7.287	0.532	81.129	25.748	-8.355	1.2	1.693	96.289	6.64	7.287	0.0	0.0	35.483	-13.057	12.2	1.215	103.36	6.1	7.35	0.0	34.586	27.273	-8.889	31.8	0.0	90.379	7.06	8.162	0.0	98.616	33.158	-2.188	28.0	0.0	63.45	6.7	7.85	0.0	94.921	12.453	-8.651	4.4	0.0	99.485	6.42	7.35	0.0	93.552	0.0	0.0	26.2	0.0	47.563	7.21	7.6	0.532	98.505	11.799	-16.933	48.2	0.0	90.089	6.63	8.037	0.0	89.924	26.91	-23.217	19.8	0.0	64.903	6.94	7.6	0.0	92.567	26.256	-26.677	26.2	0.0	158.382	6.58	7.662	0.0	96.992	17.756	-9.413	37.4	0.0	112.563	7.47
8.84	6.912	2.127	83.077	25.82	-8.347	1.2	1.651	54.441	6.64	7.225	0.532	0.0	35.047	-12.843	12.2	0.0	103.651	6.07	7.412	0.0	34.583	26.765	-8.839	31.8	0.955	71.199	7.1	8.037	0.0	98.628	32.94	-2.147	28.0	0.0	63.353	6.7	8.037	0.0	94.941	12.598	-8.688	4.4	0.0	99.485	6.4	7.412	0.0	93.546	0.0	0.0	26.2	0.0	47.466	7.21	7.725	1.595	98.505	12.235	-16.531	48.2	0.0	90.089	6.64	7.912	0.0	89.883	26.983	-22.948	19.8	0.0	65.29	6.94	7.6	0.0	92.609	26.983	-26.475	26.2	0.0	158.285	6.54	7.725	0.0	96.941	17.974	-9.421	37.4	0.0	110.916	7.44
9.08	7.037	4.254	82.895	25.385	-8.428	1.2	1.366	101.423	6.67	7.35	0.0	0.0	35.12	-12.096	12.2	0.955	108.01	6.14	7.412	0.0	34.59	27.273	-8.825	31.8	1.089	97.064	7.06	8.037	0.0	98.616	33.158	-2.109	28.0	0.0	63.547	6.69	7.85	0.0	94.939	12.235	-8.635	4.4	0.0	99.485	6.42	7.35	0.0	93.573	0.0	0.0	26.2	0.0	47.466	7.19	7.662	0.0	98.499	12.09	-16.266	48.2	0.0	90.961	6.64	7.975	0.0	89.84	27.709	-23.196	19.8	0.0	94.739	6.94	7.6	0.0	92.588	25.457	-26.372	26.2	0.0	157.995	6.52	7.6	0.0	96.935	18.12	-9.396	37.4	0.0	110.819	7.46
8.31	7.162	0.0	83.894	25.457	-8.392	1.2	1.467	87.861	6.68	7.412	0.0	0.0	35.047	-12.587	12.2	1.249	101.52	6.13	7.537	0.0	34.589	26.692	-8.883	31.8	1.098	101.81	7.02	8.037	0.0	98.605	33.158	-2.109	28.0	0.0	63.547	6.69	7.787	0.0	94.939	12.453	-8.62	4.4	0.0	99.679	6.38	7.35	0.0	93.562	0.0	0.0	26.2	0.0	47.273	7.2	7.6	0.532	98.521	11.654	-16.502	48.2	0.0	89.798	6.56	8.037	0.0	89.776	27.201	-24.129	19.8	0.0	88.442	6.94	7.6	0.0	92.609	27.346	-26.576	26.2	0.0	158.382	6.54	7.537	0.0	96.98	17.974	-9.371	37.4	0.0	111.11	7.44
8.24	6.912	1.595	83.597	26.111	-8.279	1.2	1.877	82.63	6.68	7.35	0.0	0.0	35.628	-12.915	12.2	1.156	103.748	6.07	7.537	0.0	34.616	26.765	-8.869	31.8	1.006	97.548	7.03	8.037	0.0	98.608	33.158	-2.109	28.0	0.0	63.159	6.72	7.787	0.0	94.967	12.744	-8.579	4.4	0.0	99.485	6.38	7.287	0.0	93.582	0.0	0.0	26.2	0.0	48.532	7.2	7.787	1.063	98.541	12.017	-16.13	48.2	0.0	89.895	6.58	7.912	0.0	89.346	27.491	-23.746	19.8	0.0	88.345	6.94	7.6	0.0	92.609	25.675	-1.0	26.2	0.0	158.382	6.58	7.537	0.0	96.952	17.974	-9.38	37.4	0.0	111.788	7.46
8.34	6.975	1.063	83.409	25.675	-8.396	1.2	1.877	83.308	6.64	7.35	0.0	0.0	35.192	-12.055	12.2	0.955	106.847	6.1	7.537	0.0	34.652	27.709	-8.904	31.8	1.156	94.061	6.98	8.037	0.0	98.632	33.013	-2.147	28.0	0.0	63.644	6.69	7.85	0.0	94.979	12.598	-8.595	4.4	0.0	99.388	6.4	7.412	0.0	93.588	0.0	0.0	26.2	0.0	47.273	7.21	7.6	0.0	98.544	12.162	-15.928	48.2	0.0	90.379	6.6	7.912	0.0	89.286	26.838	-24.087	19.8	0.0	88.248	6.94	7.6	0.0	92.609	26.111	-26.475	26.2	0.0	158.382	6.56	7.725	0.0	96.907	17.829	-9.412	37.4	0.0	111.207	7.46
8.34	6.975	1.595	83.267	25.603	-8.354	1.2	1.819	86.214	6.68	7.412	0.0	0.0	35.047	-12.065	12.2	1.383	104.716	6.15	7.537	0.0	34.657	26.91	-8.854	31.8	1.835	107.138	7.03	8.037	0.0	98.646	33.158	-2.109	28.0	0.0	85.924	6.69	7.912	0.0	94.979	12.526	-8.561	4.4	0.0	99.485	6.43	7.287	0.0	93.637	0.0	0.0	26.2	0.0	47.466	7.21	7.725	0.532	98.544	11.944	-16.035	48.2	0.0	90.283	6.62	8.037	0.0	89.269	27.637	-24.581	19.8	0.0	95.707	6.97	7.6	0.0	92.617	27.056	-26.576	26.2	0.0	158.382	6.56	7.662	0.0	96.907	17.902	-9.44	37.4	0.0	111.207	7.54
8.35	7.1	2.127	83.505	25.385	-8.419	1.2	1.777	83.211	6.72	7.412	0.0	0.0	35.265	-12.541	12.2	1.366	113.047	6.23	7.412	0.0	34.665	26.91	-8.889	31.8	1.693	108.785	7.07	8.037	0.0	98.638	33.158	-2.407	28.0	0.0	85.73	6.7	7.975	0.0	94.982	12.598	-8.568	4.4	0.0	99.679	6.46	7.6	0.0	93.645	0.0	0.0	26.2	0.0	47.466	7.21	7.6	0.0	98.544	12.017	-15.692	48.2	0.0	89.992	6.64	8.037	0.0	89.231	27.637	-24.242	19.8	0.0	99.873	6.98	7.6	0.0	92.64	25.457	-26.576	26.2	0.0	158.285	6.56	7.6	0.0	96.947	17.829	-9.468	37.4	0.913	112.756	7.63
9.02	7.1	1.595	82.881	25.82	-8.394	1.2	1.835	90.573	6.71	7.35	0.0	0.0	35.41	-12.577	12.2	1.45	103.36	6.24	7.6	0.0	34.6	27.056	-8.933	31.8	1.391	94.254	7.07	8.287	0.0	98.638	33.158	-2.08	28.0	1.056	85.536	6.72	7.85	0.0	94.987	12.453	-8.635	4.4	0.0	99.485	6.48	7.412	0.0	93.651	0.0	0.0	26.2	0.0	77.786	7.21	7.662	1.595	98.544	12.09	-15.475	48.2	0.0	90.089	6.68	8.162	0.0	89.175	27.491	-24.512	19.8	0.0	99.679	6.96	7.6	0.0	92.656	26.547	-26.576	26.2	0.0	158.285	6.5	7.6	0.0	96.969	18.047	-9.45	37.4	1.022	121.959	7.59
8.97	7.1	1.595	82.965	25.675	-8.377	1.2	1.969	106.363	6.7	7.35	0.0	0.0	35.483	-12.264	12.2	1.198	105.491	6.23	7.537	0.0	34.665	27.056	-8.883	31.8	1.366	98.517	7.1	8.037	0.0	98.647	33.086	-2.295	28.0	0.0	85.73	6.77	7.787	0.0	95.001	13.18	-8.513	4.6	0.0	99.098	6.5	7.412	0.0	93.656	0.0	0.0	26.4	0.0	78.852	7.21	7.412	0.532	98.544	11.654	-15.574	48.2	0.0	90.089	6.67	7.912	0.0	89.129	27.201	-24.425	19.8	0.0	99.291	6.97	7.6	0.0	92.659	26.983	-26.475	26.2	0.0	158.285	6.51	7.6	0.0	96.952	17.902	-9.526	37.4	1.182	120.312	7.7
8.62	7.287	1.063	83.45	25.53	-8.389	1.2	1.332	93.189	6.68	7.412	0.532	0.0	35.338	-12.729	12.2	1.508	104.038	6.2	7.412	0.0	34.695	26.765	-8.896	31.8	1.492	94.739	7.14	8.225	0.0	96.475	33.158	-2.171	28.0	0.0	83.114	6.76	7.85	0.0	94.999	13.034	-8.529	4.6	0.0	99.873	6.52	7.537	0.0	93.703	0.0	0.0	26.4	0.0	78.077	7.21	7.912	1.063	98.563	12.598	-17.457	48.2	0.0	90.379	6.72	8.1	0.0	89.076	27.346	-24.603	19.8	0.0	100.841	7.02	7.662	0.0	92.672	25.748	-26.396	26.2	0.0	158.188	6.6	7.725	0.0	96.958	17.974	-9.513	37.4	0.98	120.022	7.6
8.86	7.1	0.0	83.2	25.457	-8.377	1.2	1.835	85.924	6.68	7.537	0.0	0.0	35.12	-12.21	12.2	1.131	101.81	6.24	7.537	0.0	34.666	27.346	-8.89	31.8	1.274	77.496	7.18	8.037	0.0	93.966	32.867	-2.147	28.0	0.0	81.758	6.75	7.912	0.0	95.036	12.816	-8.528	4.6	0.0	99.776	6.56	7.412	0.0	93.714	0.0	0.0	26.4	0.0	69.068	7.22	7.6	0.0	98.566	11.581	-15.614	48.2	0.0	90.573	6.73	7.85	0.0	89.013	26.62	-24.963	19.8	0.0	103.36	7.02	7.412	0.0	92.672	25.82	-25.992	26.4	0.0	158.77	6.64	7.662	0.0	96.969	18.047	-9.378	37.4	1.224	113.725	7.62
9.94	7.162	2.127	79.607	25.385	-8.375	1.2	1.232	103.36	6.68	7.35	0.532	0.0	35.628	-12.439	12.4	1.073	101.907	6.23	7.412	0.0	34.698	27.056	-8.889	32.0	1.098	92.414	7.2	8.1	0.0	91.663	33.013	-2.13	28.2	0.0	82.049	6.7	7.787	0.0	95.002	12.453	-8.488	4.6	0.0	99.485	6.54	7.6	0.0	93.709	0.0	0.0	26.4	0.0	69.068	7.24	7.725	1.063	98.591	12.38	-15.565	48.4	0.0	90.089	6.72	7.975	0.0	88.945	27.346	-25.338	20.0	0.0	100.938	7.02	7.6	0.0	92.693	27.128	-26.677	26.4	0.0	158.382	6.56	7.537	0.0	96.907	17.902	-9.47	37.6	0.0	100.26	7.75
-1.0	4.6	543.95	0.0	24.44	-15.688	0.0	3.0	77.883	-1.76	-0.525	571.599	37.002	32.795	-8.041	0.0	4.819	95.223	-2.43	-4.463	0.0	39.42	23.496	-19.26	0.0	3.243	60.059	1.17	9.475	0.0	36.666	0.0	-8.651	0.0	3.645	50.76	-1.6	0.537	0.0	44.759	9.402	-10.349	6.0	1.609	60.737	-3.1	0.412	0.0	60.752	0.0	0.0	0.0	2.673	16.274	-0.76	2.788	578.512	42.995	7.513	-1.0	0.0	3.847	28.092	-1.24	0.412	0.0	47.009	27.709	-19.738	0.2	2.481	52.503	-0.3	5.6	0.0	42.029	20.735	-1.997	0.0	3.344	31.967	0.86	13.412	0.0	38.073	12.235	-1.0	0.0	2.439	89.605	-1.12
-1.0	3.475	540.228	0.0	24.513	-14.635	0.0	3.62	70.618	-1.49	-0.463	568.409	36.33	32.795	-8.066	0.0	5.816	95.611	-2.43	-4.65	0.0	44.352	23.133	-19.216	0.0	2.388	67.712	0.98	9.85	0.0	35.875	0.0	-8.669	0.0	3.888	50.76	-1.38	1.225	0.0	50.579	9.474	-11.023	16.4	2.179	69.068	-2.42	0.725	0.0	49.907	0.0	0.0	0.0	3.0	16.08	-0.66	2.975	575.853	41.429	7.803	-1.0	0.0	4.19	32.839	-1.2	-0.212	0.0	45.597	27.491	-19.183	0.2	2.472	37.004	-0.3	5.6	0.0	39.435	20.953	-1.616	0.0	3.503	355.609	1.12	13.662	0.0	36.082	12.308	-1.0	0.0	2.422	105.104	-1.0
-1.0	3.35	541.823	0.0	24.367	-15.05	0.0	3.302	61.222	-1.72	-0.15	566.282	40.748	32.577	-8.128	0.0	4.182	92.995	-2.5	-4.463	0.0	42.788	23.641	-19.26	0.0	3.88	55.022	0.82	9.662	0.0	34.89	0.0	-8.593	0.0	3.83	51.05	-1.69	1.163	0.0	47.22	9.62	-10.13	33.8	2.648	46.013	-2.62	0.787	0.0	50.814	0.0	0.0	0.0	3.528	52.988	-0.68	3.35	579.575	43.865	8.021	-1.0	0.0	3.562	42.816	-1.44	-0.65	0.0	41.834	27.927	-18.586	0.2	2.925	30.417	-0.88	5.912	0.0	38.868	20.227	-2.383	0.0	3.134	9.784	1.0	13.6	0.0	36.006	11.872	-1.0	0.0	2.657	93.964	-1.22
-1.0	4.475	540.228	0.0	24.295	-15.505	0.0	3.444	67.228	-1.45	0.037	567.877	42.235	32.65	-8.077	0.0	4.617	91.833	-2.46	-4.713	0.0	40.477	23.423	-18.724	0.0	3.763	71.006	0.58	9.912	0.0	37.661	0.0	-8.747	0.0	3.805	50.857	-1.81	1.475	0.0	48.811	9.91	-10.384	23.4	2.732	72.555	-2.8	0.975	0.0	51.37	0.0	0.0	0.0	3.52	37.779	-0.84	2.913	575.322	42.307	7.731	-1.0	0.0	4.073	18.89	-1.4	-0.9	0.0	45.148	27.927	-17.951	0.2	2.64	51.632	-0.2	6.037	0.0	43.216	20.517	-1.73	0.0	3.109	9.59	0.87	13.85	0.0	39.09	12.09	-1.0	0.0	2.179	104.232	-0.98
-1.0	3.225	537.569	0.0	24.367	-15.101	0.0	3.679	60.931	-1.65	-0.4	563.624	41.315	33.086	-8.014	0.0	4.835	85.827	-2.53	-4.588	0.0	42.17	23.35	-19.231	0.0	3.31	46.885	0.79	10.162	0.0	36.017	0.0	-8.888	0.0	3.671	50.76	-1.48	1.475	0.0	50.887	9.765	-10.384	26.6	2.279	79.24	-2.46	0.912	0.0	51.651	0.0	0.0	0.0	3.386	46.498	-1.14	3.6	575.322	42.734	7.44	-1.0	0.0	3.444	8.04	-1.46	0.225	0.0	44.472	27.564	-19.289	0.2	2.665	62.578	-0.67	6.475	0.0	41.552	20.227	-1.842	0.0	2.64	4.456	0.96	13.162	0.0	38.147	12.09	-1.0	0.0	2.715	100.745	-1.12
