-1.0	-2.337	131.335	0.0	24.367	-12.917	0.0	1.793	72.265	-7.71	-2.9	164.833	86.571	32.214	-7.493	0.0	3.134	93.189	-7.74	-3.712	0.0	90.671	23.568	-19.628	0.0	2.556	59.962	-4.54	3.1	0.0	68.43	0.0	-7.854	0.0	2.355	50.469	-6.02	-0.775	0.0	75.516	3.808	-1.0	16.8	1.768	68.39	-6.82	-1.65	0.0	73.307	0.0	0.0	0.0	2.506	42.138	-5.14	-0.087	191.419	72.962	6.06	-1.0	0.2	2.782	33.614	-5.72	-1.15	0.0	73.755	27.709	-14.807	0.4	1.399	32.936	-4.89	0.35	0.0	69.193	20.372	0.0	0.2	2.363	4.94	-5.16	2.538	0.0	69.516	12.017	-24.801	0.0	1.735	103.166
-1.0	1.85	417.932	0.0	24.658	-13.73	0.0	2.103	68.584	-7.6	-1.65	424.313	86.62	32.504	-7.591	0.0	3.184	95.998	-7.6	-3.587	0.0	90.786	23.133	-19.852	0.0	2.271	41.654	-4.34	1.475	0.0	69.175	0.0	-8.227	0.0	2.975	56.378	-5.75	0.662	0.0	74.345	3.009	-1.0	17.2	1.927	61.222	-6.44	-1.025	0.0	72.907	0.0	0.0	0.0	2.053	46.013	-5.6	-0.463	203.117	71.235	6.132	-1.0	0.2	2.816	34.292	-5.72	-0.775	0.0	72.744	27.637	-14.216	0.4	2.229	41.073	-5.26	0.163	0.0	68.543	20.662	0.0	0.2	2.271	9.493	-4.5	6.662	0.0	69.119	11.654	-1.0	0.0	1.961	91.348
-1.0	-1.087	253.631	0.0	24.513	-13.684	0.0	2.941	59.187	-7.44	-2.212	346.682	86.703	32.359	-7.496	0.0	3.922	90.283	-7.54	-3.15	0.0	90.803	23.133	-20.447	0.0	2.765	55.41	-4.28	3.6	0.0	68.556	0.0	-7.904	0.0	2.648	43.301	-5.82	-0.212	0.0	75.864	3.808	-1.0	18.0	2.305	61.9	-6.64	-1.15	0.0	72.167	0.0	0.0	0.0	2.807	44.173	-5.12	1.163	385.497	72.286	6.132	-1.0	0.2	2.154	27.22	-5.64	0.037	0.0	73.316	27.564	-13.943	0.4	1.768	37.973	-4.58	3.663	0.0	68.574	20.444	-0.165	0.2	1.835	1.55	-4.56	5.475	0.0	69.333	11.944	-26.187	0.0	1.953	97.354
-1.0	-0.15	327.008	0.0	24.367	-13.145	0.0	2.799	73.137	-7.4	-1.9	328.072	86.713	32.504	-7.639	0.0	3.662	92.511	-7.44	-2.962	0.0	90.83	23.641	-20.2	0.0	2.137	52.503	-4.45	4.975	0.0	68.448	0.0	-8.045	0.0	2.413	59.091	-5.34	0.6	0.0	75.357	4.026	-1.0	18.2	1.601	58.994	-6.19	-0.65	0.0	73.488	0.0	0.0	0.0	2.305	36.907	-5.28	1.225	408.893	71.422	6.06	-1.0	0.2	2.64	34.098	-5.34	0.412	0.0	73.499	27.201	-13.611	0.4	1.559	50.857	-4.95	2.288	0.0	66.209	20.808	0.0	0.2	2.455	346.31	-4.41	6.662	0.0	67.388	12.017	-1.0	0.0	1.483	95.32
-1.0	1.663	364.229	0.0	24.44	-13.958	0.0	2.154	76.043	-7.34	-1.65	405.703	86.729	33.086	-7.554	0.0	3.495	87.958	-7.46	-2.837	0.0	90.748	23.423	-19.936	0.0	2.439	45.238	-4.44	4.975	0.0	67.126	0.0	-8.045	0.0	2.816	39.426	-5.58	0.412	0.0	74.524	2.936	-1.0	18.6	1.844	64.322	-6.25	-0.4	0.0	72.513	0.0	0.0	0.0	2.028	42.623	-5.28	1.975	338.174	70.684	5.551	-1.0	0.2	2.238	49.113	-5.7	-0.025	0.0	71.631	27.782	-13.474	0.4	2.372	21.989	-4.49	3.413	0.0	67.653	20.154	-0.053	0.2	1.961	20.343	-4.34	5.225	0.0	68.57	12.09	-1.0	0.0	2.011	105.976
-1.0	-0.9	233.425	0.0	24.295	-13.329	0.0	2.531	64.806	-7.54	-2.712	196.737	86.636	32.286	-7.43	0.0	3.721	84.955	-7.66	-3.087	0.0	90.538	23.205	-19.973	0.0	3.252	54.731	-4.09	3.038	0.0	67.013	0.0	-7.84	0.0	2.824	49.21	-5.76	0.163	0.0	74.176	2.936	-1.0	19.4	2.238	60.834	-6.38	-0.4	0.0	71.978	0.0	0.0	0.0	2.874	43.591	-5.02	1.288	417.401	71.647	6.205	-1.0	0.2	2.874	23.442	-5.3	0.037	0.0	72.468	27.491	-13.677	0.4	1.634	20.827	-4.7	2.6	0.0	68.576	20.808	0.0	0.2	2.305	2.422	-4.24	4.662	0.0	67.241	12.162	-1.0	0.0	1.676	93.479
-1.0	1.288	362.633	0.0	24.295	-13.382	0.0	2.372	57.444	-7.36	-2.087	356.784	86.703	32.432	-7.478	0.0	3.687	85.827	-7.48	-2.587	0.0	90.53	23.423	-20.096	0.0	2.992	51.147	-4.38	1.85	0.0	67.852	0.0	-7.748	0.0	2.816	49.113	-5.78	0.037	0.0	73.214	3.59	-1.0	20.8	2.397	58.219	-6.51	-0.713	0.0	71.221	0.0	0.0	0.0	2.506	45.432	-5.18	-0.4	173.873	70.926	6.35	-1.0	0.2	2.74	23.055	-5.34	-0.338	0.0	72.241	27.419	-13.422	0.4	2.388	23.152	-4.9	-0.087	0.0	67.803	20.009	0.0	0.2	2.246	15.79	-3.92	5.662	0.0	68.474	11.799	-1.0	0.0	2.036	96.967
-1.0	-2.65	179.722	0.0	24.295	-13.299	0.0	2.891	69.94	-7.38	-3.087	173.873	86.698	33.231	-7.382	0.0	4.064	84.277	-7.44	-2.712	0.0	90.367	22.915	-20.163	0.0	2.757	48.629	-4.34	3.413	0.0	68.038	0.0	-8.032	0.0	2.983	53.181	-5.62	-0.588	0.0	74.587	3.081	-1.0	20.8	2.07	60.641	-6.48	-1.025	0.0	70.59	0.0	0.0	0.0	2.539	48.338	-5.1	1.538	430.694	71.14	6.06	-1.0	0.2	2.732	44.463	-5.48	-0.9	0.0	71.798	27.346	-13.084	0.4	2.221	34.873	-4.73	2.538	0.0	67.403	20.372	0.0	0.2	2.145	355.609	-4.4	1.85	0.0	68.103	11.944	-1.0	0.0	1.802	88.442
-1.0	-1.087	322.754	0.0	24.731	-11.965	0.0	3.226	59.381	-7.18	-3.275	317.969	86.729	32.65	-7.245	0.0	4.014	77.496	-7.2	-2.712	0.0	89.651	23.278	-22.475	0.0	3.26	52.116	-4.17	4.6	0.0	67.714	0.0	-7.989	0.0	2.556	44.27	-5.54	-0.275	0.0	76.09	3.444	-1.0	23.0	2.707	52.988	-6.17	-0.9	0.0	72.554	0.0	0.0	0.0	2.95	44.851	-4.9	1.35	406.234	70.513	6.132	-1.0	0.2	2.724	28.092	-5.05	-0.15	0.0	73.704	27.564	-13.39	0.4	1.55	55.797	-4.54	3.288	0.0	67.005	20.227	0.0	0.2	2.372	2.131	-4.17	3.475	0.0	67.714	11.726	-1.0	0.0	1.919	103.069
-1.0	0.475	394.537	0.0	25.021	-13.37	0.0	3.126	57.541	-7.26	-3.275	251.504	86.709	32.359	-7.417	0.0	3.788	78.077	-6.84	-2.337	0.0	88.559	23.496	-19.663	0.0	2.464	54.925	-4.04	5.1	0.0	65.706	0.0	-7.981	0.0	3.285	46.691	-5.3	0.787	0.0	75.106	3.299	-1.0	23.4	2.078	57.831	-6.14	-0.463	0.0	71.833	0.0	0.0	0.0	2.212	46.304	-5.18	2.1	422.718	69.811	6.06	-1.0	0.2	2.623	40.976	-4.91	0.725	0.0	72.913	27.346	-13.665	0.4	2.112	39.135	-4.21	3.913	0.0	66.836	20.227	-0.045	0.2	1.902	0.097	-3.89	6.037	0.0	66.433	11.944	-26.295	0.0	1.777	84.761
-1.0	0.412	376.99	0.0	24.367	-13.237	0.0	3.059	55.313	-7.12	-3.275	194.078	86.745	31.996	-7.388	0.0	3.511	89.411	-6.94	-1.962	0.0	85.511	23.06	-19.457	0.0	3.352	53.956	-3.7	5.225	0.0	66.339	0.0	-8.071	0.0	2.707	44.56	-5.66	0.787	0.0	73.167	3.299	-1.0	23.6	2.64	71.877	-6.15	-0.275	0.0	70.878	0.0	0.0	0.0	3.059	34.001	-5.26	1.725	379.117	69.471	6.35	-1.0	0.2	2.992	25.961	-5.0	0.787	0.0	71.823	27.419	-13.872	0.4	2.087	25.961	-4.38	3.413	0.0	66.316	20.662	0.0	0.2	2.254	0.872	-4.34	5.6	0.0	66.581	11.872	-26.232	0.0	2.397	95.998
-1.0	0.475	313.183	0.0	24.585	-13.247	0.0	2.229	63.353	-7.12	-3.337	157.389	86.724	32.722	-7.405	0.0	3.084	92.704	-6.66	-1.962	0.0	81.914	23.568	-19.853	0.0	2.732	40.782	-4.06	2.288	0.0	67.121	0.0	-7.75	0.0	2.69	54.344	-5.34	0.037	0.0	73.355	2.936	-1.0	24.0	2.154	58.606	-6.11	-0.087	0.0	70.517	0.0	0.0	0.0	2.506	40.492	-4.8	1.475	389.219	71.618	5.842	-1.0	0.2	2.355	40.104	-5.43	-0.212	0.0	70.605	27.637	-15.611	0.4	2.221	36.617	-4.44	3.1	0.0	67.28	20.953	0.0	0.2	2.129	0.0	-4.58	2.913	0.0	67.049	11.726	-1.0	0.0	1.994	96.385
-1.0	-1.4	370.609	0.0	24.658	-13.311	0.0	2.648	62.19	-6.92	-3.275	202.585	86.797	31.269	-7.314	0.0	3.52	84.277	-6.64	-1.775	0.0	79.687	23.133	-20.198	0.0	3.017	51.825	-4.15	5.912	0.0	65.919	0.0	-8.101	0.0	2.481	56.475	-5.24	0.787	0.0	74.143	3.517	-1.0	24.2	2.355	60.059	-6.18	-0.588	0.0	71.459	0.0	0.0	0.0	2.615	48.919	-4.95	1.788	266.924	69.882	6.132	-1.0	0.2	2.12	34.486	-5.24	0.475	0.0	70.692	27.273	-14.087	0.4	1.978	33.226	-4.27	4.475	0.0	66.671	19.936	-0.422	0.2	1.626	338.56	-4.0	5.725	0.0	68.788	12.017	-1.0	0.0	1.651	79.918
-1.0	-2.775	186.634	0.0	24.077	-14.517	0.0	2.983	64.031	-6.9	-3.275	190.356	86.72	32.504	-7.299	0.0	3.461	82.727	-6.59	-1.087	0.0	76.649	23.133	-20.572	0.0	2.489	61.125	-4.11	7.1	0.0	65.329	0.0	-8.264	0.0	2.187	59.962	-5.26	1.225	0.0	74.211	3.444	-1.0	24.6	1.441	57.638	-6.16	0.412	0.0	71.829	0.0	0.0	0.0	2.372	44.173	-5.01	3.1	480.675	68.793	5.769	-1.0	0.2	1.768	37.295	-5.14	1.038	0.0	71.647	27.346	-14.759	0.4	1.073	33.033	-4.51	4.975	0.0	65.594	20.154	-0.478	0.2	1.961	349.797	-4.32	7.912	0.0	67.609	12.017	-1.0	0.0	1.274	94.739
-1.0	-2.587	175.468	0.0	24.44	-12.476	0.0	1.45	78.949	-7.14	-3.4	202.054	86.535	32.504	-7.273	0.0	2.363	100.648	-6.42	-0.463	0.0	76.339	23.278	-20.531	0.0	2.162	58.703	-4.02	7.225	0.0	65.085	0.0	-8.304	0.0	2.346	61.9	-4.92	1.725	0.0	74.784	3.372	-1.0	24.6	1.651	64.225	-6.18	0.6	0.0	70.182	0.0	0.0	0.0	1.718	53.763	-4.78	2.413	484.929	68.207	5.624	-1.0	0.2	1.961	25.574	-5.02	1.663	0.0	69.942	27.273	-14.582	0.4	1.064	38.07	-3.86	5.225	0.0	65.817	20.808	-0.488	0.2	1.877	1.841	-4.32	8.1	0.0	66.739	11.508	-1.0	0.0	1.475	94.157
-1.0	-2.087	176.531	0.0	24.367	-13.077	0.0	2.204	120.409	-6.84	-3.4	182.912	86.674	32.432	-7.296	0.0	3.662	94.835	-6.52	-0.838	0.0	74.913	23.714	-20.334	0.0	2.078	53.278	-3.72	6.787	0.0	66.18	0.0	-8.221	0.0	2.724	49.404	-5.23	1.163	0.0	73.281	2.863	-1.0	25.4	1.668	71.102	-6.18	0.537	0.0	70.158	0.0	0.0	0.0	1.969	46.982	-4.86	2.288	473.231	68.671	6.132	-1.0	0.2	3.084	29.255	-4.94	0.912	0.0	69.709	27.564	-14.81	0.4	1.877	25.38	-3.78	4.912	0.0	64.737	20.517	-0.698	0.2	2.338	3.1	-4.62	5.912	0.0	66.425	11.872	-26.345	0.0	2.087	106.169
-1.0	-3.025	175.999	0.0	24.658	-12.579	0.0	2.598	56.959	-7.0	-3.462	203.117	86.324	32.504	-7.275	0.0	3.771	88.927	-6.21	-0.838	0.0	75.028	23.133	-20.233	0.0	2.925	37.973	-3.75	7.162	0.0	65.161	0.0	-8.95	0.0	2.925	58.606	-5.06	1.35	0.0	73.846	3.444	-1.0	25.8	2.564	59.284	-6.19	0.1	0.0	69.213	0.0	0.0	0.0	2.665	37.101	-5.02	2.663	526.403	68.942	5.842	-1.0	0.2	2.95	23.539	-5.28	0.912	0.0	69.492	27.564	-14.164	0.4	2.757	32.548	-4.1	4.35	0.0	65.617	20.081	-0.383	0.2	2.288	0.872	-4.02	6.725	0.0	66.305	11.944	-1.0	0.0	2.288	96.773
-1.0	-2.775	209.498	0.0	24.44	-12.448	0.0	3.562	53.472	-6.7	-2.712	315.842	86.216	32.359	-7.324	0.0	3.779	77.883	-5.94	-0.338	0.0	75.744	23.205	-20.158	0.0	3.235	42.526	-3.52	7.912	0.0	64.601	0.0	-8.364	0.0	3.226	42.041	-5.02	2.163	0.0	73.807	3.808	-1.0	26.0	2.841	64.515	-5.93	0.6	0.0	70.578	0.0	0.0	0.0	2.791	47.369	-4.82	3.1	529.594	69.833	5.987	-1.0	0.2	2.698	24.217	-4.98	1.538	0.0	69.776	27.201	-13.87	0.4	2.271	27.705	-3.52	5.662	0.0	65.958	20.662	-0.799	0.2	2.028	0.0	-3.6	8.037	0.0	65.917	11.944	-1.0	0.0	2.279	111.11
-1.0	-1.962	205.776	0.0	24.44	-12.683	0.0	3.252	48.435	-6.6	-2.15	405.171	86.283	32.577	-7.412	0.0	3.511	91.833	-5.88	-0.4	0.0	75.099	23.496	-20.243	0.0	3.076	51.632	-3.67	5.975	0.0	64.835	0.0	-8.168	0.0	2.43	45.529	-5.08	1.975	0.0	72.732	2.936	-1.0	26.0	2.439	50.082	-5.85	0.6	0.0	70.298	0.0	0.0	0.0	3.143	34.292	-4.92	3.35	527.467	68.281	6.205	-1.0	0.2	1.852	21.699	-4.86	0.725	0.0	70.198	27.128	-13.729	0.4	2.095	27.802	-4.45	5.412	0.0	65.137	20.227	-0.823	0.2	1.684	4.65	-3.57	8.662	0.0	65.741	12.162	-1.0	0.0	2.346	93.77
-1.0	-1.837	202.054	0.0	25.312	-12.995	0.0	2.489	50.953	-6.7	-2.212	453.558	86.257	32.504	-7.406	0.0	2.9	92.995	-6.02	-0.087	0.0	73.739	23.205	-20.323	0.0	2.388	42.138	-3.59	7.725	0.0	64.457	0.0	-8.351	0.0	2.338	40.395	-5.32	1.975	0.0	71.586	3.517	-1.0	26.0	1.793	59.865	-6.1	0.537	0.0	70.149	0.0	0.0	0.0	2.33	36.714	-4.76	2.913	505.666	68.565	6.132	-1.0	0.2	2.481	31.676	-4.68	1.725	0.0	70.507	27.346	-13.518	0.4	1.374	35.067	-4.0	5.1	0.0	65.506	20.299	-0.724	0.2	2.045	24.605	-4.4	10.6	0.0	65.847	12.162	-1.0	0.0	1.802	101.423
-1.0	-1.775	168.024	0.0	24.876	-12.598	0.0	1.559	57.444	-6.9	-2.712	387.624	86.123	32.504	-7.362	0.0	2.799	96.385	-5.78	0.1	0.0	74.576	22.987	-20.066	0.0	1.793	42.72	-3.18	8.037	0.0	65.082	0.0	-8.422	0.0	2.288	54.247	-5.04	1.663	0.0	72.132	3.517	-1.0	26.0	1.559	66.065	-5.9	0.6	0.0	69.469	0.0	0.0	0.0	1.994	42.816	-4.85	3.288	472.699	67.788	5.551	-1.0	0.2	2.212	32.161	-4.62	1.663	0.0	69.922	27.564	-13.384	0.4	1.81	34.486	-4.24	4.037	0.0	64.156	20.808	-0.384	0.2	1.819	355.609	-3.8	9.412	0.0	66.862	11.654	-1.0	0.0	1.785	96.385
-1.0	-2.65	168.555	0.0	24.15	-11.463	0.0	2.229	65.775	-6.48	-3.025	321.691	86.252	32.432	-7.432	0.0	3.268	90.476	-5.86	-0.463	0.0	73.677	23.568	-21.038	0.0	2.02	50.857	-4.08	4.1	0.0	64.839	0.0	-8.03	0.0	2.631	31.289	-4.9	0.412	0.0	73.109	2.863	-1.0	26.0	1.735	55.506	-5.64	0.975	0.0	70.266	0.0	0.0	0.0	2.053	46.11	-4.74	0.225	156.858	68.467	5.479	-1.0	0.2	2.321	36.52	-4.96	0.1	0.0	70.129	27.201	-13.007	0.4	1.886	29.352	-4.1	0.975	0.0	65.279	20.88	0.0	0.2	2.238	6.2	-3.9	4.975	0.0	65.003	11.944	-1.0	0.0	1.819	94.351
-1.0	-2.9	129.208	0.0	24.585	-12.83	0.0	2.07	61.028	-6.64	-3.712	146.755	86.128	32.577	-7.351	0.0	3.143	95.029	-6.28	-1.712	0.0	72.845	23.278	-19.815	0.0	2.715	44.463	-4.33	0.725	0.0	65.237	0.0	-7.665	0.0	2.162	57.831	-5.28	-0.087	0.0	71.912	3.154	-1.0	26.0	2.17	54.925	-6.14	-1.025	0.0	69.695	0.0	0.0	0.0	2.548	44.173	-4.75	-0.212	148.35	69.095	6.06	-1.0	0.2	1.927	30.127	-5.21	-0.713	0.0	70.896	27.346	-12.877	0.4	2.011	35.261	-4.82	-0.4	0.0	65.588	20.372	0.0	0.2	1.927	4.069	-4.2	1.538	0.0	66.22	11.654	-1.0	0.0	1.676	90.961
-1.0	-3.087	135.589	0.0	24.658	-12.743	0.0	2.162	48.144	-6.58	-3.712	132.398	86.143	32.722	-7.277	0.0	2.833	75.655	-6.16	-1.275	0.0	73.374	23.205	-19.424	0.0	2.17	39.329	-4.45	1.475	0.0	65.812	0.0	-7.721	0.0	1.835	56.475	-5.46	-0.212	0.0	72.411	3.444	-1.0	26.2	1.575	62.287	-6.26	-1.087	0.0	70.068	0.0	0.0	0.0	2.095	59.091	-4.62	-0.15	185.039	69.372	5.769	-1.0	0.2	1.793	32.064	-5.28	-0.65	0.0	70.189	26.983	-12.887	0.4	1.173	35.067	-4.35	2.1	0.0	66.476	20.59	-0.207	0.2	1.517	24.702	-4.7	0.85	0.0	67.486	11.654	-1.0	0.0	1.467	100.163
-1.0	-3.212	150.477	0.0	24.876	-12.494	0.0	1.475	52.697	-6.7	-3.9	173.341	85.905	32.504	-7.291	0.0	2.648	94.254	-6.22	-1.212	0.0	72.084	22.987	-19.142	0.0	1.927	53.763	-4.26	1.038	0.0	65.51	0.0	-7.679	0.0	2.346	54.247	-5.52	0.287	0.0	72.859	3.154	-1.0	26.2	1.802	64.612	-6.1	-1.087	0.0	70.149	0.0	0.0	0.0	1.575	39.426	-4.74	0.912	265.328	67.529	5.479	-1.0	0.2	1.969	31.386	-5.06	-0.4	0.0	70.456	27.273	-12.869	0.4	1.274	36.52	-3.82	1.975	0.0	64.704	20.59	-0.008	0.2	1.609	351.637	-4.61	1.163	0.0	67.656	11.799	-1.0	0.0	1.659	103.748
-1.0	-3.525	146.223	0.0	24.949	-12.504	0.0	2.271	52.6	-6.72	-3.837	148.882	85.567	32.286	-7.274	0.0	3.545	91.929	-6.2	-1.587	0.0	73.15	23.568	-19.448	0.0	1.994	54.538	-4.36	0.725	0.0	66.165	0.0	-7.585	0.0	2.514	47.563	-5.18	-0.338	0.0	73.605	3.444	-1.0	26.2	1.542	56.088	-6.12	-1.337	0.0	69.426	0.0	0.0	0.0	2.036	37.779	-4.64	0.912	373.268	69.067	5.551	-1.0	0.2	2.413	42.138	-5.19	-0.65	0.0	69.435	27.564	-13.124	0.4	1.793	32.161	-3.94	3.6	0.0	65.204	20.662	-0.409	0.2	1.994	0.097	-4.74	0.912	0.0	68.037	11.799	-1.0	0.0	1.894	103.263
-1.0	-3.212	168.024	0.0	24.295	-12.22	0.0	1.986	47.466	-6.66	-3.587	178.658	85.457	32.286	-7.295	0.0	3.243	90.961	-6.04	-1.587	0.0	73.063	22.842	-18.662	0.0	2.69	54.053	-4.22	2.413	0.0	65.984	0.0	-8.291	0.0	2.732	47.66	-5.36	-0.212	0.0	72.65	3.59	-1.0	26.2	2.355	58.122	-6.1	-1.4	0.0	69.305	0.0	0.0	0.0	2.464	45.432	-4.18	0.912	169.619	68.272	5.551	-1.0	0.2	2.279	39.62	-4.84	-0.212	0.0	70.797	27.637	-13.38	0.4	2.103	29.352	-4.0	1.663	0.0	63.514	19.936	0.0	0.2	1.886	4.165	-4.8	3.35	0.0	67.237	12.162	-1.0	0.0	1.894	102.295
-1.0	-2.587	166.96	0.0	24.44	-12.476	0.0	2.455	77.98	-6.55	-3.837	173.341	84.814	32.286	-7.274	0.0	3.302	97.645	-6.14	-1.775	0.0	71.321	23.35	-19.206	0.0	3.067	57.056	-4.3	1.163	0.0	66.072	0.0	-7.658	0.0	2.338	47.273	-5.16	-0.9	0.0	73.921	3.227	-1.0	26.2	2.221	57.638	-6.05	-1.4	0.0	69.315	0.0	0.0	0.0	2.514	55.894	-4.66	-0.087	166.96	68.483	5.769	-1.0	0.2	2.254	31.483	-5.18	-0.4	0.0	68.81	27.564	-13.475	0.4	1.617	31.967	-4.16	0.287	0.0	65.554	20.662	0.0	0.2	1.684	356.675	-4.48	0.662	0.0	66.426	11.654	-1.0	0.0	1.575	101.81
-1.0	-2.212	172.277	0.0	24.222	-12.702	0.0	2.221	45.819	-6.34	-3.337	168.024	83.72	32.359	-7.293	0.0	3.369	53.278	-6.06	-1.587	0.0	71.557	23.06	-19.746	0.0	2.137	58.316	-4.18	1.538	0.0	66.508	0.0	-7.727	0.0	2.606	46.982	-5.44	-0.588	0.0	71.782	3.154	-1.0	26.2	1.601	68.874	-6.0	-1.087	0.0	68.55	0.0	0.0	0.0	1.827	55.991	-4.76	0.475	198.332	68.084	5.479	-1.0	0.2	2.606	31.386	-5.12	-0.65	0.0	70.022	27.273	-13.96	0.4	1.467	25.671	-4.51	0.725	0.0	65.1	20.517	0.0	0.2	1.676	2.615	-4.4	0.975	0.0	66.929	11.944	-1.0	0.0	1.525	92.608
-1.0	-1.962	194.61	0.0	24.585	-12.459	0.0	1.844	76.237	-6.61	-3.275	191.419	79.133	32.432	-7.314	0.0	2.749	93.964	-5.94	-1.337	0.0	72.481	23.423	-19.808	0.0	2.321	46.691	-4.0	4.475	0.0	65.428	0.0	-7.942	0.0	2.606	45.722	-5.56	-0.15	0.0	71.145	3.299	-1.0	26.4	2.095	60.35	-5.88	-1.212	0.0	69.647	0.0	0.0	0.0	2.078	40.007	-4.54	1.288	213.752	67.465	6.06	-1.0	0.2	3.126	33.42	-4.86	0.725	0.0	69.023	27.273	-13.665	0.4	1.886	26.252	-4.12	1.538	0.0	63.677	20.953	0.0	0.2	2.623	0.775	-4.66	2.475	0.0	65.566	11.726	-1.0	0.0	1.743	93.286
