-1.0	6.162	4.785	84.339	25.748	-8.396	26.0	1.55	179.015	7.59	5.725	0.0	87.567	34.756	-15.223	11.2	1.902	181.631	7.52	6.537	0.0	89.871	27.128	-1.756	31.2	0.0	202.942	8.38	7.35	0.0	89.565	33.158	-2.825	26.2	0.0	198.971	8.08	8.287	0.0	86.242	14.56	-8.71	3.0	1.911	218.829	7.47	6.412	0.0	86.002	0.0	0.0	24.8	1.726	194.224	8.32	6.475	0.0	89.153	12.453	-11.757	46.6	0.0	182.115	7.83	7.162	0.0	85.357	27.564	-24.723	18.4	0.0	206.042	8.67	6.787	0.0	81.919	26.62	-23.933	24.8	1.852	175.237	7.72	6.475	0.0	91.885	20.299	-14.793	35.8	1.14	217.376	8.5
-1.0	6.162	0.0	81.546	25.893	-8.372	26.0	1.567	197.518	7.77	6.162	0.0	87.478	34.321	-15.389	11.2	2.112	211.467	7.6	6.412	0.0	89.673	26.765	-1.857	31.2	0.0	206.042	8.63	7.6	0.0	88.028	33.158	-2.77	26.2	1.282	201.005	8.14	8.6	0.0	85.478	14.996	-8.731	3.0	2.112	204.783	7.68	6.6	0.0	85.848	0.0	0.0	24.8	0.0	200.52	8.69	6.912	0.532	88.29	13.107	-12.066	46.6	0.0	191.124	7.84	7.162	0.0	85.428	27.056	-24.941	18.4	1.324	213.695	8.78	7.037	0.0	81.777	25.748	-24.239	24.8	1.877	166.519	7.86	6.662	0.0	91.73	20.372	-14.222	35.8	1.483	219.216	8.4
-1.0	5.725	0.532	83.41	25.893	-8.324	26.0	0.0	184.246	7.51	5.912	0.0	88.616	34.611	-15.49	11.2	1.877	258.739	7.74	6.725	0.0	89.226	27.491	-1.855	31.2	1.307	201.295	8.31	7.35	0.0	90.03	33.158	-2.754	26.2	1.542	211.37	7.64	8.162	0.0	87.982	14.996	-8.687	3.0	1.953	210.498	7.72	6.6	0.0	85.193	0.0	0.0	24.8	0.0	203.33	8.63	7.1	1.063	88.654	13.107	-12.055	46.6	0.0	194.224	7.9	7.225	0.0	85.443	27.056	-24.854	18.4	1.785	196.936	8.54	6.725	0.0	82.675	25.893	-23.578	24.8	1.098	175.722	7.51	6.662	0.0	93.307	20.299	-14.691	35.8	1.366	232.197	8.54
-1.0	6.037	0.532	86.853	26.402	-8.398	26.0	1.316	198.874	7.36	5.787	0.0	88.799	34.538	-15.698	11.2	1.869	217.666	7.7	6.662	0.0	89.808	26.765	-1.798	31.2	0.0	201.78	7.86	7.1	0.0	92.199	33.158	-2.665	26.2	0.0	204.686	7.66	8.287	0.0	88.299	14.778	-8.678	3.0	2.036	207.592	7.26	6.412	0.0	86.992	0.0	0.0	24.8	0.0	185.021	8.46	6.912	0.532	89.233	13.034	-11.904	46.6	0.0	175.431	7.81	6.912	0.0	85.811	26.765	-24.637	18.4	0.0	199.746	8.72	6.725	0.0	82.384	26.256	-24.133	24.8	0.0	173.494	7.32	6.537	0.0	94.211	20.372	-14.597	35.8	1.324	237.428	8.32
-1.0	6.162	5.317	98.939	26.111	-8.372	26.0	1.089	198.874	7.27	5.85	0.0	89.37	34.974	-15.477	11.2	1.534	223.866	7.74	6.6	0.0	89.949	27.346	-1.777	31.2	0.0	207.108	7.85	7.225	0.0	92.281	32.867	-2.709	26.2	1.056	206.333	7.68	8.475	0.0	88.171	14.778	-8.724	3.0	1.785	208.367	7.33	6.412	0.0	86.784	0.0	0.0	24.8	2.103	199.455	8.28	6.787	3.19	89.694	13.325	-12.004	46.6	0.0	186.281	7.93	7.412	0.0	85.588	27.564	-24.809	18.4	1.961	214.857	8.63	6.85	0.0	82.411	26.038	-24.396	24.8	1.844	198.68	7.22	6.412	0.0	94.697	20.372	-14.851	35.8	1.467	224.641	8.44
-1.0	5.725	0.0	99.65	26.038	-8.402	26.0	0.0	200.133	7.29	6.037	0.0	90.16	34.902	-15.363	11.2	1.802	249.343	7.4	6.475	0.0	90.405	26.983	-1.913	31.2	1.961	194.805	7.86	6.912	0.0	92.559	32.577	-2.528	26.2	0.0	204.105	7.44	8.162	0.0	89.281	14.923	-8.679	3.0	1.785	198.68	7.24	6.037	0.0	86.987	0.0	0.0	24.8	1.383	196.646	8.14	6.662	1.063	90.292	12.744	-11.864	46.6	2.011	177.659	7.78	7.037	0.0	86.305	27.637	-24.46	18.4	0.0	212.242	8.34	6.475	0.0	83.901	25.53	-23.719	24.8	1.416	193.643	7.22	6.6	0.0	95.045	20.372	-14.678	35.8	1.165	224.254	8.3
-1.0	5.787	1.595	0.0	25.966	-8.306	26.0	1.349	204.686	7.21	5.912	0.0	90.291	34.902	-15.413	11.2	1.869	236.169	7.21	6.412	0.0	91.153	26.983	-1.821	31.2	0.0	205.267	7.75	7.287	0.0	93.518	33.086	-2.767	26.2	0.972	214.179	7.4	7.975	0.0	89.862	14.923	-8.665	3.0	1.978	203.717	7.17	6.412	0.0	88.22	0.0	0.0	24.8	0.0	196.839	7.9	6.6	0.532	91.933	12.598	-11.934	46.6	0.0	186.087	7.72	7.225	0.0	86.359	27.273	-24.524	18.4	0.0	205.848	8.17	6.537	0.0	85.024	27.201	-24.071	24.8	2.011	182.406	7.2	6.412	0.0	95.486	20.299	-15.14	35.8	0.989	211.37	8.02
-1.0	5.975	4.254	0.0	25.893	-8.343	26.0	1.081	194.805	7.21	5.975	0.0	90.442	34.902	-15.125	11.2	1.81	254.768	7.21	6.537	0.0	91.793	26.838	-1.899	31.2	0.98	212.629	8.04	7.412	0.0	91.692	32.867	-2.776	26.2	1.475	206.817	7.32	7.975	0.0	90.276	14.487	-8.657	3.0	0.0	201.005	7.18	6.537	0.0	88.621	0.0	0.0	24.8	0.0	201.392	8.29	6.975	0.0	91.004	13.325	-11.994	46.6	0.0	181.631	7.38	6.975	0.0	87.962	27.056	-24.548	18.4	0.0	216.117	8.12	6.537	0.0	85.289	26.256	-23.961	24.8	1.793	167.294	7.21	6.6	0.0	95.021	20.154	-15.328	35.8	1.316	250.118	8.09
-1.0	5.975	0.0	0.0	26.474	-8.327	26.0	0.0	192.48	7.26	6.412	0.0	90.498	35.192	-15.289	11.2	1.852	237.428	7.2	6.537	0.0	91.875	27.056	-1.792	31.2	0.0	207.592	7.67	6.975	0.0	93.392	32.867	-2.657	26.2	0.0	205.17	7.38	8.037	0.0	90.096	14.778	-8.681	3.0	1.81	206.817	7.06	6.537	0.0	88.569	0.0	0.0	24.8	0.0	191.027	8.1	6.85	0.0	91.343	12.671	-12.055	46.6	1.232	184.053	7.45	7.287	0.0	88.202	27.346	-24.656	18.4	0.922	197.711	8.07	6.85	0.0	85.713	27.128	-1.0	24.8	0.0	178.434	7.19	6.662	0.0	95.483	20.081	-15.493	35.8	0.0	228.903	8.0
-1.0	6.475	0.0	0.0	26.402	-8.366	26.0	0.98	179.306	7.21	6.162	0.0	90.421	34.611	-17.134	11.2	1.492	241.109	7.28	6.725	0.0	91.385	27.201	-1.998	31.2	0.0	198.292	7.68	7.1	0.0	93.311	32.577	-8.093	26.2	0.905	198.486	7.4	8.037	0.0	90.014	15.286	-8.673	3.0	1.701	207.011	7.05	6.475	0.0	88.544	0.0	0.0	24.8	1.793	198.099	8.03	6.85	0.532	91.539	12.744	-12.181	46.6	0.922	180.468	7.58	7.287	0.0	87.43	27.056	-25.094	18.4	2.062	197.808	8.18	6.912	0.0	85.303	25.748	-23.974	24.8	0.0	187.734	7.14	6.35	0.0	95.51	20.299	-15.276	35.8	0.0	221.735	8.02
-1.0	6.662	3.19	0.0	26.184	-8.395	26.0	0.0	188.121	7.22	6.35	0.0	90.682	34.466	-15.202	11.2	1.006	232.294	7.17	6.662	0.0	92.037	26.62	-1.726	31.2	0.0	214.179	7.77	7.412	0.0	93.502	32.867	-2.812	26.2	0.0	193.836	7.38	7.912	0.0	90.031	14.778	-8.666	3.0	1.534	197.808	7.06	6.662	0.0	88.547	0.0	0.0	24.8	0.0	191.318	8.0	6.912	1.063	91.874	13.252	-11.826	46.6	0.0	184.149	7.54	7.225	0.0	87.465	27.056	-24.963	18.4	1.835	205.655	8.14	7.162	0.0	85.201	25.82	-24.17	24.8	0.0	157.801	7.2	6.975	0.0	95.567	20.299	-15.714	35.8	0.0	229.969	8.06
-1.0	6.725	0.0	0.0	26.111	-8.352	26.0	0.0	194.999	7.4	6.662	0.0	90.123	34.466	-15.118	11.2	1.827	253.993	7.18	6.787	0.0	92.019	26.62	-2.696	31.2	0.0	218.441	7.82	7.537	0.0	93.391	33.158	-8.141	26.2	0.0	222.316	7.3	7.912	0.0	90.184	14.633	-8.666	3.0	1.592	200.617	7.12	6.725	0.0	88.496	0.0	0.0	24.8	0.0	195.774	8.04	7.1	0.532	92.098	13.325	-12.014	46.6	0.0	172.234	7.39	7.537	0.0	88.431	26.765	-24.409	18.4	2.087	214.373	7.99	7.037	0.0	86.151	26.111	-24.128	24.8	1.735	175.722	7.22	7.037	0.0	95.309	20.154	-15.806	35.8	0.0	252.927	8.05
-1.0	6.787	0.0	0.0	26.62	-8.4	26.0	0.0	198.971	7.32	6.787	0.532	90.427	34.466	-15.831	11.2	1.341	215.342	7.16	6.725	0.0	92.415	27.128	-2.106	31.2	0.0	204.492	7.8	7.662	0.0	93.427	32.795	-3.008	26.2	0.0	192.868	7.38	7.975	0.0	90.421	15.577	-8.743	3.0	1.508	206.817	7.09	6.725	0.0	88.643	0.0	0.0	24.8	0.0	201.005	8.08	7.287	1.595	92.044	13.252	-12.004	46.6	0.0	175.819	7.35	7.412	0.0	88.752	26.838	-24.588	18.4	0.0	214.179	7.94	6.975	0.0	86.412	25.603	-23.772	24.8	1.559	145.111	7.22	7.1	0.0	95.248	20.009	-16.06	35.8	0.0	216.407	8.06
-1.0	6.787	0.0	0.0	25.893	-8.409	26.0	0.0	194.321	7.22	6.725	8.508	90.682	34.756	-14.566	11.2	1.735	198.971	7.18	7.037	0.0	92.294	27.491	-2.068	31.2	0.0	201.78	7.76	7.725	0.0	93.833	32.577	-2.886	26.2	0.0	206.042	7.43	8.037	0.0	90.261	14.705	-8.704	3.0	1.534	212.532	7.1	6.912	0.0	88.821	0.0	0.0	24.8	0.0	198.099	8.12	7.35	0.532	92.204	13.325	-12.055	46.6	0.0	188.605	7.34	7.412	0.0	88.816	26.765	-24.477	18.4	2.045	214.082	8.04	7.1	0.0	86.368	26.474	-24.26	24.8	0.0	205.461	7.2	7.037	0.0	95.567	20.299	-16.046	35.8	0.0	218.635	8.06
-1.0	6.787	0.0	0.0	26.111	-8.409	26.0	0.0	195.193	7.24	6.6	0.0	90.817	34.611	-15.032	11.2	1.148	225.707	7.36	7.162	0.0	91.534	27.056	-2.292	31.2	0.0	218.054	7.86	7.725	0.0	93.443	32.65	-2.886	26.2	0.0	209.82	7.44	8.1	0.0	90.567	14.633	-8.712	3.0	1.006	220.766	7.23	7.037	0.0	88.898	0.0	0.0	24.8	2.028	211.467	8.36	7.6	0.0	91.022	13.107	-12.714	46.6	1.944	183.762	7.46	7.6	0.0	88.16	27.346	-24.206	18.4	2.045	233.166	8.08	7.162	0.0	86.127	25.53	-24.058	24.8	2.103	170.588	7.21	7.1	0.0	95.651	20.009	-15.979	35.8	0.0	233.456	8.14
-1.0	7.037	0.532	0.0	26.692	-8.461	26.0	0.0	219.798	7.52	7.162	0.532	90.197	34.684	-15.754	11.2	1.492	251.28	7.34	7.162	0.0	91.614	27.056	-2.255	31.2	0.0	198.099	7.95	7.912	0.0	92.837	32.65	-3.134	26.2	0.0	185.506	7.62	8.037	0.0	89.327	14.85	-8.704	3.0	1.249	217.085	7.21	6.787	0.0	88.562	0.0	0.0	24.8	2.053	187.346	8.28	7.537	0.0	91.776	12.816	-12.21	46.6	0.0	182.018	7.35	7.662	0.0	88.819	27.564	-24.675	18.4	1.869	211.37	8.12	7.287	0.0	86.023	26.983	-24.323	24.8	0.0	184.246	7.28	7.287	0.0	95.387	20.009	-15.702	35.8	0.0	210.886	8.19
-1.0	7.1	0.532	0.0	26.111	-8.444	26.0	2.028	228.516	7.61	7.162	0.0	89.566	34.756	-15.521	11.2	1.643	280.438	7.41	7.162	0.0	91.505	26.91	-2.255	31.2	1.819	218.248	8.16	8.1	0.0	91.831	32.867	-3.237	26.2	2.137	194.805	7.74	8.1	0.0	88.807	14.705	-8.68	3.0	0.0	212.048	7.41	7.412	0.0	87.858	0.0	0.0	24.8	1.869	226.578	8.52	7.662	0.532	90.782	12.889	-12.359	46.6	1.701	185.409	7.6	7.912	0.0	87.727	27.564	-24.65	18.4	1.718	223.285	8.2	7.35	0.0	85.676	25.53	-24.345	24.8	0.0	180.081	7.53	7.412	0.0	94.247	20.299	-15.422	35.8	0.0	231.131	8.32
-1.0	7.162	0.0	0.0	26.256	-8.442	26.0	0.0	225.61	7.71	7.287	0.0	89.152	34.538	-15.702	11.2	2.137	247.115	7.43	7.225	0.0	91.553	26.838	-2.349	31.2	2.112	223.285	8.12	8.037	0.0	92.119	32.722	-2.997	26.2	2.12	197.033	7.8	8.225	0.0	88.712	14.996	-8.695	3.0	0.0	200.23	7.44	7.287	0.0	87.485	0.0	0.0	24.8	1.785	203.717	8.54	7.6	0.0	90.33	12.671	-12.178	46.6	1.877	179.693	7.7	7.85	0.0	87.595	27.273	-24.628	18.4	1.919	221.154	8.23	7.35	0.0	85.66	27.056	-24.233	24.8	0.0	171.944	7.56	7.412	0.0	94.111	19.863	-15.199	35.8	0.0	228.516	8.56
-1.0	7.225	0.0	0.0	26.184	-8.466	26.0	1.994	236.169	7.71	7.35	0.0	88.954	34.611	-15.638	11.2	0.0	264.455	7.58	7.287	0.0	90.992	27.346	-2.262	31.2	1.735	230.356	8.22	8.287	0.0	91.632	32.867	-8.288	26.2	1.668	200.908	7.9	8.162	0.0	88.092	14.923	-8.663	3.0	2.011	206.236	7.58	7.225	0.0	87.048	0.0	0.0	24.8	1.55	210.692	8.52	7.6	0.0	90.325	13.397	-12.137	46.6	1.559	182.018	7.74	7.975	0.0	87.448	26.692	-24.672	18.4	1.81	233.553	8.28	7.35	0.0	85.511	26.329	-24.233	24.8	1.777	170.781	7.62	7.6	0.0	93.67	20.372	-15.021	35.8	2.087	242.853	8.48
-1.0	7.1	0.0	0.0	25.82	-8.435	26.0	0.0	271.526	7.79	7.35	0.0	88.62	35.12	-15.26	11.2	0.0	301.749	7.58	7.6	0.0	90.776	26.983	-2.442	31.2	1.55	239.753	8.22	8.287	0.0	91.482	32.577	-2.938	26.2	1.534	220.282	7.88	8.35	0.0	88.421	14.778	-8.709	3.0	0.0	219.216	7.68	6.975	0.0	86.462	0.0	0.0	24.8	0.913	208.367	8.74	7.6	0.0	89.215	13.18	-12.096	46.6	1.324	177.95	7.87	7.912	0.0	86.894	27.564	-24.65	18.4	1.559	231.616	8.4	7.412	0.0	84.963	26.62	-24.254	24.8	0.0	189.768	7.66	7.725	0.0	93.64	20.299	-14.975	35.8	1.802	261.452	8.68
-1.0	7.35	0.532	0.0	26.329	-8.455	26.0	0.0	254.283	7.8	7.6	0.0	88.379	34.611	-15.77	11.2	1.349	237.331	7.64	7.287	0.0	90.489	27.346	-2.371	31.2	1.886	273.463	8.27	8.412	0.0	90.435	32.722	-3.203	26.2	1.006	201.78	7.86	8.475	0.0	88.216	14.705	-8.708	3.0	0.0	219.604	7.74	7.1	0.0	86.25	0.0	0.0	24.8	1.006	197.905	8.72	7.6	1.063	88.833	13.325	-12.262	46.6	0.0	178.434	7.8	7.912	0.0	86.854	27.346	-24.65	18.4	0.0	238.203	8.35	7.35	0.0	85.113	25.82	-24.456	24.8	0.0	168.069	7.67	7.85	0.0	93.057	19.791	-14.654	35.8	0.0	308.337	8.78
-1.0	7.225	0.0	0.0	26.184	-8.458	26.0	1.257	289.35	7.86	7.6	0.0	88.171	34.321	-15.848	11.2	0.0	287.8	7.5	7.287	0.0	90.971	27.273	-2.588	31.2	0.0	225.029	8.21	8.537	0.0	91.586	32.795	-8.298	26.2	1.441	197.518	7.96	8.537	0.0	87.682	14.778	-8.708	3.0	1.542	222.897	7.73	7.225	0.0	86.179	0.0	0.0	24.8	1.039	205.17	8.64	7.6	3.19	89.389	12.744	-12.055	46.6	0.0	191.318	7.84	7.975	0.0	86.683	27.346	-24.672	18.4	0.0	232.584	8.34	7.537	0.0	84.972	25.966	-24.297	24.8	1.869	201.586	7.68	7.85	0.0	93.206	20.299	-14.93	35.8	0.0	250.893	8.8
-1.0	7.225	1.063	0.0	26.256	-8.449	26.0	1.877	247.115	7.8	7.412	0.0	88.423	34.538	-15.729	11.2	0.0	287.8	7.54	7.412	0.0	91.024	27.273	-2.559	31.2	1.19	257.48	8.22	8.225	0.0	91.159	33.013	-8.254	26.2	0.0	238.493	7.93	8.412	0.0	87.921	14.923	-8.693	3.0	0.955	206.333	7.7	7.162	0.0	86.49	0.0	0.0	24.8	0.0	192.868	8.74	7.725	0.532	88.971	13.18	-12.157	46.6	0.0	168.457	7.87	7.912	0.0	86.463	27.346	-24.65	18.4	0.0	228.419	8.42	7.6	0.0	84.573	26.692	-24.542	24.8	1.869	188.605	7.63	7.725	0.0	93.13	20.081	-14.629	35.8	1.131	256.414	8.72
-1.0	7.225	0.0	0.0	25.893	-8.458	26.0	1.391	266.101	7.77	7.35	0.532	88.149	34.538	-15.561	11.2	0.955	289.931	7.6	7.35	0.0	90.413	26.692	-2.501	31.2	1.55	233.166	8.16	7.975	0.0	91.358	32.577	-3.12	26.2	0.0	208.658	7.86	8.412	0.0	87.948	14.415	-8.701	3.0	1.207	230.647	7.76	7.162	0.0	85.913	0.0	0.0	24.8	1.517	191.705	8.7	7.787	0.532	89.227	13.034	-12.294	46.6	0.0	190.833	7.78	7.85	0.0	87.075	27.273	-24.963	18.4	0.0	351.734	8.4	7.35	0.0	84.778	26.692	-24.345	24.8	1.609	217.473	7.6	7.6	0.0	92.996	20.299	-14.604	35.8	1.106	248.18	8.75
-1.0	7.037	1.595	0.0	26.184	-8.461	26.0	0.0	264.939	7.81	7.287	0.0	87.6	34.902	-16.02	11.2	0.0	289.253	7.52	7.225	0.0	90.933	27.201	-2.422	31.2	0.0	255.058	8.22	7.975	0.0	90.661	32.577	-3.047	26.2	0.0	202.167	7.9	8.287	0.0	87.846	14.705	-8.686	3.0	0.0	252.055	7.72	7.037	0.0	86.017	0.0	0.0	24.8	1.969	199.358	8.6	7.35	0.0	89.467	12.308	-12.179	46.6	1.173	181.631	7.75	7.725	0.0	86.842	26.838	-24.585	18.4	1.718	245.468	8.34	7.162	0.0	84.949	25.748	-24.281	24.8	0.0	167.585	7.54	7.6	0.0	93.336	20.299	-14.47	35.8	1.14	262.905	8.64
-1.0	6.975	2.659	0.0	26.474	-8.43	26.0	1.483	223.188	7.76	7.225	0.532	88.391	34.902	-15.308	11.2	1.416	252.733	7.68	7.287	0.0	90.369	26.62	-2.552	31.2	0.0	255.252	8.27	8.1	0.0	90.5	32.577	-3.128	26.2	1.106	221.154	7.9	8.475	0.0	88.137	14.487	-8.724	3.0	0.0	218.345	7.8	7.037	0.0	85.556	0.0	0.0	24.8	1.249	186.184	8.69	7.537	0.532	88.781	12.744	-12.126	46.6	0.0	187.056	7.78	7.85	0.0	86.578	26.983	-24.628	18.4	0.0	234.716	8.36	7.225	0.0	84.396	27.056	-24.413	24.8	1.978	182.018	7.6	7.412	0.0	93.038	20.009	-14.433	35.8	2.003	256.027	8.8
-1.0	7.1	0.0	0.0	25.966	-8.452	26.0	0.947	304.268	7.85	7.162	0.0	87.453	34.829	-15.676	11.2	0.0	286.638	7.52	7.1	0.0	90.458	27.128	-2.665	31.2	0.0	216.31	8.23	7.6	0.0	90.533	32.432	-2.842	26.2	1.701	202.942	7.94	8.412	0.0	86.957	14.923	-8.693	3.0	1.408	210.595	7.86	7.037	0.0	85.111	0.0	0.0	24.8	0.0	206.817	8.82	7.287	0.532	88.277	12.961	-12.127	46.6	2.103	210.692	7.8	7.6	0.0	86.219	27.201	-24.43	18.4	0.0	262.13	8.4	7.1	0.0	84.336	27.128	-24.591	24.8	1.374	215.729	7.56	7.35	0.0	93.278	20.009	-14.421	35.8	0.0	250.215	8.81
-1.0	6.975	1.063	0.0	26.111	-8.454	26.0	1.601	294.775	7.84	7.162	0.532	87.607	34.902	-15.676	11.2	1.877	300.878	7.72	7.162	0.0	89.769	27.201	-2.255	31.2	0.0	224.544	8.26	7.6	0.0	90.367	33.158	-2.842	26.2	0.0	193.255	7.96	8.35	0.0	87.029	14.778	-8.717	3.0	0.0	193.546	7.81	6.787	0.0	85.145	0.0	0.0	24.8	2.129	205.848	8.7	7.35	0.532	88.091	12.526	-12.055	46.6	1.391	177.562	7.78	7.6	0.0	86.123	27.491	-24.653	18.4	0.0	198.874	8.36	7.037	0.0	84.326	25.603	-24.57	24.8	1.089	179.112	7.72	7.287	0.0	92.098	19.863	-14.024	35.8	1.24	247.89	8.58
-1.0	6.912	1.063	0.0	25.966	-8.503	26.0	0.0	281.504	7.98	7.287	0.0	86.672	34.611	-15.625	11.2	0.913	304.849	7.74	7.1	0.0	89.468	26.62	-8.093	31.2	1.458	249.44	8.36	7.912	0.0	89.758	32.94	-2.952	26.2	1.534	199.842	8.08	8.787	0.0	86.378	14.633	-8.777	3.0	0.0	288.188	7.72	6.662	0.0	85.491	0.0	0.0	24.8	0.0	203.717	8.64	7.287	0.532	88.456	12.235	-11.886	46.6	0.0	193.062	7.92	7.662	0.0	85.631	27.491	-24.452	18.4	0.0	236.653	8.4	7.037	0.0	83.962	25.53	-25.006	24.8	1.668	212.048	7.9	7.537	0.0	90.621	20.154	-14.524	35.8	1.031	263.776	8.68
-1.0	6.787	0.0	0.0	26.474	-8.433	26.0	1.819	210.498	7.94	7.225	0.532	86.934	34.974	-15.689	11.2	0.0	269.492	7.66	7.1	0.0	89.972	27.201	-2.45	31.2	1.123	258.642	8.28	8.037	0.0	90.219	32.795	-2.997	26.2	1.877	200.036	8.0	8.537	0.0	86.79	14.56	-8.732	3.0	1.525	240.14	7.86	6.725	0.0	85.042	0.0	0.0	24.8	1.098	211.951	8.74	7.225	0.532	88.168	12.526	-12.158	46.6	1.592	194.03	7.85	7.725	0.0	86.003	26.983	-24.808	18.4	1.274	237.622	8.34	7.162	0.0	84.345	26.111	-23.946	24.8	1.441	163.032	7.69	7.225	0.0	92.133	20.299	-14.597	35.8	0.0	275.691	8.7
