10.21	12.85	303.612	54.837	25.021	-12.493	34.8	0.0	45.432	8.46	12.037	272.773	55.79	33.231	-9.012	28.8	0.0	68.874	8.34	14.537	0.0	55.095	24.222	-11.36	0.0	1.726	56.281	9.93	15.912	0.0	53.122	30.833	-5.605	35.0	0.0	50.275	9.38	16.225	0.0	54.329	11.363	-10.152	0.0	1.726	58.413	9.26	11.975	0.0	57.258	0.0	0.0	0.2	1.425	35.842	9.7	14.475	432.82	54.256	9.838	-28.98	0.0	2.12	19.18	9.08	14.287	0.0	56.822	26.329	-12.232	31.6	1.307	39.232	9.87	15.912	0.0	54.43	22.115	-1.0	0.0	0.0	333.135	9.79	13.787	0.0	54.12	9.692	-1.0	37.2	1.617	100.551	9.76
10.08	17.413	607.225	54.013	25.457	-13.466	34.8	1.969	65.387	8.66	15.6	557.775	55.319	33.376	-9.504	28.8	0.0	68.874	8.42	17.85	0.0	56.048	24.367	-11.949	0.0	1.919	39.038	10.34	20.475	0.0	53.12	30.833	-7.007	35.0	1.534	52.019	9.98	18.413	0.0	54.386	11.073	-10.534	0.0	1.341	62.287	9.05	13.662	0.0	56.055	0.0	0.0	0.2	2.103	40.976	10.11	17.413	650.294	55.268	10.201	-29.375	0.0	1.031	31.289	9.1	15.85	0.0	55.384	26.474	-12.523	31.6	1.743	40.395	10.53	19.1	0.0	54.227	22.043	-32.1	0.0	0.0	314.924	10.62	18.225	0.0	54.509	10.128	-1.0	37.2	1.274	108.688	9.82
10.2	15.85	447.177	53.521	25.167	-12.987	34.8	2.112	49.113	8.74	15.037	398.79	54.532	33.957	-9.406	28.8	0.0	70.231	8.7	17.6	0.0	55.561	24.731	-11.903	0.0	1.341	51.147	10.49	18.163	0.0	52.357	31.124	-6.438	35.0	1.684	51.825	10.16	17.975	0.0	54.711	11.363	-10.495	0.0	1.098	62.578	9.4	14.412	0.0	55.989	0.0	0.0	0.2	0.913	37.586	9.98	16.225	455.684	54.178	9.838	-29.675	0.0	1.475	32.258	9.41	15.912	0.0	54.809	26.547	-12.502	31.6	0.0	35.939	10.2	17.163	0.0	52.769	22.333	-30.493	0.0	0.0	333.135	10.0	18.288	0.0	53.911	10.419	-1.0	37.2	1.835	111.013	9.79
10.39	18.288	583.829	52.856	24.949	-13.569	34.8	1.475	58.219	8.94	16.225	594.995	55.154	33.158	-9.498	28.8	0.0	69.552	8.54	19.538	0.0	54.236	24.222	-12.274	0.0	1.559	62.384	10.02	19.725	0.0	51.928	30.543	-6.843	35.0	1.332	57.444	9.67	18.663	0.0	53.175	11.0	-10.543	0.0	0.0	56.863	9.31	14.537	0.0	54.051	0.0	0.0	0.2	1.358	40.976	10.58	18.913	647.635	54.354	10.128	-30.761	0.0	0.0	44.56	9.63	16.538	0.0	56.73	26.62	-12.494	31.6	1.156	33.517	10.81	19.913	0.0	52.129	21.97	-31.801	0.0	0.0	328.389	9.98	20.225	0.0	54.654	10.201	-1.0	37.2	1.391	119.44	9.9
10.19	17.038	551.394	54.178	25.53	-13.387	34.8	1.911	33.13	8.62	15.725	566.282	54.781	33.303	-9.513	28.8	1.978	69.456	8.6	19.85	0.0	53.769	24.731	-12.291	0.0	1.257	61.319	9.99	19.6	0.0	50.465	31.051	-6.8	35.0	1.358	72.362	10.08	19.163	0.0	52.993	11.291	-10.643	0.0	1.064	86.989	9.74	15.662	0.0	55.272	0.0	0.0	0.2	0.0	35.358	10.6	18.413	617.859	53.127	9.838	-1.0	0.0	1.224	23.83	10.06	17.163	0.0	56.648	26.62	-12.679	31.6	0.0	33.517	10.9	19.538	0.0	52.838	22.406	-30.957	0.0	0.0	343.597	10.82	18.975	0.0	51.736	10.128	-1.0	37.2	1.475	94.642	10.55
10.08	16.85	550.862	53.654	25.094	-13.432	34.8	1.224	54.344	9.42	16.038	551.926	54.364	33.303	-9.558	28.8	1.835	70.424	8.66	19.1	0.0	52.642	24.513	-12.1	0.0	0.997	35.067	9.98	19.163	0.0	51.468	30.761	-6.411	35.0	1.575	40.492	10.04	18.913	0.0	53.528	10.782	-10.568	0.0	0.0	70.618	9.55	15.6	0.0	54.115	0.0	0.0	0.2	0.947	41.17	10.69	18.913	608.82	51.9	10.346	-30.633	0.0	0.0	23.442	10.38	17.288	0.0	55.04	26.547	-12.941	31.6	0.0	36.81	10.83	19.85	0.0	53.731	22.188	-31.253	0.0	0.0	302.524	10.99	19.913	0.0	52.367	10.346	-1.0	37.2	1.173	103.263	10.55
10.97	17.663	539.696	53.451	25.53	-13.561	34.8	0.98	46.982	8.82	16.163	546.077	53.741	33.231	-9.557	28.8	1.508	69.456	8.67	19.288	0.0	53.69	24.222	-12.652	0.0	1.098	34.098	10.6	19.913	0.0	51.584	30.543	-6.235	35.0	1.198	54.053	10.29	19.1	0.0	53.564	10.782	-10.666	0.0	0.0	75.268	9.48	14.912	0.0	53.028	0.0	0.0	0.2	1.006	38.651	10.56	18.663	601.376	51.973	9.692	-30.759	0.0	0.997	41.557	9.97	16.975	0.0	53.158	26.402	-12.61	31.6	1.056	21.989	10.95	20.1	0.0	53.177	22.551	-31.256	0.0	0.0	309.983	10.27	18.975	0.0	51.478	10.056	-1.0	37.2	1.425	90.476	10.73
10.72	18.1	538.633	53.475	24.876	-13.784	34.8	1.626	43.688	9.4	15.787	535.443	54.421	33.376	-9.483	28.8	2.062	43.204	8.8	19.6	0.0	53.738	23.859	-12.072	0.0	1.525	38.942	10.29	19.725	0.0	51.115	30.979	-6.364	35.0	1.542	49.888	9.85	18.725	0.0	52.328	11.218	-10.797	0.0	1.492	74.977	9.8	15.1	0.0	55.044	0.0	0.0	0.2	0.0	40.879	10.78	17.913	593.4	52.125	9.838	-30.127	0.0	0.0	26.639	10.02	17.475	0.0	52.412	26.62	-12.841	31.6	0.0	33.614	11.29	19.475	0.0	52.499	21.97	-31.311	0.0	0.0	307.174	10.56	19.413	0.0	50.725	10.056	-1.0	37.2	1.215	108.397	10.43
10.22	16.85	552.458	53.824	24.731	-13.517	34.8	1.835	49.113	9.54	16.413	535.974	54.054	33.376	-9.554	28.8	0.922	50.663	9.0	18.913	0.0	53.976	24.15	-11.96	0.0	0.997	52.31	10.44	19.1	0.0	51.501	30.615	-6.153	35.0	1.651	55.41	10.06	18.975	0.0	52.418	11.363	-10.653	0.0	0.0	81.177	9.7	15.287	0.0	53.629	0.0	0.0	0.2	0.913	41.17	10.69	18.413	613.605	53.321	10.201	-30.505	0.0	1.467	32.742	9.88	17.038	0.0	54.223	26.692	-12.754	31.6	0.0	33.517	11.31	19.288	0.0	55.653	22.333	-30.827	0.0	0.0	308.24	10.44	20.288	0.0	53.975	10.056	-1.0	37.2	1.366	121.765	10.69
10.5	18.225	554.053	54.044	25.603	-13.946	34.8	0.0	49.21	8.8	16.225	556.18	53.201	33.231	-9.527	28.8	1.634	55.7	9.28	19.6	0.0	54.789	24.077	-12.093	0.0	1.014	40.782	10.67	19.788	0.0	52.715	31.124	-6.145	35.0	1.215	72.749	10.26	18.913	0.0	52.567	11.291	-10.651	0.0	0.0	53.86	9.79	14.662	0.0	55.487	0.0	0.0	0.2	1.55	35.067	10.47	17.725	611.479	54.517	9.838	-29.908	0.0	1.626	30.708	9.93	16.913	0.0	53.062	26.474	-12.762	31.6	1.383	30.514	11.34	19.6	0.0	53.503	21.825	-30.729	0.0	0.0	0.097	10.27	20.538	0.0	51.963	9.765	-1.0	37.2	1.182	107.816	10.74
10.74	17.475	518.959	53.508	25.239	-13.737	34.8	1.282	51.825	9.12	16.6	531.189	54.023	33.449	-9.532	28.8	1.257	55.41	8.94	19.975	0.0	53.908	24.15	-12.126	0.0	1.634	29.448	10.99	18.788	0.0	52.609	31.633	-5.385	35.0	1.894	47.079	10.1	18.975	0.0	52.785	11.291	-10.662	0.0	1.467	61.9	10.03	15.662	0.0	53.976	0.0	0.0	0.2	0.0	34.583	10.38	17.163	580.107	55.693	9.62	-30.129	0.0	0.0	33.226	10.12	17.288	0.0	54.586	26.547	-12.837	31.6	0.0	30.611	11.51	19.538	0.0	55.326	21.68	-30.957	0.0	0.0	357.159	10.52	19.725	0.0	52.573	10.492	-1.0	37.2	1.425	102.779	10.56
10.4	15.975	418.996	53.489	25.239	-13.555	34.8	0.0	50.372	9.33	16.35	543.95	54.648	33.376	-9.506	28.8	1.994	61.9	9.25	18.725	0.0	56.349	24.585	-11.905	0.0	1.291	45.141	10.86	18.538	0.0	52.983	30.688	-5.68	35.0	0.0	46.691	10.38	18.1	0.0	55.575	10.782	-10.45	0.0	0.0	58.316	9.44	14.162	0.0	55.228	0.0	0.0	0.2	0.0	34.486	10.64	17.163	492.373	56.618	10.346	-29.634	0.0	1.877	18.405	9.85	17.1	0.0	55.673	26.474	-12.8	31.6	0.0	36.326	11.28	18.413	0.0	53.675	22.406	-29.733	0.0	0.0	345.535	10.94	19.35	0.0	51.935	9.91	-1.0	37.2	1.014	94.835	10.29
10.1	13.412	259.48	54.344	24.803	-12.958	34.8	0.0	36.423	8.76	14.412	427.503	54.802	33.303	-9.196	28.8	2.003	61.706	9.12	16.975	0.0	56.153	24.222	-11.583	0.0	0.0	37.779	10.25	16.475	0.0	53.678	30.543	-4.632	35.0	0.0	37.586	10.24	16.663	0.0	55.554	11.291	-10.276	0.0	2.011	52.213	9.54	13.6	0.0	55.686	0.0	0.0	0.2	1.994	45.529	10.12	16.6	554.053	56.98	9.91	-29.611	0.0	0.0	24.314	9.82	16.475	0.0	57.139	26.184	-13.798	31.6	1.751	34.292	10.8	16.6	0.0	54.864	22.261	-28.989	0.0	0.0	329.648	11.02	16.725	0.0	51.885	9.91	-1.0	37.2	1.869	87.958	10.3
10.34	13.162	288.724	55.687	24.731	-12.589	34.8	0.0	52.407	8.99	13.225	281.812	55.398	33.231	-9.047	28.8	0.0	62.384	8.86	15.1	0.0	56.759	24.004	-11.202	0.0	0.0	41.17	10.28	16.1	0.0	54.639	31.124	-4.868	35.0	1.802	42.041	9.94	16.1	0.0	55.775	10.782	-10.204	0.0	0.0	56.863	9.44	12.537	0.0	56.818	0.0	0.0	0.2	0.0	34.97	9.92	14.787	362.102	56.597	9.765	-28.649	0.0	1.768	20.73	9.28	15.412	0.0	56.94	26.692	-12.473	31.6	0.0	20.439	10.98	16.413	0.0	57.111	21.897	-28.902	0.0	0.0	12.399	10.64	14.975	0.0	54.721	10.274	-1.0	37.2	1.425	86.117	9.72
10.38	12.162	239.806	56.255	24.658	-12.894	34.8	0.0	40.879	8.84	12.037	280.748	56.023	33.231	-8.884	28.8	0.0	62.287	8.98	15.662	0.0	58.291	23.786	-11.28	0.0	2.112	39.232	10.2	14.475	0.0	55.4	30.906	-4.5	35.0	1.844	52.6	9.62	15.787	0.0	54.691	11.073	-10.117	0.0	2.028	51.922	9.11	11.787	0.0	56.797	0.0	0.0	0.2	1.927	37.682	9.96	13.912	251.504	59.543	10.201	-28.841	0.0	0.0	22.958	9.27	14.725	0.0	57.055	26.62	-12.514	31.6	1.575	30.998	10.22	14.475	0.0	55.432	22.406	-1.0	0.0	0.0	335.363	10.22	13.412	0.0	54.332	10.492	-1.0	37.2	1.894	85.536	9.78
9.86	11.85	281.812	56.029	24.949	-12.466	34.8	1.919	45.916	8.58	11.662	199.927	56.189	33.376	-8.946	28.8	0.0	61.997	8.51	12.725	0.0	58.794	24.367	-10.87	0.0	0.0	42.816	9.98	14.787	0.0	56.224	31.269	-4.736	35.0	2.053	46.885	9.84	15.662	0.0	57.931	11.291	-10.121	0.0	1.785	62.578	9.21	11.537	0.0	58.761	0.0	0.0	0.2	2.011	40.976	9.68	13.287	244.06	57.118	10.346	-28.106	0.0	1.994	28.964	9.04	14.1	0.0	59.224	26.329	-12.329	31.6	1.86	29.255	10.36	15.1	0.0	56.075	21.752	-28.91	0.0	0.0	351.734	10.06	12.725	0.0	56.854	10.056	-1.0	37.2	1.458	99.97	9.6
9.93	10.787	185.039	57.449	24.949	-12.317	34.8	0.0	45.722	8.74	11.787	199.395	57.207	33.086	-8.917	28.8	1.994	62.19	8.31	13.537	0.0	58.041	24.004	-10.946	0.0	2.003	35.261	9.78	13.6	0.0	56.664	30.979	-4.502	35.0	1.643	44.56	9.52	15.037	0.0	55.683	11.0	-9.995	0.0	2.045	62.481	9.01	11.412	0.0	57.161	0.0	0.0	0.2	1.969	33.711	9.74	13.037	201.522	57.974	9.62	-28.229	0.0	1.567	22.183	9.23	14.412	0.0	59.915	26.474	-12.525	31.6	1.886	36.617	10.13	13.662	0.0	56.217	22.333	-26.335	0.0	0.0	12.206	10.06	12.6	0.0	55.911	10.419	-1.0	37.2	1.902	85.342	9.7
10.1	11.35	220.132	56.86	25.239	-12.416	34.8	0.0	47.273	8.44	11.725	392.941	56.549	33.303	-8.963	28.8	0.0	61.997	8.38	13.787	0.0	58.254	24.295	-11.004	0.0	1.777	37.198	10.12	15.225	0.0	56.539	31.415	-5.364	35.0	1.844	40.201	9.68	15.412	0.0	56.355	10.782	-10.067	0.0	1.81	68.874	9.17	11.162	0.0	57.798	0.0	0.0	0.2	1.332	37.779	9.7	15.725	526.403	57.209	10.201	-29.198	0.0	2.045	35.261	8.98	13.912	0.0	58.406	26.256	-12.295	31.6	1.307	30.998	10.52	16.475	0.0	58.59	22.115	-29.305	0.0	0.0	345.438	9.82	13.537	0.0	56.288	10.419	-1.0	37.2	1.24	95.126	9.62
9.69	12.912	404.639	56.062	25.239	-12.62	34.8	0.0	50.566	8.56	11.85	283.407	56.215	34.175	-9.076	28.8	1.827	62.384	8.36	13.85	0.0	57.498	24.295	-11.05	0.0	1.978	41.267	10.1	15.412	0.0	57.182	30.034	-5.43	35.0	1.726	47.951	9.73	16.35	0.0	58.176	11.218	-10.251	0.0	1.659	61.125	8.93	11.537	0.0	58.37	0.0	0.0	0.2	2.062	41.073	9.74	14.1	340.833	59.075	10.419	-28.926	0.0	0.0	24.605	9.14	14.287	0.0	60.672	26.329	-12.61	31.6	1.668	30.223	10.45	15.975	0.0	59.39	22.115	-29.071	0.0	0.0	322.673	9.96	13.6	0.0	56.309	10.056	-1.0	37.2	1.433	92.317	9.67
9.94	14.662	429.63	56.982	24.876	-12.872	34.8	2.137	53.666	8.59	14.225	538.633	56.659	33.013	-9.151	28.8	1.894	62.19	8.64	18.038	0.0	57.745	24.15	-11.719	0.0	1.819	53.569	10.18	17.35	0.0	55.604	31.051	-6.153	35.0	0.0	40.201	9.78	17.35	0.0	55.781	11.218	-10.442	0.0	1.534	76.14	9.36	13.537	0.0	58.929	0.0	0.0	0.2	1.827	36.81	10.15	16.913	516.301	56.897	9.91	-29.761	0.0	2.036	35.745	9.2	16.1	0.0	57.657	26.474	-12.998	31.6	2.137	29.836	10.34	18.225	0.0	54.945	22.406	-30.41	0.0	0.0	340.885	10.2	17.35	0.0	55.785	10.492	-1.0	37.2	1.601	101.326	9.8
10.15	15.975	503.539	56.249	25.312	-13.17	34.8	1.936	77.98	8.3	14.475	499.817	57.431	33.376	-9.355	28.8	2.12	61.803	8.76	17.475	0.0	57.152	24.15	-11.508	0.0	2.12	41.073	10.42	17.725	0.0	55.521	30.543	-6.421	35.0	1.852	43.591	10.18	17.6	0.0	56.843	11.145	-10.45	0.0	1.651	56.475	9.26	13.787	0.0	57.112	0.0	0.0	0.2	2.003	41.945	10.66	17.475	558.306	58.379	9.765	-29.911	0.0	1.383	31.483	9.6	16.6	0.0	58.822	26.62	-13.137	31.6	1.877	39.813	11.08	18.288	0.0	55.768	22.261	-31.186	0.0	0.0	343.985	10.87	18.225	0.0	56.564	9.983	-1.0	37.2	1.425	95.223	10.14
10.9	16.913	490.246	54.998	25.748	-13.445	34.8	1.257	56.088	8.39	14.537	478.017	57.066	33.303	-9.289	28.8	0.0	72.749	8.8	17.975	0.0	56.867	23.568	-11.707	0.0	1.726	46.594	10.01	16.913	0.0	52.26	30.543	-6.0	35.0	1.55	40.298	9.93	17.975	0.0	56.804	10.927	-10.511	0.0	1.575	64.612	9.16	13.975	0.0	58.926	0.0	0.0	0.2	1.626	43.301	10.2	17.413	539.696	57.607	9.765	-30.005	0.0	1.76	34.679	9.7	16.475	0.0	58.258	26.765	-13.112	31.6	1.039	26.93	10.47	18.288	0.0	55.41	22.188	-30.567	0.0	0.0	320.348	10.96	17.663	0.0	54.409	10.564	-1.0	37.2	1.575	90.573	9.88
10.08	15.287	469.509	55.53	24.949	-15.07	34.8	1.911	58.8	8.82	14.6	463.66	56.548	33.376	-9.335	28.8	1.953	73.234	8.49	17.475	0.0	55.853	24.295	-11.635	0.0	1.827	43.204	10.06	16.85	0.0	55.497	30.543	-5.933	35.0	1.492	49.694	9.98	17.35	0.0	57.31	11.291	-10.402	0.0	1.584	53.375	9.25	13.787	0.0	56.525	0.0	0.0	0.2	1.399	40.201	10.47	16.913	523.213	58.669	10.128	-29.638	0.0	0.0	32.064	9.53	16.475	0.0	55.98	26.547	-13.035	31.6	1.265	16.855	10.97	17.975	0.0	56.815	21.97	-30.781	0.0	0.0	330.035	10.45	17.413	0.0	55.199	9.838	-1.0	37.2	1.349	93.77	9.85
10.0	14.975	453.558	55.755	25.385	-13.094	34.8	0.0	31.58	8.6	14.1	448.24	56.222	33.303	-9.248	28.8	1.802	73.33	8.8	17.038	0.0	56.34	24.585	-11.594	0.0	1.492	45.819	10.08	16.35	0.0	55.382	31.124	-5.535	35.0	1.517	44.366	9.5	17.35	0.0	56.299	11.145	-10.393	0.0	1.492	62.093	9.44	13.725	0.0	58.014	0.0	0.0	0.2	1.131	40.395	10.14	16.538	504.603	56.012	9.765	-29.581	0.0	1.651	35.164	9.69	16.475	0.0	57.266	26.474	-13.073	31.6	0.905	18.115	10.28	17.35	0.0	53.562	22.479	-30.707	0.0	0.0	338.56	10.12	16.975	0.0	53.959	10.346	-31.102	37.2	1.886	92.317	10.13
9.99	14.412	419.527	55.783	25.53	-13.067	34.8	1.802	56.959	8.83	13.975	425.376	56.462	33.449	-9.222	28.8	1.827	73.137	8.78	16.538	0.0	56.98	24.658	-11.486	0.0	1.475	45.916	10.06	16.038	0.0	56.206	31.051	-5.472	35.0	1.441	49.888	10.0	17.163	0.0	57.255	11.291	-10.364	0.0	1.215	61.028	9.17	13.037	0.0	57.04	0.0	0.0	0.2	1.249	38.748	10.26	16.663	476.422	56.796	10.056	-29.641	0.0	0.0	33.711	9.56	16.35	0.0	57.07	26.474	-13.126	31.6	1.349	24.508	10.46	16.913	0.0	56.444	22.043	-1.0	0.0	0.0	319.573	10.46	17.163	0.0	57.56	9.91	-1.0	37.2	1.156	107.816	10.17
9.62	13.975	422.718	56.052	25.603	-12.859	34.8	1.877	47.563	8.34	12.975	402.512	57.029	33.303	-9.079	28.8	1.735	73.137	8.48	16.038	0.0	56.321	24.295	-11.399	0.0	1.751	48.629	10.26	15.787	0.0	55.705	31.051	-5.164	35.0	1.081	45.335	9.55	17.038	0.0	55.953	10.709	-10.319	0.0	1.45	60.447	9.18	12.912	0.0	58.003	0.0	0.0	0.2	1.274	36.617	10.22	16.475	478.017	57.61	9.91	-29.551	0.0	1.517	57.25	9.96	15.912	0.0	56.162	26.765	-13.281	31.6	0.0	23.636	10.97	16.913	0.0	56.933	22.043	-30.84	0.0	0.0	336.138	10.24	15.85	0.0	54.633	10.056	-1.0	37.2	1.458	97.451	10.54
9.6	13.85	423.781	56.52	25.094	-12.916	34.8	1.927	50.953	8.66	13.537	405.703	56.845	33.594	-9.03	28.8	1.768	72.943	8.88	17.538	0.0	55.853	24.44	-11.685	0.0	1.022	38.554	9.72	15.475	0.0	54.676	30.397	-5.277	35.0	1.341	49.501	9.67	16.913	0.0	54.698	11.363	-10.307	0.0	0.93	59.381	9.0	12.787	0.0	56.546	0.0	0.0	0.2	0.0	36.52	10.38	16.413	470.573	58.364	9.692	-29.399	0.0	1.081	27.705	9.29	15.912	0.0	56.296	26.474	-13.117	31.6	1.19	27.123	10.66	16.913	0.0	57.268	22.551	-1.0	0.0	0.0	315.989	9.6	16.163	0.0	55.044	10.128	-1.0	37.2	1.173	114.694	10.02
9.94	14.1	411.02	55.035	24.803	-13.006	34.8	1.802	44.754	8.65	13.225	414.21	56.727	33.376	-9.084	28.8	1.969	73.524	8.66	16.663	0.0	57.166	24.585	-11.528	0.0	1.483	53.181	10.02	15.537	0.0	55.314	30.543	-5.255	35.0	1.458	55.603	9.71	17.225	0.0	55.977	11.218	-10.357	0.0	0.0	60.059	9.45	13.162	0.0	57.958	0.0	0.0	0.2	0.93	43.107	10.23	16.35	456.748	55.73	9.547	-29.369	0.0	1.215	34.776	9.46	16.1	0.0	57.435	26.62	-13.155	31.6	0.0	29.642	10.96	16.663	0.0	57.373	22.333	-29.641	0.0	0.0	347.278	10.06	16.288	0.0	54.785	9.547	-1.0	37.2	1.282	100.26	9.95
10.05	14.162	418.464	55.998	24.731	-13.06	34.8	1.332	30.514	8.33	12.912	406.234	56.853	33.521	-8.958	28.8	1.659	73.33	8.46	15.662	0.0	56.698	24.295	-11.391	0.0	1.693	56.088	9.96	15.162	0.0	55.186	30.543	-4.994	35.0	1.207	53.763	9.92	16.663	0.0	56.362	11.218	-10.268	0.0	1.291	56.281	9.6	12.85	0.0	59.14	0.0	0.0	0.2	1.391	45.141	10.06	16.163	473.763	57.527	9.547	-29.158	0.0	1.299	49.694	9.24	16.1	0.0	57.809	26.474	-13.115	31.6	1.19	30.127	10.98	16.913	0.0	57.698	22.261	-29.761	0.0	0.0	307.562	10.44	16.413	0.0	54.93	9.765	-1.0	37.2	1.332	80.886	10.18
10.12	14.1	399.322	56.422	24.876	-13.09	34.8	1.517	34.679	8.32	12.537	389.751	56.91	33.594	-9.022	28.8	1.86	72.943	8.7	16.35	0.0	57.026	24.44	-11.454	0.0	1.282	51.05	9.84	15.162	0.0	56.262	30.979	-5.038	35.0	1.634	52.116	10.18	16.663	0.0	56.106	11.073	-10.228	0.0	1.148	63.159	9.54	12.912	0.0	57.593	0.0	0.0	0.2	0.0	45.529	10.18	16.538	450.899	57.487	9.62	-1.0	0.0	0.0	38.457	9.34	15.6	0.0	58.925	26.547	-13.055	31.6	0.905	32.064	10.52	16.475	0.0	57.861	22.115	-29.305	0.0	0.0	313.374	10.42	16.475	0.0	55.492	9.692	-1.0	37.2	1.316	88.055	9.74
