-1.0	-1.0	1.595	0.0	24.44	-13.832	0.0	2.112	58.994	-9.12	-7.963	0.0	85.286	32.359	-6.983	0.0	2.757	92.704	-9.32	-6.65	0.0	89.465	23.568	-18.768	0.0	2.095	80.111	-8.28	-5.088	0.0	92.116	0.0	-7.685	0.0	2.087	50.469	-8.72	-4.775	0.0	91.314	7.585	-1.0	46.4	1.5	70.618	-9.32	-4.213	0.0	88.017	0.0	0.0	0.0	2.095	48.435	-8.46	-4.713	0.0	91.877	7.004	-1.0	0.2	2.548	45.626	-8.54	-3.337	0.0	88.264	27.637	-14.872	0.4	1.467	49.016	-8.48	-4.775	0.0	86.147	20.081	0.0	0.2	2.187	350.862	-9.02	-6.963	0.0	92.797	12.09	-22.038	0.0	1.257	114.113
-1.0	-1.0	2.127	0.0	24.367	-13.832	0.0	1.684	61.803	-9.24	-8.15	0.0	85.235	32.359	-6.961	0.0	2.967	92.995	-9.28	-6.338	0.0	89.475	23.278	-19.025	0.0	2.229	56.959	-8.34	-5.463	0.0	92.249	0.0	-7.139	0.0	2.833	53.763	-8.56	-4.65	0.0	91.435	7.585	-1.0	46.6	1.852	59.575	-9.26	-4.275	0.0	88.132	0.0	0.0	0.0	2.263	48.629	-8.32	-4.713	2.127	91.992	6.641	-1.0	0.2	2.9	36.036	-8.38	-3.4	0.0	88.347	27.273	-14.861	0.4	1.743	42.041	-8.42	-4.588	0.0	86.204	20.081	0.0	0.2	2.455	0.969	-8.82	-6.775	0.0	92.947	11.799	-21.92	0.0	1.349	99.001
-1.0	-1.0	1.063	0.0	24.803	-13.765	0.0	2.397	60.35	-9.14	-7.838	0.0	85.281	32.432	-6.957	0.0	3.252	84.471	-9.28	-6.713	0.0	89.475	23.714	-18.568	0.0	2.807	70.424	-8.3	-5.4	0.0	92.297	0.0	-7.136	0.0	2.874	52.794	-8.62	-4.963	0.0	91.418	8.312	-1.0	47.0	2.196	59.478	-9.14	-4.4	0.0	88.183	0.0	0.0	0.0	2.69	47.176	-8.28	-4.65	3.722	92.022	6.786	-1.0	0.2	2.657	37.779	-8.4	-3.462	0.0	88.342	27.782	-15.162	0.4	1.676	51.244	-8.32	-4.525	0.0	86.27	20.953	0.0	0.2	2.078	0.775	-8.78	-6.775	0.0	93.013	11.654	-21.75	0.0	1.399	95.998
-1.0	-1.0	1.063	0.0	24.658	-13.968	0.0	1.919	78.465	-9.16	-8.088	0.0	85.276	32.286	-6.945	0.0	3.067	90.767	-9.24	-6.4	0.0	89.525	22.915	-18.73	0.0	2.33	55.313	-8.18	-4.963	0.0	92.313	0.0	-7.194	0.0	2.279	60.156	-8.7	-5.275	0.0	91.339	8.239	-1.0	48.0	1.902	61.222	-9.12	-4.4	0.0	88.189	0.0	0.0	0.0	2.305	56.766	-8.36	-4.713	2.659	91.943	6.496	-1.0	0.2	2.346	31.095	-8.42	-3.337	0.0	88.356	27.346	-14.719	0.4	1.659	39.038	-8.54	-4.65	0.0	86.173	20.59	0.0	0.2	2.053	5.037	-8.58	-6.65	0.0	93.108	11.944	-1.0	0.0	0.955	79.821
-1.0	-1.0	1.063	0.0	24.731	-14.536	0.0	2.145	66.356	-9.16	-8.025	0.0	85.276	32.286	-6.971	0.0	3.034	87.473	-9.21	-6.775	0.0	89.533	23.133	-18.555	0.0	2.338	51.922	-8.18	-5.088	0.0	92.332	0.0	-7.199	0.0	2.129	46.788	-8.58	-4.713	0.0	91.429	8.094	-1.0	49.8	1.827	62.093	-9.1	-4.588	0.0	88.194	0.0	0.0	0.0	2.405	43.882	-8.3	-4.713	2.659	91.998	6.714	-1.0	0.2	2.74	30.127	-8.42	-3.4	0.0	88.376	27.927	-14.409	0.4	1.349	46.594	-8.51	-4.713	0.0	86.139	20.88	0.0	0.2	2.581	11.915	-8.74	-6.713	0.0	92.988	11.944	-21.42	0.0	1.089	91.929
-1.0	-1.0	4.785	0.0	24.44	-13.832	0.0	1.969	55.506	-9.12	-8.025	2.127	85.327	32.286	-6.957	0.0	2.958	88.151	-9.32	-6.588	0.0	89.465	23.423	-18.502	0.0	2.187	69.552	-8.32	-5.275	0.0	92.18	0.0	-7.161	0.0	2.405	50.953	-8.62	-4.525	0.0	91.399	8.094	-1.0	0.2	1.777	62.287	-9.11	-4.15	0.0	88.112	0.0	0.0	0.0	2.036	40.588	-8.34	-4.525	2.659	91.987	6.932	-1.0	0.2	2.405	27.123	-8.48	-3.587	0.0	88.281	27.491	-14.377	0.4	1.81	59.091	-8.5	-4.525	0.0	86.142	20.227	0.0	0.2	1.944	18.502	-8.8	-6.775	0.0	92.86	12.162	-21.75	0.0	0.0	92.898
-1.0	-1.0	3.722	0.0	24.077	-13.968	0.0	2.028	44.463	-9.16	-8.025	1.063	85.276	32.141	-6.971	0.0	2.782	69.94	-9.26	-6.775	0.0	89.5	23.423	-18.741	0.0	2.313	62.772	-8.3	-5.338	0.0	92.185	0.0	-7.141	0.0	2.187	54.925	-8.51	-4.65	0.0	91.487	7.585	-1.0	3.0	1.927	49.113	-9.28	-4.525	0.0	88.047	0.0	0.0	0.0	2.481	45.819	-8.24	-4.463	2.659	92.034	6.932	-1.0	0.2	2.221	40.104	-8.62	-3.337	0.0	88.283	27.564	-14.795	0.4	1.374	33.13	-8.46	-4.588	0.0	86.193	20.808	0.0	0.2	1.802	5.812	-8.82	-6.838	0.0	92.891	11.581	-21.648	0.0	1.291	85.149
-1.0	-1.0	3.722	0.0	24.513	-13.068	0.0	1.316	83.986	-9.16	-7.838	0.532	85.296	32.286	-7.02	0.0	2.321	96.289	-9.22	-6.775	0.0	89.531	23.35	-21.316	0.0	2.087	55.894	-8.34	-5.15	0.0	92.174	0.0	-7.142	0.0	1.927	59.865	-8.82	-5.15	0.0	91.286	7.585	-1.0	3.4	1.902	72.362	-9.34	-4.463	0.0	87.932	0.0	0.0	0.0	2.095	45.916	-8.43	-4.588	5.317	91.924	6.496	-1.0	0.2	1.961	38.167	-8.56	-3.087	0.0	88.259	27.273	-14.389	0.4	1.349	47.951	-8.58	-4.525	0.0	86.101	20.372	0.0	0.2	2.12	9.3	-8.78	-6.775	0.0	92.903	11.363	-21.491	0.0	0.0	80.886
-1.0	-1.0	5.849	0.0	24.585	-13.765	0.0	1.701	61.609	-9.15	-7.838	2.659	85.278	32.214	-7.0	0.0	2.464	100.745	-9.36	-6.963	0.0	89.454	23.133	-18.607	0.0	1.927	54.828	-8.3	-5.025	0.0	92.073	0.0	-7.182	0.0	1.768	53.085	-8.76	-4.775	0.0	91.303	8.021	-1.0	3.4	1.467	74.687	-9.38	-4.275	0.0	87.902	0.0	0.0	0.0	1.718	64.128	-8.54	-4.463	4.254	91.855	6.568	-1.0	0.2	2.17	41.267	-8.64	-3.337	0.0	88.238	27.128	-14.059	0.4	0.989	44.56	-8.6	-4.4	0.0	86.075	20.808	0.0	0.2	1.802	11.721	-8.77	-6.65	0.0	92.795	12.09	-22.036	0.0	0.0	75.558
-1.0	-1.0	5.849	0.0	24.367	-14.037	0.0	1.358	79.24	-9.19	-8.088	4.254	85.248	32.286	-6.966	0.0	2.346	104.813	-9.35	-6.713	0.0	89.437	23.423	-19.035	0.0	1.617	61.512	-8.43	-5.275	0.0	91.999	0.0	-7.139	0.0	1.735	59.187	-8.68	-5.025	0.0	91.363	8.094	-1.0	3.4	1.257	53.472	-9.09	-4.525	0.0	88.078	0.0	0.0	0.0	1.626	46.401	-8.5	-4.213	8.508	91.885	6.35	-1.0	0.2	1.215	17.921	-8.84	-3.087	0.0	88.105	27.709	-14.03	0.4	1.299	31.095	-8.59	-4.338	0.0	86.078	19.791	0.0	0.2	1.274	324.223	-8.92	-6.713	0.0	92.808	11.872	-21.68	0.0	0.955	86.408
-1.0	-1.0	5.317	0.0	24.367	-13.765	0.0	1.383	25.961	-9.12	-8.025	1.595	85.286	32.432	-7.184	0.0	1.927	75.074	-9.4	-6.588	0.0	89.404	23.205	-19.251	0.0	1.835	47.466	-8.44	-4.838	0.0	92.127	0.0	-7.175	0.0	1.349	50.566	-8.82	-4.838	0.0	91.286	7.513	-1.0	5.0	1.5	71.393	-9.54	-4.4	0.0	87.839	0.0	0.0	0.0	1.651	62.578	-8.42	-4.4	6.381	91.908	6.786	-1.0	0.2	0.939	39.91	-8.76	-3.4	0.0	88.206	27.273	-15.909	0.4	0.0	18.115	-8.48	-4.275	0.0	86.147	20.081	0.0	0.2	1.299	0.581	-8.82	-6.713	0.0	92.744	11.872	-21.68	0.0	0.0	80.208
-1.0	-1.0	6.381	0.0	24.513	-13.9	0.0	0.905	60.059	-9.18	-8.15	2.659	85.271	32.286	-6.975	0.0	1.693	85.827	-9.34	-6.775	0.0	89.42	23.423	-18.648	0.0	1.819	45.238	-8.46	-4.838	0.0	92.009	0.0	-7.19	0.0	1.383	58.897	-8.94	-4.963	0.0	91.215	7.585	-1.0	8.4	1.601	71.296	-9.43	-4.4	0.0	87.829	0.0	0.0	0.0	1.609	46.498	-8.39	-3.837	9.039	91.935	6.641	-1.0	0.2	1.349	22.861	-8.76	-3.212	0.0	88.166	27.056	-13.734	0.4	0.947	32.451	-8.51	-4.463	0.0	86.139	20.154	0.0	0.2	1.274	12.981	-8.86	-6.713	0.0	92.659	11.872	-21.851	0.0	0.0	87.28
-1.0	-1.0	7.444	0.0	24.44	-15.064	0.0	1.735	72.265	-9.22	-8.025	4.785	85.26	32.214	-7.013	0.0	2.238	98.807	-9.34	-6.525	0.0	89.42	23.278	-18.89	0.0	1.651	37.876	-8.44	-5.025	0.0	91.996	0.0	-7.115	0.0	1.265	61.028	-8.96	-4.838	0.0	91.171	7.077	-1.0	10.8	1.483	58.606	-9.42	-4.525	0.0	87.812	0.0	0.0	0.0	1.458	43.785	-8.56	-4.463	8.508	91.831	6.132	-1.0	0.2	1.617	22.28	-8.85	-3.337	0.0	88.122	27.637	-13.781	0.4	0.913	17.34	-8.7	-4.463	0.0	86.05	20.299	0.0	0.2	1.693	8.331	-8.94	-6.9	0.0	92.636	12.09	-21.546	0.0	0.0	96.87
-1.0	-1.0	11.166	0.0	24.295	-13.832	0.0	1.341	68.196	-9.2	-7.963	7.444	85.265	32.432	-7.031	0.0	1.81	89.217	-9.4	-6.713	0.0	89.404	23.133	-19.129	0.0	1.609	47.176	-8.56	-4.9	0.0	91.943	0.0	-7.155	0.0	1.383	50.663	-8.93	-4.713	0.0	91.199	8.094	-1.0	11.2	1.257	70.424	-9.54	-4.463	0.0	87.76	0.0	0.0	0.0	1.115	45.819	-8.5	-4.213	11.166	91.885	6.278	-1.0	0.2	1.006	38.457	-8.53	-3.212	0.0	88.267	27.491	-13.666	0.4	0.0	52.891	-8.5	-4.463	0.0	86.101	20.662	0.0	0.2	1.081	355.996	-8.98	-6.775	0.0	92.643	11.581	-21.92	0.0	0.0	84.567
-1.0	-1.0	15.952	0.0	25.094	-13.503	0.0	1.098	73.234	-9.17	-7.775	20.205	85.273	32.286	-7.004	0.0	1.76	89.992	-9.3	-6.588	0.0	89.47	23.205	-18.782	0.0	1.173	59.187	-8.39	-4.775	0.0	92.066	0.0	-7.18	0.0	1.307	50.275	-8.86	-4.65	0.0	91.256	7.585	-1.0	11.8	1.006	63.547	-9.52	-4.463	0.0	87.766	0.0	0.0	0.0	1.324	42.913	-8.4	-4.338	7.976	91.932	6.568	-1.0	0.2	1.643	38.942	-8.64	-3.025	0.0	88.238	27.491	-13.63	0.4	0.0	42.72	-8.45	-4.338	0.0	86.175	20.735	0.0	0.2	1.215	4.747	-8.92	-6.713	0.0	92.715	11.944	-21.594	0.0	0.0	95.029
-1.0	-1.0	13.825	0.0	24.367	-13.699	0.0	0.0	87.667	-9.3	-7.713	11.166	85.199	32.286	-6.988	0.0	1.852	98.032	-9.32	-6.713	0.0	89.465	22.987	-18.755	0.0	1.358	81.177	-8.42	-5.088	0.0	92.151	0.0	-7.14	0.0	1.542	56.863	-8.88	-4.838	0.0	91.307	7.295	-1.0	11.8	1.24	94.545	-9.33	-3.962	0.0	87.915	0.0	0.0	0.0	1.073	49.016	-8.46	-4.713	8.508	91.877	6.35	-1.0	0.2	1.601	40.588	-8.79	-3.212	0.0	88.158	27.201	-13.533	0.4	1.006	31.289	-8.44	-4.338	0.0	86.198	20.227	0.0	0.2	1.349	11.818	-8.92	-6.713	0.0	92.789	11.944	-21.68	0.0	0.0	86.214
-1.0	-1.0	9.039	0.0	24.367	-13.633	0.0	1.24	66.84	-9.15	-7.713	9.039	85.319	32.214	-7.065	0.0	1.76	85.73	-9.28	-6.525	0.0	89.475	23.133	-18.515	0.0	1.467	65.193	-8.3	-4.9	0.0	92.129	0.0	-7.185	0.0	1.575	55.022	-8.88	-4.963	0.0	91.27	7.658	-1.0	11.8	1.249	79.336	-9.36	-4.588	0.0	87.887	0.0	0.0	0.0	1.391	52.407	-8.28	-4.338	15.42	92.003	6.932	-1.0	0.2	1.534	34.583	-8.74	-3.4	0.0	88.171	27.709	-13.437	0.4	1.073	41.267	-8.5	-4.275	0.0	86.142	19.936	0.0	0.2	1.534	5.618	-8.74	-6.588	0.0	92.767	11.654	-21.539	0.0	0.0	83.986
-1.0	-1.0	16.483	0.0	24.44	-13.633	0.0	1.039	70.328	-9.1	-7.775	12.761	85.353	32.068	-7.004	0.0	1.919	94.157	-9.28	-6.775	0.0	89.475	23.423	-18.741	0.0	1.349	61.706	-8.21	-4.588	0.0	92.173	0.0	-7.158	0.0	1.416	60.059	-8.8	-4.588	0.0	91.292	7.876	-1.0	11.8	1.198	62.578	-9.24	-4.15	0.0	87.959	0.0	0.0	0.0	1.282	54.15	-8.28	-3.962	11.698	92.003	6.714	-1.0	0.2	1.416	21.118	-8.7	-3.087	0.0	88.182	27.419	-13.422	0.4	0.913	37.004	-8.3	-3.962	0.0	86.235	20.59	0.0	0.2	1.081	3.875	-8.76	-6.463	0.0	92.743	11.944	-21.744	0.0	0.0	94.351
-1.0	-1.0	10.634	0.0	24.367	-13.968	0.0	1.257	58.897	-9.14	-7.713	7.976	85.322	31.923	-7.016	0.0	2.02	81.952	-9.32	-6.525	0.0	89.465	23.568	-18.796	0.0	1.441	63.45	-8.34	-4.838	0.0	92.024	0.0	-7.183	0.0	1.617	38.264	-9.09	-4.775	0.0	91.135	7.585	-1.0	11.8	1.341	65.581	-9.3	-4.15	0.0	87.903	0.0	0.0	0.0	1.257	48.435	-8.38	-4.213	13.825	91.938	6.786	-1.0	0.2	1.726	33.226	-8.58	-2.962	0.0	88.254	27.782	-13.313	0.4	0.0	42.816	-8.32	-4.025	0.0	86.23	20.88	0.0	0.2	1.601	2.325	-8.97	-6.775	0.0	92.553	11.944	-21.92	0.0	0.0	98.614
-1.0	-1.0	10.634	0.0	24.585	-13.832	0.0	0.922	63.062	-9.22	-7.963	10.103	85.26	32.214	-7.025	0.0	1.684	102.876	-9.14	-6.838	0.0	89.552	22.987	-18.634	0.0	1.651	60.253	-8.36	-4.9	0.0	91.943	0.0	-7.17	0.0	1.735	60.737	-8.76	-4.713	0.0	91.322	7.295	-1.0	12.4	1.274	59.672	-9.28	-4.338	0.0	87.909	0.0	0.0	0.0	1.726	48.919	-8.4	-4.4	13.825	91.932	6.932	-1.0	0.2	1.735	28.577	-8.6	-3.087	0.0	88.249	27.637	-13.293	0.4	1.173	31.773	-8.52	-4.338	0.0	86.137	20.808	0.0	0.2	1.726	11.334	-8.96	-6.65	0.0	92.685	11.654	-21.61	0.0	1.022	96.289
-1.0	-1.0	12.761	0.0	24.658	-13.568	0.0	1.383	61.997	-9.23	-7.775	9.039	85.258	32.286	-7.039	0.0	1.743	91.058	-9.32	-6.713	0.0	89.465	23.496	-18.848	0.0	1.844	65.484	-8.41	-4.65	0.0	91.91	0.0	-7.176	0.0	1.827	56.475	-8.91	-4.65	0.0	91.223	8.021	-1.0	13.0	1.441	62.578	-9.38	-4.4	0.0	87.842	0.0	0.0	0.0	1.643	57.153	-8.57	-4.275	15.42	91.847	6.35	-1.0	0.2	2.078	36.423	-8.54	-3.087	0.0	88.284	27.056	-12.982	0.4	0.913	42.913	-8.58	-4.338	0.0	86.081	20.517	0.0	0.2	1.802	4.65	-8.85	-6.713	0.0	92.662	11.726	-22.02	0.0	0.0	80.499
-1.0	-1.0	12.761	0.0	24.295	-13.765	0.0	1.5	56.184	-9.28	-7.963	9.571	85.245	31.923	-7.025	0.0	2.17	89.411	-9.36	-6.9	0.0	89.454	22.915	-18.156	0.0	1.483	74.299	-8.4	-4.775	0.0	91.894	0.0	-7.173	0.0	1.886	51.728	-8.96	-4.65	0.0	91.209	7.44	-1.0	14.8	1.433	70.521	-9.42	-4.275	0.0	87.832	0.0	0.0	0.0	1.676	58.025	-8.46	-4.025	17.547	91.915	6.786	-1.0	0.2	1.693	26.542	-8.54	-3.15	0.0	88.264	27.782	-13.543	0.4	0.93	33.226	-8.55	-4.213	0.0	86.109	20.517	0.0	0.2	1.341	21.699	-8.98	-6.838	0.0	92.587	11.654	-21.734	0.0	0.0	97.838
-1.0	-1.0	15.42	0.0	24.658	-13.439	0.0	1.81	54.441	-9.35	-8.088	13.825	85.186	32.359	-6.994	0.0	2.724	90.767	-9.4	-6.963	0.0	89.443	23.568	-18.794	0.0	1.936	52.213	-8.38	-4.713	0.0	91.938	0.0	-7.2	0.0	1.567	59.381	-8.88	-4.963	0.0	91.232	7.368	-1.0	14.8	1.676	60.35	-9.4	-4.713	0.0	87.837	0.0	0.0	0.0	1.852	56.863	-8.56	-4.525	10.634	91.831	6.859	-1.0	0.2	1.584	34.583	-8.72	-3.087	0.0	88.177	27.637	-13.167	0.4	1.115	35.551	-8.7	-4.463	0.0	86.05	20.081	0.0	0.2	1.575	3.487	-8.83	-6.713	0.0	92.63	12.453	-21.594	0.0	0.0	104.038
-1.0	-1.0	14.888	0.0	24.295	-13.9	0.0	1.575	79.046	-9.28	-7.963	11.166	85.245	32.068	-6.997	0.0	2.397	92.511	-9.53	-6.775	0.0	89.369	23.35	-18.183	0.0	1.374	61.125	-8.54	-5.15	0.0	91.817	0.0	-7.164	0.0	1.768	64.612	-9.14	-4.9	0.0	91.102	7.077	-1.0	14.8	1.14	75.752	-9.44	-4.4	0.0	87.807	0.0	0.0	0.0	1.559	47.273	-8.62	-4.275	11.698	91.832	6.859	-1.0	0.2	1.609	27.414	-8.7	-3.4	0.0	88.202	27.273	-13.181	0.4	1.022	30.127	-8.47	-4.025	0.0	86.109	20.444	0.0	0.2	1.349	0.097	-9.2	-6.9	0.0	92.488	11.436	-21.197	0.0	1.089	106.072
-1.0	-1.0	17.015	0.0	24.222	-13.633	0.0	1.5	76.14	-9.52	-8.15	12.23	85.142	32.65	-6.996	0.0	2.799	106.363	-9.52	-6.775	0.0	89.371	22.987	-18.461	0.0	1.751	55.797	-8.5	-4.713	0.0	91.979	0.0	-7.23	0.0	1.358	58.025	-9.02	-4.963	0.0	91.155	7.077	-1.0	14.8	1.165	62.481	-9.46	-4.525	0.0	87.781	0.0	0.0	0.0	1.726	38.264	-8.4	-4.838	13.293	91.932	6.568	-1.0	0.2	2.137	34.292	-8.88	-3.275	0.0	88.075	27.273	-13.457	0.4	0.0	26.058	-8.58	-4.838	0.0	86.121	19.863	0.0	0.2	2.078	0.0	-9.28	-7.15	0.0	92.391	11.799	-21.397	0.0	1.064	97.354
-1.0	-1.0	13.293	0.0	24.367	-13.699	0.0	1.517	87.473	-9.54	-8.213	12.761	85.137	32.141	-6.984	0.0	2.564	100.163	-9.47	-6.65	0.0	89.385	23.568	-18.488	0.0	1.19	43.688	-8.56	-4.9	0.0	91.624	0.0	-7.636	0.0	2.011	52.019	-8.87	-4.838	0.0	91.31	7.803	-1.0	14.8	1.165	56.378	-9.42	-4.275	0.0	87.812	0.0	0.0	0.0	1.056	24.799	-8.56	-4.65	12.23	91.849	6.35	-1.0	0.2	2.062	25.961	-8.95	-3.525	0.0	88.036	27.346	-12.975	0.4	1.651	54.15	-8.48	-4.463	0.0	86.106	20.444	0.0	0.2	1.559	8.912	-9.26	-6.963	0.0	92.507	11.799	-21.444	0.0	0.905	80.983
-1.0	-1.0	20.205	0.0	24.44	-13.9	0.0	1.743	52.019	-9.51	-8.275	18.61	85.145	32.359	-6.993	0.0	2.657	93.479	-9.64	-7.088	0.0	89.319	23.496	-18.302	0.0	1.986	61.416	-8.52	-5.588	0.0	91.785	0.0	-7.136	0.0	1.743	48.241	-8.96	-4.838	0.0	91.209	7.077	-1.0	19.6	1.643	63.45	-9.62	-4.4	0.0	87.68	0.0	0.0	0.0	1.986	58.8	-8.81	-4.775	11.166	91.704	6.35	-1.0	0.2	1.919	30.127	-8.92	-3.712	0.0	88.084	27.564	-12.886	0.4	1.383	25.477	-8.63	-4.338	0.0	86.068	20.299	0.0	0.2	1.601	0.387	-9.06	-6.9	0.0	92.49	12.162	-20.294	0.0	1.123	98.42
-1.0	-1.0	13.825	0.0	24.367	-13.699	0.0	2.078	66.937	-9.62	-8.338	15.42	85.076	32.359	-6.995	0.0	2.623	85.342	-9.56	-7.15	0.0	89.36	23.568	-18.381	0.0	1.869	57.153	-8.5	-5.15	0.0	91.753	0.0	-7.164	0.0	1.156	50.082	-9.2	-5.088	0.0	91.067	6.859	-1.0	24.4	1.634	55.313	-9.62	-4.525	0.0	87.699	0.0	0.0	0.0	1.668	53.085	-8.62	-4.588	12.761	91.814	6.568	-1.0	0.2	1.802	26.252	-9.02	-3.275	0.0	87.958	27.273	-13.014	0.4	0.0	29.061	-8.52	-4.588	0.0	86.117	20.444	0.0	0.2	1.684	16.08	-9.26	-7.213	0.0	92.397	12.235	-21.639	0.0	1.073	85.536
-1.0	-1.0	12.761	0.0	24.295	-13.765	0.0	2.095	86.117	-9.66	-8.338	11.166	85.066	32.214	-7.002	0.0	2.724	89.411	-9.64	-6.963	0.0	89.3	22.915	-18.514	0.0	1.307	62.675	-8.48	-5.025	0.0	91.947	0.0	-7.107	0.0	2.162	51.535	-9.05	-4.963	0.0	91.146	7.15	-1.0	26.4	1.232	78.368	-9.66	-3.837	0.0	87.649	0.0	0.0	0.0	0.98	46.885	-8.56	-4.275	19.142	91.849	6.641	-1.0	0.2	1.902	29.448	-8.58	-3.337	0.0	88.214	27.564	-12.943	0.4	1.022	56.281	-8.75	-4.525	0.0	85.996	20.444	0.0	0.2	1.886	9.784	-9.3	-7.15	0.0	92.422	11.944	-1.0	0.0	1.031	97.064
-1.0	-1.0	17.547	0.0	24.658	-13.9	0.0	2.12	65.678	-9.52	-8.213	14.888	85.142	32.214	-7.019	0.0	2.983	89.701	-9.44	-6.775	0.0	89.393	23.06	-18.461	0.0	1.986	55.313	-8.46	-5.025	0.0	91.877	0.0	-7.122	0.0	2.129	49.016	-9.02	-5.025	0.0	91.193	6.859	-1.0	27.4	2.045	66.162	-9.52	-4.4	0.0	87.766	0.0	0.0	0.0	1.969	45.141	-8.65	-4.588	24.991	91.749	6.35	-1.0	0.2	2.33	25.186	-8.58	-3.275	0.0	88.254	27.346	-12.832	0.4	1.165	30.901	-8.77	-4.65	0.0	85.991	20.88	0.0	0.2	2.062	7.265	-8.88	-6.963	0.0	92.616	12.162	-21.444	0.0	1.081	84.18
