-1.0	1.788	0.0	0.0	25.82	-10.397	0.4	0.0	164.001	7.76	2.1	0.0	68.956	34.393	-23.693	40.6	0.0	120.409	7.38	3.975	0.0	70.263	25.675	-0.898	11.2	1.332	145.014	7.84	4.787	0.0	70.851	31.197	-8.151	0.0	1.869	203.911	6.78	5.037	0.0	72.44	11.654	-8.847	24.8	0.98	215.729	6.83	4.35	0.0	69.63	0.0	0.0	0.0	1.383	195.968	7.92	4.1	0.532	72.018	10.855	-21.889	19.0	1.534	169.522	7.62	4.912	0.0	69.249	26.983	-20.825	46.2	0.0	173.397	7.68	4.662	0.0	68.648	26.765	-1.0	0.0	0.0	159.932	7.88	3.6	0.0	69.272	12.308	-18.22	8.6	0.0	219.507
12.82	2.663	1.063	66.811	25.239	-10.375	0.4	1.115	164.097	7.96	2.163	0.0	68.137	34.248	-23.91	40.6	0.0	120.312	7.43	4.162	0.0	70.167	25.966	-0.961	11.2	1.182	152.861	7.6	4.287	0.0	71.46	31.56	-8.122	0.0	1.802	199.455	6.6	5.037	0.0	73.534	12.09	-8.868	24.8	1.215	214.179	6.72	4.35	0.0	69.925	0.0	0.0	0.0	0.0	159.157	7.58	4.287	1.063	73.733	11.0	-22.052	19.0	1.483	186.862	7.58	4.662	0.0	69.348	27.056	-20.222	46.2	0.0	216.504	7.74	4.6	0.0	68.739	27.056	-1.0	0.0	1.919	156.251	7.92	3.35	0.0	69.466	12.235	-18.356	8.6	0.0	219.216
-1.0	2.975	0.0	87.321	25.893	-10.337	0.4	1.332	163.322	7.72	2.288	0.0	68.869	34.103	-23.851	40.6	0.0	120.894	7.36	3.913	0.0	70.259	25.82	-0.91	11.2	0.922	138.814	7.77	4.475	0.0	70.575	31.705	-8.126	0.0	1.81	202.07	6.92	5.037	0.0	72.184	11.726	-8.854	24.8	1.324	209.142	6.75	4.162	0.0	69.852	0.0	0.0	0.0	0.972	207.204	7.5	4.475	3.19	74.61	10.637	-22.216	19.0	1.953	190.446	7.52	4.725	0.0	69.496	27.128	-20.772	46.2	0.0	191.124	7.55	4.85	0.0	69.343	25.893	-1.0	0.0	1.76	165.647	7.69	3.35	0.0	70.428	12.09	-18.454	8.6	0.0	219.216
-1.0	3.288	0.0	81.25	25.457	-10.353	0.4	1.634	161.773	7.78	2.288	0.0	68.8	34.321	-24.34	40.6	0.0	120.409	7.52	4.1	0.0	69.841	25.893	-1.007	11.2	0.0	142.108	7.75	4.662	0.0	71.123	31.633	-8.146	0.0	2.062	199.358	6.8	4.912	0.0	72.651	11.726	-8.861	24.8	1.307	208.561	6.7	4.35	0.0	70.027	0.0	0.0	0.0	1.324	199.842	7.5	4.287	0.532	73.896	11.145	-22.052	19.0	1.701	179.597	7.08	4.6	0.0	71.488	26.765	-20.631	46.2	1.098	183.568	7.44	4.537	0.0	69.772	26.402	-1.0	0.0	1.793	170.007	7.82	3.85	0.0	69.234	12.09	-18.378	8.6	0.0	213.017
-1.0	3.475	0.0	0.0	25.893	-10.302	0.4	1.793	162.935	7.72	2.413	0.0	69.162	33.957	-24.38	40.6	0.0	120.506	7.62	4.225	0.0	69.303	25.966	-1.082	11.2	0.0	142.011	7.46	4.287	0.0	72.55	31.487	-8.016	0.0	1.76	203.233	6.66	5.037	0.0	73.444	11.872	-8.883	24.8	0.913	208.367	6.46	4.475	0.0	71.445	0.0	0.0	0.0	1.19	206.333	7.22	4.162	0.0	75.034	11.218	-21.799	19.0	1.978	175.334	7.21	4.537	0.0	70.677	27.273	-20.828	46.2	1.056	177.659	7.6	4.725	0.0	69.139	26.474	-1.0	0.0	1.71	158.576	7.86	3.788	0.0	69.534	12.235	-18.363	8.6	0.0	213.017
11.92	3.35	0.0	66.346	24.949	-10.311	0.4	1.441	147.436	7.82	2.413	0.0	68.594	34.829	-23.989	40.6	0.0	120.409	7.03	3.788	0.0	71.635	25.748	-0.901	11.2	0.0	128.062	7.46	4.35	0.0	72.472	31.705	-8.129	0.0	1.735	197.905	6.88	4.912	0.0	71.865	11.654	-8.883	24.8	0.0	152.376	6.48	3.788	0.0	71.267	0.0	0.0	0.0	0.0	207.011	7.57	4.225	0.0	73.731	10.855	-22.465	19.0	2.02	178.822	7.41	4.6	0.0	69.767	27.273	-20.845	46.2	0.0	177.659	7.4	4.6	0.0	70.24	26.184	-1.0	0.0	0.0	164.679	7.8	3.788	0.0	69.31	12.453	-18.265	8.6	0.947	220.282
0.0	3.35	1.063	91.983	25.603	-10.413	0.4	1.073	152.861	8.0	2.413	0.0	67.956	33.957	-23.79	40.6	0.0	120.409	7.26	3.788	0.0	71.027	25.893	-0.835	11.2	0.0	140.074	7.58	4.35	0.0	71.743	31.124	-8.137	0.0	1.902	202.361	6.83	4.912	0.0	72.114	11.726	-8.868	24.8	0.0	165.55	6.48	3.85	0.0	71.293	0.0	0.0	0.0	0.0	195.677	7.59	3.975	0.0	73.504	11.0	-21.637	19.0	1.701	175.044	7.26	4.6	0.0	70.292	26.402	-21.168	46.2	0.0	180.081	7.49	4.6	0.0	69.676	26.184	-1.0	0.0	0.0	165.55	7.68	3.6	0.0	69.898	12.017	-18.318	8.6	0.0	222.704
0.0	3.35	0.0	93.553	25.893	-10.286	0.4	1.316	152.473	8.0	2.538	0.0	67.687	34.321	-24.42	40.6	0.0	120.312	7.53	4.037	0.0	69.816	26.038	-0.852	11.2	0.0	138.621	7.54	4.287	0.0	72.047	31.269	-8.082	0.0	1.743	204.492	6.68	5.1	0.0	72.884	11.799	-8.934	24.8	0.0	166.132	6.5	3.913	0.0	71.141	0.0	0.0	0.0	0.947	199.842	7.62	4.1	1.063	73.304	11.291	-25.13	19.0	1.517	179.597	7.11	4.475	0.0	70.894	27.273	-20.703	46.2	0.0	176.981	7.49	4.662	0.0	69.49	26.474	-1.0	0.0	1.886	168.36	7.84	3.475	0.0	69.504	12.235	-18.288	8.6	0.0	222.704
15.73	3.538	1.063	68.223	25.239	-10.361	0.4	1.399	150.826	8.12	2.538	0.0	67.358	33.957	-24.707	40.6	0.0	120.409	7.26	4.037	0.0	70.608	25.675	-0.785	11.2	0.0	138.524	7.54	4.037	0.0	71.995	31.269	-8.024	0.0	1.844	200.424	6.6	4.725	0.0	73.406	11.726	-8.876	24.8	0.0	180.468	6.5	4.162	0.0	71.062	0.0	0.0	0.0	0.989	195.193	7.22	3.85	2.659	75.211	10.782	-21.708	19.0	1.441	185.409	7.28	4.6	0.0	70.375	27.201	-20.952	46.2	1.165	183.956	7.38	4.662	0.0	69.787	26.62	-1.0	0.0	0.0	161.482	7.77	3.538	0.0	69.782	12.09	-18.303	8.6	0.0	222.316
-1.0	3.413	0.0	84.843	25.239	-10.529	0.4	0.997	143.949	8.1	2.663	0.0	67.246	34.321	-24.936	40.6	1.148	120.409	7.22	3.725	0.0	70.679	25.82	-1.602	11.2	0.0	138.911	7.54	4.162	0.0	71.891	31.415	-8.234	0.0	1.71	202.167	6.72	4.787	0.0	72.299	11.872	-8.897	24.8	0.0	166.713	6.51	3.913	0.0	70.829	0.0	0.0	0.0	0.0	188.799	7.55	4.225	0.532	73.496	11.073	-20.955	19.0	1.601	165.55	7.21	4.662	0.0	70.019	27.273	-20.434	46.2	0.0	171.944	7.21	4.35	0.0	70.782	26.184	-1.0	0.0	0.0	172.622	7.66	3.1	0.0	69.947	12.017	-17.814	8.6	0.0	223.091
114.06	3.35	0.532	87.052	25.893	-10.439	0.4	1.156	150.923	8.16	2.163	3.722	66.986	34.393	-24.585	40.6	0.939	120.409	7.12	3.6	0.0	71.34	25.893	-0.937	11.2	0.0	139.008	7.24	4.162	0.0	73.022	31.051	-8.093	0.0	1.617	202.458	6.6	4.725	0.0	73.355	11.872	-9.046	24.8	0.0	166.422	6.38	3.913	0.0	71.299	0.0	0.0	0.0	0.0	187.056	7.62	3.975	0.0	73.253	10.927	-21.852	19.0	1.198	165.647	7.22	4.662	0.0	70.258	26.474	-20.648	46.2	0.0	179.306	7.46	4.475	0.0	69.961	26.62	-1.0	0.0	1.743	166.713	7.56	3.288	0.0	70.85	12.235	-18.341	8.6	0.0	223.285
-1.0	3.225	1.063	91.534	25.893	-10.396	0.4	1.274	156.445	8.04	2.35	0.0	67.505	34.321	-24.551	40.6	0.0	120.409	7.3	3.663	0.0	70.247	26.184	-0.859	11.2	0.0	138.524	7.3	4.1	0.0	72.647	31.342	-8.046	0.0	1.81	201.199	6.62	4.787	0.0	72.923	11.799	-8.927	24.8	0.0	166.519	6.46	3.788	0.0	70.924	0.0	0.0	0.0	0.0	186.474	7.13	4.037	0.532	75.746	10.709	-21.117	19.0	1.098	183.568	7.24	4.725	0.0	69.946	27.128	-21.096	46.2	0.0	184.246	7.42	4.475	0.0	69.795	26.983	-1.0	0.0	1.827	180.662	7.62	3.663	0.0	70.256	12.162	-18.042	8.6	1.089	214.47
-1.0	3.413	0.0	84.624	25.53	-10.642	0.4	1.274	152.086	7.96	2.538	0.0	67.544	34.175	-24.707	40.6	1.014	120.215	7.32	3.475	0.0	70.093	25.748	-0.862	11.2	0.0	138.621	7.21	4.162	0.0	73.35	30.979	-8.069	0.0	1.718	198.68	6.6	4.6	0.0	72.971	12.017	-8.913	24.8	0.0	171.556	6.66	4.1	0.0	69.993	0.0	0.0	0.0	0.0	193.255	7.02	3.85	0.0	75.573	11.581	-21.601	19.0	1.458	178.725	7.49	4.6	0.0	68.932	27.201	-20.631	46.2	0.0	184.246	7.51	4.475	0.0	69.229	26.184	-1.0	0.0	1.785	160.901	7.6	3.85	0.0	69.618	12.38	-18.086	8.6	0.0	214.47
-1.0	3.35	0.0	79.527	25.53	-10.286	0.4	1.131	147.533	7.92	2.288	0.0	67.645	34.756	-24.813	40.6	0.0	120.506	7.2	3.663	0.0	70.149	25.748	-0.991	11.2	0.0	139.299	7.4	3.975	0.0	72.564	31.124	-8.05	0.0	1.651	207.011	6.52	4.475	0.0	73.441	11.872	-8.898	24.8	0.0	171.46	6.56	3.663	0.0	70.132	0.0	0.0	0.0	0.947	195.193	7.26	3.913	1.595	74.204	11.291	-21.511	19.0	1.391	176.206	7.33	4.6	0.0	69.301	27.128	-21.168	46.2	0.0	184.343	7.32	4.537	0.0	69.935	26.692	-1.0	0.0	1.944	166.519	7.64	3.6	0.0	69.705	12.453	-17.836	8.6	0.0	214.179
-1.0	3.163	0.532	0.0	25.893	-10.311	0.4	1.056	155.282	7.86	2.1	1.063	67.553	34.393	-24.752	40.6	0.0	120.603	7.52	3.663	0.0	68.858	26.038	-0.826	11.2	0.0	134.358	7.12	3.725	0.0	73.844	30.979	-8.024	0.0	1.559	198.292	6.56	4.475	0.0	73.526	11.726	-8.929	24.8	0.0	171.556	6.64	4.162	0.0	69.805	0.0	0.0	0.0	0.0	177.562	7.21	3.788	1.063	74.525	10.709	-21.047	19.0	1.156	171.944	7.09	4.412	0.0	70.496	27.056	-20.793	46.2	0.0	183.956	7.36	4.35	0.0	69.598	26.765	-1.0	0.0	0.0	168.069	7.64	3.475	0.0	70.128	12.235	-17.997	8.6	0.0	214.567
8.62	3.225	1.063	65.402	25.457	-10.221	0.4	1.148	149.373	7.87	2.038	0.0	67.528	34.393	-1.0	40.6	1.022	120.215	7.28	3.788	0.0	69.557	26.184	-1.001	11.2	0.0	134.843	7.2	4.1	0.0	73.091	31.705	-8.046	0.0	1.701	203.911	6.5	4.475	0.0	73.769	11.872	-8.937	24.8	0.0	171.169	6.7	3.6	0.0	69.367	0.0	0.0	0.0	0.0	158.285	7.46	3.913	0.532	73.503	11.508	-21.082	19.0	0.93	163.419	7.27	4.537	0.0	69.661	26.62	-21.366	46.2	0.0	183.956	7.26	4.412	0.0	69.87	26.184	-1.0	0.0	2.078	162.257	7.53	3.475	0.0	69.525	12.162	-18.191	8.6	0.0	214.47
-1.0	2.663	1.063	82.606	25.385	-10.221	0.4	0.955	158.77	7.88	2.038	1.063	67.341	34.393	-24.915	40.6	0.0	120.603	7.25	3.725	0.0	69.921	25.82	-0.947	11.2	0.989	146.758	7.46	4.1	0.0	71.485	31.051	-8.063	0.0	1.693	206.042	6.68	4.662	0.0	72.421	11.726	-8.99	24.8	0.0	171.363	6.69	4.162	0.0	69.498	0.0	0.0	0.0	1.089	174.656	7.24	3.913	0.532	74.328	11.363	-20.975	19.0	1.224	181.243	7.02	4.287	0.0	70.325	26.474	-23.767	46.2	0.0	182.89	7.4	4.412	0.0	69.447	26.765	-1.0	0.0	1.81	159.448	7.42	3.163	0.0	69.742	12.453	-18.02	8.6	0.0	214.567
0.0	2.413	0.0	0.0	25.312	-10.239	0.4	0.0	159.545	7.62	1.913	0.0	68.074	34.321	-24.874	40.6	0.0	120.022	7.36	3.6	0.0	69.386	25.82	-0.904	11.2	0.0	146.951	7.36	4.287	0.0	72.09	31.051	-8.082	0.0	1.81	199.455	6.56	4.537	0.0	73.219	11.726	-8.936	24.8	0.0	171.46	6.54	4.162	0.0	69.812	0.0	0.0	0.0	1.056	188.605	7.4	3.85	1.063	73.85	10.782	-20.851	19.0	1.374	164.582	7.07	4.412	0.0	70.414	26.62	-21.223	46.2	0.0	183.471	7.22	4.475	0.0	69.863	27.056	-1.0	0.0	1.986	162.257	7.58	3.1	0.0	69.984	12.017	-18.005	8.6	0.0	214.47
-1.0	2.6	0.0	82.964	25.021	-10.213	0.4	0.0	157.026	7.57	1.475	0.532	68.44	34.538	-24.822	40.6	0.0	120.506	7.26	3.538	0.0	69.659	25.82	-0.817	11.2	0.0	147.145	7.22	4.1	0.0	72.321	31.269	-8.095	0.0	1.71	204.008	6.54	4.475	0.0	72.625	11.944	-8.976	24.8	0.0	171.556	6.68	3.725	0.0	69.363	0.0	0.0	0.0	0.98	171.169	7.14	3.6	0.532	74.815	11.291	-20.888	19.0	1.156	172.525	7.2	4.412	0.0	69.727	26.983	-21.115	46.2	0.0	181.05	7.46	4.287	0.0	68.873	26.184	-1.0	0.0	1.617	162.838	7.54	2.725	0.0	69.659	12.453	-17.918	8.6	0.0	213.985
-1.0	2.413	0.0	0.0	25.748	-10.001	0.4	0.0	153.151	7.52	1.975	0.0	68.457	34.248	-24.525	40.6	0.0	120.409	7.14	3.538	0.0	70.032	26.329	-0.916	11.2	0.0	136.199	7.26	3.913	0.0	72.2	31.342	-8.051	0.0	1.701	207.398	6.58	4.725	0.0	72.349	11.726	-8.95	24.8	0.0	172.525	6.32	4.037	0.0	70.897	0.0	0.0	0.0	0.0	176.497	7.41	3.788	1.063	73.673	11.218	-20.621	19.0	1.165	194.708	7.21	4.412	0.0	69.729	27.346	-19.424	46.2	0.0	180.856	7.31	4.287	0.0	69.324	26.765	-1.0	0.0	1.257	171.072	7.36	2.725	0.0	69.466	12.308	-17.728	8.6	0.0	214.567
0.0	2.975	0.0	95.042	25.603	-10.287	0.4	0.955	149.664	7.58	2.225	0.0	68.228	33.739	-24.976	40.6	0.0	120.312	7.14	3.538	0.0	70.111	26.184	-0.883	11.2	0.922	142.495	7.25	3.913	0.0	72.379	31.415	-8.059	0.0	1.768	203.62	6.62	4.6	0.0	72.176	12.09	-8.959	24.8	0.0	170.2	6.34	3.85	0.0	70.953	0.0	0.0	0.0	0.0	181.631	7.08	3.788	1.595	74.727	11.145	-20.727	19.0	1.224	181.631	7.12	4.287	0.0	70.186	26.983	-21.08	46.2	0.0	181.534	7.32	4.35	0.0	69.326	26.838	-1.0	0.0	1.643	157.22	7.38	2.85	0.0	69.84	12.235	-18.334	8.6	0.0	214.179
0.0	2.975	5.317	0.0	25.312	-10.262	0.4	0.913	144.433	7.46	1.85	0.0	68.5	33.957	-1.0	40.6	0.0	120.409	7.21	3.35	0.0	69.543	25.748	-0.82	11.2	0.0	142.495	7.34	4.037	0.0	71.591	31.415	-8.04	0.0	1.877	197.905	6.5	4.225	0.0	72.617	11.654	-8.908	24.8	0.0	176.206	6.12	3.913	0.0	71.43	0.0	0.0	0.0	0.0	187.443	7.14	3.6	1.595	74.332	11.363	-20.464	19.0	1.098	176.981	7.21	4.475	0.0	69.623	26.474	-21.025	46.2	0.0	178.434	7.18	4.162	0.0	69.934	26.765	-1.0	0.0	1.5	165.163	7.28	2.975	0.0	70.243	12.162	-17.88	8.6	0.0	214.663
-1.0	2.6	0.0	88.081	25.675	-10.093	0.4	0.0	151.02	7.3	1.913	0.0	69.003	34.175	-1.0	40.6	0.0	120.312	7.2	3.35	0.0	69.647	26.184	-0.754	11.2	0.0	142.399	7.14	3.85	0.0	72.925	31.415	-8.045	0.0	1.81	203.33	6.49	4.287	0.0	72.563	11.654	-8.923	24.8	0.0	176.594	6.36	3.725	0.0	70.434	0.0	0.0	0.0	0.922	163.322	7.26	3.663	0.0	73.642	10.564	-21.012	19.0	1.148	166.907	7.23	4.35	0.0	69.494	27.491	-21.421	46.2	0.0	171.556	6.97	4.1	0.0	70.762	26.402	-1.0	0.0	1.617	165.744	7.42	3.1	0.0	69.345	11.872	-18.005	8.6	0.0	214.47
-1.0	2.475	0.0	86.959	25.167	-10.172	0.4	0.0	150.633	7.58	2.038	0.0	68.067	34.393	-25.006	40.6	0.0	120.409	7.36	3.725	0.0	69.121	26.111	-0.98	11.2	0.0	145.014	7.1	3.913	0.0	72.685	31.051	-8.067	0.0	1.827	200.23	6.41	4.475	0.0	72.881	11.944	-8.906	24.8	0.0	177.95	6.55	3.663	0.0	69.445	0.0	0.0	0.0	0.913	190.543	6.9	3.725	1.595	75.522	11.145	-20.392	19.0	1.039	192.48	7.16	4.287	0.0	69.481	27.346	-21.295	46.2	0.0	171.363	7.34	4.35	0.0	68.931	26.983	-1.0	0.0	0.0	177.369	7.44	2.788	0.0	69.428	12.526	-17.837	8.6	0.0	214.373
-1.0	3.038	0.0	84.69	25.457	-10.173	0.4	0.964	148.405	7.58	1.788	0.0	68.04	34.466	-24.558	40.6	0.0	120.409	7.22	3.475	0.0	69.757	25.239	-0.927	11.2	0.0	149.858	7.09	3.975	0.0	72.812	30.979	-8.058	0.0	1.953	198.874	6.26	4.412	0.0	73.72	11.436	-8.937	24.8	0.0	181.243	6.2	3.663	0.0	70.795	0.0	0.0	0.0	1.073	194.03	6.96	3.788	4.254	75.031	11.0	-20.94	19.0	1.508	179.597	6.84	4.287	0.0	70.841	26.62	-21.295	46.2	0.0	170.975	7.2	4.287	0.0	69.832	26.184	-1.0	0.0	0.0	161.288	7.4	3.163	0.0	69.659	12.308	-17.924	8.6	0.0	214.179
-1.0	2.788	1.595	78.665	25.312	-10.767	0.4	1.148	150.439	7.84	2.1	0.532	67.198	34.03	-24.935	40.6	0.972	120.409	6.73	3.6	0.0	71.654	26.038	-1.036	11.2	1.232	157.22	7.0	4.225	0.0	73.077	31.124	-8.084	0.0	2.078	193.158	6.46	4.412	0.0	72.686	11.944	-8.914	24.8	0.0	193.062	6.16	3.975	0.0	71.412	0.0	0.0	0.0	1.525	191.221	7.0	3.725	0.0	74.887	10.927	-20.816	19.0	1.785	171.75	6.74	4.225	0.0	71.318	27.273	-21.493	46.2	1.073	187.056	7.07	4.225	0.0	70.282	26.692	-1.0	0.0	0.0	160.32	7.34	2.975	0.0	70.676	12.162	-17.976	8.6	0.0	214.954
-1.0	2.6	0.532	89.25	25.893	-10.093	0.4	0.0	153.054	7.76	2.038	0.0	67.724	34.466	-24.731	40.6	0.0	120.409	6.62	3.538	0.0	72.434	25.893	-1.08	11.2	1.55	162.257	7.07	4.162	0.0	72.834	31.124	-8.045	0.0	2.112	202.942	6.4	4.35	0.0	72.725	11.944	-8.899	24.8	0.0	184.731	6.26	3.663	0.0	70.781	0.0	0.0	0.0	1.332	183.762	6.94	3.6	1.595	75.329	11.363	-20.888	19.0	1.718	174.463	6.99	4.412	0.0	70.214	26.91	-24.329	46.2	1.374	177.175	7.29	4.287	0.0	69.612	26.765	-1.0	0.0	2.137	162.644	7.4	3.288	0.0	69.765	12.162	-18.936	8.6	0.0	214.47
-1.0	2.538	0.0	89.25	25.748	-10.085	0.4	0.955	154.12	7.68	1.538	0.0	67.87	34.321	-24.291	40.6	0.0	120.409	6.88	3.413	0.0	71.735	26.184	-0.972	11.2	1.123	164.097	7.2	4.037	0.0	72.265	31.633	-8.08	0.0	1.986	200.908	6.46	4.162	0.0	72.943	11.654	-8.855	24.8	0.0	184.634	6.36	3.725	0.0	70.46	0.0	0.0	0.0	0.0	187.346	6.98	3.913	2.659	75.564	11.145	-21.511	19.0	2.003	190.833	7.07	4.6	0.0	70.203	26.983	-21.601	46.2	1.215	214.179	7.4	4.225	0.0	68.942	26.184	-1.0	0.0	1.617	161.191	7.5	3.288	0.0	69.094	12.308	-17.953	8.6	0.0	214.567
-1.0	2.413	0.532	89.167	25.312	-10.092	0.4	0.989	157.22	7.47	1.85	0.532	68.528	34.611	-23.714	40.6	0.0	120.215	7.02	3.35	0.0	71.242	25.966	-0.983	11.2	0.0	152.473	7.2	4.162	0.0	72.524	31.415	-8.053	0.0	1.902	198.68	6.43	4.537	0.0	72.706	11.654	-8.891	24.8	0.0	186.959	6.28	3.913	0.0	70.654	0.0	0.0	0.0	1.056	199.455	7.08	3.913	0.0	74.828	11.073	-20.655	19.0	2.003	180.081	6.6	4.162	0.0	72.172	27.056	-21.475	46.2	0.0	187.056	7.38	4.35	0.0	69.045	26.692	-1.0	0.0	2.011	162.548	7.44	2.913	0.0	69.905	12.162	-18.154	8.6	0.0	214.179
-1.0	2.725	0.532	90.114	25.457	-10.204	0.4	1.073	154.023	7.5	1.725	0.0	68.4	34.611	-24.256	40.6	0.0	120.506	7.24	3.6	0.0	69.867	25.603	-1.069	11.2	0.0	150.439	7.21	4.225	0.0	72.629	31.124	-8.059	0.0	2.07	203.233	6.46	4.35	0.0	72.968	11.726	-8.862	24.8	1.165	212.532	6.25	3.475	0.0	70.779	0.0	0.0	0.0	1.064	192.093	6.8	3.975	1.063	76.428	11.218	-20.885	19.0	1.718	187.056	6.64	4.287	0.0	71.973	27.201	-21.295	46.2	0.0	183.181	7.23	4.225	0.0	69.335	26.474	-1.0	0.0	2.129	166.907	7.36	3.225	0.0	69.651	12.38	-18.228	8.6	0.0	214.47
