6.59	3.163	0.0	71.782	25.53	-11.296	34.8	0.0	186.281	5.42	3.913	0.532	71.111	33.594	-8.011	28.8	0.0	236.169	6.14	3.913	0.0	69.998	24.004	-10.385	0.0	0.0	209.529	6.51	4.662	0.0	71.481	31.124	-1.937	35.0	0.0	201.392	5.76	4.412	0.0	73.923	11.073	-9.052	0.0	1.492	200.52	5.94	3.913	0.0	74.061	0.0	0.0	0.2	0.0	179.5	6.62	4.287	0.0	72.923	9.402	-1.0	0.0	0.0	167.197	6.1	4.475	0.0	70.645	26.474	-11.723	31.6	0.0	214.857	6.84	3.913	0.0	69.711	21.825	-18.393	0.0	0.0	132.615	6.42	4.037	0.0	70.288	9.62	-25.108	37.2	0.0	232.294
6.55	2.913	0.0	70.994	24.949	-11.187	34.8	0.0	191.899	5.37	3.85	0.0	71.231	34.03	-8.037	28.8	0.0	241.206	6.14	3.85	0.0	69.525	24.585	-10.328	0.0	0.905	203.717	6.56	4.975	0.0	70.865	30.543	-0.958	35.0	0.0	211.273	5.78	4.35	0.0	73.877	11.0	-9.089	0.0	1.341	204.395	5.94	3.788	0.0	73.909	0.0	0.0	0.2	2.045	199.455	6.44	4.037	1.595	73.833	9.91	-1.0	0.0	0.0	174.269	6.04	4.287	0.0	70.451	26.402	-11.901	31.6	0.0	214.47	7.0	4.162	0.0	68.76	21.389	-18.953	0.0	0.0	173.397	6.55	4.162	0.0	69.153	9.838	-25.053	37.2	0.0	244.015
6.58	3.163	5.317	70.843	25.748	-11.371	34.8	0.0	195.29	5.49	3.85	0.0	70.005	33.667	-7.98	28.8	0.0	240.915	6.12	4.1	0.0	69.837	24.15	-10.336	0.0	1.064	214.567	6.58	5.1	0.0	70.608	30.833	-1.137	35.0	0.922	197.905	5.98	4.287	0.0	73.128	10.927	-9.029	0.0	1.45	209.142	5.78	3.788	0.0	74.786	0.0	0.0	0.2	1.961	201.392	6.96	4.225	0.532	70.55	10.128	-1.0	0.0	0.0	176.981	6.06	4.475	0.0	70.611	26.474	-11.763	31.6	0.93	222.994	7.21	4.287	0.0	66.488	21.97	-18.584	0.0	0.0	157.898	6.48	3.975	0.0	69.669	10.128	-25.087	37.2	0.0	236.653
6.69	3.35	0.0	70.078	25.239	-11.286	34.8	0.0	192.868	5.47	3.788	0.532	69.686	33.449	-8.047	28.8	0.0	243.724	6.09	3.788	0.0	70.015	24.295	-10.295	0.0	0.0	214.567	7.19	5.225	0.0	67.134	29.671	-1.213	35.0	0.0	210.692	6.02	4.287	0.0	72.598	10.927	-9.038	0.0	1.307	200.23	5.8	3.85	0.0	74.337	0.0	0.0	0.2	1.827	191.608	7.09	4.6	1.595	70.391	9.692	-1.0	0.0	0.0	177.465	5.98	4.225	0.0	70.622	26.474	-11.849	31.6	1.014	207.592	7.21	4.475	0.0	66.894	21.534	-18.63	0.0	0.0	151.989	6.46	4.225	0.0	69.744	9.547	-24.975	37.2	0.0	259.03
6.8	3.163	1.063	69.413	25.603	-11.333	34.8	0.0	185.603	5.62	4.1	1.063	68.501	33.667	-8.038	28.8	0.0	243.628	5.69	3.475	0.0	71.734	23.859	-10.23	0.0	0.0	211.467	7.54	5.162	0.0	60.213	30.979	-1.054	35.0	0.0	201.586	6.32	4.412	0.0	71.157	10.709	-9.134	0.0	1.542	212.532	6.65	4.037	0.0	69.278	0.0	0.0	0.2	2.053	198.583	8.0	4.662	4.785	60.827	9.62	-1.0	0.0	2.07	177.562	6.2	4.35	0.0	68.955	26.402	-11.869	31.6	0.0	230.453	7.41	4.287	0.0	64.197	21.607	-18.485	0.0	0.0	136.683	6.86	4.35	0.0	64.762	9.62	-25.312	37.2	0.905	254.477
6.92	3.475	0.532	68.559	25.021	-11.304	34.8	0.0	198.777	5.88	4.287	0.0	67.216	33.594	-8.066	28.8	1.106	248.955	6.11	3.85	0.0	69.44	24.15	-11.549	0.0	0.0	200.424	6.09	4.1	0.0	72.92	30.761	-0.873	35.0	1.081	190.155	6.19	4.35	0.0	71.08	11.291	-9.099	0.0	1.919	206.43	5.85	3.663	0.0	73.637	0.0	0.0	0.2	1.224	184.537	6.81	3.913	0.532	70.835	9.838	-1.0	0.0	1.617	167.391	5.98	4.1	0.0	70.256	26.62	-11.706	31.6	1.089	193.449	7.16	4.225	0.0	67.452	22.043	-17.792	0.0	0.0	147.533	7.02	4.1	0.0	62.213	10.128	-25.227	37.2	0.0	246.146
6.88	3.35	0.0	68.285	25.167	-11.286	34.8	0.0	215.632	5.56	4.037	0.0	68.331	33.449	-8.048	28.8	1.5	266.876	5.99	3.85	0.0	69.417	24.367	-10.279	0.0	2.087	190.543	6.29	3.975	0.0	71.021	30.979	-0.764	35.0	0.972	166.519	6.43	4.6	0.0	68.361	11.581	-9.256	0.0	1.726	221.154	5.92	3.6	0.0	72.885	0.0	0.0	0.2	1.291	176.594	6.96	4.1	0.0	70.024	9.547	-1.0	0.0	1.215	175.334	5.96	4.1	0.0	70.409	26.474	-11.873	31.6	0.0	196.355	7.06	4.35	0.0	68.291	21.825	-18.5	0.0	0.0	130.774	7.19	4.6	0.0	58.614	9.329	-25.591	37.2	1.567	260.192
7.45	3.538	0.532	62.033	25.457	-11.388	34.8	2.112	218.054	6.39	4.787	0.0	60.365	33.521	-8.151	28.8	0.0	305.527	6.73	3.788	0.0	62.136	24.513	-10.247	0.0	0.0	218.441	7.6	5.225	0.0	58.65	30.543	-1.144	35.0	1.844	208.27	7.55	4.6	0.0	57.72	11.145	-9.175	0.0	1.374	257.964	6.86	4.1	0.0	64.046	0.0	0.0	0.2	1.098	192.868	8.0	4.475	1.063	60.941	9.402	-1.0	0.0	1.064	154.798	6.47	4.412	0.0	63.703	26.474	-11.878	31.6	0.0	235.103	7.24	4.225	0.0	66.032	21.752	-18.273	0.0	0.0	145.595	7.21	4.85	0.0	57.667	9.474	-25.678	37.2	1.307	272.979
7.57	3.288	8.508	60.615	25.021	-11.351	34.8	1.525	183.956	6.77	4.85	0.532	57.107	33.739	-8.141	28.8	1.701	283.441	6.87	3.538	0.0	60.557	24.15	-10.214	0.0	0.0	245.565	7.78	4.912	0.0	56.653	30.397	-0.972	35.0	1.718	202.361	7.68	4.662	0.0	57.364	11.363	-9.183	0.0	0.0	216.795	7.78	4.662	0.0	57.756	0.0	0.0	0.2	0.0	199.746	7.96	4.287	0.0	60.622	9.838	-1.0	0.0	1.575	162.16	6.84	4.225	0.0	61.651	26.692	-12.022	31.6	1.056	229.194	7.3	4.162	0.0	65.77	22.115	-18.553	0.0	0.0	157.51	7.2	4.162	0.0	58.156	9.838	-24.855	37.2	0.0	245.177
7.27	3.413	0.0	64.559	25.312	-11.445	34.8	0.0	190.446	6.52	4.537	2.659	59.279	33.667	-8.075	28.8	1.148	262.808	6.22	3.85	0.0	66.795	24.004	-10.255	0.0	0.0	230.26	7.63	4.35	0.0	58.626	31.124	-0.956	35.0	0.98	198.292	6.81	4.1	0.0	64.533	10.637	-9.079	0.0	0.0	197.905	7.72	4.475	0.0	57.631	0.0	0.0	0.2	1.483	210.982	7.75	4.1	0.0	62.084	9.983	-1.0	0.0	0.0	173.881	6.88	4.475	0.0	61.01	26.474	-12.017	31.6	0.0	235.49	7.2	4.1	0.0	66.106	21.462	-18.538	0.0	0.0	132.615	7.21	4.475	0.0	57.898	9.329	-25.355	37.2	0.0	261.064
7.12	3.6	0.0	66.932	25.603	-11.322	34.8	1.693	219.507	6.04	4.412	0.0	65.409	33.594	-8.103	28.8	1.081	243.628	6.24	3.538	0.0	66.042	24.15	-10.311	0.0	0.0	238.784	7.44	4.725	0.0	60.594	30.761	-1.149	35.0	1.609	195.58	7.21	4.662	0.0	63.388	10.709	-9.154	0.0	1.366	211.467	7.21	4.1	0.0	62.497	0.0	0.0	0.2	1.441	194.708	7.68	4.475	1.063	63.135	9.547	-1.0	0.0	1.383	181.631	6.39	4.1	0.0	66.448	27.056	-12.002	31.6	0.0	191.705	7.48	4.287	0.0	63.323	21.97	-18.288	0.0	0.0	137.071	7.04	4.537	0.0	61.544	9.547	-25.473	37.2	1.324	245.468
6.91	3.413	0.0	67.996	25.021	-11.223	34.8	0.0	188.509	5.72	4.162	0.532	67.481	33.594	-7.995	28.8	1.131	253.315	6.58	3.6	0.0	63.529	24.222	-10.199	0.0	0.922	222.607	7.88	5.037	0.0	55.115	30.543	-1.15	35.0	1.785	194.805	6.36	4.287	0.0	68.906	11.654	-9.101	0.0	1.617	210.207	7.5	4.1	0.0	59.494	0.0	0.0	0.2	1.886	186.668	7.55	4.1	6.381	62.358	9.329	-1.0	0.0	1.475	168.844	6.66	4.287	0.0	63.625	26.402	-12.963	31.6	0.0	205.073	7.21	3.913	0.0	65.399	21.462	-18.198	0.0	0.0	133.583	7.21	4.412	0.0	58.416	9.838	-25.333	37.2	1.24	251.958
6.98	3.538	0.0	67.365	24.513	-11.313	34.8	1.316	207.786	5.94	4.162	0.0	64.709	34.03	-8.045	28.8	0.0	240.431	5.8	3.475	0.0	69.486	24.222	-10.183	0.0	0.0	221.347	7.8	4.975	0.0	57.179	31.124	-1.164	35.0	1.425	204.298	6.99	4.225	0.0	63.655	11.654	-9.075	0.0	1.475	226.772	7.21	4.1	0.0	61.487	0.0	0.0	0.2	1.123	178.531	7.57	4.162	0.532	62.614	9.62	-1.0	0.0	0.0	156.348	6.64	4.162	0.0	62.79	27.056	-12.101	31.6	1.86	207.979	7.2	4.1	0.0	65.752	21.389	-18.637	0.0	0.0	130.871	7.32	4.725	0.0	56.437	9.838	-25.441	37.2	1.458	276.757
7.46	3.35	0.0	62.846	25.457	-11.36	34.8	1.232	244.015	5.64	3.725	0.0	67.36	33.594	-8.04	28.8	0.0	250.99	6.02	3.538	0.0	67.884	23.859	-10.168	0.0	0.0	229.678	7.76	5.037	0.0	55.978	31.342	-1.185	35.0	2.095	203.233	6.62	4.287	0.0	66.841	10.782	-9.082	0.0	1.416	210.886	7.4	4.287	0.0	60.898	0.0	0.0	0.2	2.078	196.549	7.8	4.162	0.0	59.885	10.056	-1.0	0.0	1.173	162.838	6.53	4.225	0.0	64.319	26.329	-12.022	31.6	0.0	225.803	7.21	4.287	0.0	64.658	21.534	-19.392	0.0	0.0	139.396	7.21	4.475	0.0	57.436	9.765	-25.832	37.2	1.425	256.317
7.94	3.85	0.0	58.531	24.803	-11.51	34.8	0.0	226.191	6.35	4.225	1.063	59.537	33.739	-8.076	28.8	0.0	290.803	6.18	3.538	0.0	65.352	24.44	-10.214	0.0	0.0	218.441	7.6	4.787	0.0	57.959	31.124	-1.067	35.0	2.103	194.418	7.13	4.35	0.0	60.854	10.927	-9.089	0.0	1.182	228.903	7.21	3.913	0.0	60.641	0.0	0.0	0.2	2.053	206.236	7.16	3.975	1.063	65.061	9.547	-1.0	0.0	0.0	150.439	6.58	4.162	0.0	63.694	26.474	-12.146	31.6	0.0	195.483	7.32	3.975	0.0	62.962	21.825	-18.311	0.0	0.0	135.133	7.11	4.35	0.0	58.859	9.91	-25.6	37.2	0.0	248.665
8.07	3.725	0.532	58.897	24.731	-11.415	34.8	1.24	287.413	6.82	4.85	0.0	56.854	33.667	-8.157	28.8	0.0	314.149	7.21	3.538	0.0	55.778	24.731	-10.145	0.0	1.735	244.984	7.76	4.6	0.0	55.42	30.688	-1.107	35.0	1.475	194.805	7.53	4.537	0.0	58.063	11.0	-9.13	0.0	0.0	213.017	7.21	3.975	0.0	58.589	0.0	0.0	0.2	0.913	208.658	7.62	4.037	0.0	59.37	9.329	-1.0	0.0	1.198	177.756	6.85	4.037	0.0	59.845	26.62	-12.219	31.6	0.0	214.47	7.5	3.788	0.0	60.121	21.68	-17.785	0.0	0.0	145.595	7.34	4.35	0.0	55.797	9.547	-25.312	37.2	1.064	231.228
7.5	3.725	0.532	62.21	25.603	-11.53	34.8	1.19	200.133	6.28	4.412	1.063	61.024	33.667	-8.143	28.8	1.14	262.033	7.22	3.725	0.0	56.072	23.714	-10.147	0.0	2.112	231.616	7.62	4.662	0.0	57.383	30.688	-0.992	35.0	0.913	197.033	7.42	4.475	0.0	59.88	11.436	-9.104	0.0	1.198	218.829	7.2	3.538	0.0	59.816	0.0	0.0	0.2	0.0	188.121	7.39	3.975	1.063	61.179	9.91	-1.0	0.0	0.0	183.859	6.96	4.162	0.0	58.836	26.474	-12.38	31.6	0.0	219.507	7.02	3.85	0.0	64.074	21.825	-17.799	0.0	0.0	131.452	7.18	4.225	0.0	58.411	10.128	-25.172	37.2	0.0	225.803
7.78	3.6	0.0	58.909	25.239	-11.591	34.8	1.408	229.097	6.12	4.225	1.595	62.618	33.521	-8.092	28.8	0.0	251.183	6.88	3.538	0.0	59.537	24.44	-10.078	0.0	2.053	213.017	7.2	4.412	0.0	59.93	30.761	-0.943	35.0	0.972	190.155	6.84	4.037	0.0	63.13	11.0	-9.119	0.0	1.358	204.395	7.21	3.975	0.0	60.697	0.0	0.0	0.2	0.989	190.446	7.33	3.85	1.063	63.269	10.274	-1.0	0.0	0.0	158.673	6.86	4.1	0.0	60.922	26.62	-12.275	31.6	0.0	201.877	7.14	3.538	0.0	62.569	21.244	-18.205	0.0	0.0	146.564	7.1	4.287	0.0	57.938	9.765	-25.483	37.2	0.0	245.081
7.8	3.538	0.532	58.509	25.457	-11.662	34.8	0.0	213.792	6.66	4.662	0.532	56.54	33.594	-8.154	28.8	1.165	271.914	7.04	3.475	0.0	57.352	24.295	-10.137	0.0	1.374	225.803	7.65	4.475	0.0	55.58	31.051	-1.031	35.0	0.0	201.683	7.16	4.162	0.0	60.915	10.855	-9.105	0.0	0.0	177.175	6.75	3.6	0.0	62.502	0.0	0.0	0.2	0.0	179.79	7.4	3.85	0.532	61.66	9.329	-1.0	0.0	0.0	170.975	6.55	4.1	0.0	62.134	26.402	-12.932	31.6	0.0	199.261	7.2	3.85	0.0	63.108	21.825	-17.894	0.0	0.0	149.47	7.3	3.85	0.0	54.617	9.91	-25.045	37.2	0.0	235.103
7.32	3.413	0.0	63.156	24.949	-11.445	34.8	1.651	217.279	6.34	4.85	1.595	61.315	33.303	-8.149	28.8	1.064	295.356	7.0	3.6	0.0	59.642	24.44	-10.153	0.0	0.905	235.006	7.54	4.662	0.0	59.214	31.342	-0.992	35.0	0.0	201.392	7.21	4.412	0.0	62.161	11.363	-9.097	0.0	0.0	240.915	7.02	3.85	0.0	60.61	0.0	0.0	0.2	0.0	197.13	7.62	3.538	1.063	60.453	9.547	-1.0	0.0	0.0	170.394	6.62	3.913	0.0	61.446	26.474	-12.536	31.6	1.793	190.833	7.12	3.725	0.0	63.261	21.752	-17.865	0.0	0.0	146.564	6.9	4.1	0.0	62.305	10.128	-25.032	37.2	2.078	284.603
7.49	3.975	0.0	61.534	25.094	-11.529	34.8	1.148	226.094	5.76	4.412	0.0	65.63	33.521	-8.079	28.8	1.71	292.062	6.24	3.288	0.0	66.15	24.077	-10.113	0.0	2.112	202.942	7.43	4.475	0.0	59.967	30.47	-1.031	35.0	1.265	195.968	6.58	4.162	0.0	66.645	10.709	-9.032	0.0	1.567	198.196	7.12	4.1	0.0	62.928	0.0	0.0	0.2	0.913	193.836	7.42	3.725	8.508	63.729	9.547	-1.0	0.0	0.0	177.465	6.56	3.975	0.0	63.856	26.62	-13.02	31.6	0.0	227.644	6.84	3.788	0.0	66.231	21.97	-17.88	0.0	0.0	138.524	6.98	4.35	0.0	59.781	9.91	-25.214	37.2	1.282	249.633
7.38	3.225	0.532	62.358	25.167	-12.045	34.8	2.078	209.142	6.6	4.662	0.532	58.807	33.667	-8.217	28.8	1.274	295.937	6.24	3.475	0.0	65.526	24.004	-10.114	0.0	1.651	210.207	7.04	3.913	0.0	62.3	30.979	-0.644	35.0	0.0	193.255	7.24	4.35	0.0	60.334	11.145	-9.117	0.0	0.0	240.043	6.46	3.413	0.0	65.946	0.0	0.0	0.2	0.0	188.024	6.83	3.663	0.532	68.489	9.91	-1.0	0.0	0.0	155.185	5.99	4.037	0.0	67.906	26.474	-12.409	31.6	0.0	182.987	6.9	4.037	0.0	66.919	21.97	-18.424	0.0	0.0	109.753	7.05	4.6	0.0	60.076	10.201	-25.591	37.2	0.972	325.386
7.07	3.225	1.063	66.354	25.239	-11.496	34.8	0.0	217.376	6.03	3.975	0.0	64.067	33.739	-8.098	28.8	0.922	251.958	6.44	3.35	0.0	62.728	23.859	-10.121	0.0	1.5	242.853	7.48	4.662	0.0	60.004	31.124	-1.128	35.0	0.0	201.392	7.18	4.475	0.0	62.268	11.291	-9.141	0.0	0.0	238.203	7.3	3.913	0.0	59.861	0.0	0.0	0.2	0.0	213.404	7.42	3.663	0.532	62.783	9.256	-1.0	0.0	0.0	192.674	6.18	3.85	0.0	64.97	26.547	-12.427	31.6	1.534	212.823	7.21	4.162	0.0	64.576	21.752	-18.258	0.0	0.0	131.937	6.99	3.975	0.0	60.407	9.765	-25.28	37.2	0.0	241.69
7.47	3.663	0.532	61.84	24.876	-11.406	34.8	1.106	259.805	5.88	4.475	0.0	64.014	33.739	-8.15	28.8	1.056	305.624	6.27	3.538	0.0	65.123	24.44	-10.122	0.0	2.07	225.222	7.52	4.162	0.0	58.58	31.269	-0.961	35.0	0.0	195.58	7.16	4.35	0.0	61.816	10.419	-9.089	0.0	1.643	214.954	6.9	3.788	0.0	64.053	0.0	0.0	0.2	0.0	204.783	7.26	3.663	0.0	64.116	9.765	-1.0	0.0	0.0	172.622	6.54	3.85	0.0	63.991	26.62	-12.427	31.6	0.0	192.868	7.45	3.788	0.0	61.556	21.607	-17.975	0.0	0.0	182.018	6.9	4.287	0.0	61.014	10.201	-25.291	37.2	1.031	257.964
7.32	3.538	1.063	63.268	25.603	-11.621	34.8	1.802	280.729	6.48	4.6	0.532	59.216	33.667	-8.106	28.8	1.282	301.265	7.14	3.913	0.0	59.007	24.585	-10.127	0.0	0.0	242.465	7.37	4.475	0.0	59.644	31.197	-1.065	35.0	1.349	190.93	7.38	4.287	0.0	59.103	10.855	-9.101	0.0	0.0	215.729	6.89	3.85	0.0	63.444	0.0	0.0	0.2	1.022	187.346	7.11	3.913	0.0	65.272	9.983	-1.0	0.0	0.972	173.978	6.57	4.35	0.0	63.167	26.474	-12.508	31.6	0.0	204.783	7.05	3.6	0.0	64.795	21.607	-18.027	0.0	0.0	144.82	7.2	4.35	0.0	57.781	9.474	-25.312	37.2	1.064	245.468
6.84	3.35	1.595	67.151	25.239	-11.594	34.8	0.922	215.342	5.56	3.975	0.0	67.211	33.667	-8.098	28.8	0.0	251.765	6.24	3.413	0.0	65.227	23.859	-10.084	0.0	1.936	216.891	7.74	4.912	0.0	56.062	31.124	-1.655	35.0	1.349	211.854	7.21	4.35	0.0	61.431	10.709	-9.089	0.0	0.997	220.669	7.21	3.85	0.0	61.544	0.0	0.0	0.2	1.316	199.842	7.54	4.037	0.0	62.329	9.547	-1.0	0.0	0.0	175.819	6.62	4.287	0.0	63.286	26.547	-12.498	31.6	0.0	227.257	7.08	3.85	0.0	64.443	21.389	-17.799	0.0	0.0	120.312	6.92	4.162	0.0	61.27	10.274	-25.44	37.2	0.964	268.426
6.4	3.163	0.532	70.048	24.731	-11.688	34.8	0.0	189.768	5.16	3.35	3.19	69.312	33.231	-8.026	28.8	0.0	261.452	6.03	3.35	0.0	66.653	25.021	-10.011	0.0	1.291	180.178	7.52	4.725	0.0	58.35	31.051	-1.183	35.0	1.022	204.395	6.1	4.287	0.0	69.675	11.291	-9.091	0.0	1.014	194.418	6.95	3.975	0.0	62.62	0.0	0.0	0.2	1.106	195.677	6.89	3.975	1.063	66.917	9.765	-1.0	0.0	0.0	170.685	6.28	4.1	0.0	65.642	26.184	-12.37	31.6	0.0	197.13	7.13	3.413	0.0	64.093	21.825	-18.469	0.0	0.0	123.122	7.04	4.35	0.0	58.447	9.402	-25.409	37.2	0.0	272.979
6.2	2.975	0.532	70.508	24.585	-11.459	34.8	1.014	193.74	5.21	3.725	0.0	69.19	33.376	-8.072	28.8	0.0	221.444	5.82	3.538	0.0	68.963	24.077	-10.191	0.0	1.919	190.155	6.13	3.725	0.0	69.734	30.833	-0.715	35.0	0.0	187.346	6.0	3.725	0.0	70.521	11.291	-8.939	0.0	1.601	229.485	6.12	3.163	0.0	69.626	0.0	0.0	0.2	2.12	181.921	6.94	3.788	2.659	67.76	9.547	-1.0	0.0	0.0	168.069	6.08	3.913	0.0	67.655	26.474	-12.199	31.6	0.0	178.919	7.13	4.1	0.0	64.093	21.97	-18.049	0.0	0.0	139.686	7.04	4.6	0.0	59.077	9.765	-25.591	37.2	0.0	281.794
6.94	3.725	3.722	67.034	25.021	-11.609	34.8	1.5	205.655	5.39	3.913	0.0	68.538	33.594	-8.075	28.8	0.0	225.803	5.82	3.475	0.0	69.438	24.367	-10.23	0.0	1.575	203.233	6.07	3.6	0.0	70.561	31.269	-0.772	35.0	0.0	191.705	5.71	3.913	0.0	72.613	11.363	-8.96	0.0	1.492	195.193	5.92	3.163	0.0	70.192	0.0	0.0	0.2	0.0	188.121	6.74	3.725	2.127	69.189	9.547	-1.0	0.0	1.006	176.884	6.0	4.037	0.0	68.094	26.765	-12.409	31.6	2.112	191.318	7.21	3.913	0.0	64.052	21.462	-18.005	0.0	0.0	137.458	7.0	4.35	0.0	59.67	9.838	-25.6	37.2	1.056	265.229
6.54	3.475	0.0	70.101	25.53	-11.994	34.8	1.064	198.583	5.22	3.85	1.063	70.031	33.739	-8.077	28.8	0.955	249.827	6.06	3.663	0.0	68.451	24.44	-10.184	0.0	0.0	215.632	7.14	4.6	0.0	63.209	30.47	-0.869	35.0	0.955	190.833	6.03	3.975	0.0	71.075	11.073	-9.001	0.0	1.785	202.167	5.78	3.538	0.0	71.984	0.0	0.0	0.2	0.0	189.284	6.92	4.1	0.532	68.212	9.62	-1.0	0.0	1.014	177.756	5.98	4.1	0.0	68.675	26.474	-12.37	31.6	0.0	173.009	7.12	3.788	0.0	64.312	21.752	-17.88	0.0	0.0	136.49	6.68	3.913	0.0	64.015	10.201	-25.066	37.2	0.0	236.169
