6.14	0.537	1.063	63.315	25.312	-10.498	34.8	1.441	192.093	4.83	1.663	0.0	63.062	33.739	-7.803	28.8	1.291	198.583	5.91	2.663	0.0	58.011	25.021	-8.835	0.0	1.827	143.852	5.36	2.538	0.0	65.586	30.615	-0.576	35.0	0.0	200.52	4.93	2.6	0.0	67.974	11.073	-8.804	0.0	1.575	206.43	4.86	1.475	0.0	66.895	0.0	0.0	0.2	1.173	198.099	5.42	2.475	0.0	68.278	9.983	-24.009	0.0	2.011	190.93	5.21	2.725	0.0	63.402	26.765	-11.792	31.6	0.905	188.993	6.51	2.663	0.0	59.335	23.423	-24.265	0.0	0.0	120.7	5.92	1.913	0.0	62.584	10.346	-24.316	37.2	0.0	245.177	5.22
6.55	1.725	1.063	60.871	25.893	-10.593	34.8	1.81	189.284	4.67	1.475	0.532	63.611	33.449	-7.784	28.8	1.299	191.221	5.54	2.35	0.0	59.916	24.295	-8.776	0.0	1.969	158.77	5.37	2.6	0.0	64.718	31.051	-0.662	35.0	0.0	180.662	4.85	2.85	0.0	67.401	11.218	-8.815	0.0	1.81	206.042	5.24	1.725	0.0	64.858	0.0	0.0	0.2	1.617	176.4	5.43	2.475	3.722	67.881	10.492	-24.205	0.0	2.062	194.03	5.16	2.913	0.0	63.751	26.547	-11.735	31.6	1.366	186.668	6.35	2.725	0.0	60.019	23.133	-24.187	0.0	0.0	137.458	5.75	2.038	0.0	63.275	10.492	-24.545	37.2	0.0	232.391	5.05
7.11	1.413	0.532	59.003	25.748	-10.582	34.8	1.743	185.99	4.83	1.413	0.0	62.758	33.739	-7.786	28.8	1.207	184.44	5.42	2.35	0.0	60.319	24.585	-8.76	0.0	1.508	172.234	5.3	2.538	0.0	65.873	30.543	-0.576	35.0	2.103	201.683	4.92	3.038	0.0	67.334	10.927	-8.861	0.0	1.869	209.723	5.0	1.725	0.0	65.981	0.0	0.0	0.2	1.659	167.488	5.3	2.538	0.0	68.388	10.564	-24.127	0.0	0.0	189.38	5.46	2.663	0.0	62.312	26.184	-11.614	31.6	1.559	177.756	6.72	2.85	0.0	58.224	23.133	-23.827	0.0	0.0	126.415	5.64	2.225	0.0	63.834	9.983	-24.415	37.2	1.232	246.727	5.13
6.3	1.288	1.063	62.12	24.949	-10.565	34.8	1.668	188.509	4.84	1.725	0.0	62.373	33.521	-7.817	28.8	1.525	187.443	5.64	2.225	0.0	59.28	24.004	-8.692	0.0	1.441	186.281	5.56	2.6	0.0	64.942	30.688	-0.566	35.0	1.902	199.649	5.74	2.913	0.0	64.455	10.927	-8.839	0.0	1.291	216.117	5.31	1.85	0.0	64.325	0.0	0.0	0.2	1.198	192.868	5.43	2.538	1.063	67.695	11.073	-24.127	0.0	0.0	192.383	5.51	2.913	0.0	62.126	26.91	-11.693	31.6	1.919	178.822	6.49	2.475	0.0	59.446	22.769	-24.205	0.0	0.0	159.738	5.86	2.413	0.0	62.213	10.782	-24.76	37.2	1.517	259.805	5.2
6.62	1.538	2.659	60.205	25.603	-10.661	34.8	1.953	198.292	5.14	1.913	0.0	61.115	33.739	-7.827	28.8	1.475	190.93	5.68	1.85	0.0	59.571	24.585	-8.697	0.0	0.0	211.854	5.22	2.35	0.0	66.182	31.124	-0.671	35.0	1.953	194.03	5.52	3.1	0.0	65.289	10.782	-8.893	0.0	1.467	199.649	5.11	1.475	0.0	65.324	0.0	0.0	0.2	1.064	183.181	5.62	2.538	0.532	66.416	9.547	-24.225	0.0	0.0	170.394	5.2	2.788	0.0	63.566	26.62	-11.758	31.6	1.768	177.562	6.04	2.725	0.0	61.293	23.133	-23.988	0.0	0.0	157.22	6.02	2.538	0.0	61.205	9.983	-24.895	37.2	1.425	254.671	5.24
7.16	2.1	0.0	57.746	25.021	-10.833	34.8	0.0	191.705	5.53	1.475	0.0	58.95	33.594	-7.663	28.8	1.383	190.833	5.74	1.975	0.0	58.585	24.077	-8.735	0.0	0.0	138.911	5.22	2.225	0.0	65.344	31.415	-0.597	35.0	1.643	197.808	5.48	3.038	0.0	65.227	11.218	-8.853	0.0	1.148	203.136	5.55	1.475	0.0	63.819	0.0	0.0	0.2	0.972	167.488	5.76	2.038	2.127	65.359	10.128	-24.26	0.0	1.617	195.968	4.98	2.413	0.0	64.622	26.62	-11.456	31.6	1.408	196.743	5.98	2.538	0.0	61.619	23.423	-23.929	0.0	0.0	141.139	6.08	2.413	0.0	60.934	10.782	-24.476	37.2	0.972	259.514	5.75
7.44	2.725	1.063	56.688	24.949	-10.854	34.8	0.0	196.646	5.4	1.788	2.659	59.384	33.594	-7.751	28.8	1.567	186.184	5.55	1.725	0.0	60.059	24.585	-8.7	0.0	0.0	118.181	5.16	2.038	0.0	66.548	31.124	-0.438	35.0	1.575	193.933	5.44	2.788	0.0	65.329	11.145	-8.858	0.0	1.425	223.479	5.51	1.663	0.0	63.482	0.0	0.0	0.2	0.0	155.67	5.42	2.35	0.0	68.384	9.765	-24.36	0.0	1.802	185.118	5.76	2.725	0.0	60.46	26.474	-11.792	31.6	1.265	145.789	5.91	2.85	0.0	62.165	23.35	-24.423	0.0	0.0	156.638	6.13	2.538	0.0	60.548	10.492	-24.612	37.2	1.332	252.927	5.98
6.83	1.725	2.127	59.215	25.167	-11.092	34.8	0.0	179.79	5.24	1.413	0.0	60.233	33.303	-7.731	28.8	1.274	189.187	5.45	1.85	0.0	60.296	24.803	-8.636	0.0	0.0	130.677	5.54	2.163	0.0	64.393	30.979	-0.449	35.0	1.332	208.658	5.61	2.788	0.0	64.514	10.927	-8.858	0.0	1.399	218.829	5.65	1.413	0.0	62.399	0.0	0.0	0.2	0.0	142.883	5.94	2.163	0.0	64.9	9.983	-22.799	0.0	1.701	164.485	5.58	2.975	0.0	61.887	26.765	-11.744	31.6	1.224	174.85	5.88	2.6	0.0	62.411	23.205	-24.343	0.0	0.0	145.111	6.23	2.663	0.0	59.886	10.056	-24.363	37.2	1.441	244.693	6.08
6.99	2.1	0.0	58.583	25.239	-10.612	34.8	2.12	210.304	5.28	1.85	0.0	59.958	33.376	-7.748	28.8	1.542	203.62	5.88	1.725	0.0	58.121	23.786	-8.716	0.0	0.0	145.692	5.43	1.913	0.0	64.456	30.906	-0.364	35.0	1.249	210.304	5.91	3.163	0.0	63.026	11.363	-8.85	0.0	1.291	240.818	5.25	0.912	0.0	64.642	0.0	0.0	0.2	0.0	185.215	5.53	2.038	0.0	66.803	10.346	-23.969	0.0	1.743	183.956	6.08	2.725	0.0	59.294	26.547	-11.749	31.6	0.0	210.498	6.58	2.913	0.0	59.118	23.423	-24.048	0.0	0.0	138.427	6.26	2.6	0.0	59.323	10.346	-24.343	37.2	1.517	274.238	6.15
6.67	1.788	1.063	59.929	25.82	-10.601	34.8	0.0	189.187	5.54	1.225	0.0	58.752	33.449	-7.729	28.8	0.964	194.03	5.7	1.788	0.0	58.949	24.367	-8.747	0.0	0.0	153.345	5.6	1.85	0.0	64.129	30.688	-0.312	35.0	1.056	209.82	5.72	2.85	0.0	63.986	10.927	-8.865	0.0	1.911	215.342	5.36	1.038	0.0	64.361	0.0	0.0	0.2	0.0	185.118	5.62	2.163	1.063	67.195	10.128	-24.008	0.0	1.433	193.933	5.58	2.788	0.0	61.803	26.329	-11.801	31.6	0.0	186.184	6.41	2.85	0.0	59.859	22.915	-24.617	0.0	0.0	143.949	6.25	2.225	0.0	59.492	10.782	-24.511	37.2	0.947	270.751	6.02
6.93	1.913	0.532	58.774	25.675	-10.587	34.8	2.011	205.267	5.48	1.163	1.063	59.198	33.667	-7.691	28.8	1.182	213.017	5.9	1.975	0.0	58.41	24.367	-8.743	0.0	0.0	80.014	5.08	1.413	0.0	66.721	30.979	-0.163	35.0	0.93	185.118	5.82	2.85	0.0	63.535	11.073	-8.873	0.0	1.19	215.148	5.4	1.413	0.0	64.341	0.0	0.0	0.2	0.0	187.346	5.49	2.038	0.532	66.743	10.346	-24.067	0.0	1.517	191.221	5.92	2.725	0.0	60.486	26.329	-11.879	31.6	0.0	203.33	6.26	2.475	0.0	60.457	22.915	-24.4	0.0	0.0	137.458	6.15	2.038	0.0	60.072	10.782	-24.26	37.2	0.0	270.751	5.18
6.54	1.788	0.0	60.277	25.167	-10.823	34.8	1.927	184.537	5.66	2.038	0.532	58.143	33.594	-7.807	28.8	1.676	171.556	5.95	1.475	0.0	57.873	24.295	-8.713	0.0	0.0	108.785	5.86	2.163	0.0	62.296	31.124	-1.044	35.0	1.886	197.518	5.75	2.788	0.0	63.578	11.363	-8.901	0.0	1.525	214.179	5.3	1.413	0.0	64.514	0.0	0.0	0.2	0.0	199.164	5.18	1.913	0.0	68.604	10.201	-24.027	0.0	1.316	184.343	5.8	2.788	0.0	60.466	26.402	-11.674	31.6	1.24	191.415	6.12	2.725	0.0	61.025	22.769	-23.988	0.0	0.0	140.461	6.2	1.475	0.0	59.881	9.983	-24.458	37.2	0.0	264.551	5.83
6.66	1.725	5.849	59.416	25.167	-10.533	34.8	1.651	138.427	5.1	1.725	0.0	60.716	33.739	-7.761	28.8	1.022	164.582	6.1	1.975	0.0	57.177	24.658	-8.828	0.0	0.0	111.691	5.32	2.225	0.0	65.497	31.269	-0.439	35.0	1.601	205.073	5.67	2.913	0.0	62.292	11.218	-8.915	0.0	0.0	213.985	5.1	1.413	0.0	66.886	0.0	0.0	0.2	0.0	194.418	5.96	2.1	1.063	64.165	9.91	-24.565	0.0	1.45	177.95	5.68	2.913	0.0	61.065	26.474	-11.82	31.6	1.332	197.711	5.88	2.35	0.0	62.522	23.278	-24.36	0.0	0.0	149.083	6.15	1.85	0.0	59.788	10.056	-24.578	37.2	0.0	244.596	6.22
6.81	1.663	0.532	58.755	25.603	-10.554	34.8	1.307	183.181	5.08	2.1	0.0	60.489	33.303	-7.789	28.8	1.777	181.05	5.77	2.038	0.0	58.161	24.367	-8.8	0.0	0.0	156.445	5.4	2.475	0.0	65.023	31.342	-0.619	35.0	1.827	212.242	5.22	2.725	0.0	65.045	10.927	-8.885	0.0	0.0	215.632	5.26	1.725	0.0	64.998	0.0	0.0	0.2	0.0	199.552	5.64	2.288	2.659	66.635	10.637	-23.751	0.0	1.71	191.318	6.04	2.913	0.0	59.174	26.692	-11.777	31.6	0.955	217.86	6.0	2.6	0.0	61.258	23.205	-24.343	0.0	0.0	140.364	6.08	1.85	0.0	60.399	10.492	-24.578	37.2	0.0	249.052	4.99
6.7	1.475	0.0	59.052	25.312	-10.53	34.8	1.575	191.221	5.04	2.163	0.0	60.454	33.449	-7.795	28.8	1.852	178.822	5.86	2.288	0.0	57.227	24.585	-8.794	0.0	1.006	150.439	5.46	2.725	0.0	64.105	31.124	-0.672	35.0	1.894	197.421	5.09	2.663	0.0	64.913	11.145	-8.887	0.0	0.0	216.117	5.42	1.85	0.0	63.08	0.0	0.0	0.2	1.207	165.647	5.44	2.1	0.0	67.243	9.91	-1.0	0.0	1.643	180.759	5.56	2.35	0.0	61.325	26.474	-11.736	31.6	0.0	194.805	5.9	2.413	0.0	61.689	22.842	-24.283	0.0	0.0	130.871	6.1	1.788	0.0	60.035	10.709	-24.558	37.2	0.0	252.152	5.4
6.74	0.975	0.532	58.858	25.021	-10.434	34.8	1.282	222.607	5.6	2.163	0.532	57.819	33.594	-7.819	28.8	1.24	221.735	5.6	1.975	0.0	58.534	24.44	-8.785	0.0	1.416	171.847	5.3	2.038	0.0	65.277	31.415	-0.438	35.0	1.86	197.518	5.02	2.788	0.0	65.687	10.927	-8.875	0.0	1.542	213.404	5.16	1.538	0.0	64.025	0.0	0.0	0.2	1.198	177.756	5.9	2.038	0.532	63.88	9.692	-24.163	0.0	1.383	146.951	5.16	2.663	0.0	62.649	26.402	-11.826	31.6	0.0	177.95	5.7	2.1	0.0	62.464	22.842	-24.086	0.0	0.0	152.182	6.08	1.975	0.0	59.89	10.201	-24.618	37.2	0.0	246.243	5.12
6.31	0.725	0.532	60.211	25.53	-10.522	34.8	1.601	187.249	5.4	2.1	0.0	58.588	33.667	-7.797	28.8	1.366	207.592	5.62	2.163	0.0	57.879	24.44	-9.069	0.0	0.0	155.67	5.34	2.288	0.0	64.494	31.342	-0.586	35.0	1.886	201.005	5.28	2.85	0.0	65.192	10.927	-8.926	0.0	1.768	221.929	5.3	1.663	0.0	62.949	0.0	0.0	0.2	1.324	174.269	5.78	1.913	1.063	64.38	10.056	-23.832	0.0	1.19	168.65	5.2	2.538	0.0	61.879	26.474	-11.851	31.6	0.0	172.525	6.16	2.413	0.0	59.79	23.205	-24.38	0.0	0.0	138.233	6.2	1.788	0.0	59.2	10.056	-24.465	37.2	0.0	245.081	5.49
6.62	1.163	5.317	59.324	25.312	-10.459	34.8	1.693	196.355	5.44	1.663	0.0	58.594	33.667	-7.755	28.8	1.224	195.58	5.68	2.163	0.0	58.06	24.513	-8.805	0.0	1.492	152.957	5.32	2.1	0.0	64.545	31.124	-0.428	35.0	1.961	194.708	5.16	3.163	0.0	64.735	11.291	-9.185	0.0	1.793	205.073	4.96	1.413	0.0	64.836	0.0	0.0	0.2	0.0	171.944	5.46	1.85	1.063	67.139	10.346	-24.296	0.0	1.416	196.549	4.94	2.413	0.0	63.356	26.402	-11.832	31.6	0.913	178.531	5.8	2.413	0.0	61.784	22.915	-24.283	0.0	0.0	147.436	5.94	1.975	0.0	60.743	10.855	-24.618	37.2	0.0	233.941	5.85
6.46	1.225	2.659	60.009	25.094	-10.467	34.8	1.693	207.398	5.16	1.725	0.0	59.656	33.812	-7.769	28.8	1.433	201.683	5.84	2.413	0.0	57.483	24.44	-8.85	0.0	1.458	158.576	5.63	2.35	0.0	63.033	30.543	-0.513	35.0	1.71	203.717	5.3	2.725	0.0	63.775	11.218	-8.93	0.0	1.978	217.182	5.21	1.475	0.0	63.21	0.0	0.0	0.2	1.123	177.756	5.3	1.913	1.063	67.591	10.492	-24.316	0.0	1.55	190.93	5.42	2.413	0.0	61.05	26.474	-11.66	31.6	1.039	178.725	6.13	2.288	0.0	60.04	23.205	-23.751	0.0	0.0	156.251	5.8	2.163	0.0	61.533	10.201	-24.491	37.2	1.458	233.359	5.57
6.72	1.413	4.254	59.055	24.876	-10.462	34.8	1.617	209.529	5.27	1.788	0.0	59.221	33.521	-7.783	28.8	1.492	203.62	5.56	1.85	0.0	58.585	24.44	-8.797	0.0	0.997	152.57	5.6	2.225	0.0	62.363	31.124	-0.502	35.0	1.743	196.355	4.94	2.788	0.0	65.916	11.363	-8.91	0.0	1.634	205.267	4.97	1.413	0.0	65.218	0.0	0.0	0.2	1.031	194.03	5.36	1.975	1.595	66.261	10.346	-24.144	0.0	1.701	182.696	5.5	2.538	0.0	60.304	26.62	-11.721	31.6	1.039	170.781	6.03	2.413	0.0	60.532	22.915	-24.38	0.0	0.0	144.627	5.74	1.85	0.0	61.746	10.419	-24.762	37.2	1.089	223.479	5.54
6.46	1.288	0.532	59.782	25.312	-10.505	34.8	1.844	199.939	5.26	1.788	0.0	59.163	33.158	-7.775	28.8	1.492	210.789	5.79	2.225	0.0	57.129	24.295	-8.95	0.0	1.483	154.12	5.44	2.663	0.0	63.8	31.342	-0.683	35.0	1.961	199.455	5.2	2.913	0.0	65.476	11.291	-8.96	0.0	1.609	217.666	4.9	1.413	0.0	65.612	0.0	0.0	0.2	1.106	198.777	5.26	1.85	1.063	67.049	10.492	-24.485	0.0	2.028	182.018	5.56	2.538	0.0	60.286	26.474	-12.031	31.6	1.249	177.369	5.86	2.163	0.0	61.235	23.205	-24.203	0.0	0.0	146.273	5.56	1.975	0.0	63.049	10.709	-24.335	37.2	1.45	224.641	5.24
6.54	1.225	0.532	59.283	25.748	-10.588	34.8	1.944	201.295	5.27	1.85	0.0	58.937	33.667	-7.757	28.8	1.601	213.404	5.64	2.35	0.0	57.768	24.44	-8.879	0.0	1.886	149.954	5.18	2.038	0.0	65.31	30.615	-0.595	35.0	2.02	193.352	5.02	2.85	0.0	65.579	11.218	-8.963	0.0	1.852	214.567	5.38	1.663	0.0	62.908	0.0	0.0	0.2	1.534	169.232	5.3	2.288	0.532	67.564	10.492	-24.146	0.0	2.078	193.836	5.59	2.6	0.0	60.009	26.692	-11.86	31.6	0.0	174.656	6.0	2.413	0.0	60.217	23.205	-23.89	0.0	0.0	146.951	5.57	2.163	0.0	62.08	10.201	-24.679	37.2	1.844	221.154	5.4
6.59	1.475	1.595	59.005	25.094	-10.412	34.8	2.02	201.586	5.1	1.725	0.0	59.675	33.667	-7.793	28.8	1.617	207.108	5.8	2.475	0.0	57.16	24.15	-8.893	0.0	1.81	163.032	5.03	2.038	0.0	65.391	31.342	-0.501	35.0	1.986	186.281	5.4	3.288	0.0	64.395	10.782	-9.003	0.0	1.835	226.869	4.9	1.35	0.0	65.26	0.0	0.0	0.2	1.458	201.295	5.34	1.975	2.127	66.688	10.346	-24.335	0.0	1.559	185.409	6.02	2.6	0.0	57.885	26.62	-13.243	31.6	0.0	158.77	5.65	2.288	0.0	62.038	23.205	-24.243	0.0	0.0	145.886	5.44	1.913	0.0	63.8	10.128	-24.598	37.2	1.643	222.994	5.45
6.44	1.413	1.595	59.864	25.457	-10.551	34.8	2.036	201.78	5.05	1.85	0.532	60.062	33.594	-7.789	28.8	1.659	208.754	5.8	2.35	0.0	57.39	24.44	-9.047	0.0	1.869	188.605	5.54	2.663	0.0	63.459	31.342	-0.747	35.0	0.0	192.48	5.53	2.725	0.0	63.54	10.782	-8.958	0.0	2.053	229.678	5.04	1.725	0.0	64.959	0.0	0.0	0.2	1.584	195.193	5.32	2.038	1.595	66.496	10.419	-24.45	0.0	1.827	187.734	5.69	2.788	0.0	60.166	26.402	-12.07	31.6	1.408	169.619	6.16	2.913	0.0	59.392	23.133	-24.541	0.0	0.0	133.777	5.43	1.975	0.0	63.798	10.274	-24.985	37.2	1.399	225.707	5.6
6.26	1.538	4.254	60.88	24.803	-10.479	34.8	2.095	212.242	4.82	1.85	1.063	61.703	33.667	-7.805	28.8	1.517	225.416	5.59	2.225	0.0	57.989	24.077	-8.902	0.0	2.137	160.32	5.27	2.6	0.0	64.809	30.688	-0.693	35.0	0.0	198.971	5.24	3.163	0.0	65.51	11.291	-9.027	0.0	0.0	226.578	5.28	1.725	0.0	63.029	0.0	0.0	0.2	1.751	185.699	5.22	2.1	0.0	68.082	9.838	-24.183	0.0	1.777	191.318	5.61	2.475	0.0	59.729	26.329	-12.022	31.6	1.349	158.479	6.32	2.6	0.0	58.677	23.278	-1.0	0.0	0.0	136.586	5.37	1.725	0.0	64.39	10.274	-24.63	37.2	1.383	225.61	5.82
6.39	1.725	0.0	60.845	25.167	-10.533	34.8	0.0	214.954	4.96	1.725	3.19	61.225	33.739	-7.777	28.8	1.592	223.285	5.63	2.163	0.0	57.766	24.367	-8.933	0.0	0.0	168.844	5.74	2.725	0.0	62.969	31.269	-1.119	35.0	0.0	197.324	5.08	3.163	0.0	66.695	11.0	-9.017	0.0	0.0	219.798	4.92	1.725	0.0	65.019	0.0	0.0	0.2	1.659	199.649	5.4	1.975	1.063	66.08	10.346	-24.24	0.0	1.76	167.972	5.52	2.663	0.0	60.561	26.474	-12.05	31.6	1.366	173.688	6.52	2.788	0.0	57.905	22.915	-24.403	0.0	0.0	143.949	6.11	2.163	0.0	59.839	10.419	-24.956	37.2	1.089	236.072	6.04
6.41	1.788	1.063	60.679	25.53	-10.511	34.8	0.0	213.598	4.9	1.788	0.532	61.55	34.175	-7.791	28.8	1.592	225.707	5.78	2.413	0.0	57.128	24.44	-9.043	0.0	1.793	158.963	5.26	2.35	0.0	64.589	30.18	-0.734	35.0	0.0	181.534	5.38	2.725	0.0	65.101	11.0	-9.006	0.0	2.028	221.154	4.95	1.35	0.0	65.079	0.0	0.0	0.2	1.676	190.155	5.5	1.975	0.0	65.502	9.838	-23.95	0.0	1.827	193.933	5.41	2.663	0.0	60.964	26.474	-12.144	31.6	1.165	173.009	6.34	2.725	0.0	59.137	22.987	-24.577	0.0	0.0	135.908	6.38	2.413	0.0	58.257	9.91	-24.946	37.2	1.131	236.265	5.86
6.4	1.663	0.532	60.197	25.748	-10.495	34.8	2.103	212.435	5.08	1.725	0.0	60.601	33.667	-7.785	28.8	1.592	226.385	6.06	2.288	0.0	55.576	24.295	-8.937	0.0	1.467	177.562	5.64	2.475	0.0	62.758	30.906	-0.682	35.0	0.0	196.161	5.2	2.788	0.0	66.475	11.073	-9.014	0.0	1.701	220.088	5.01	1.475	0.0	64.573	0.0	0.0	0.2	1.433	196.161	5.52	2.288	0.532	65.966	9.91	-24.625	0.0	0.0	198.389	5.48	2.663	0.0	60.891	26.474	-12.097	31.6	1.274	178.047	6.12	2.538	0.0	59.783	22.842	-23.829	0.0	0.0	141.624	5.86	1.725	0.0	61.794	10.201	-24.903	37.2	0.0	235.103	5.92
6.46	1.538	0.532	59.952	25.457	-10.757	34.8	1.869	210.595	5.06	1.725	0.0	60.148	33.594	-7.848	28.8	1.55	219.894	6.12	2.1	0.0	55.205	24.803	-8.966	0.0	1.148	157.51	5.44	2.6	0.0	63.222	30.906	-0.821	35.0	0.0	197.033	5.44	2.788	0.0	63.084	10.492	-9.054	0.0	1.827	214.954	4.94	1.475	0.0	65.24	0.0	0.0	0.2	1.567	208.367	5.36	2.038	2.127	66.288	10.419	-24.545	0.0	1.944	184.731	5.43	2.6	0.0	60.63	26.765	-12.134	31.6	1.45	174.656	5.98	2.35	0.0	60.298	22.697	-24.551	0.0	0.0	142.689	5.57	1.35	0.0	63.134	10.274	-1.0	37.2	0.0	235.49	5.5
5.92	0.725	0.532	62.195	25.167	-10.344	34.8	1.425	194.805	5.28	1.35	1.063	59.024	33.739	-7.772	28.8	1.299	212.726	6.12	2.225	0.0	55.614	24.15	-8.911	0.0	1.282	162.16	5.65	2.913	0.0	62.01	31.124	-0.833	35.0	0.0	209.82	5.38	2.413	0.0	64.146	10.855	-9.001	0.0	1.852	219.023	5.08	1.725	0.0	64.257	0.0	0.0	0.2	1.483	208.367	5.31	2.288	0.532	67.646	10.128	-24.531	0.0	2.062	195.193	5.28	2.6	0.0	61.111	26.474	-12.134	31.6	1.534	166.713	5.88	2.1	0.0	60.62	23.133	-24.752	0.0	0.0	154.12	5.3	1.163	0.0	64.104	10.564	-24.632	37.2	0.0	235.394	5.42
