-1.0	-1.837	396.663	0.0	24.513	-14.758	0.0	5.464	69.068	-7.37	-7.338	36.689	77.326	32.141	-6.849	0.0	7.559	80.111	-1.0	-5.15	0.0	0.0	23.06	-1.0	0.0	4.894	67.131	-5.09	0.475	0.0	72.195	0.0	-7.642	0.0	5.715	45.529	-6.43	-1.525	0.0	79.332	0.0	-1.0	28.8	3.905	65.0	-6.98	-3.775	0.0	74.696	0.0	0.0	0.0	5.037	52.891	-5.45	-1.212	248.313	75.216	0.0	-1.0	0.2	5.992	32.258	-6.2	-2.9	0.0	75.875	25.82	-1.0	0.4	4.249	40.685	-5.3	-1.525	0.0	70.21	20.299	0.0	0.2	5.154	14.821	-4.62	5.6	0.0	69.797	12.09	-1.0	0.0	3.36	103.941
-1.0	-3.837	450.367	0.0	24.44	-14.117	0.0	5.623	66.259	-7.42	-7.463	32.967	76.925	32.504	-6.801	0.0	7.727	95.029	-6.86	-5.4	0.0	77.44	23.278	-1.0	0.0	5.833	44.076	-5.16	1.975	0.0	72.691	0.0	-8.045	0.0	5.807	49.597	-6.54	-0.65	0.0	79.036	0.0	-1.0	28.8	4.232	71.102	-6.86	-3.837	0.0	74.463	0.0	0.0	0.0	5.288	47.951	-6.01	-0.4	491.841	75.424	0.0	-1.0	0.2	5.724	35.551	-6.22	-3.087	0.0	76.29	25.675	-1.0	0.4	4.366	38.36	-4.93	2.163	0.0	70.234	19.5	-0.354	0.2	4.358	24.024	-4.58	5.037	0.0	68.826	11.944	-1.0	0.0	3.327	102.101
-1.0	-7.025	178.126	0.0	24.077	-13.741	0.0	6.402	86.795	-7.54	-7.4	31.903	77.652	32.504	-6.821	0.0	7.944	84.374	-7.18	-5.025	0.0	77.87	22.915	-1.0	0.0	5.531	71.199	-4.87	2.975	0.0	72.338	0.0	-7.908	0.0	5.212	49.501	-6.56	-1.087	0.0	79.144	0.0	-1.0	28.8	3.863	72.168	-7.11	-3.4	0.0	74.95	0.0	0.0	0.0	5.648	37.586	-5.38	-0.025	494.5	74.781	0.0	-1.0	0.2	5.539	26.93	-6.09	-1.525	0.0	76.435	25.675	-1.0	0.4	4.525	56.378	-4.98	1.85	0.0	70.67	20.009	-0.468	0.2	4.299	40.104	-4.72	6.287	0.0	70.698	11.872	-1.0	0.0	3.025	97.935
-1.0	-7.213	34.03	0.0	24.367	-13.642	0.0	5.112	69.843	-7.46	-7.275	31.903	77.716	32.286	0.0	0.0	6.813	90.864	-7.0	-5.025	0.0	78.207	23.133	-1.0	0.0	4.626	59.672	-4.89	2.038	0.0	72.09	0.0	-7.807	0.0	5.564	60.737	-6.34	-0.838	0.0	78.743	0.0	-1.0	28.8	3.763	64.418	-6.78	-3.525	0.0	75.678	0.0	0.0	0.0	4.701	50.566	-5.84	-1.962	72.846	75.32	0.0	-1.0	0.2	5.933	25.961	-5.84	-2.025	0.0	76.792	25.675	-1.0	0.4	3.746	34.776	-4.98	-0.588	0.0	70.917	20.081	0.0	0.2	4.458	13.368	-4.19	5.037	0.0	69.632	11.872	-1.0	0.0	3.419	142.108
-1.0	-7.463	32.967	0.0	24.658	-13.535	0.0	5.841	78.271	-7.62	-7.338	29.245	77.952	33.231	0.0	0.0	7.777	95.901	-1.0	-5.15	0.0	0.0	22.697	-1.0	0.0	5.724	63.45	-5.32	1.788	0.0	73.887	0.0	-7.767	0.0	5.196	50.857	-6.34	-0.775	0.0	79.6	0.0	-1.0	28.8	3.545	73.815	-6.96	-3.9	0.0	75.568	0.0	0.0	0.0	5.254	43.204	-5.69	-1.025	390.283	77.473	0.0	-1.0	0.2	5.715	39.717	-6.42	-3.212	0.0	77.723	25.167	-1.0	0.4	3.813	26.736	-5.36	0.037	0.0	71.725	19.355	0.0	0.2	4.09	12.012	-5.06	4.85	0.0	71.123	11.726	-1.0	0.0	3.603	98.323
-1.0	-7.275	35.625	0.0	24.367	-13.842	0.0	5.07	90.283	-7.59	-7.463	33.498	78.637	32.068	-6.817	0.0	7.014	88.733	-7.26	-5.15	0.0	79.028	22.842	-1.0	0.0	4.307	54.925	-5.3	2.1	0.0	73.915	0.0	-7.797	0.0	4.224	53.375	-6.54	-0.4	0.0	80.045	0.0	-1.0	28.8	2.941	78.949	-7.34	-3.962	0.0	76.39	0.0	0.0	0.0	4.617	42.041	-5.71	-0.4	482.27	75.935	0.0	-1.0	0.2	4.81	39.232	-6.49	-2.525	0.0	77.707	24.949	-1.0	0.4	3.335	43.591	-5.26	1.913	0.0	72.038	19.209	-0.552	0.2	3.562	342.725	-5.23	5.912	0.0	71.825	11.872	-1.0	0.0	2.866	90.573
-1.0	-7.4	35.625	0.0	24.44	-13.965	0.0	4.416	70.521	-7.64	-7.65	31.372	78.805	31.051	-7.076	0.0	6.486	97.935	-7.04	-4.713	0.0	78.966	22.769	-1.0	0.0	3.93	71.781	-5.07	-0.4	0.0	73.844	0.0	-7.792	0.0	4.659	56.959	-6.4	-1.15	0.0	80.167	0.0	-1.0	28.8	3.042	84.374	-6.86	-2.712	0.0	76.335	0.0	0.0	0.0	3.947	45.819	-5.86	-0.9	437.606	77.251	0.0	-1.0	0.2	5.12	37.876	-6.36	-2.462	0.0	76.306	25.457	-1.0	0.4	3.36	31.095	-4.72	1.663	0.0	71.757	19.5	-0.404	0.2	3.847	342.047	-4.32	6.037	0.0	70.778	11.799	-1.0	0.0	2.455	93.673
-1.0	-7.338	31.372	0.0	24.15	-13.903	0.0	4.894	83.308	-7.56	-7.463	29.776	78.034	32.722	0.0	0.0	7.132	98.71	-7.16	-4.963	0.0	78.871	22.769	-1.0	0.0	3.495	72.362	-5.02	2.538	0.0	73.71	0.0	-7.848	0.0	4.668	58.413	-6.49	-1.025	0.0	79.834	0.0	-1.0	28.8	2.405	55.313	-7.06	-3.587	0.0	76.267	0.0	0.0	0.0	4.316	30.901	-5.62	0.163	497.69	75.885	0.0	-1.0	0.2	5.112	19.568	-6.09	-2.025	0.0	77.476	25.239	-1.0	0.4	3.084	28.189	-4.79	2.788	0.0	71.375	19.5	-0.79	0.2	3.872	2.519	-4.79	6.912	0.0	71.35	11.581	-1.0	0.0	2.548	95.998
-1.0	-6.963	40.411	0.0	24.658	-15.502	0.0	4.442	69.746	-7.38	-7.088	34.562	78.505	32.141	-6.807	0.0	6.654	87.473	-6.88	-4.713	0.0	78.551	23.205	-1.0	0.0	4.726	61.512	-5.06	1.663	0.0	73.726	0.0	-7.926	0.0	4.458	50.469	-6.25	-0.525	0.0	79.598	0.0	-1.0	28.8	3.0	69.843	-6.84	-2.9	0.0	75.571	0.0	0.0	0.0	4.458	49.791	-5.8	-0.963	477.485	75.915	0.0	-1.0	0.2	4.835	37.004	-6.22	-2.962	0.0	77.193	25.53	-1.0	0.4	3.511	34.389	-5.02	1.163	0.0	71.819	19.791	-0.262	0.2	3.679	7.943	-4.3	6.1	0.0	71.376	12.09	-1.0	0.0	2.749	103.166
-1.0	-7.213	34.03	0.0	23.859	-13.782	0.0	4.14	86.311	-7.18	-7.4	60.084	77.551	31.778	-6.814	0.0	6.503	104.135	-6.84	-4.338	0.0	78.038	22.915	-1.0	0.0	3.83	51.244	-4.97	2.538	0.0	73.046	0.0	-7.928	0.0	4.969	43.107	-5.93	-0.212	0.0	79.425	0.0	-1.0	28.8	2.967	49.985	-6.85	-2.9	0.0	75.639	0.0	0.0	0.0	3.88	63.256	-5.42	-0.025	475.89	75.458	0.0	-1.0	0.2	5.288	26.93	-6.1	-1.525	0.0	76.688	25.53	-1.0	0.4	4.198	33.13	-5.19	0.412	0.0	71.244	20.009	0.0	0.2	4.383	0.0	-4.22	6.662	0.0	70.201	12.09	-1.0	0.0	2.355	87.377
-1.0	-7.15	37.22	0.0	24.222	-13.722	0.0	4.542	93.286	-7.1	-7.338	35.625	77.478	31.85	0.0	0.0	5.975	112.272	-1.0	-4.588	0.0	0.0	22.842	-1.0	0.0	4.383	62.772	-4.81	0.787	0.0	72.302	0.0	-7.687	0.0	3.88	65.097	-6.16	-0.65	0.0	78.829	0.0	-1.0	28.8	3.092	69.359	-6.74	-2.462	0.0	75.078	0.0	0.0	0.0	4.634	46.304	-5.18	0.225	478.017	75.156	0.0	-1.0	0.2	4.299	42.332	-5.92	-2.337	0.0	77.099	25.385	-1.0	0.4	3.0	63.45	-5.16	0.6	0.0	71.349	20.009	-0.397	0.2	4.685	29.352	-4.7	5.412	0.0	71.713	11.872	-1.0	0.0	2.824	101.326
-1.0	-7.4	36.157	0.0	24.222	-13.342	0.0	5.271	79.046	-7.2	-7.4	31.372	77.866	32.214	-6.776	0.0	6.654	105.394	-1.0	-4.775	0.0	0.0	23.133	-1.0	0.0	3.528	52.116	-4.92	2.288	0.0	72.984	0.0	-7.848	0.0	4.685	52.697	-6.19	-0.588	0.0	78.868	0.0	-1.0	28.8	2.816	64.612	-6.64	-3.025	0.0	75.638	0.0	0.0	0.0	3.603	43.107	-5.43	-0.087	449.304	76.883	0.0	-1.0	0.2	5.028	39.135	-5.92	-1.4	0.0	76.496	25.239	-1.0	0.4	3.729	40.395	-5.12	1.038	0.0	71.259	19.5	-0.219	0.2	4.173	5.715	-4.16	5.662	0.0	71.132	11.654	-1.0	0.0	2.514	83.986
-1.0	-7.338	40.943	0.0	24.513	-13.219	0.0	5.171	64.128	-7.29	-7.275	37.752	78.299	32.068	-6.785	0.0	6.838	94.545	-1.0	-5.088	0.0	0.0	22.987	-1.0	0.0	4.651	57.153	-5.44	0.537	0.0	74.768	0.0	-7.695	0.0	4.944	49.888	-6.24	-0.65	0.0	79.645	0.0	-1.0	28.8	3.402	57.638	-6.94	-2.9	0.0	75.573	0.0	0.0	0.0	4.676	51.825	-5.51	-2.025	245.655	76.353	0.0	-1.0	0.2	5.581	43.107	-6.0	-2.9	0.0	77.634	25.312	-1.0	0.4	4.525	46.013	-5.49	-0.15	0.0	71.82	20.081	0.0	0.2	4.198	1.744	-4.54	5.537	0.0	71.843	11.654	-1.0	0.0	2.799	92.414
-1.0	-7.275	30.84	0.0	24.15	-13.428	0.0	4.475	79.918	-7.08	-7.088	31.903	78.641	32.286	0.0	0.0	6.134	81.952	-1.0	-5.338	0.0	0.0	23.205	-1.0	0.0	5.104	85.052	-5.3	1.475	0.0	74.274	0.0	-7.769	0.0	4.307	58.8	-6.18	-0.338	0.0	79.502	0.0	-1.0	28.8	3.721	91.929	-6.96	-3.587	0.0	75.848	0.0	0.0	0.0	4.969	49.404	-5.77	-1.025	459.406	76.319	0.0	-1.0	0.2	4.894	43.495	-6.3	-2.525	0.0	77.222	25.239	-1.0	0.4	3.863	43.979	-5.51	0.287	0.0	72.084	19.791	0.0	0.2	3.83	334.588	-4.9	4.85	0.0	70.884	11.799	-1.0	0.0	2.782	99.873
-1.0	-7.588	34.03	0.0	24.367	-13.448	0.0	4.165	92.123	-6.98	-7.275	31.372	77.505	32.141	-6.785	0.0	5.707	113.822	-1.0	-5.15	0.0	0.0	23.133	-1.0	0.0	3.369	67.712	-4.91	1.413	0.0	73.782	0.0	-7.747	0.0	3.637	51.632	-6.18	-0.087	0.0	79.119	0.0	-1.0	28.8	2.497	77.496	-6.86	-2.962	0.0	75.893	0.0	0.0	0.0	3.93	52.697	-5.13	-0.338	458.875	75.733	0.0	-1.0	0.2	4.617	10.656	-6.21	-2.587	0.0	77.357	25.312	-1.0	0.4	3.285	37.682	-5.03	0.35	0.0	71.768	19.718	0.0	0.2	4.048	0.097	-4.77	5.537	0.0	72.261	11.799	-1.0	0.0	2.715	112.66
-1.0	-7.65	34.562	0.0	24.658	-13.997	0.0	4.408	79.046	-7.24	-7.275	34.562	77.629	32.141	-6.793	0.0	6.26	90.476	-1.0	-5.15	0.0	0.0	22.624	-1.0	0.0	4.324	58.122	-5.38	0.225	0.0	74.638	0.0	-7.666	0.0	4.919	63.837	-6.14	-0.025	0.0	79.06	0.0	-1.0	28.8	2.606	54.15	-6.83	-2.962	0.0	75.876	0.0	0.0	0.0	4.048	48.338	-5.65	-0.775	454.621	76.532	0.0	-1.0	0.2	4.726	21.408	-6.47	-3.087	0.0	77.482	25.603	-1.0	0.4	4.249	35.745	-5.11	1.35	0.0	72.264	19.5	-0.235	0.2	3.319	9.3	-4.27	6.162	0.0	71.184	11.654	-1.0	0.0	2.749	89.701
-1.0	-7.588	34.03	0.0	24.295	-13.247	0.0	4.391	101.035	-7.19	-7.338	28.181	77.731	31.996	-6.894	0.0	6.252	107.235	-1.0	-5.213	0.0	0.0	22.842	-1.0	0.0	4.316	90.379	-5.08	2.288	0.0	73.409	0.0	-7.864	0.0	3.444	67.228	-6.1	-0.212	0.0	78.48	0.0	-1.0	28.8	2.564	68.003	-7.23	-2.587	0.0	75.696	0.0	0.0	0.0	4.659	87.377	-5.44	0.163	454.621	76.322	0.0	-1.0	0.2	3.503	47.66	-6.16	-1.712	0.0	77.575	25.239	-1.0	0.4	2.053	39.717	-5.28	1.725	0.0	72.351	19.791	-0.425	0.2	3.26	2.906	-4.78	4.475	0.0	71.278	11.726	-1.0	0.0	2.615	95.901
-1.0	-7.588	32.967	0.0	24.367	-13.313	0.0	3.461	71.49	-7.1	-7.275	28.181	77.157	31.633	-6.793	0.0	6.327	104.523	-1.0	-5.025	0.0	0.0	22.697	-1.0	0.0	3.595	59.478	-4.94	2.1	0.0	75.231	0.0	-7.837	0.0	3.553	68.778	-6.22	-0.275	0.0	79.019	0.0	-1.0	28.8	2.455	69.456	-6.83	-1.962	0.0	76.109	0.0	0.0	0.0	2.908	59.575	-5.24	-0.4	375.926	76.483	0.0	-1.0	0.2	3.863	25.961	-6.13	-1.587	0.0	77.742	25.603	-1.0	0.4	2.497	56.863	-5.52	0.35	0.0	72.495	20.009	0.0	0.2	4.064	8.525	-4.76	5.35	0.0	72.458	11.726	-1.0	0.0	2.69	106.46
-1.0	-7.588	37.752	0.0	24.295	-13.116	0.0	4.232	70.037	-7.27	-7.463	31.903	78.168	32.286	-6.801	0.0	6.763	85.536	-6.84	-4.65	0.0	78.809	23.06	-1.0	0.0	3.268	59.962	-5.22	0.6	0.0	74.957	0.0	-7.638	0.0	3.746	53.569	-6.26	0.1	0.0	79.168	0.0	-1.0	28.8	2.422	56.281	-6.84	-2.337	0.0	75.781	0.0	0.0	0.0	3.327	44.948	-5.96	-2.525	60.084	77.781	0.0	-1.0	0.2	4.442	36.423	-6.17	-1.962	0.0	78.054	25.312	-1.0	0.4	2.623	29.352	-5.58	-2.025	0.0	73.52	20.372	0.0	0.2	3.662	16.274	-5.4	4.475	0.0	71.863	11.799	-1.0	0.0	2.422	123.8
-1.0	-7.4	51.045	0.0	24.585	-13.144	0.0	4.467	69.262	-7.43	-7.338	46.26	78.786	32.141	-6.803	0.0	6.528	96.192	-7.09	-4.275	0.0	79.426	22.987	-1.0	0.0	3.352	85.149	-5.16	-0.588	0.0	75.656	0.0	-7.583	0.0	3.218	61.512	-6.34	-1.962	0.0	80.181	0.0	-1.0	28.8	2.975	88.055	-7.3	-3.15	0.0	76.883	0.0	0.0	0.0	3.536	44.851	-5.76	-1.775	220.664	78.352	0.0	-1.0	0.2	4.039	31.289	-6.32	-2.837	0.0	78.179	25.457	-1.0	0.4	2.279	32.064	-5.12	0.537	0.0	73.977	20.081	-0.107	0.2	3.453	8.912	-5.76	1.663	0.0	73.41	11.508	-1.0	0.0	2.489	119.15
-1.0	-7.588	46.791	0.0	24.295	-13.116	0.0	4.408	79.53	-7.37	-7.4	41.474	78.8	31.85	-6.776	0.0	6.034	104.813	-7.06	-4.213	0.0	79.745	22.624	-1.0	0.0	2.916	57.25	-5.25	0.787	0.0	76.27	0.0	-7.687	0.0	3.461	61.416	-6.46	-1.775	0.0	80.598	0.0	-1.0	28.8	2.238	64.418	-7.05	-2.775	0.0	77.74	0.0	0.0	0.0	2.439	48.144	-5.28	0.1	445.582	78.072	0.0	-1.0	0.2	3.327	32.936	-6.36	-2.9	0.0	78.693	24.949	-1.0	0.4	2.413	49.113	-5.92	-0.338	0.0	74.641	20.009	0.0	0.2	3.955	3.487	-5.18	4.037	0.0	75.297	11.872	-1.0	0.0	2.866	82.339
-1.0	-7.588	30.84	0.0	24.077	-13.181	0.0	4.366	90.767	-7.34	-7.275	29.776	79.323	32.214	0.0	0.0	6.511	94.351	-1.0	-4.15	0.0	80.862	22.624	-1.0	0.0	3.528	96.676	-5.12	2.163	0.0	76.111	0.0	-7.827	0.0	3.687	50.469	-6.43	-0.65	0.0	80.183	0.0	-1.0	28.8	2.548	77.69	-7.24	-2.337	0.0	77.583	0.0	0.0	0.0	3.327	57.347	-6.04	-0.212	459.938	78.174	0.0	-1.0	0.2	4.617	44.27	-6.42	-1.712	0.0	78.883	25.094	-1.0	0.4	2.388	52.891	-5.5	1.288	0.0	73.297	20.227	-0.305	0.2	3.796	13.562	-5.18	4.912	0.0	74.395	11.799	-1.0	0.0	2.363	112.66
-1.0	-7.65	35.093	0.0	24.44	-13.304	0.0	5.011	24.992	-7.41	-7.338	36.157	79.797	31.778	0.0	0.0	6.872	93.867	-1.0	-4.15	0.0	0.0	22.769	-1.0	0.0	4.19	71.49	-5.02	2.1	0.0	76.344	0.0	-7.845	0.0	3.478	54.925	-6.19	-0.212	0.0	80.528	0.0	-1.0	28.8	3.059	67.034	-7.18	-1.962	0.0	77.734	0.0	0.0	0.0	3.553	24.024	-5.62	-0.4	461.002	79.203	0.0	-1.0	0.2	4.157	40.007	-6.56	-2.712	0.0	79.212	25.457	-1.0	0.4	2.757	49.404	-5.48	0.85	0.0	74.996	20.227	-0.215	0.2	3.57	0.0	-5.18	4.6	0.0	74.084	11.944	-1.0	0.0	2.581	104.523
-1.0	-7.588	47.323	0.0	24.585	-13.247	0.0	4.701	68.293	-7.44	-7.338	43.069	80.013	32.068	-6.834	0.0	6.495	84.664	-7.08	-4.338	0.0	80.849	23.06	-1.0	0.0	3.679	52.116	-5.42	1.413	0.0	77.372	0.0	-7.747	0.0	3.964	66.55	-6.4	-2.087	0.0	81.473	0.0	-1.0	28.8	3.076	103.36	-6.86	-2.337	0.0	78.962	0.0	0.0	0.0	2.799	36.714	-5.63	-0.9	350.404	78.405	0.0	-1.0	0.2	4.442	40.007	-6.56	-2.962	0.0	79.549	25.603	-1.0	0.4	2.992	59.284	-5.52	-0.15	0.0	74.203	19.5	0.0	0.2	3.603	27.317	-5.38	1.225	0.0	74.305	11.944	-1.0	0.0	2.564	121.475
-1.0	-7.588	45.728	0.0	24.295	-13.247	0.0	4.24	71.587	-7.54	-7.275	37.752	80.188	32.068	-6.846	0.0	6.729	91.639	-7.16	-4.213	0.0	81.006	22.915	-1.0	0.0	3.704	71.877	-5.43	0.537	0.0	76.999	0.0	-7.64	0.0	3.645	68.003	-6.49	-1.837	0.0	81.78	0.0	-1.0	28.8	2.849	58.316	-7.13	-1.9	0.0	78.336	0.0	0.0	0.0	3.134	75.849	-5.73	-0.775	380.18	78.678	0.0	-1.0	0.2	4.416	34.873	-6.45	-2.65	0.0	79.395	25.385	-1.0	0.4	2.212	34.873	-5.56	-0.588	0.0	73.908	19.791	0.0	0.2	3.83	30.998	-5.2	3.975	0.0	77.004	11.218	-1.0	0.0	2.841	93.964
-1.0	-7.463	57.958	0.0	24.44	-13.332	0.0	4.676	82.727	-7.43	-7.275	55.831	80.192	31.923	-6.838	0.0	6.092	100.357	-7.16	-4.15	0.0	81.094	23.133	-1.0	0.0	3.453	63.062	-5.45	-1.775	0.0	76.925	0.0	-7.437	0.0	3.411	59.865	-6.46	-1.15	0.0	82.071	0.0	-1.0	28.8	2.598	60.544	-7.13	-2.525	0.0	78.313	0.0	0.0	0.0	3.344	52.019	-5.69	-2.712	145.691	78.687	0.0	-1.0	0.2	4.031	43.301	-6.43	-2.837	0.0	79.848	25.748	-1.0	0.4	2.623	50.76	-5.93	-2.65	0.0	74.615	19.645	0.0	0.2	4.19	10.849	-5.52	2.663	0.0	75.507	12.308	-1.0	0.0	2.288	100.454
-1.0	-7.775	36.689	0.0	24.513	-13.024	0.0	4.785	65.484	-7.49	-7.4	36.689	80.487	32.068	-6.829	0.0	6.344	97.354	-7.34	-4.775	0.0	81.358	23.205	-1.0	0.0	4.098	53.86	-5.6	0.662	0.0	77.54	0.0	-7.675	0.0	3.151	59.865	-6.5	-1.462	0.0	81.865	0.0	-1.0	28.8	2.9	83.599	-7.38	-3.712	0.0	78.324	0.0	0.0	0.0	3.838	58.316	-5.99	-1.087	350.935	79.276	0.0	-1.0	0.2	3.536	46.304	-6.56	-3.087	0.0	80.53	25.312	-1.0	0.4	1.777	62.772	-5.52	0.725	0.0	75.601	20.299	-0.142	0.2	2.631	17.34	-5.75	2.1	0.0	76.58	11.944	-1.0	0.0	2.522	120.312
-1.0	-7.9	42.538	0.0	24.15	-13.2	0.0	4.651	116.437	-7.56	-7.463	40.411	80.647	31.778	-6.824	0.0	7.718	103.36	-1.0	-4.463	0.0	0.0	22.915	-1.0	0.0	2.833	64.418	-5.88	-0.588	0.0	79.774	0.0	-7.528	0.0	3.671	53.375	-6.54	-1.4	0.0	82.53	0.0	-1.0	28.8	2.33	68.584	-7.46	-3.212	0.0	78.689	0.0	0.0	0.0	2.405	63.062	-5.89	-0.963	408.893	79.321	0.0	-1.0	0.2	3.235	35.745	-6.6	-3.4	0.0	80.83	25.312	-1.0	0.4	1.894	11.334	-5.68	-0.212	0.0	75.213	20.081	0.0	0.2	3.511	4.456	-5.04	4.1	0.0	76.293	11.872	-1.0	0.0	2.263	95.514
-1.0	-7.588	53.172	0.0	24.295	-13.313	0.0	4.919	50.469	-7.51	-7.4	46.26	81.491	31.85	-6.844	0.0	6.344	86.989	-1.0	-4.463	0.0	83.543	22.769	-1.0	0.0	4.617	68.003	-5.42	-0.4	0.0	78.063	0.0	-7.513	0.0	3.553	57.444	-6.5	-1.65	0.0	82.518	0.0	-1.0	28.8	3.0	69.262	-7.52	-3.775	0.0	79.438	0.0	0.0	0.0	3.863	57.541	-6.0	-2.212	106.344	80.194	0.0	-1.0	0.2	4.785	30.901	-6.24	-2.525	0.0	80.916	25.603	-1.0	0.4	2.288	32.645	-5.54	-1.837	0.0	75.314	19.791	0.0	0.2	4.257	5.715	-5.54	2.35	0.0	75.855	11.581	-1.0	0.0	2.69	88.83
-1.0	-6.9	79.226	0.0	24.44	-12.962	0.0	5.112	63.74	-7.44	-7.025	69.124	80.895	32.068	-6.812	0.0	7.282	95.998	-1.0	-4.275	0.0	83.787	22.842	-1.0	0.0	3.578	69.068	-5.58	-1.9	0.0	78.712	0.0	-7.41	0.0	3.93	61.222	-6.38	-2.087	0.0	83.431	0.0	-1.0	28.8	2.045	69.262	-6.98	-2.9	0.0	79.853	0.0	0.0	0.0	2.631	65.678	-6.24	-2.525	129.208	81.203	0.0	-1.0	0.2	4.685	30.417	-6.58	-2.775	0.0	80.214	25.312	-1.0	0.4	3.495	43.01	-6.02	-2.837	0.0	76.497	19.791	0.0	0.2	4.157	3.681	-5.19	5.412	0.0	76.937	11.872	-1.0	0.0	2.481	87.57
