-1.0	-11.4	0.532	0.0	24.44	-11.488	0.0	1.232	90.089	-7.48	-9.713	0.0	65.225	32.068	-6.759	0.0	3.117	111.4	-1.0	-6.65	0.0	0.0	23.278	-22.284	0.0	0.0	108.01	-7.2	-8.65	0.0	73.203	0.0	-6.802	0.0	0.0	97.838	-7.74	-6.525	0.0	73.446	1.483	-1.0	41.8	0.0	120.99	-8.1	-5.65	0.0	71.043	0.0	0.0	0.0	0.0	134.455	-7.14	-6.963	5.849	72.929	5.769	-1.0	0.2	0.0	85.149	-7.18	-4.9	0.0	69.958	27.564	-12.085	0.4	0.0	78.949	-7.4	-7.15	0.0	69.717	20.662	0.0	0.2	0.0	54.344	-7.64	-9.213	0.0	67.73	11.654	-21.391	0.0	0.0	155.573	-6.96
-1.0	-11.838	0.532	0.0	24.658	-11.383	0.0	1.056	100.745	-7.47	-9.525	0.0	64.455	32.141	-6.794	0.0	3.076	104.232	-1.0	-6.838	0.0	0.0	22.915	-21.987	0.0	0.0	108.785	-7.26	-8.9	0.0	73.262	0.0	-7.224	0.0	0.0	97.16	-7.72	-6.4	0.0	72.664	1.338	-1.0	41.8	0.0	121.184	-8.3	-5.4	0.0	72.876	0.0	0.0	0.0	0.0	134.068	-7.18	-6.838	0.532	73.589	6.132	-1.0	0.2	0.0	86.602	-7.24	-4.9	0.0	71.024	27.346	-11.825	0.4	0.0	78.658	-7.44	-6.9	0.0	69.709	20.517	0.0	0.2	0.0	54.344	-7.72	-9.275	0.0	68.912	11.508	-21.456	0.0	0.0	155.573	-7.02
-1.0	-10.713	1.595	0.0	24.15	-11.369	0.0	1.508	80.886	-7.46	-9.213	0.0	64.689	32.286	-6.803	0.0	3.771	99.97	-1.0	-6.775	0.0	0.0	23.278	-21.92	0.0	0.0	73.524	-7.24	-8.9	0.0	73.671	0.0	-6.79	0.0	0.0	97.064	-7.62	-6.088	0.0	76.328	1.701	-1.0	41.8	0.0	62.578	-8.32	-5.775	0.0	72.634	0.0	0.0	0.0	0.0	134.262	-7.18	-6.9	5.317	74.063	5.915	-1.0	0.2	0.0	86.408	-7.26	-4.713	0.0	70.971	26.838	-12.443	0.4	0.0	78.755	-7.54	-7.275	0.0	71.011	19.863	0.0	0.2	0.0	54.053	-7.72	-9.463	0.0	72.664	11.944	-21.33	0.0	0.0	110.722	-7.02
-1.0	-11.713	0.0	0.0	24.513	-11.347	0.0	1.374	61.028	-7.57	-10.088	0.0	65.157	31.85	-6.808	0.0	3.126	98.807	-1.0	-7.088	0.0	0.0	23.496	-1.0	0.0	0.0	54.828	-7.32	-9.4	0.0	73.559	0.0	-6.941	0.0	0.0	96.967	-7.66	-6.15	0.0	75.392	1.991	-1.0	41.8	0.0	62.287	-8.3	-5.713	0.0	72.805	0.0	0.0	0.0	0.0	133.971	-7.25	-6.838	1.063	74.85	5.915	-1.0	0.2	0.0	86.214	-7.32	-4.463	0.0	71.929	27.564	-13.399	0.4	0.0	78.465	-7.64	-7.275	0.0	72.104	20.59	0.0	0.2	0.0	54.053	-7.72	-9.65	0.0	73.617	11.436	-21.445	0.0	0.0	108.591	-7.07
-1.0	-12.088	0.0	0.0	25.167	-11.25	0.0	0.0	88.442	-7.54	-10.275	0.0	64.854	32.359	-6.774	0.0	1.71	103.941	-1.0	-7.025	0.0	0.0	23.496	-21.601	0.0	0.0	54.925	-7.36	-9.213	0.0	73.859	0.0	-6.76	0.0	0.0	97.064	-7.84	-5.963	0.0	75.771	1.991	-1.0	42.0	0.0	62.481	-8.4	-5.775	0.0	73.33	0.0	0.0	0.0	0.0	133.68	-7.28	-6.963	3.19	75.078	5.406	-1.0	0.2	0.0	86.117	-7.38	-4.588	0.0	73.141	27.637	-12.874	0.4	0.0	78.465	-7.64	-6.838	0.0	71.912	21.171	0.0	0.2	0.0	53.763	-7.87	-10.525	0.0	73.916	11.872	-21.155	0.0	0.0	108.397	-7.16
-1.0	-11.838	0.532	0.0	24.222	-11.281	0.0	0.0	70.328	-7.62	-10.275	0.0	65.097	32.286	-6.689	0.0	2.271	84.18	-7.76	-6.838	0.0	71.935	23.423	-21.212	0.0	0.0	56.281	-7.38	-8.525	0.0	76.104	0.0	-6.811	0.0	0.0	75.171	-7.88	-6.025	0.0	77.028	1.41	-1.0	43.0	0.0	62.384	-8.3	-5.588	0.0	72.829	0.0	0.0	0.0	0.0	134.165	-7.38	-6.713	0.532	76.15	5.915	-1.0	0.2	0.0	85.827	-7.55	-4.838	0.0	75.043	27.346	-12.313	0.4	0.0	74.977	-7.58	-6.9	0.0	71.537	20.808	0.0	0.2	0.0	54.15	-7.82	-9.463	0.0	74.586	11.944	-21.249	0.0	0.0	103.651	-7.32
-1.0	-11.588	0.0	0.0	24.44	-11.261	0.0	1.215	54.053	-8.15	-10.65	1.063	71.686	32.214	-6.886	0.0	2.288	73.815	-7.88	-6.9	0.0	74.008	23.278	-21.285	0.0	1.575	68.39	-7.4	-8.65	0.0	75.798	0.0	-6.787	0.0	0.0	75.462	-8.0	-6.588	0.0	78.767	1.991	-1.0	43.2	1.349	59.962	-8.4	-5.963	0.0	74.179	0.0	0.0	0.0	0.0	133.971	-7.34	-6.9	3.19	75.718	5.333	-1.0	0.2	0.0	61.416	-7.54	-4.9	0.0	73.986	27.273	-15.546	0.4	0.0	74.88	-7.62	-7.025	0.0	71.456	20.808	0.0	0.2	0.0	54.053	-7.8	-9.088	0.0	75.571	11.726	-21.583	0.0	0.0	91.251	-7.34
-1.0	-13.15	1.063	0.0	24.44	-11.123	0.0	1.106	56.475	-8.36	-10.588	0.0	73.929	32.214	-6.702	0.0	1.986	87.183	-1.0	-6.9	0.0	0.0	22.842	-20.659	0.0	1.131	72.652	-7.5	-8.713	0.0	76.17	0.0	-6.826	0.0	0.0	75.268	-8.06	-6.338	0.0	78.461	1.774	-1.0	43.2	0.0	61.512	-8.4	-5.713	0.0	73.59	0.0	0.0	0.0	0.0	134.262	-7.4	-6.963	0.532	75.914	5.769	-1.0	0.2	0.0	62.093	-7.57	-4.9	0.0	74.334	27.346	-13.529	0.4	0.0	74.784	-7.72	-7.15	0.0	71.823	20.009	0.0	0.2	0.0	54.344	-7.94	-9.275	0.0	76.946	11.508	-20.879	0.0	0.0	91.639	-7.32
-1.0	-12.838	0.0	0.0	24.513	-12.379	0.0	0.0	60.931	-8.38	-11.213	1.595	73.736	32.214	-6.65	0.0	2.028	87.57	-1.0	-6.838	0.0	0.0	22.987	-20.945	0.0	0.0	84.083	-7.4	-8.838	0.0	76.099	0.0	-6.699	0.0	0.0	74.977	-8.08	-6.275	0.0	78.141	1.846	-1.0	43.2	0.0	60.253	-8.42	-5.838	0.0	73.68	0.0	0.0	0.0	0.0	133.777	-7.47	-7.025	1.595	76.361	5.769	-1.0	0.2	0.0	62.287	-7.64	-4.775	0.0	75.21	27.201	-13.616	0.4	0.0	74.88	-7.8	-7.275	0.0	72.023	20.59	0.0	0.2	0.0	54.828	-8.0	-9.525	0.0	76.956	12.017	-21.555	0.0	0.0	91.348	-7.28
-1.0	-12.525	0.532	0.0	24.803	-11.35	0.0	0.0	70.618	-8.38	-10.65	0.0	74.089	32.214	-6.712	0.0	1.902	87.377	-7.72	-6.838	0.0	75.658	23.133	-20.765	0.0	0.0	90.573	-7.46	-8.775	0.0	75.296	0.0	-6.792	0.0	0.0	74.202	-8.08	-6.088	0.0	78.883	1.556	-1.0	43.2	0.0	60.737	-8.47	-5.713	0.0	74.141	0.0	0.0	0.0	0.0	133.874	-7.48	-7.088	0.0	76.774	6.06	-1.0	0.2	0.0	61.706	-7.66	-4.838	0.0	74.902	27.273	-12.657	0.4	0.0	74.88	-7.82	-7.275	0.0	72.355	20.154	0.0	0.2	0.0	53.763	-8.12	-9.338	0.0	76.883	11.944	-21.36	0.0	0.0	91.348	-7.28
-1.0	-11.9	0.532	0.0	24.803	-11.375	0.0	0.922	62.772	-8.46	-11.338	0.0	74.588	32.214	-6.676	0.0	1.701	87.377	-7.81	-6.9	0.0	73.976	23.423	-21.108	0.0	0.0	62.481	-7.48	-9.025	0.0	76.221	0.0	-6.803	0.0	0.0	75.365	-7.96	-6.9	0.0	79.757	1.265	-1.0	43.2	0.0	60.253	-8.54	-5.713	0.0	75.06	0.0	0.0	0.0	0.0	134.262	-7.48	-6.963	1.063	76.336	5.842	-1.0	0.2	0.0	61.803	-7.68	-4.963	0.0	75.248	27.273	-13.128	0.4	0.0	74.784	-7.8	-7.15	0.0	72.239	20.808	0.0	0.2	0.0	54.053	-8.01	-9.65	0.0	77.341	11.944	-21.365	0.0	0.0	91.251	-7.36
-1.0	-11.775	0.0	0.0	24.367	-11.339	0.0	1.383	45.529	-8.43	-11.525	0.0	74.781	32.214	-6.67	0.0	1.751	78.465	-7.86	-7.025	0.0	74.389	23.133	-20.899	0.0	0.93	86.505	-7.54	-9.025	0.0	76.23	0.0	-6.788	0.0	0.0	75.074	-7.94	-6.338	0.0	80.094	2.064	-1.0	43.2	0.0	60.35	-8.51	-5.4	0.0	74.764	0.0	0.0	0.0	0.0	134.068	-7.54	-7.025	0.0	76.875	5.842	-1.0	0.2	0.0	61.319	-7.66	-4.9	0.0	75.532	27.419	-14.301	0.4	0.0	74.88	-7.88	-7.338	0.0	72.63	20.081	0.0	0.2	0.0	54.15	-7.98	-9.338	0.0	77.006	11.508	-21.279	0.0	0.0	90.864	-7.4
-1.0	-11.65	0.0	0.0	24.585	-11.354	0.0	1.316	54.925	-8.27	-11.463	0.0	74.816	32.504	-6.667	0.0	1.869	68.293	-1.0	-6.713	0.0	0.0	23.205	-20.796	0.0	0.98	92.123	-7.59	-9.588	0.0	76.887	0.0	-6.775	0.0	0.0	75.655	-7.97	-6.213	0.0	80.396	1.774	-1.0	43.2	0.0	60.35	-8.57	-5.775	0.0	75.24	0.0	0.0	0.0	0.0	134.455	-7.58	-7.025	0.532	76.659	5.624	-1.0	0.2	0.0	61.803	-7.74	-4.838	0.0	76.532	27.346	-14.238	0.4	0.0	74.88	-8.01	-7.338	0.0	72.913	20.227	0.0	0.2	0.0	53.956	-7.97	-9.525	0.0	77.327	11.654	-21.315	0.0	0.0	91.251	-7.43
-1.0	-11.9	0.532	0.0	24.004	-11.478	0.0	0.955	54.731	-8.46	-11.775	0.0	75.842	32.286	-6.624	0.0	1.517	73.04	-1.0	-7.025	0.0	76.393	23.568	-21.341	0.0	0.0	91.639	-7.62	-9.525	0.0	77.224	0.0	-6.765	0.0	0.0	75.171	-7.92	-5.963	0.0	79.745	1.556	-1.0	43.2	0.0	60.156	-8.63	-6.025	0.0	76.403	0.0	0.0	0.0	0.0	133.971	-7.66	-6.963	2.127	78.237	5.406	-1.0	0.2	0.0	61.997	-7.77	-5.025	0.0	76.732	27.346	-13.246	0.4	0.0	74.493	-7.9	-7.15	0.0	73.032	20.081	0.0	0.2	0.0	54.053	-8.0	-9.838	0.0	76.91	11.654	-21.239	0.0	0.0	91.251	-7.4
-1.0	-12.088	0.0	0.0	24.295	-11.352	0.0	0.0	54.925	-8.46	-11.65	0.0	76.004	32.286	-6.668	0.0	1.651	80.983	-8.0	-7.025	0.0	75.364	23.278	-21.855	0.0	0.0	68.003	-7.63	-8.838	0.0	77.038	0.0	-6.817	0.0	0.0	75.074	-7.84	-6.525	0.0	79.83	1.628	-1.0	43.2	0.0	60.35	-8.54	-6.088	0.0	75.153	0.0	0.0	0.0	0.0	134.358	-7.62	-6.963	0.532	78.427	5.551	-1.0	0.2	0.0	62.384	-7.84	-4.9	0.0	76.602	27.637	-13.596	0.4	0.0	74.977	-7.92	-7.65	0.0	73.17	20.009	0.0	0.2	0.0	54.053	-8.01	-9.588	0.0	77.182	11.654	-21.38	0.0	0.0	91.154	-7.46
-1.0	-12.15	0.532	0.0	24.585	-11.344	0.0	0.0	54.828	-8.38	-11.838	0.0	75.606	32.286	-6.661	0.0	1.735	69.746	-1.0	-7.025	0.0	0.0	23.205	-1.0	0.0	0.0	68.584	-7.72	-8.775	0.0	77.178	0.0	-6.821	0.0	0.0	75.365	-7.86	-6.213	0.0	79.358	1.338	-1.0	43.2	0.0	60.931	-8.58	-5.713	0.0	75.516	0.0	0.0	0.0	0.0	134.262	-7.78	-7.15	1.063	78.21	5.915	-1.0	0.2	0.0	61.706	-7.89	-4.838	0.0	76.751	27.346	-14.762	0.4	0.0	74.784	-8.06	-7.713	0.0	73.781	20.808	0.0	0.2	0.0	54.053	-8.04	-9.838	0.0	77.925	11.872	-21.239	0.0	0.0	91.348	-7.56
-1.0	-12.15	0.0	0.0	24.731	-11.095	0.0	1.039	37.295	-8.32	-11.775	0.532	76.104	32.286	-6.638	0.0	1.475	60.447	-1.0	-7.025	0.0	0.0	23.205	-1.0	0.0	0.0	68.196	-7.8	-9.713	0.0	77.73	0.0	-7.183	0.0	0.0	75.074	-7.88	-6.213	0.0	79.732	1.846	-1.0	43.4	0.0	59.769	-8.61	-5.588	0.0	75.324	0.0	0.0	0.0	0.0	134.262	-7.8	-7.088	1.595	77.707	5.551	-1.0	0.2	0.0	61.706	-7.98	-5.025	0.0	76.96	27.564	-14.962	0.4	0.0	74.202	-8.16	-7.713	0.0	74.325	21.244	0.0	0.2	0.0	54.247	-8.15	-9.9	0.0	77.492	11.872	-21.062	0.0	0.0	91.542	-7.5
-1.0	-12.775	1.595	0.0	24.295	-11.529	0.0	0.0	38.457	-8.35	-11.65	0.0	76.304	32.359	-6.674	0.0	1.131	58.413	-1.0	-7.15	0.0	78.055	23.278	-1.0	0.0	0.0	67.906	-7.86	-9.775	0.0	78.395	0.0	-6.726	0.0	0.0	75.268	-7.9	-6.213	0.0	79.838	1.41	-1.0	43.4	0.0	59.962	-8.66	-5.713	0.0	75.752	0.0	0.0	0.0	0.0	133.971	-7.72	-7.025	0.0	77.793	5.842	-1.0	0.2	0.0	61.803	-8.04	-4.963	0.0	76.992	27.637	-14.217	0.4	0.0	74.88	-8.17	-7.65	0.0	75.49	20.227	0.0	0.2	0.0	54.15	-8.23	-10.15	0.0	78.265	11.726	-21.244	0.0	0.0	90.961	-7.54
-1.0	-12.9	1.595	0.0	24.731	-11.203	0.0	0.0	37.295	-8.42	-12.15	0.0	76.587	32.214	-6.639	0.0	1.048	58.219	-8.12	-7.213	0.0	76.562	23.423	-22.299	0.0	0.0	68.1	-7.86	-9.65	0.0	78.395	0.0	-6.763	0.0	0.0	76.14	-7.98	-6.338	0.0	79.241	0.902	-1.0	43.4	0.0	60.059	-8.67	-6.088	0.0	75.334	0.0	0.0	0.0	0.0	134.165	-7.7	-7.025	1.063	78.115	6.06	-1.0	0.2	0.0	61.9	-8.06	-5.088	0.0	78.146	27.491	-14.197	0.4	0.0	74.784	-8.1	-7.463	0.0	75.296	20.299	0.0	0.2	0.0	54.441	-8.3	-10.15	0.0	78.922	11.654	-20.839	0.0	0.0	91.251	-7.6
-1.0	-13.9	0.532	0.0	24.658	-11.185	0.0	0.0	37.586	-8.62	-12.838	0.0	76.702	32.286	-6.598	0.0	0.0	58.316	-8.06	-7.213	0.0	0.0	23.133	-22.219	0.0	0.0	68.1	-8.02	-10.275	0.0	79.277	0.0	-6.718	0.0	0.0	75.462	-8.1	-6.4	0.0	79.99	1.41	-1.0	43.4	0.0	61.028	-8.74	-6.025	0.0	75.781	0.0	0.0	0.0	0.0	134.068	-7.62	-6.9	6.381	78.246	5.769	-1.0	0.2	0.0	61.997	-8.06	-4.838	0.0	77.852	27.056	-14.917	0.4	0.0	74.687	-7.94	-7.338	0.0	74.771	20.517	0.0	0.2	0.0	54.635	-8.32	-10.838	0.0	79.229	11.654	-20.921	0.0	0.0	91.348	-7.7
-1.0	-15.4	0.0	0.0	24.731	-11.011	0.0	0.0	36.714	-8.58	-12.025	0.0	76.939	32.359	-6.675	0.0	0.0	69.649	-8.14	-7.025	0.0	76.741	22.915	-22.267	0.0	0.0	67.906	-7.84	-9.088	0.0	79.43	0.0	-6.819	0.0	0.0	75.365	-8.12	-6.4	0.0	81.649	0.756	-1.0	43.4	0.0	60.059	-8.76	-5.963	0.0	76.328	0.0	0.0	0.0	0.0	134.068	-7.72	-7.025	0.532	79.056	5.479	-1.0	0.2	0.0	61.512	-8.1	-4.775	0.0	77.571	28.0	-15.818	0.4	0.0	74.88	-8.11	-7.713	0.0	75.061	20.009	0.0	0.2	0.0	54.538	-8.36	-10.15	0.0	78.841	11.581	-21.164	0.0	0.0	91.348	-7.67
-1.0	-1.0	0.0	0.0	24.44	-12.282	0.0	0.0	37.004	-8.68	-12.088	0.0	77.236	32.286	-6.664	0.0	1.115	84.18	-1.0	-7.088	0.0	0.0	23.496	-21.923	0.0	0.0	67.906	-8.05	-9.838	0.0	79.825	0.0	-7.139	0.0	0.0	75.268	-8.25	-6.463	0.0	81.531	1.41	-1.0	43.4	0.0	60.156	-8.8	-5.65	0.0	76.616	0.0	0.0	0.0	0.0	133.583	-7.72	-7.15	0.532	79.145	5.842	-1.0	0.2	0.0	61.512	-8.06	-4.963	0.0	77.353	27.128	-15.29	0.4	0.0	74.977	-8.14	-7.275	0.0	75.959	20.372	0.0	0.2	0.0	54.635	-8.3	-10.525	0.0	79.589	12.017	-21.155	0.0	0.0	91.058	-7.77
-1.0	-1.0	0.0	0.0	24.44	-13.128	0.0	1.106	71.877	-8.06	-11.588	0.532	69.954	32.214	-6.692	0.0	2.028	87.861	-8.0	-7.025	0.0	74.758	23.423	-21.686	0.0	0.0	68.584	-8.12	-10.213	0.0	80.14	0.0	-6.715	0.0	0.0	75.268	-8.3	-6.463	0.0	80.691	1.12	-1.0	43.4	0.0	60.059	-8.77	-5.838	0.0	76.027	0.0	0.0	0.0	0.0	134.358	-7.73	-7.213	0.532	80.033	5.479	-1.0	0.2	0.0	62.093	-8.1	-4.963	0.0	77.093	27.564	-14.438	0.4	0.0	75.268	-8.04	-7.338	0.0	75.843	20.227	0.0	0.2	0.0	54.538	-8.33	-10.025	0.0	79.958	11.799	-21.274	0.0	0.0	91.639	-7.8
-1.0	-12.088	0.532	0.0	24.731	-11.352	0.0	1.224	73.137	-8.12	-11.65	0.0	70.552	32.214	-6.722	0.0	2.154	81.468	-1.0	-7.025	0.0	76.585	23.423	-20.899	0.0	0.0	96.289	-8.18	-10.275	0.0	80.588	0.0	-6.718	0.0	0.0	75.462	-8.36	-6.463	0.0	80.939	0.902	-1.0	43.6	0.0	60.253	-8.82	-5.9	0.0	75.97	0.0	0.0	0.0	0.0	134.262	-7.78	-7.15	0.0	79.911	5.915	-1.0	0.2	0.0	61.706	-8.1	-5.025	0.0	77.48	27.346	-15.36	0.4	0.0	74.977	-8.12	-7.4	0.0	75.501	20.953	0.0	0.2	0.0	54.731	-8.44	-10.338	0.0	79.335	11.654	-21.12	0.0	0.0	91.542	-7.74
-1.0	-11.15	1.063	0.0	24.658	-11.572	0.0	1.349	84.277	-7.68	-10.713	0.0	66.842	32.214	-6.762	0.0	2.598	105.491	-1.0	-7.088	0.0	0.0	23.133	-21.84	0.0	0.0	91.058	-8.16	-9.775	0.0	81.596	0.0	-6.761	0.0	0.0	75.462	-8.34	-6.588	0.0	80.11	0.829	-1.0	43.6	0.0	59.672	-8.88	-5.9	0.0	76.049	0.0	0.0	0.0	0.0	134.358	-7.76	-7.025	1.063	80.115	5.697	-1.0	0.2	0.0	61.512	-8.1	-4.9	0.0	78.744	27.564	-16.833	0.4	0.0	74.687	-8.2	-7.4	0.0	75.761	20.227	0.0	0.2	0.0	54.731	-8.27	-10.4	0.0	75.514	11.799	-1.0	0.0	0.0	91.348	-7.66
-1.0	-12.15	2.127	0.0	24.731	-11.143	0.0	1.156	89.314	-7.48	-10.213	0.0	64.814	32.577	-6.792	0.0	3.101	104.038	-1.0	-7.088	0.0	0.0	23.35	-21.755	0.0	0.0	91.348	-8.15	-9.775	0.0	81.446	0.0	-6.797	0.0	0.0	75.268	-8.26	-6.525	0.0	81.007	1.192	-1.0	43.8	0.0	60.059	-8.86	-6.15	0.0	77.036	0.0	0.0	0.0	0.0	134.649	-7.68	-6.963	9.039	79.423	6.132	-1.0	0.2	0.0	61.9	-8.08	-4.9	0.0	79.862	27.637	-16.048	0.4	0.0	75.074	-8.28	-7.588	0.0	76.274	20.299	0.0	0.2	0.0	53.375	-8.09	-9.9	0.0	75.762	11.581	-21.305	0.0	0.0	78.658	-7.62
-1.0	-11.338	0.532	0.0	24.513	-11.342	0.0	1.249	54.247	-7.94	-10.525	0.0	68.322	32.214	-6.762	0.0	2.757	81.177	-1.0	-7.275	0.0	0.0	22.624	-21.708	0.0	0.0	91.348	-7.86	-9.4	0.0	80.949	0.0	-6.803	0.0	0.0	75.171	-8.23	-6.713	0.0	80.926	1.483	-1.0	43.8	0.0	60.253	-8.9	-5.713	0.0	78.827	0.0	0.0	0.0	0.0	134.262	-7.7	-6.963	1.595	79.907	5.987	-1.0	0.2	0.0	61.9	-8.02	-4.838	0.0	79.143	27.273	-15.475	0.4	0.0	74.59	-8.25	-7.588	0.0	76.441	20.154	0.0	0.2	0.0	54.635	-8.02	-9.463	0.0	77.042	11.581	-21.57	0.0	0.0	59.381	-7.56
-1.0	-12.713	0.0	0.0	24.44	-11.276	0.0	1.048	47.66	-8.3	-10.9	0.0	74.365	32.359	-6.796	0.0	1.575	84.664	-1.0	-7.025	0.0	0.0	23.568	-21.601	0.0	0.0	81.564	-7.87	-9.525	0.0	80.177	0.0	-6.78	0.0	0.0	75.171	-8.26	-6.4	0.0	81.137	0.248	-1.0	43.8	0.0	60.35	-8.84	-5.775	0.0	78.305	0.0	0.0	0.0	0.0	134.262	-7.75	-7.15	0.0	79.895	5.987	-1.0	0.2	0.0	61.9	-8.03	-4.9	0.0	78.311	27.346	-16.305	0.4	0.0	75.171	-8.34	-7.963	0.0	76.375	20.808	0.0	0.2	0.0	54.731	-7.96	-9.838	0.0	77.284	11.944	-21.239	0.0	0.0	59.769	-7.62
-1.0	-12.775	0.0	0.0	24.658	-11.268	0.0	0.0	58.413	-8.52	-11.338	0.0	75.99	32.504	-6.724	0.0	1.525	84.664	-1.0	-6.963	0.0	0.0	22.987	-1.0	0.0	0.0	92.898	-7.82	-9.338	0.0	80.541	0.0	-6.864	0.0	0.0	75.365	-8.34	-6.463	0.0	81.183	1.701	-1.0	43.8	0.0	60.447	-8.81	-6.025	0.0	77.456	0.0	0.0	0.0	0.0	133.874	-7.76	-6.9	0.0	79.582	5.624	-1.0	0.2	0.0	61.997	-7.97	-4.9	0.0	78.46	27.491	-16.833	0.4	0.0	74.784	-8.3	-7.4	0.0	76.384	20.808	0.0	0.2	0.0	54.925	-8.31	-10.213	0.0	80.206	11.508	-20.824	0.0	0.0	59.672	-7.72
-1.0	-11.775	1.063	0.0	24.15	-11.339	0.0	1.307	51.341	-8.36	-11.463	0.0	75.076	32.286	-6.701	0.0	2.095	68.003	-1.0	-7.025	0.0	0.0	23.133	-1.0	0.0	0.0	67.421	-7.8	-8.775	0.0	79.995	0.0	-6.821	0.0	0.0	75.268	-8.08	-6.65	0.0	82.521	0.902	-1.0	43.8	0.0	59.962	-8.79	-5.963	0.0	77.979	0.0	0.0	0.0	0.0	134.262	-7.88	-7.088	0.0	80.835	5.987	-1.0	0.2	0.0	61.803	-7.96	-4.9	0.0	78.462	27.564	-15.963	0.4	0.0	75.074	-8.13	-7.275	0.0	75.452	20.372	0.0	0.2	0.0	54.538	-8.16	-9.463	0.0	80.549	11.799	-21.33	0.0	0.0	71.49	-7.76
