11.1	19.975	677.944	47.648	25.748	-13.858	34.8	1.978	213.792	9.13	17.163	699.744	49.279	33.449	-9.99	28.8	0.0	252.055	9.5	20.163	0.0	48.126	24.731	-10.274	13.6	1.76	219.991	11.61	27.538	0.0	46.492	30.833	-9.999	35.0	1.877	175.141	11.16	18.788	0.0	47.157	10.709	-10.852	0.0	0.0	199.358	10.92	14.662	0.0	43.879	0.0	0.0	0.2	1.852	186.571	11.06	16.975	719.949	44.34	10.637	-28.655	0.0	1.793	196.743	9.9	15.662	0.0	48.209	26.547	-13.49	31.6	0.0	207.398	10.74	18.6	0.0	44.366	24.15	-30.086	0.0	0.0	160.901	10.62	26.225	0.0	43.907	10.927	-34.32	37.2	1.207	197.421
11.08	20.1	675.817	46.332	26.402	-13.97	34.8	1.45	255.639	9.03	16.35	692.3	46.421	33.376	-9.84	28.8	0.0	271.235	9.17	18.975	0.0	46.47	23.859	-10.061	13.6	0.0	213.017	11.61	27.6	0.0	45.578	31.269	-9.693	35.0	1.81	176.4	10.98	19.1	0.0	44.616	11.291	-10.97	0.0	1.207	230.453	11.28	15.35	0.0	47.796	0.0	0.0	0.2	1.291	195.193	11.58	18.038	718.354	44.466	10.709	-28.63	0.0	0.98	169.522	9.88	14.912	0.0	48.484	26.62	-13.294	31.6	1.257	217.279	11.11	19.85	0.0	44.695	24.44	-1.0	0.0	0.0	170.588	10.99	26.6	0.0	44.11	10.492	-35.021	37.2	1.056	202.845
11.41	19.1	677.412	47.688	25.167	-13.505	34.8	1.106	262.614	9.78	16.913	702.403	48.934	33.449	-9.917	28.8	0.0	274.238	8.98	19.288	0.0	47.192	24.876	-9.991	13.8	0.0	223.769	12.21	27.788	0.0	46.598	30.979	-10.197	35.0	2.087	173.784	10.58	18.288	0.0	45.862	11.436	-10.784	0.0	1.986	178.725	11.02	14.787	0.0	45.285	0.0	0.0	0.2	0.0	174.85	11.71	17.225	719.949	46.221	10.492	-28.643	0.0	1.534	168.166	10.2	15.35	0.0	47.067	26.402	-13.563	31.6	1.693	229.485	11.0	18.975	0.0	45.662	24.367	-30.276	0.0	0.0	161.288	11.5	27.538	0.0	46.007	11.0	-35.818	37.2	1.366	188.218
11.38	20.35	679.007	48.524	25.021	-14.07	34.8	1.534	292.741	9.22	16.975	702.934	48.059	33.449	-9.89	28.8	0.0	246.631	9.06	19.288	0.0	48.439	24.585	-10.082	13.8	0.972	228.806	11.31	26.475	0.0	46.235	31.197	-9.834	35.0	0.939	194.03	10.7	18.913	0.0	47.784	10.927	-10.803	0.0	1.458	195.58	10.85	14.475	0.0	46.178	0.0	0.0	0.2	0.0	196.936	11.88	16.538	722.608	47.342	10.492	-28.581	0.0	2.07	180.372	9.86	15.1	0.0	51.361	26.765	-13.847	31.6	1.793	215.632	11.06	19.1	0.0	46.706	24.44	-30.339	0.0	0.0	169.038	10.72	25.413	0.0	45.218	11.0	-33.646	37.2	2.12	204.88
11.89	21.538	681.666	48.186	25.53	-14.263	34.8	0.0	192.577	9.78	18.1	703.998	49.855	33.376	-10.064	28.8	1.224	287.8	9.36	19.163	0.0	47.861	24.585	-10.317	13.8	0.0	213.404	11.49	27.1	0.0	47.323	31.124	-9.897	35.0	0.0	193.836	10.81	19.038	0.0	47.612	11.073	-10.886	0.0	0.98	187.056	10.64	14.412	0.0	45.334	0.0	0.0	0.2	0.0	200.23	11.25	16.975	723.672	46.949	10.637	-28.526	0.0	0.0	179.112	10.08	15.35	0.0	50.569	26.329	-13.752	31.6	0.0	234.328	10.82	18.788	0.0	46.926	24.44	-29.655	0.0	0.0	158.285	10.86	27.038	0.0	45.329	10.927	-35.319	37.2	1.123	242.078
12.05	21.413	677.944	48.206	25.312	-14.276	34.8	0.0	207.883	9.84	18.663	703.998	51.964	33.158	-10.154	28.8	1.726	285.088	9.77	19.163	0.0	47.541	24.44	-9.982	13.8	1.324	191.608	11.56	27.288	0.0	47.863	31.415	-11.057	35.0	1.651	183.181	10.86	18.538	0.0	47.337	10.782	-10.791	0.0	1.131	181.631	11.18	15.475	0.0	46.313	0.0	0.0	0.2	1.341	172.719	11.54	17.288	725.798	46.263	10.782	-29.187	0.0	1.542	183.181	10.3	16.225	0.0	49.433	26.402	-14.036	31.6	0.905	230.066	11.36	20.163	0.0	46.9	24.585	-30.623	0.0	0.0	151.407	10.7	27.538	0.0	45.341	11.0	-36.718	37.2	0.922	214.76
12.8	22.413	679.539	51.704	25.385	-14.474	34.8	0.0	334.201	9.55	17.6	702.934	49.58	33.449	-9.959	28.8	1.575	257.867	9.64	19.163	0.0	48.051	24.222	-10.032	13.8	0.0	190.349	10.95	26.475	0.0	46.441	31.633	-9.887	35.0	1.902	192.48	11.28	18.663	0.0	49.193	11.363	-10.761	0.0	1.986	168.844	11.37	15.912	0.0	46.4	0.0	0.0	0.2	1.416	210.304	11.68	18.163	724.735	46.878	10.927	-28.822	0.0	0.905	168.747	10.13	16.1	0.0	49.503	26.765	-13.813	31.6	0.0	214.082	11.29	19.163	0.0	44.812	24.731	-30.24	0.0	0.0	142.883	10.8	26.538	0.0	46.486	10.782	-34.373	37.2	1.039	209.917
12.2	22.038	677.412	48.848	25.094	-14.606	34.8	0.0	253.993	9.7	17.538	701.339	49.692	33.594	-9.968	28.8	1.425	289.834	9.08	19.163	0.0	49.211	24.15	-9.794	14.0	0.0	209.336	11.16	27.163	0.0	48.061	30.543	-11.083	35.0	0.0	188.218	10.8	18.6	0.0	49.037	10.855	-10.69	0.0	1.374	202.167	11.09	14.6	0.0	47.772	0.0	0.0	0.2	0.0	188.993	11.84	17.475	726.33	47.992	10.855	-28.759	0.0	1.81	205.655	10.01	15.725	0.0	50.162	26.402	-14.081	31.6	1.106	195.58	11.18	19.6	0.0	46.03	24.222	-30.064	0.0	0.0	169.232	11.35	27.475	0.0	49.603	10.855	-35.468	37.2	1.307	199.358
11.14	20.413	680.07	51.11	25.748	-13.958	34.8	1.45	214.76	8.95	16.663	703.466	50.385	33.739	-9.834	28.8	0.0	257.577	9.23	19.913	0.0	50.179	24.585	-10.183	14.2	1.559	222.704	11.02	27.038	0.0	46.92	31.342	-11.02	35.0	2.028	199.261	10.58	18.413	0.0	47.395	11.291	-10.642	0.0	1.467	214.373	11.0	15.225	0.0	47.417	0.0	0.0	0.2	1.844	188.799	11.53	18.038	726.33	48.202	11.218	-28.895	0.0	2.028	197.711	9.6	15.412	0.0	51.173	26.402	-13.863	31.6	2.028	202.845	10.75	18.975	0.0	47.977	24.367	-29.482	0.0	0.0	175.819	11.52	28.35	0.0	50.917	10.492	-36.553	37.2	0.0	203.717
11.52	21.163	680.07	46.575	25.893	-14.675	34.8	1.123	254.089	9.34	16.413	703.466	50.682	33.739	-9.806	28.8	0.0	269.976	9.49	19.538	0.0	49.48	24.658	-10.842	14.2	1.76	215.729	11.14	26.288	0.0	47.342	31.269	-10.884	35.0	1.936	202.555	10.75	18.975	0.0	47.417	11.073	-10.729	0.0	1.626	251.765	10.92	15.225	0.0	45.998	0.0	0.0	0.2	1.609	197.421	11.76	18.663	725.267	48.449	10.637	-29.328	0.0	1.609	171.169	10.46	16.1	0.0	48.591	26.547	-13.813	31.6	1.257	241.593	10.76	19.038	0.0	46.731	24.585	-29.913	0.0	0.0	146.758	11.28	26.35	0.0	46.89	10.492	-34.853	37.2	1.651	228.128
11.27	20.725	681.666	48.634	25.53	-14.072	34.8	0.93	215.535	9.44	16.85	704.53	49.35	33.376	-9.844	28.8	1.944	276.176	9.46	20.038	0.0	47.533	24.876	-10.194	14.6	0.0	210.304	11.34	26.725	0.0	46.459	31.342	-10.995	35.0	2.078	176.497	11.01	19.038	0.0	46.323	11.145	-10.739	0.0	0.0	173.688	10.76	14.912	0.0	43.923	0.0	0.0	0.2	1.793	209.626	11.4	17.475	727.925	45.11	10.709	-28.759	0.0	1.911	204.783	10.66	16.163	0.0	49.512	26.329	-13.594	31.6	1.316	230.841	11.14	19.85	0.0	46.025	24.44	-30.594	0.0	0.0	164.582	11.56	27.163	0.0	45.73	10.927	-1.0	37.2	1.131	188.993
11.25	20.788	680.07	50.113	24.949	-14.172	34.8	2.053	290.416	9.55	17.538	702.403	49.334	33.376	-9.931	28.8	0.0	256.802	9.44	20.35	0.0	48.242	24.004	-9.928	14.8	1.634	214.954	11.76	27.225	0.0	47.295	30.979	-11.133	35.0	1.265	176.012	10.62	18.413	0.0	47.525	10.927	-10.609	0.0	1.777	213.598	11.1	15.787	0.0	45.957	0.0	0.0	0.2	0.955	186.571	11.75	17.913	728.989	46.98	10.419	-28.439	0.0	1.626	158.77	10.86	16.6	0.0	50.276	26.547	-13.552	31.6	0.0	227.741	11.28	20.038	0.0	47.015	24.513	-30.692	0.0	0.0	178.531	11.54	25.788	0.0	44.016	10.637	-34.481	37.2	1.198	190.93
11.06	20.475	674.753	49.565	25.312	-14.014	34.8	1.182	224.641	9.55	16.788	703.466	50.893	33.158	-9.817	28.8	1.718	267.845	10.02	20.788	0.0	48.131	24.15	-10.236	15.0	0.0	255.639	11.54	27.913	0.0	46.797	31.197	-11.236	35.0	0.0	177.369	10.62	18.725	0.0	49.044	11.508	-10.653	0.0	1.886	201.392	11.11	14.975	0.0	46.273	0.0	0.0	0.2	1.994	193.546	12.01	17.6	727.925	45.311	10.346	-28.688	0.0	1.659	181.437	10.7	16.038	0.0	48.343	26.62	-13.435	31.6	1.634	226.094	11.35	19.913	0.0	45.578	24.513	-31.024	0.0	0.0	170.975	11.25	27.663	0.0	45.598	10.782	-34.66	37.2	1.24	232.778
11.04	19.288	680.07	48.356	25.021	-13.788	34.8	1.978	238.009	9.48	16.788	703.466	49.048	33.449	-9.835	28.8	0.0	263.292	9.54	20.475	0.0	49.056	24.367	-10.286	15.0	0.0	225.707	11.93	27.85	0.0	46.972	30.979	-11.336	35.0	1.726	176.497	10.65	18.725	0.0	45.965	11.073	-10.661	0.0	1.919	214.76	11.26	15.85	0.0	50.789	0.0	0.0	0.2	1.768	205.267	11.6	18.475	730.052	45.451	10.419	-28.971	0.0	1.693	191.318	10.6	16.038	0.0	49.965	26.474	-13.265	31.6	1.743	219.604	11.19	20.225	0.0	45.401	24.585	-31.058	0.0	0.0	156.929	11.28	27.85	0.0	47.734	10.709	-34.629	37.2	1.467	194.611
11.57	20.163	681.666	49.632	24.367	-13.985	34.8	0.972	263.97	9.45	16.6	703.466	48.583	33.303	-9.789	28.8	1.944	258.642	9.48	20.6	0.0	46.664	25.021	-10.256	15.0	0.0	230.356	11.43	25.975	0.0	44.924	30.833	-10.897	35.0	2.087	199.067	11.0	18.975	0.0	48.32	11.363	-10.703	0.0	1.961	196.743	10.82	15.475	0.0	45.986	0.0	0.0	0.2	0.0	215.729	12.08	18.225	730.584	49.514	10.927	-29.248	0.0	1.668	183.568	10.49	15.662	0.0	49.705	26.474	-13.107	31.6	1.819	209.529	11.41	20.725	0.0	46.844	24.658	-31.461	0.0	0.0	161.482	11.4	26.725	0.0	45.868	10.564	-34.19	37.2	1.416	196.258
12.02	20.85	679.539	49.939	25.385	-14.101	34.8	0.0	201.974	10.02	17.35	699.212	49.243	33.231	-9.93	28.8	1.793	276.079	9.59	20.35	0.0	48.755	24.803	-10.205	15.0	0.0	227.644	11.44	25.288	0.0	48.377	31.269	-10.729	35.0	0.0	210.304	10.86	19.288	0.0	46.022	10.782	-10.748	0.0	1.324	221.541	11.37	15.1	0.0	46.901	0.0	0.0	0.2	0.0	194.999	11.88	17.85	739.623	48.651	10.782	-29.068	0.0	1.676	194.03	10.55	16.288	0.0	49.405	26.692	-13.153	31.6	1.24	214.567	11.52	20.538	0.0	47.202	24.367	-31.624	0.0	0.0	202.555	11.02	26.85	0.0	49.929	10.564	-34.734	37.2	1.894	206.817
11.74	21.475	683.792	48.478	25.603	-14.291	34.8	1.115	225.803	9.96	17.975	708.783	49.788	33.521	-10.054	28.8	0.0	276.563	9.88	21.038	0.0	46.995	24.513	-10.278	15.4	1.693	218.441	11.76	27.225	0.0	49.75	31.705	-11.158	35.0	1.927	176.497	11.32	19.413	0.0	48.734	11.0	-10.787	0.0	1.366	216.117	11.0	15.662	0.0	48.289	0.0	0.0	0.2	1.953	209.142	11.74	17.538	735.369	48.384	11.0	-1.0	0.0	0.0	188.896	10.01	16.1	0.0	49.733	26.547	-13.075	31.6	1.86	197.518	11.4	19.913	0.0	49.054	24.731	-30.224	0.0	0.0	169.038	11.12	26.85	0.0	47.339	10.927	-34.581	37.2	1.475	218.732
11.5	20.288	682.197	51.22	25.603	-13.971	34.8	1.668	269.686	9.26	17.288	703.998	50.0	33.449	-9.846	28.8	2.036	278.307	9.67	20.288	0.0	48.426	23.932	-10.204	15.4	0.0	242.659	12.06	26.538	0.0	47.395	31.342	-11.02	35.0	0.0	195.386	11.12	19.35	0.0	48.646	11.291	-10.725	0.0	0.0	211.467	10.82	15.475	0.0	47.395	0.0	0.0	0.2	1.886	186.668	11.62	18.663	733.242	48.182	10.782	-29.725	0.0	1.827	156.929	10.5	16.538	0.0	50.411	26.474	-13.124	31.6	1.467	232.972	11.12	19.475	0.0	46.839	24.295	-31.691	0.0	0.0	179.693	11.4	26.475	0.0	46.874	10.709	-34.636	37.2	1.19	201.586
11.67	21.6	682.729	50.508	25.094	-14.278	34.8	1.022	220.669	9.6	17.413	705.593	49.371	33.521	-9.884	28.8	0.0	237.137	9.78	20.35	0.0	49.641	24.803	-10.09	15.4	0.0	229.194	11.9	26.475	0.0	47.187	31.415	-11.008	35.0	0.0	199.455	11.4	19.538	0.0	47.843	11.581	-10.834	0.0	1.517	193.74	11.22	15.412	0.0	49.154	0.0	0.0	0.2	0.0	200.908	11.9	18.1	734.838	47.969	10.346	-29.709	0.0	0.0	186.281	10.82	16.413	0.0	48.669	26.62	-13.022	31.6	1.777	238.106	11.28	20.163	0.0	45.349	24.367	-31.681	0.0	0.0	164.776	11.39	26.6	0.0	50.132	10.709	-34.107	37.2	1.676	241.496
12.8	22.538	677.944	51.152	24.876	-14.549	34.8	0.0	217.182	9.99	17.35	701.871	52.136	33.521	-9.884	28.8	1.492	270.751	9.58	21.038	0.0	49.522	24.367	-10.34	15.4	1.986	228.516	11.52	26.413	0.0	48.946	31.197	-10.983	35.0	1.86	207.592	11.15	19.85	0.0	49.176	10.782	-11.028	0.0	1.106	224.932	10.64	15.35	0.0	45.806	0.0	0.0	0.2	2.087	228.419	11.82	17.35	711.974	46.77	10.782	-29.472	0.0	1.919	198.292	10.92	16.413	0.0	48.991	26.547	-12.985	31.6	1.827	235.878	11.51	20.1	0.0	46.794	24.295	-31.903	0.0	0.0	187.637	11.84	28.1	0.0	48.179	10.564	-35.752	37.2	0.0	137.071
11.81	20.788	660.397	54.533	25.893	-14.086	34.8	1.131	228.322	9.58	16.663	682.197	55.071	33.376	-9.752	28.8	2.095	260.967	9.74	20.975	0.0	50.858	24.15	-10.288	15.6	1.994	239.365	11.69	26.475	0.0	48.316	30.833	-10.971	35.0	1.676	196.355	10.82	19.038	0.0	51.371	11.218	-10.739	0.0	1.475	209.917	11.52	16.1	0.0	48.915	0.0	0.0	0.2	1.039	219.507	11.74	17.725	721.545	45.815	10.855	-29.526	0.0	1.24	205.267	10.82	16.85	0.0	50.699	26.474	-12.889	31.6	1.073	217.957	11.16	19.975	0.0	45.776	24.513	-31.579	0.0	0.0	173.3	11.45	26.475	0.0	50.846	10.855	-34.484	37.2	1.232	187.831
11.26	19.538	684.324	50.422	25.094	-13.886	34.8	1.701	219.991	9.55	16.788	686.451	51.924	33.376	-9.78	28.8	0.0	275.207	9.98	20.475	0.0	51.741	24.585	-10.326	15.6	1.927	224.254	11.52	26.038	0.0	49.533	31.415	-10.934	35.0	0.0	194.999	10.74	19.788	0.0	50.933	11.0	-10.886	0.0	2.095	181.534	11.43	15.6	0.0	51.729	0.0	0.0	0.2	2.078	197.905	12.0	18.538	735.369	47.043	10.782	-30.055	0.0	1.5	202.942	10.76	16.413	0.0	51.027	26.329	-12.874	31.6	1.76	239.268	11.13	20.288	0.0	44.856	24.44	-32.006	0.0	0.0	165.938	11.43	26.288	0.0	46.376	10.709	-34.361	37.2	1.86	218.732
11.57	19.725	690.705	50.279	24.949	-13.761	34.8	1.081	236.653	9.68	16.475	709.847	49.321	33.376	-9.761	28.8	0.0	256.705	9.71	21.538	0.0	49.57	24.295	-10.299	15.6	1.802	231.131	12.23	26.913	0.0	49.812	31.124	-11.107	35.0	1.969	175.722	11.14	19.85	0.0	48.214	11.218	-10.897	0.0	2.078	218.635	11.16	15.6	0.0	49.763	0.0	0.0	0.2	1.852	178.531	12.19	19.1	741.218	46.123	10.492	-30.47	0.0	1.877	195.58	10.81	16.663	0.0	52.16	26.474	-13.111	31.6	1.927	226.094	11.47	20.288	0.0	47.571	24.658	-32.386	0.0	0.0	141.721	11.45	26.1	0.0	48.812	11.218	-34.087	37.2	1.483	213.404
11.01	19.413	659.333	51.519	25.094	-13.733	34.8	2.087	222.607	9.34	16.6	701.339	51.137	33.521	-9.752	28.8	0.0	258.352	9.58	19.475	0.0	50.47	24.731	-9.811	15.6	0.0	216.891	11.85	25.1	0.0	45.386	30.615	-10.825	35.0	0.0	197.13	11.19	19.413	0.0	49.582	10.927	-10.829	0.0	2.12	191.124	11.12	14.725	0.0	47.651	0.0	0.0	0.2	0.0	209.529	12.32	18.288	708.783	48.739	10.855	-30.315	0.0	1.575	167.682	11.03	16.475	0.0	51.735	26.547	-13.191	31.6	1.676	243.046	11.12	20.038	0.0	47.183	25.021	-32.122	0.0	0.0	187.249	11.14	25.725	0.0	49.236	10.927	-33.845	37.2	1.768	225.803
11.48	18.975	681.666	51.888	25.167	-13.719	34.8	1.5	184.731	9.88	17.1	703.998	53.115	34.756	-9.809	28.8	2.053	251.377	9.39	19.6	0.0	49.834	24.15	-9.99	15.8	1.106	226.578	11.76	26.288	0.0	52.292	30.833	-11.019	35.0	0.0	215.826	11.2	20.225	0.0	51.362	11.073	-10.972	0.0	1.693	203.233	11.24	15.162	0.0	49.095	0.0	0.0	0.2	0.0	192.868	11.96	17.6	738.56	48.444	10.419	-29.72	0.0	0.0	176.594	10.33	15.475	0.0	50.511	26.692	-13.73	31.6	0.0	226.288	11.01	19.6	0.0	47.606	24.15	-32.13	0.0	0.0	154.12	11.29	26.6	0.0	50.763	10.927	-34.415	37.2	1.617	236.847
10.95	19.1	683.261	48.531	25.312	-13.705	34.8	0.0	216.407	9.62	15.787	690.705	52.447	34.175	-9.587	28.8	0.0	298.165	9.53	19.288	0.0	52.162	24.658	-10.032	15.8	0.0	217.279	11.36	25.725	0.0	47.775	31.269	-11.063	35.0	0.0	191.318	10.89	19.538	0.0	50.219	11.0	-10.868	0.0	0.0	190.155	10.94	15.225	0.0	51.509	0.0	0.0	0.2	0.0	189.574	11.95	18.975	743.877	50.975	10.709	-30.665	0.0	0.0	175.819	10.7	16.85	0.0	52.81	26.547	-13.348	31.6	2.053	247.502	11.06	20.538	0.0	48.638	24.44	-32.526	0.0	0.0	178.725	11.2	25.538	0.0	49.83	10.492	-34.023	37.2	1.827	213.792
11.36	20.35	676.88	50.987	25.675	-14.028	34.8	1.198	211.273	10.24	18.225	690.705	50.987	33.376	-9.991	28.8	2.07	280.147	9.61	20.725	0.0	47.023	24.731	-10.13	15.8	1.525	238.59	12.19	25.6	0.0	47.475	31.269	-10.909	35.0	0.0	195.096	11.11	20.225	0.0	47.244	11.218	-11.015	0.0	0.0	215.729	10.9	14.975	0.0	48.09	0.0	0.0	0.2	1.073	206.43	12.15	18.1	727.394	49.152	10.927	-30.597	0.0	0.0	189.768	10.62	15.6	0.0	50.305	26.692	-13.136	31.6	0.0	223.091	11.28	19.85	0.0	48.17	24.513	-31.894	0.0	0.0	179.693	11.78	26.288	0.0	46.796	10.492	-34.361	37.2	1.726	199.746
11.52	18.6	664.651	51.07	25.748	-13.678	34.8	0.0	230.744	9.53	16.1	698.681	53.664	33.449	-9.759	28.8	0.0	277.629	9.65	20.225	0.0	49.93	24.803	-10.101	15.8	0.0	223.769	11.66	26.1	0.0	47.845	31.342	-10.885	35.0	2.045	196.355	11.08	20.038	0.0	48.609	11.654	-10.93	0.0	1.718	204.492	11.12	15.6	0.0	50.434	0.0	0.0	0.2	0.0	205.267	11.97	19.163	734.306	48.663	10.709	-30.762	0.0	2.103	188.605	10.5	16.475	0.0	48.255	26.474	-13.439	31.6	2.103	228.128	11.26	20.788	0.0	47.138	24.731	-32.024	0.0	0.0	177.756	11.33	26.413	0.0	47.522	11.436	-33.831	37.2	1.55	180.081
10.69	18.663	649.231	49.331	25.239	-13.692	34.8	0.0	229.097	9.39	16.975	702.403	51.781	33.521	-9.799	28.8	0.0	272.882	9.65	20.913	0.0	48.547	24.15	-10.288	15.8	0.0	242.078	11.74	26.225	0.0	46.351	30.688	-10.971	35.0	1.994	186.959	11.08	19.538	0.0	49.598	10.927	-10.885	0.0	0.0	181.243	11.06	16.225	0.0	48.669	0.0	0.0	0.2	1.651	200.327	11.93	18.663	725.798	47.316	10.782	-30.632	0.0	1.584	191.899	10.71	16.913	0.0	49.488	26.62	-13.752	31.6	2.011	235.006	11.4	20.413	0.0	47.124	24.731	-31.158	0.0	0.0	154.895	11.33	25.913	0.0	47.771	10.782	-33.663	37.2	1.483	199.261
11.48	20.1	680.07	50.298	25.675	-15.864	34.8	1.911	232.003	9.3	16.288	669.436	49.178	33.013	-9.724	28.8	0.0	275.691	9.56	18.788	0.0	49.55	24.367	0.0	15.8	1.777	272.688	11.48	25.038	0.0	44.993	31.124	-10.731	35.0	0.98	221.638	11.18	20.413	0.0	48.219	11.363	-11.031	0.0	0.0	211.467	11.21	14.662	0.0	47.943	0.0	0.0	0.2	0.0	214.954	11.88	16.6	723.672	45.58	11.0	-29.733	0.0	0.0	182.406	11.14	16.475	0.0	52.023	26.765	-13.798	31.6	0.0	233.941	11.43	18.6	0.0	47.066	24.44	-30.086	0.0	0.0	183.181	11.44	26.038	0.0	49.059	10.782	-34.046	37.2	1.919	230.744
