7.2	4.037	2.127	70.334	25.82	-11.104	34.8	1.165	200.133	5.94	4.35	0.0	69.986	33.449	-8.023	28.8	1.55	227.45	6.14	4.037	0.0	72.981	24.731	-10.479	0.0	0.0	199.358	6.24	4.787	0.0	75.435	30.833	-1.102	35.0	0.0	193.643	6.16	4.975	0.0	74.84	10.927	-8.987	0.0	1.911	198.292	6.26	4.225	0.0	74.961	0.0	0.0	0.2	1.601	188.218	6.88	4.412	2.659	73.974	9.62	-1.0	0.0	1.911	166.132	6.2	4.725	0.0	72.273	26.62	-11.379	31.6	1.911	208.367	6.78	4.412	0.0	72.801	21.897	-19.016	0.0	0.0	132.808	6.66	4.475	0.0	71.899	10.128	-25.06	37.2	0.972	225.029	6.58
6.88	3.475	0.532	71.709	25.53	-12.176	34.8	0.947	184.731	6.12	4.6	0.0	68.648	33.667	-8.074	28.8	0.93	247.309	6.24	4.225	0.0	71.998	24.513	-10.453	0.0	0.93	201.974	6.48	4.85	0.0	73.765	30.688	-0.951	35.0	0.0	188.218	6.38	4.787	0.0	73.439	11.436	-8.965	0.0	1.877	192.674	6.21	4.287	0.0	75.102	0.0	0.0	0.2	0.0	184.828	7.1	4.475	0.532	72.711	9.692	-1.0	0.0	0.0	168.844	6.3	4.6	0.0	71.751	26.474	-11.22	31.6	1.969	184.246	6.91	4.225	0.0	72.001	20.953	-19.376	0.0	0.0	134.94	6.56	4.537	0.0	72.242	9.91	-24.981	37.2	0.0	217.666	6.69
6.7	3.163	0.0	72.502	24.731	-11.116	34.8	0.0	210.111	5.99	4.475	0.532	69.338	33.739	-8.085	28.8	0.0	290.125	6.22	4.037	0.0	71.735	23.786	-10.402	0.0	0.0	218.829	6.45	4.662	0.0	74.013	30.688	-0.924	35.0	0.0	195.386	6.23	5.1	0.0	74.4	11.0	-8.994	0.0	1.71	203.717	6.22	4.1	0.0	75.003	0.0	0.0	0.2	0.0	188.896	7.12	4.6	1.595	72.74	9.765	-1.0	0.0	0.0	170.007	6.33	4.475	0.0	71.471	26.184	-11.604	31.6	0.0	210.304	6.87	4.162	0.0	72.148	21.534	-19.257	0.0	0.0	160.707	6.44	4.225	0.0	72.707	10.274	-24.876	37.2	0.0	214.567	6.82
7.2	3.538	0.532	70.334	25.603	-11.17	34.8	0.0	194.03	5.84	4.287	0.532	70.386	33.667	-8.058	28.8	0.0	269.104	6.16	4.037	0.0	72.137	24.222	-10.559	0.0	0.0	207.011	6.81	4.85	0.0	72.059	30.615	-1.088	35.0	0.0	205.461	6.42	4.662	0.0	73.191	11.363	-8.966	0.0	1.701	196.743	6.21	4.1	0.0	74.951	0.0	0.0	0.2	2.129	199.455	7.08	4.35	0.0	72.913	9.62	-1.0	0.0	0.0	163.032	6.34	4.725	0.0	71.317	26.184	-11.343	31.6	0.0	209.529	7.1	4.35	0.0	70.656	21.534	-19.511	0.0	0.0	144.627	6.6	4.35	0.0	71.576	10.056	-25.017	37.2	0.0	221.929	6.7
6.74	3.225	0.0	72.51	25.603	-11.16	34.8	0.0	194.03	5.89	4.35	0.0	70.003	33.667	-8.064	28.8	0.972	249.052	6.32	3.975	0.0	71.599	24.585	-10.578	0.0	0.0	210.207	6.52	5.1	0.0	73.39	30.615	-1.171	35.0	1.86	177.175	6.26	4.975	0.0	74.178	10.782	-9.002	0.0	1.684	194.03	6.28	4.85	0.0	74.435	0.0	0.0	0.2	1.902	197.421	6.94	4.287	0.0	73.398	9.402	-1.0	0.0	1.592	178.434	6.26	4.662	0.0	71.743	26.256	-11.406	31.6	1.215	200.908	7.09	4.6	0.0	70.627	21.752	-19.165	0.0	0.0	144.917	6.49	4.037	0.0	72.279	9.91	-25.011	37.2	0.0	232.003	6.58
6.65	3.038	0.0	72.492	25.603	-11.134	34.8	0.0	207.592	6.02	4.225	0.0	69.476	33.667	-8.035	28.8	0.0	247.115	6.2	3.913	0.0	71.912	23.859	-10.597	0.0	0.0	208.367	6.41	4.725	0.0	74.487	31.197	-1.759	35.0	0.0	190.349	5.98	4.475	0.0	75.355	11.363	-8.929	0.0	1.316	196.355	6.2	3.913	0.0	74.999	0.0	0.0	0.2	1.852	182.793	6.86	4.225	0.532	73.97	9.765	-1.0	0.0	1.592	171.072	6.32	4.537	0.0	71.521	26.402	-11.498	31.6	2.137	211.467	7.04	4.287	0.0	71.168	22.261	-19.187	0.0	0.0	151.795	6.18	3.913	0.0	74.44	9.91	-24.969	37.2	0.0	225.416	6.48
6.86	3.35	0.0	71.835	25.239	-11.25	34.8	0.0	197.421	5.87	3.975	0.0	70.052	33.449	-8.025	28.8	0.0	242.756	6.18	4.162	0.0	72.398	24.367	-10.522	0.0	0.0	201.392	6.11	4.537	0.0	75.758	31.124	-0.883	35.0	1.751	189.38	5.93	4.6	0.0	75.67	10.927	-8.951	0.0	1.265	197.13	6.14	3.975	0.0	75.062	0.0	0.0	0.2	2.053	177.756	6.8	4.475	0.532	74.161	9.547	-1.0	0.0	1.735	164.194	6.24	4.662	0.0	71.946	26.184	-11.517	31.6	1.927	219.991	6.9	4.225	0.0	71.661	21.462	-19.582	0.0	0.0	129.321	6.32	3.725	0.0	73.35	10.201	-25.291	37.2	2.003	209.82	6.6
6.66	3.225	1.063	72.674	25.603	-11.196	34.8	0.0	197.808	5.7	3.85	0.532	70.828	33.667	-8.077	28.8	1.936	237.622	6.27	4.225	0.0	71.382	24.077	-10.668	0.0	0.0	202.942	6.38	4.662	0.0	74.38	30.761	-0.958	35.0	0.0	196.743	6.04	4.6	0.0	74.991	10.855	-8.951	0.0	1.777	199.746	6.14	3.85	0.0	75.213	0.0	0.0	0.2	1.919	187.637	6.83	4.1	0.0	73.989	9.838	-1.0	0.0	1.643	170.297	6.28	4.475	0.0	71.695	26.692	-11.306	31.6	1.994	209.142	6.99	4.287	0.0	70.975	21.825	-19.085	0.0	0.0	142.302	6.47	4.162	0.0	72.301	9.62	-24.855	37.2	0.0	248.18	6.66
6.98	3.475	0.532	71.182	24.658	-11.304	34.8	0.947	199.067	5.86	4.35	0.0	70.233	33.521	-8.048	28.8	0.0	234.716	6.3	4.1	0.0	71.517	24.44	-10.65	0.0	0.0	203.717	6.15	4.6	0.0	75.316	30.543	-0.869	35.0	1.676	186.668	6.25	4.662	0.0	74.125	11.363	-8.974	0.0	1.835	194.418	6.19	3.975	0.0	74.922	0.0	0.0	0.2	0.0	195.774	6.98	4.225	1.063	73.227	9.91	-1.0	0.0	1.777	163.032	6.25	4.225	0.0	71.767	26.547	-11.452	31.6	1.978	213.017	7.0	4.412	0.0	70.767	22.043	-19.321	0.0	0.0	140.171	6.54	4.287	0.0	71.538	10.346	-25.193	37.2	0.0	223.091	6.54
7.09	3.85	0.0	70.654	24.949	-11.396	34.8	0.93	195.58	5.9	4.475	0.532	69.716	33.376	-8.019	28.8	1.55	240.818	6.3	4.037	0.0	71.362	23.714	-10.532	0.0	0.989	210.207	6.48	4.537	0.0	73.229	30.906	-0.815	35.0	1.173	183.084	6.22	4.662	0.0	74.22	11.145	-8.974	0.0	2.07	202.167	6.18	3.913	0.0	74.718	0.0	0.0	0.2	1.567	175.431	7.08	4.1	0.532	72.242	9.547	-1.0	0.0	1.182	146.37	6.12	4.475	0.0	72.0	26.765	-11.378	31.6	0.93	197.13	7.38	4.225	0.0	68.324	21.462	-19.171	0.0	0.0	141.139	6.8	4.662	0.0	69.809	9.983	-25.023	37.2	1.006	235.297	6.84
7.14	3.725	0.0	70.217	25.53	-11.341	34.8	1.165	196.646	5.96	4.537	0.0	69.385	33.521	-8.092	28.8	1.483	240.043	6.16	4.287	0.0	71.982	24.658	-10.733	0.0	0.0	199.842	6.2	4.1	0.0	74.848	30.252	-0.806	35.0	0.0	179.306	6.22	4.725	0.0	74.169	11.654	-8.981	0.0	0.0	192.48	6.01	3.85	0.0	75.562	0.0	0.0	0.2	1.249	177.272	6.9	4.1	0.0	72.877	9.692	-1.0	0.0	0.0	177.369	5.94	4.287	0.0	72.505	26.402	-11.461	31.6	0.0	171.944	7.2	4.35	0.0	69.144	21.825	-19.408	0.0	0.0	133.971	7.0	4.662	0.0	66.07	9.91	-25.123	37.2	1.106	235.878	7.02
7.14	4.037	0.532	70.243	24.731	-11.277	34.8	1.106	195.483	5.9	4.35	0.0	69.637	33.667	-8.072	28.8	1.156	243.821	6.06	4.037	0.0	72.631	24.004	-10.586	0.0	0.955	211.854	7.14	5.1	0.0	68.946	30.107	-1.206	35.0	1.651	187.056	6.19	4.787	0.0	74.214	10.637	-9.237	0.0	0.0	195.58	6.12	3.913	0.0	74.857	0.0	0.0	0.2	1.827	181.05	7.22	4.35	1.063	71.098	9.91	-1.0	0.0	1.19	166.81	5.99	4.287	0.0	72.438	26.62	-11.424	31.6	0.0	190.737	7.2	4.225	0.0	69.515	21.462	-19.07	0.0	0.0	145.402	6.81	4.662	0.0	69.256	10.128	-25.321	37.2	0.0	251.377	6.86
7.26	4.1	1.595	69.341	25.021	-11.359	34.8	1.131	189.284	5.92	4.412	0.0	69.166	33.594	-8.087	28.8	1.282	241.981	6.12	3.975	0.0	72.051	24.15	-10.471	0.0	1.115	201.586	6.94	5.037	0.0	70.651	30.615	-1.047	35.0	2.12	178.144	6.32	4.787	0.0	73.35	11.218	-8.996	0.0	2.045	199.746	6.14	3.975	0.0	74.735	0.0	0.0	0.2	1.844	191.608	6.94	4.225	0.0	72.756	9.765	-1.0	0.0	1.24	168.069	6.2	4.412	0.0	71.524	26.692	-11.594	31.6	1.173	192.48	7.14	3.85	0.0	69.927	21.97	-20.004	0.0	0.0	149.858	6.78	4.475	0.0	70.174	9.983	-25.257	37.2	0.964	229.678	6.79
7.04	3.538	0.532	70.224	24.949	-11.35	34.8	1.006	178.144	6.14	4.725	0.0	68.12	33.957	-8.103	28.8	1.617	243.628	6.14	4.1	0.0	71.564	23.786	-10.436	0.0	0.0	197.421	6.44	4.6	0.0	73.221	30.906	-0.835	35.0	1.332	167.682	6.12	4.662	0.0	74.428	11.073	-8.99	0.0	1.659	194.708	6.08	4.162	0.0	74.924	0.0	0.0	0.2	1.282	173.106	7.1	4.1	0.0	72.09	9.91	-1.0	0.0	1.14	169.91	6.02	4.35	0.0	72.238	26.91	-11.359	31.6	0.0	181.147	7.19	3.85	0.0	69.513	21.534	-20.109	0.0	0.0	119.925	6.91	4.35	0.0	67.728	9.838	-24.918	37.2	0.913	217.957	6.84
6.76	3.288	0.0	71.971	24.803	-11.099	34.8	0.0	188.605	5.84	4.162	0.0	69.652	33.594	-8.069	28.8	0.0	232.391	6.09	3.788	0.0	72.2	23.786	-10.445	0.0	0.0	200.52	6.4	4.537	0.0	73.8	30.906	-1.222	35.0	1.86	182.696	5.98	4.475	0.0	74.853	11.436	-8.976	0.0	1.408	186.281	6.1	3.975	0.0	74.676	0.0	0.0	0.2	1.508	176.884	6.64	4.037	0.532	74.332	9.91	-1.0	0.0	0.0	166.81	5.89	4.475	0.0	72.803	26.474	-11.489	31.6	0.0	190.93	7.18	4.412	0.0	70.172	21.68	-19.944	0.0	0.0	140.461	6.27	3.85	0.0	72.622	9.838	-24.85	37.2	0.0	211.079	6.81
6.58	3.1	0.532	72.478	24.949	-11.287	34.8	0.0	176.981	5.66	3.6	1.595	70.586	33.739	-8.003	28.8	2.095	244.209	6.12	3.913	0.0	71.663	23.786	-10.769	0.0	2.053	202.167	6.38	4.725	0.0	73.796	30.979	-0.808	35.0	1.701	194.03	5.96	4.287	0.0	74.899	11.291	-9.012	0.0	1.039	187.443	5.97	3.663	0.0	75.378	0.0	0.0	0.2	1.316	182.309	6.88	4.225	0.532	73.232	9.402	-1.0	0.0	1.668	178.531	6.1	4.35	0.0	72.15	26.329	-11.433	31.6	0.989	225.319	7.06	4.225	0.0	70.412	22.043	-19.376	0.0	0.0	131.162	5.96	3.6	0.0	74.672	9.547	-25.058	37.2	0.0	208.173	6.72
6.82	3.163	0.532	71.723	24.876	-11.333	34.8	0.0	171.363	5.18	2.725	0.0	72.481	33.521	-7.915	28.8	0.0	199.455	6.21	3.663	0.0	71.318	23.859	-10.352	0.0	1.71	204.88	6.36	4.537	0.0	73.944	30.833	-0.951	35.0	1.55	202.942	5.99	4.412	0.0	74.274	11.363	-8.977	0.0	0.905	190.543	5.98	3.85	0.0	75.506	0.0	0.0	0.2	1.089	182.309	6.78	4.1	0.0	73.852	9.62	-1.0	0.0	1.291	171.072	6.32	4.475	0.0	71.314	26.62	-12.335	31.6	1.19	210.207	7.0	4.287	0.0	70.846	21.97	-19.598	0.0	0.0	129.321	5.9	3.35	0.0	75.489	9.474	-24.878	37.2	2.112	206.817	6.54
6.92	3.475	2.127	71.118	24.731	-11.304	34.8	0.0	179.984	4.94	2.225	0.0	73.096	33.376	-7.858	28.8	0.922	186.281	6.04	3.788	0.0	71.855	24.658	-10.498	0.0	1.617	200.23	5.99	4.6	0.0	75.458	30.325	-0.598	35.0	1.366	195.096	5.54	4.287	0.0	76.829	11.363	-8.946	0.0	0.0	196.355	5.8	3.725	0.0	76.042	0.0	0.0	0.2	0.0	186.281	6.6	4.037	1.063	74.577	9.765	-1.0	0.0	1.073	185.118	6.06	4.287	0.0	72.246	26.547	-11.499	31.6	0.0	184.149	6.92	4.225	0.0	71.249	22.043	-19.376	0.0	0.0	151.311	5.93	3.413	0.0	75.37	9.91	-24.607	37.2	2.087	206.817	6.26
6.73	3.163	1.595	71.628	25.603	-11.187	34.8	0.0	170.975	5.08	2.413	0.532	73.252	33.667	-7.884	28.8	0.972	224.932	6.0	3.725	0.0	72.027	24.367	-10.411	0.0	1.592	195.483	5.79	4.037	0.0	76.487	31.051	-0.752	35.0	1.022	192.383	5.5	4.287	0.0	76.623	10.927	-8.962	0.0	0.0	194.321	5.87	3.663	0.0	75.583	0.0	0.0	0.2	0.972	193.546	6.72	3.975	0.532	73.916	10.056	-1.0	0.0	1.106	170.394	5.88	3.975	0.0	72.801	26.62	-11.49	31.6	0.0	200.617	6.84	3.85	0.0	71.831	21.68	-18.875	0.0	0.0	157.22	5.87	3.413	0.0	75.633	9.765	-24.607	37.2	0.0	214.857	6.45
6.52	3.038	0.0	72.389	25.021	-11.353	34.8	0.0	184.537	5.08	2.038	0.0	73.302	33.449	-7.831	28.8	0.0	232.003	6.02	3.85	0.0	71.902	24.44	-10.454	0.0	1.986	209.336	6.02	4.287	0.0	75.664	30.979	-0.868	35.0	1.307	199.746	5.61	4.412	0.0	76.201	10.782	-8.969	0.0	0.947	202.361	5.76	3.725	0.0	75.959	0.0	0.0	0.2	0.964	204.492	6.58	3.725	1.063	74.345	10.056	-1.0	0.0	0.98	170.007	5.94	4.412	0.0	72.428	26.765	-11.556	31.6	0.905	211.273	6.8	3.663	0.0	71.642	21.316	-18.628	0.0	0.0	157.898	5.92	3.6	0.0	75.768	9.474	-24.767	37.2	0.0	224.641	6.32
6.59	3.163	1.063	72.325	25.021	-11.259	34.8	0.0	184.537	5.33	3.413	0.0	73.022	33.594	-7.952	28.8	1.659	240.625	6.26	3.913	0.0	70.963	23.714	-10.462	0.0	0.0	200.617	6.1	4.662	0.0	75.556	31.56	-0.652	35.0	1.433	202.845	5.78	4.412	0.0	75.163	11.291	-8.977	0.0	1.131	198.583	5.78	3.413	0.0	75.888	0.0	0.0	0.2	1.525	189.38	6.5	3.85	5.317	75.036	10.128	-1.0	0.0	0.905	186.474	6.04	4.475	0.0	72.01	25.893	-11.565	31.6	1.5	212.823	6.73	3.788	0.0	71.913	22.043	-19.061	0.0	0.0	167.682	5.9	3.6	0.0	76.063	9.838	-24.268	37.2	0.0	224.544	6.3
6.46	2.788	0.0	73.02	25.53	-11.205	34.8	0.0	180.468	5.42	3.538	0.532	72.375	33.376	-7.989	28.8	0.0	232.972	6.12	3.725	0.0	71.352	24.295	-10.411	0.0	0.0	206.817	5.93	4.475	0.0	75.77	30.833	-0.93	35.0	1.534	191.512	5.94	4.537	0.0	74.845	11.363	-9.016	0.0	1.064	188.509	5.87	3.975	0.0	75.808	0.0	0.0	0.2	1.55	185.506	6.66	4.037	1.063	74.716	10.128	-1.0	0.0	1.207	181.05	6.03	4.162	0.0	72.162	26.547	-11.518	31.6	1.844	213.017	6.68	3.6	0.0	72.136	21.825	-18.813	0.0	0.0	156.735	5.92	3.725	0.0	75.843	9.838	-24.906	37.2	0.0	222.704	6.36
6.58	2.975	2.659	72.607	25.53	-11.232	34.8	0.0	170.685	5.26	3.163	0.0	72.548	33.521	-7.983	28.8	1.802	241.109	5.96	3.913	0.0	72.019	24.15	-10.411	0.0	1.927	202.264	5.88	4.1	0.0	76.009	31.197	-0.839	35.0	1.366	193.255	5.53	4.35	0.0	76.407	11.436	-8.97	0.0	0.93	193.255	5.79	3.663	0.0	76.09	0.0	0.0	0.2	1.391	189.574	6.6	4.162	1.063	74.501	9.256	-1.0	0.0	1.316	171.169	5.98	4.1	0.0	72.075	26.111	-11.547	31.6	1.55	194.999	6.74	4.037	0.0	71.5	21.607	-19.022	0.0	0.0	141.333	5.76	3.475	0.0	76.233	10.274	-24.725	37.2	0.0	214.954	6.27
6.66	3.35	0.0	72.003	25.457	-11.214	34.8	0.964	176.787	5.06	2.6	0.0	73.248	33.594	-7.918	28.8	1.014	215.632	5.95	3.788	0.0	71.914	23.786	-10.394	0.0	1.869	199.261	5.76	4.225	0.0	76.183	30.688	-0.78	35.0	1.098	196.839	5.4	4.287	0.0	76.553	11.363	-8.97	0.0	0.0	192.868	5.8	3.475	0.0	75.643	0.0	0.0	0.2	1.148	181.05	6.78	4.287	0.0	73.545	9.838	-1.0	0.0	1.617	168.65	5.8	4.225	0.0	72.682	26.329	-11.645	31.6	1.048	194.03	6.79	4.037	0.0	71.171	21.825	-18.821	0.0	0.0	138.427	5.72	3.35	0.0	76.596	9.838	-24.684	37.2	0.0	207.204	6.55
6.64	3.288	1.063	71.999	24.658	-11.241	34.8	0.0	173.3	5.09	2.413	0.0	73.025	33.594	-7.884	28.8	1.098	221.154	5.99	3.725	0.0	72.025	24.004	-10.335	0.0	2.003	199.455	5.95	4.35	0.0	75.674	31.051	-0.821	35.0	1.525	200.036	5.57	4.225	0.0	75.819	11.508	-8.98	0.0	0.947	197.324	5.74	3.538	0.0	75.805	0.0	0.0	0.2	1.399	179.306	6.68	4.287	1.063	73.933	9.692	-1.0	0.0	1.617	170.781	6.02	4.225	0.0	72.263	26.474	-11.527	31.6	1.391	206.817	6.71	3.85	0.0	71.39	21.68	-18.875	0.0	0.0	147.533	5.7	3.35	0.0	76.617	9.91	-24.878	37.2	2.07	216.504	6.5
6.46	2.788	1.063	72.428	25.021	-11.169	34.8	0.0	183.181	5.19	2.913	0.0	72.278	33.449	-7.885	28.8	1.14	244.693	6.02	3.788	0.0	71.695	24.44	-10.445	0.0	2.045	213.017	5.87	4.287	0.0	75.882	30.47	-0.666	35.0	1.425	185.699	5.58	4.287	0.0	75.821	11.291	-9.004	0.0	0.93	189.671	5.73	3.538	0.0	75.878	0.0	0.0	0.2	1.207	187.152	6.88	4.287	1.063	72.821	9.62	-1.0	0.0	1.751	166.035	6.04	4.475	0.0	71.932	26.62	-11.683	31.6	1.307	210.692	6.73	3.663	0.0	71.342	21.389	-18.828	0.0	0.0	153.345	5.82	3.538	0.0	75.822	9.62	-24.549	37.2	0.0	215.245	6.45
6.4	2.913	0.532	72.854	25.457	-11.864	34.8	0.0	201.199	5.42	3.413	0.532	71.396	33.739	-7.96	28.8	1.634	238.203	6.27	4.037	0.0	70.286	24.15	-10.402	0.0	0.0	210.692	6.17	4.787	0.0	74.766	30.906	-0.931	35.0	1.617	201.199	5.61	4.287	0.0	75.902	11.218	-8.987	0.0	0.955	204.686	5.86	3.538	0.0	75.155	0.0	0.0	0.2	1.542	187.056	6.6	3.975	1.595	74.12	9.692	-1.0	0.0	1.475	185.021	6.12	4.35	0.0	71.534	26.91	-11.585	31.6	1.827	212.242	6.67	3.663	0.0	71.434	21.68	-18.529	0.0	0.0	151.601	5.92	3.725	0.0	74.916	10.056	-23.797	37.2	0.0	224.447	6.38
6.67	3.288	0.0	71.59	25.603	-11.314	34.8	0.0	210.692	5.46	3.663	0.0	71.093	33.812	-7.977	28.8	0.0	232.681	5.96	3.913	0.0	71.243	24.585	-10.385	0.0	0.0	211.467	6.78	4.912	0.0	70.594	30.688	-1.075	35.0	0.0	201.392	6.05	4.537	0.0	73.627	10.782	-9.058	0.0	1.458	199.067	5.98	3.663	0.0	74.677	0.0	0.0	0.2	1.877	190.155	6.5	4.162	0.532	74.278	10.201	-1.0	0.0	1.735	180.856	5.99	4.412	0.0	71.767	26.547	-11.633	31.6	2.137	221.832	6.8	3.663	0.0	70.833	21.098	-18.628	0.0	0.0	140.946	6.4	4.1	0.0	71.147	9.474	-25.032	37.2	0.0	248.859	6.46
6.8	3.538	0.0	70.729	24.803	-11.313	34.8	0.0	194.708	5.45	3.975	1.063	70.987	33.739	-7.976	28.8	0.0	235.781	5.89	3.725	0.0	71.644	23.932	-10.335	0.0	0.0	200.52	7.02	5.225	0.0	68.657	31.051	-1.247	35.0	0.0	203.62	6.07	4.662	0.0	73.401	11.073	-9.064	0.0	1.751	204.783	5.79	3.538	0.0	75.915	0.0	0.0	0.2	1.458	198.292	6.96	4.225	1.595	71.491	9.402	-1.0	0.0	1.81	172.331	5.9	4.037	0.0	71.853	26.692	-11.656	31.6	2.078	210.692	7.05	4.037	0.0	69.168	21.462	-18.721	0.0	0.0	157.995	6.43	4.1	0.0	70.657	10.201	-25.608	37.2	0.0	241.884	6.18
6.49	2.975	0.532	71.762	25.021	-11.269	34.8	0.0	188.605	5.54	3.538	1.063	69.936	33.449	-7.973	28.8	1.944	233.553	6.23	4.037	0.0	69.805	24.731	-10.377	0.0	0.0	211.079	6.22	4.537	0.0	73.329	31.197	-0.951	35.0	0.0	196.646	5.7	4.35	0.0	74.139	11.291	-9.036	0.0	1.358	192.868	5.7	3.538	0.0	75.971	0.0	0.0	0.2	1.71	190.64	6.68	3.975	0.532	73.243	9.838	-1.0	0.0	1.676	172.719	6.12	4.85	0.0	70.858	26.547	-11.78	31.6	1.852	207.592	6.96	4.162	0.0	69.364	21.897	-18.953	0.0	0.0	151.989	6.51	4.287	0.0	69.648	9.474	-25.095	37.2	1.048	236.847	6.29
