-1.0	-6.525	0.532	0.0	24.513	-12.47	0.0	4.793	125.35	-4.88	-6.088	0.0	75.386	32.504	-7.335	0.0	6.754	96.385	-5.09	-5.15	0.0	79.098	23.278	-18.156	0.0	3.243	78.658	-4.27	-5.088	0.0	79.126	0.0	-7.049	0.0	2.313	79.336	-4.93	-3.837	0.0	82.484	9.765	-9.398	24.6	1.274	63.353	-5.24	-5.15	0.0	77.62	0.0	0.0	0.0	1.659	63.74	-4.14	-4.025	0.0	79.041	7.949	-1.0	0.2	1.064	37.682	-4.52	-3.587	0.0	78.932	27.709	-18.118	0.4	0.0	51.05	-4.42	-4.4	0.0	75.604	20.299	0.0	0.2	1.508	335.46	-4.89	-5.275	0.0	81.191	12.235	-1.0	0.0	2.154	82.146	-4.19
-1.0	-7.275	0.0	0.0	24.44	-11.865	0.0	4.45	116.825	-4.98	-6.338	0.0	76.212	32.577	-7.295	0.0	7.777	121.281	-5.07	-5.275	0.0	79.102	23.133	-18.036	0.0	2.548	88.248	-4.22	-4.9	0.0	78.794	0.0	-7.056	0.0	1.911	72.749	-4.94	-4.025	0.0	82.635	9.91	-9.492	27.2	1.257	109.075	-5.3	-4.9	0.0	78.48	0.0	0.0	0.0	1.802	62.19	-4.07	-3.837	0.532	78.989	7.368	-1.0	0.2	1.994	34.583	-4.49	-3.587	0.0	78.503	27.927	-18.212	0.4	0.0	35.939	-4.59	-4.463	0.0	76.016	20.227	0.0	0.2	1.056	12.012	-5.0	-5.713	0.0	80.406	11.944	-1.0	0.0	1.525	119.828	-4.18
-1.0	-7.338	0.0	0.0	25.021	-12.184	0.0	3.821	76.43	-4.94	-6.088	0.0	75.68	32.286	-7.316	0.0	7.5	116.922	-5.08	-5.338	0.0	78.827	23.205	-17.744	0.0	2.17	68.874	-4.22	-4.713	0.0	79.183	0.0	-7.048	0.0	2.129	61.222	-4.97	-3.712	0.0	82.386	9.91	-9.86	30.0	1.198	87.183	-5.28	-5.338	0.0	77.865	0.0	0.0	0.0	1.374	71.393	-4.16	-4.025	0.0	79.334	8.094	-1.0	0.2	1.802	11.237	-4.51	-3.837	0.0	78.82	28.073	-17.969	0.4	0.0	20.149	-4.53	-4.15	0.0	76.616	20.227	0.0	0.2	1.416	342.047	-5.01	-5.713	0.0	80.806	12.017	-1.0	0.0	1.718	125.446	-4.19
-1.0	-7.088	1.063	0.0	24.658	-12.219	0.0	3.763	83.502	-5.06	-6.275	0.0	76.779	32.432	-7.268	0.0	7.123	97.16	-5.14	-5.4	0.0	79.472	23.423	-18.009	0.0	2.564	71.974	-4.4	-4.65	0.0	80.411	0.0	-7.084	0.0	2.355	89.605	-4.98	-3.9	0.0	82.712	9.838	-9.867	30.8	1.609	92.123	-5.3	-5.15	0.0	78.159	0.0	0.0	0.0	1.953	67.615	-4.28	-4.025	0.0	80.416	7.876	-1.0	0.2	1.19	27.705	-4.57	-3.587	0.0	79.399	28.0	-18.023	0.4	1.173	64.612	-4.5	-4.713	0.0	75.776	20.59	0.0	0.2	1.517	351.637	-5.06	-5.588	0.0	81.195	12.017	-1.0	0.0	1.726	112.369	-4.3
-1.0	-7.275	0.0	0.0	24.367	-12.249	0.0	3.428	111.497	-5.0	-6.275	0.0	75.761	32.504	-7.32	0.0	6.428	119.15	-5.16	-5.588	0.0	79.445	23.133	-17.97	0.0	2.321	84.761	-4.22	-4.775	0.0	78.288	0.0	-7.082	0.0	2.522	59.091	-4.94	-4.15	0.0	81.512	9.692	-9.6	31.0	1.156	131.162	-5.38	-5.025	0.0	78.917	0.0	0.0	0.0	1.927	83.211	-4.16	-4.15	0.532	78.693	7.295	-1.0	0.2	1.911	50.663	-4.51	-3.837	0.0	77.877	28.218	-18.063	0.4	1.073	46.401	-4.52	-4.338	0.0	75.701	21.171	0.0	0.2	1.634	355.222	-5.02	-5.463	0.0	80.49	12.235	-1.0	0.0	1.994	115.275	-4.23
-1.0	-7.088	0.532	0.0	24.367	-11.733	0.0	4.316	60.641	-4.91	-6.4	0.0	74.118	32.504	-7.31	0.0	7.576	139.88	-5.14	-5.4	0.0	78.585	23.641	-18.102	0.0	2.707	59.575	-4.27	-4.463	0.0	78.714	0.0	-7.115	0.0	2.598	77.98	-4.94	-3.9	0.0	81.445	9.547	-9.554	31.0	1.567	67.421	-5.29	-5.025	0.0	77.401	0.0	0.0	0.0	2.204	54.441	-4.11	-4.025	1.063	77.363	7.803	-1.0	0.2	1.626	48.532	-4.49	-3.775	0.0	77.65	27.855	-18.266	0.4	1.374	30.998	-4.48	-4.275	0.0	75.307	21.098	0.0	0.2	1.483	355.996	-4.84	-5.4	0.0	79.405	12.598	-1.0	0.0	1.718	103.554	-4.21
-1.0	-7.213	0.0	0.0	24.367	-12.258	0.0	5.238	88.442	-5.06	-6.15	0.0	75.701	32.504	-7.33	0.0	7.366	107.138	-5.09	-5.4	0.0	77.423	23.496	-18.29	0.0	2.506	80.111	-4.08	-4.525	0.0	75.985	0.0	-7.193	0.0	3.0	62.965	-4.87	-4.275	0.0	80.615	10.201	-9.372	31.8	2.254	96.289	-5.25	-5.4	0.0	76.784	0.0	0.0	0.0	2.229	66.065	-3.98	-4.15	0.0	75.865	8.094	-1.0	0.2	2.196	45.335	-4.44	-3.65	0.0	76.683	27.855	-17.916	0.4	1.55	13.562	-4.36	-4.338	0.0	73.753	20.953	0.0	0.2	1.592	4.359	-4.98	-5.9	0.0	78.735	12.453	-1.0	0.0	1.927	116.147	-4.24
-1.0	-7.275	0.0	0.0	24.367	-12.193	0.0	3.52	97.354	-4.96	-6.15	0.0	74.346	32.432	-7.33	0.0	6.939	143.27	-4.88	-5.275	0.0	75.197	23.278	-17.757	0.0	3.21	74.88	-4.12	-4.713	0.0	76.823	0.0	-7.079	0.0	2.489	60.35	-4.84	-4.15	0.0	79.155	10.128	-9.364	32.2	1.064	64.612	-5.11	-5.088	0.0	74.314	0.0	0.0	0.0	2.749	76.915	-4.1	-3.962	0.532	77.574	7.222	-1.0	0.2	2.053	70.037	-4.36	-3.65	0.0	75.901	27.564	-18.01	0.4	1.575	23.927	-4.39	-4.213	0.0	74.18	20.953	0.0	0.2	1.894	316.28	-4.86	-5.838	0.0	76.987	12.308	-1.0	0.0	1.793	93.576	-4.1
-1.0	-7.088	0.0	0.0	24.44	-11.682	0.0	5.062	87.764	-4.94	-6.275	0.0	73.703	32.795	-7.339	0.0	7.877	113.919	-4.98	-5.275	0.0	76.142	23.423	-17.664	0.0	3.52	58.316	-4.22	-4.713	0.0	76.684	0.0	-7.048	0.0	2.933	64.709	-4.84	-3.9	0.0	79.812	9.91	-9.459	35.4	2.405	70.134	-5.18	-5.338	0.0	75.179	0.0	0.0	0.0	2.724	74.784	-4.09	-4.025	1.063	76.947	7.949	-1.0	0.2	1.743	53.375	-4.41	-3.9	0.0	76.22	27.709	-18.334	0.4	1.793	39.232	-4.47	-4.4	0.0	74.379	20.517	0.0	0.2	1.902	0.484	-4.84	-5.4	0.0	77.687	11.944	-1.0	0.0	1.567	88.248	-4.08
-1.0	-7.275	0.532	0.0	24.876	-12.193	0.0	4.081	84.277	-5.04	-6.213	0.0	75.02	32.65	-7.344	0.0	7.358	117.6	-5.06	-5.338	0.0	76.616	23.786	-17.929	0.0	3.168	53.472	-4.24	-4.775	0.0	77.241	0.0	-7.059	0.0	2.355	76.043	-4.89	-3.962	0.0	80.633	9.983	-9.723	35.6	2.137	78.368	-5.19	-4.963	0.0	75.224	0.0	0.0	0.0	2.983	60.253	-4.18	-4.15	0.532	77.742	7.658	-1.0	0.2	1.626	34.001	-4.46	-3.775	0.0	76.467	27.855	-18.077	0.4	1.433	24.992	-4.4	-4.213	0.0	74.37	20.444	0.0	0.2	2.556	348.925	-4.94	-5.65	0.0	78.218	11.944	-22.632	0.0	1.768	100.454	-4.22
-1.0	-7.4	0.0	0.0	24.15	-12.463	0.0	5.145	73.137	-5.02	-6.15	0.0	74.286	32.359	-7.35	0.0	7.199	100.551	-5.01	-5.338	0.0	76.135	23.496	-17.929	0.0	3.084	74.396	-4.23	-4.775	0.0	77.87	0.0	-7.059	0.0	2.648	71.877	-4.93	-4.15	0.0	80.668	10.419	-10.296	35.8	1.609	80.499	-5.28	-4.963	0.0	76.193	0.0	0.0	0.0	2.036	62.287	-4.18	-4.213	0.0	78.504	7.876	-1.0	0.2	2.33	34.97	-4.48	-3.9	0.0	76.931	27.927	-18.05	0.4	1.768	43.495	-4.52	-4.213	0.0	75.393	20.444	0.0	0.2	2.355	2.131	-4.86	-5.4	0.0	78.648	12.235	-1.0	0.0	2.003	93.77	-4.21
-1.0	-7.463	0.532	0.0	24.367	-12.338	0.0	4.718	91.929	-4.88	-6.15	0.0	72.943	32.504	-7.362	0.0	8.079	108.591	-5.0	-5.213	0.0	76.138	23.35	-17.956	0.0	3.109	76.237	-4.35	-4.9	0.0	78.42	0.0	-7.056	0.0	2.724	68.293	-4.86	-4.025	0.0	79.423	9.62	-10.087	35.8	1.743	70.521	-5.34	-5.275	0.0	77.043	0.0	0.0	0.0	2.363	61.706	-4.16	-4.15	1.063	76.697	8.821	-1.0	0.2	1.559	24.895	-4.52	-3.9	0.0	77.295	27.927	-18.144	0.4	1.416	83.017	-4.42	-4.4	0.0	73.765	20.662	0.0	0.2	1.751	0.0	-5.03	-5.713	0.0	77.783	11.872	-1.0	0.0	2.263	110.432	-4.28
-1.0	-7.338	0.532	0.0	24.585	-12.297	0.0	3.654	89.023	-4.94	-6.338	0.0	73.318	32.432	-7.347	0.0	6.93	108.494	-5.04	-5.4	0.0	76.082	23.278	-17.455	0.0	3.0	80.596	-4.2	-4.775	0.0	75.438	0.0	-7.051	0.0	2.833	69.746	-4.94	-4.025	0.0	80.15	9.91	-10.026	36.2	1.785	79.336	-5.3	-5.088	0.0	75.931	0.0	0.0	0.0	1.927	68.293	-4.03	-4.15	1.063	74.975	7.513	-1.0	0.2	2.003	51.535	-4.45	-3.775	0.0	75.763	27.782	-17.983	0.4	1.726	26.349	-4.36	-4.4	0.0	72.955	20.299	0.0	0.2	1.827	347.763	-4.88	-5.4	0.0	77.609	12.017	-1.0	0.0	1.634	109.56	-4.2
-1.0	-7.213	0.532	0.0	24.731	-12.49	0.0	4.307	90.379	-4.93	-6.15	0.0	72.933	32.432	-7.362	0.0	7.727	107.719	-4.96	-5.4	0.0	74.68	23.423	-18.102	0.0	3.36	74.202	-4.2	-4.775	0.0	76.219	0.0	-7.059	0.0	2.807	61.803	-4.91	-4.15	0.0	79.321	9.474	-9.81	36.2	2.062	89.701	-5.21	-4.963	0.0	74.603	0.0	0.0	0.0	2.598	60.156	-4.22	-4.275	0.0	76.918	7.658	-1.0	0.2	1.701	41.848	-4.45	-3.837	0.0	75.975	28.363	-17.782	0.4	1.592	65.484	-4.52	-4.463	0.0	73.575	20.953	0.0	0.2	1.961	12.012	-4.86	-5.588	0.0	76.777	11.944	-1.0	0.0	1.592	101.713	-4.14
-1.0	-7.838	1.063	0.0	24.44	-12.06	0.0	4.14	96.579	-5.0	-6.275	0.0	73.136	32.504	-7.326	0.0	7.45	114.597	-5.0	-5.4	0.0	75.076	23.133	-17.916	0.0	2.413	36.52	-4.2	-4.963	0.0	75.51	0.0	-7.028	0.0	2.422	52.407	-4.89	-4.15	0.0	79.143	10.128	-9.6	36.2	1.701	71.974	-5.26	-4.963	0.0	75.257	0.0	0.0	0.0	2.522	42.138	-4.06	-4.025	4.785	75.255	8.167	-1.0	0.2	2.036	25.089	-4.46	-3.775	0.0	75.168	28.0	-17.889	0.4	1.173	15.209	-4.44	-4.463	0.0	73.229	20.953	0.0	0.2	2.405	26.445	-4.94	-5.463	0.0	76.245	12.453	-1.0	0.0	1.969	122.831	-4.06
-1.0	-7.713	1.063	0.0	24.367	-12.303	0.0	2.891	76.915	-5.02	-6.65	0.0	73.349	32.504	-7.314	0.0	5.724	101.326	-5.08	-5.65	0.0	75.366	23.496	-18.33	0.0	2.74	93.286	-4.19	-4.713	0.0	75.227	0.0	-7.048	0.0	2.38	92.898	-4.96	-4.15	0.0	79.604	10.782	-9.575	37.2	1.383	71.877	-5.24	-4.65	0.0	75.072	0.0	0.0	0.0	2.062	44.754	-4.14	-4.15	0.0	75.57	7.44	-1.0	0.2	1.819	40.879	-4.5	-3.837	0.0	75.776	28.073	-18.063	0.4	1.458	27.511	-4.36	-4.338	0.0	72.541	20.662	0.0	0.2	2.053	11.818	-4.96	-5.463	0.0	75.298	11.872	-1.0	0.0	2.196	127.287	-4.06
-1.0	-7.088	2.127	0.0	24.513	-12.39	0.0	4.307	82.533	-4.84	-6.338	0.0	70.773	32.504	-7.353	0.0	6.646	106.46	-4.98	-5.275	0.0	74.246	23.496	-17.943	0.0	3.159	72.168	-4.24	-4.9	0.0	74.882	0.0	-7.072	0.0	2.439	70.231	-4.92	-3.962	0.0	79.182	9.256	-9.671	39.2	1.76	83.114	-5.16	-4.9	0.0	73.344	0.0	0.0	0.0	2.288	91.929	-3.98	-4.15	0.0	73.301	7.949	-1.0	0.2	2.053	32.355	-4.51	-3.775	0.0	75.442	28.218	-18.171	0.4	0.0	29.061	-4.32	-4.15	0.0	71.421	21.244	0.0	0.2	2.782	344.76	-4.8	-5.4	0.0	75.498	11.872	-1.0	0.0	1.316	114.209	-4.14
-1.0	-7.588	3.19	0.0	24.658	-12.263	0.0	4.525	84.761	-4.74	-6.213	0.0	69.323	32.577	-7.376	0.0	7.299	114.016	-4.9	-5.4	0.0	73.35	23.568	-18.29	0.0	2.883	74.784	-4.16	-5.088	0.0	74.708	0.0	-7.025	0.0	2.33	64.612	-4.79	-4.025	0.0	76.605	10.128	-9.743	41.2	1.894	71.006	-5.13	-5.088	0.0	72.843	0.0	0.0	0.0	2.346	79.627	-4.02	-4.15	1.063	74.307	7.585	-1.0	0.2	2.506	35.842	-4.36	-3.65	0.0	73.777	27.855	-18.58	0.4	1.332	42.816	-4.44	-4.338	0.0	72.67	19.718	0.0	0.2	1.953	352.509	-4.82	-5.713	0.0	74.519	11.944	-1.0	0.0	1.735	113.822	-4.06
-1.0	-7.588	1.063	0.0	24.295	-12.206	0.0	4.282	71.393	-4.86	-6.588	0.0	70.57	32.359	-7.301	0.0	6.972	117.212	-4.98	-5.4	0.0	74.055	23.859	-20.75	0.0	2.841	57.153	-4.18	-4.963	0.0	73.016	0.0	-7.066	0.0	1.978	86.602	-4.78	-4.275	0.0	75.998	9.983	-10.151	42.2	1.886	86.989	-5.17	-5.338	0.0	73.052	0.0	0.0	0.0	2.129	68.971	-3.93	-3.962	0.0	71.943	7.513	-1.0	0.2	2.413	56.475	-4.36	-3.837	0.0	73.197	27.855	-18.158	0.4	0.0	41.17	-4.28	-4.338	0.0	70.96	20.154	0.0	0.2	2.103	345.05	-4.8	-5.588	0.0	73.685	12.235	-1.0	0.0	1.542	115.953	-4.16
-1.0	-7.4	1.063	0.0	24.658	-12.346	0.0	3.922	81.564	-4.8	-6.4	0.0	69.886	32.504	-7.398	0.0	6.402	114.306	-4.86	-5.275	0.0	72.096	23.278	-18.129	0.0	2.941	85.149	-4.1	-4.775	0.0	72.154	0.0	-7.143	0.0	2.799	66.162	-4.77	-4.275	0.0	76.235	9.838	-10.248	42.8	2.003	68.1	-5.11	-5.213	0.0	71.678	0.0	0.0	0.0	1.911	53.472	-3.97	-4.15	0.532	72.034	7.658	-1.0	0.2	2.305	52.503	-4.26	-3.775	0.0	72.146	27.782	-18.171	0.4	1.927	63.644	-4.3	-4.338	0.0	70.035	20.808	0.0	0.2	1.86	350.184	-4.82	-5.463	0.0	74.161	12.162	-1.0	0.0	1.701	102.101	-4.0
-1.0	-7.588	1.063	0.0	24.44	-12.149	0.0	5.037	86.408	-4.74	-6.525	0.0	68.821	32.504	-7.344	0.0	6.981	117.503	-4.78	-5.588	0.0	70.487	23.278	-17.97	0.0	3.319	67.809	-4.08	-4.838	0.0	71.79	0.0	-7.115	0.0	2.531	60.737	-4.82	-4.213	0.0	76.083	9.547	-10.159	43.4	1.844	73.815	-5.12	-5.338	0.0	71.871	0.0	0.0	0.0	2.682	89.023	-3.98	-4.15	0.532	71.909	7.585	-1.0	0.2	2.673	43.882	-4.3	-3.962	0.0	72.284	27.782	-17.942	0.4	1.676	52.019	-4.33	-4.588	0.0	70.279	20.299	0.0	0.2	1.827	347.859	-4.8	-5.713	0.0	73.275	12.162	-1.0	0.0	1.785	113.725	-4.06
-1.0	-7.025	6.381	0.0	23.714	-12.341	0.0	4.09	109.85	-4.79	-6.4	0.0	68.886	32.504	-7.5	0.0	7.073	117.019	-4.86	-5.65	0.0	71.188	23.568	-17.863	0.0	2.07	92.801	-4.2	-5.025	0.0	72.574	0.0	-7.061	0.0	2.338	78.465	-4.77	-4.15	0.0	75.125	9.547	-9.894	43.4	1.215	71.684	-5.14	-5.275	0.0	71.745	0.0	0.0	0.0	2.455	67.518	-4.02	-4.213	0.532	72.121	7.368	-1.0	0.2	1.684	70.812	-4.39	-3.837	0.0	73.118	27.273	-21.047	0.4	1.634	54.053	-4.28	-4.338	0.0	70.014	21.098	0.0	0.2	2.296	0.0	-4.86	-6.088	0.0	72.437	12.09	-1.0	0.0	1.165	114.016	-4.04
-1.0	-7.65	1.595	0.0	24.295	-12.254	0.0	3.587	104.91	-4.79	-6.713	0.0	69.213	32.504	-7.328	0.0	6.134	103.554	-4.93	-5.275	0.0	71.984	23.278	-18.036	0.0	3.352	74.687	-4.19	-4.713	0.0	73.184	0.0	-7.048	0.0	2.833	70.812	-4.88	-4.275	0.0	76.889	10.274	-9.768	44.8	1.785	69.262	-5.16	-5.213	0.0	71.912	0.0	0.0	0.0	2.271	75.365	-4.1	-4.275	0.532	73.494	7.368	-1.0	0.2	1.668	37.586	-4.38	-3.837	0.0	72.634	27.855	-18.442	0.4	1.517	61.319	-4.46	-4.775	0.0	70.998	20.953	0.0	0.2	1.911	13.174	-4.78	-5.463	0.0	73.857	12.09	-1.0	0.0	1.852	95.223	-4.11
-1.0	-7.588	0.532	0.0	24.876	-13.448	0.0	3.62	111.691	-4.74	-6.65	0.0	68.29	32.577	-7.333	0.0	6.746	98.614	-4.85	-5.338	0.0	70.696	23.06	-18.116	0.0	3.955	68.584	-4.26	-4.838	0.0	72.635	0.0	-7.284	0.0	2.388	71.587	-4.82	-4.15	0.0	76.036	9.256	-10.072	45.6	2.062	82.339	-5.06	-4.775	0.0	70.357	0.0	0.0	0.0	2.958	89.701	-3.94	-4.213	2.127	70.182	7.368	-1.0	0.2	1.626	44.754	-4.32	-3.962	0.0	71.766	27.927	-17.849	0.4	1.416	62.675	-4.48	-4.65	0.0	70.771	20.227	0.0	0.2	0.0	309.499	-4.74	-5.4	0.0	72.9	12.235	-1.0	0.0	1.458	91.929	-4.08
-1.0	-7.275	0.0	0.0	24.585	-12.364	0.0	4.165	117.697	-4.84	-6.15	0.0	69.404	32.577	-7.388	0.0	7.232	110.141	-4.84	-5.4	0.0	70.475	23.714	-17.638	0.0	3.184	61.9	-3.97	-4.588	0.0	69.725	0.0	-7.089	0.0	3.344	69.94	-4.73	-4.213	0.0	74.371	9.91	-10.127	46.0	1.777	92.511	-5.06	-4.963	0.0	70.208	0.0	0.0	0.0	2.581	78.949	-3.86	-3.962	0.0	69.822	7.368	-1.0	0.2	2.539	49.597	-4.12	-3.712	0.0	68.866	27.637	-18.185	0.4	2.112	10.946	-4.14	-4.15	0.0	68.203	20.299	0.0	0.2	2.238	164.001	-4.74	-5.775	0.0	71.949	12.09	-1.0	0.0	1.383	108.882	-4.0
-1.0	-7.275	0.0	0.0	24.44	-12.364	0.0	5.313	87.861	-4.65	-6.4	0.0	66.548	32.504	-7.367	0.0	7.006	103.651	-4.98	-5.65	0.0	71.876	22.987	-17.312	0.0	3.93	59.769	-3.99	-4.525	0.0	69.621	0.0	-7.063	0.0	2.74	61.9	-4.78	-4.275	0.0	74.576	10.201	-10.488	46.0	2.657	55.894	-5.0	-5.025	0.0	69.921	0.0	0.0	0.0	3.26	73.524	-3.7	-3.962	3.722	67.702	7.949	-1.0	0.2	3.277	47.273	-4.18	-3.962	0.0	69.759	28.073	-17.849	0.4	2.363	50.469	-4.14	-4.338	0.0	67.234	20.662	0.0	0.2	2.724	16.468	-4.88	-5.65	0.0	74.316	12.235	-1.0	0.0	1.953	105.104	-3.97
-1.0	-7.275	0.532	0.0	24.367	-12.54	0.0	4.902	73.621	-4.65	-6.275	0.0	66.085	32.359	-7.371	0.0	7.559	107.235	-4.58	-5.338	0.0	65.839	23.06	-17.194	0.0	3.914	71.199	-4.02	-4.65	0.0	70.789	0.0	-7.053	0.0	2.983	59.962	-4.62	-4.338	0.0	71.852	9.692	-10.702	46.4	2.07	88.151	-4.9	-5.275	0.0	68.108	0.0	0.0	0.0	3.243	79.821	-3.85	-4.025	0.532	68.994	7.658	-1.0	0.2	3.176	45.916	-4.18	-3.837	0.0	70.034	28.0	-18.063	0.4	1.936	60.156	-4.25	-4.338	0.0	68.208	21.462	0.0	0.2	2.028	290.9	-4.58	-5.4	0.0	68.927	11.654	-1.0	0.0	1.735	102.585	-3.96
-1.0	-7.275	1.063	0.0	24.44	-12.422	0.0	4.659	76.237	-4.72	-6.275	0.0	66.329	32.577	-7.414	0.0	7.098	106.751	-4.82	-5.463	0.0	69.282	23.423	-17.996	0.0	3.369	78.368	-4.12	-4.713	0.0	70.843	0.0	-7.095	0.0	2.799	98.129	-4.76	-4.338	0.0	74.628	9.838	-10.081	46.4	1.668	98.614	-5.1	-5.213	0.0	70.547	0.0	0.0	0.0	2.514	82.243	-3.84	-4.15	0.0	68.032	7.368	-1.0	0.2	1.726	44.56	-4.26	-3.962	0.0	70.442	27.782	-18.32	0.4	1.659	53.763	-4.44	-4.588	0.0	69.883	20.517	0.0	0.2	2.145	1.259	-4.66	-5.713	0.0	70.71	12.162	-1.0	0.0	1.358	92.317	-3.96
-1.0	-7.275	0.532	0.0	24.367	-12.137	0.0	4.576	83.114	-4.58	-6.463	0.0	64.775	32.795	-7.361	0.0	7.534	132.034	-4.78	-5.4	0.0	68.687	23.205	-18.009	0.0	3.076	84.277	-4.0	-4.775	0.0	67.925	0.0	-7.089	0.0	2.615	70.134	-4.8	-4.338	0.0	74.356	9.62	-10.274	46.6	1.886	87.086	-4.94	-5.213	0.0	68.277	0.0	0.0	0.0	2.648	29.739	-3.86	-3.837	1.063	68.587	8.312	-1.0	0.2	1.617	40.588	-4.17	-3.9	0.0	68.552	27.709	-18.05	0.4	0.0	62.965	-4.21	-4.525	0.0	66.965	20.081	0.0	0.2	1.215	325.289	-4.66	-5.588	0.0	70.561	12.38	-1.0	0.0	1.24	100.454	-3.97
-1.0	-6.775	0.0	0.0	24.876	-12.319	0.0	4.777	126.899	-4.52	-6.65	0.0	63.474	32.504	-7.365	0.0	7.827	91.445	-4.72	-5.713	0.0	67.022	23.133	-17.943	0.0	2.782	71.102	-4.0	-4.713	0.0	68.332	0.0	-7.102	0.0	2.481	63.837	-4.78	-4.4	0.0	72.989	9.329	-10.105	46.8	1.022	90.089	-4.96	-5.4	0.0	67.716	0.0	0.0	0.0	2.179	35.842	-3.92	-4.15	0.532	68.652	7.513	-1.0	0.2	2.606	45.141	-4.28	-3.837	0.0	70.089	27.855	-17.596	0.4	1.718	47.466	-4.34	-4.838	0.0	67.58	20.953	0.0	0.2	1.617	0.097	-4.74	-5.713	0.0	69.147	11.799	-1.0	0.0	1.819	117.309	-3.9
