9.8	16.538	654.548	56.373	25.239	-16.482	34.8	1.123	220.766	8.34	14.287	677.944	56.27	33.885	-9.011	28.8	1.894	272.979	8.26	18.538	0.0	56.871	24.222	-15.594	0.0	1.073	242.078	10.8	27.038	0.0	53.456	30.543	-8.95	35.0	0.0	174.463	9.28	16.913	0.0	55.352	10.637	-10.675	0.0	0.964	196.743	9.83	15.975	0.0	53.528	0.0	0.0	0.2	0.0	197.711	10.53	17.538	688.578	54.586	9.111	-1.0	0.0	1.408	218.829	9.18	14.662	0.0	55.308	26.329	-12.502	31.6	0.0	233.166	10.5	20.85	0.0	54.163	20.444	-14.503	0.0	0.0	179.984	10.76	26.163	0.0	54.947	9.329	-1.0	37.2	1.274	160.998
9.83	18.225	656.143	56.113	25.239	-16.849	34.8	0.0	253.315	8.07	15.037	677.944	57.395	32.94	-9.101	28.8	1.458	278.307	8.44	18.6	0.0	57.103	23.496	-15.87	0.0	1.927	207.108	10.7	24.1	0.0	52.9	30.761	-7.846	35.0	1.768	190.833	9.72	17.288	0.0	56.038	10.782	-10.746	0.0	0.0	199.358	9.75	14.975	0.0	54.055	0.0	0.0	0.2	0.964	202.07	10.64	16.163	688.578	52.922	9.038	-1.0	0.0	0.0	195.193	9.2	13.975	0.0	56.869	26.474	-12.409	31.6	0.0	228.71	10.23	18.975	0.0	54.572	20.662	-13.803	0.0	0.0	164.582	10.42	24.788	0.0	53.732	9.038	-1.0	37.2	1.844	222.316
10.16	19.038	657.206	56.221	25.239	-17.555	34.8	1.634	247.89	8.4	15.225	677.944	56.922	33.812	-9.086	28.8	1.249	254.477	8.2	18.35	0.0	56.892	23.786	-17.527	0.0	1.299	215.342	10.92	26.538	0.0	54.523	31.051	-8.453	35.0	2.045	188.605	9.68	17.6	0.0	55.352	11.0	-10.878	0.0	0.0	235.103	10.24	15.85	0.0	53.497	0.0	0.0	0.2	1.048	187.831	10.63	16.663	690.705	53.942	8.893	-1.0	0.0	1.249	188.605	9.16	14.85	0.0	56.629	26.983	-12.717	31.6	1.391	238.203	10.17	20.475	0.0	54.533	20.662	-14.367	0.0	0.0	197.808	10.31	24.6	0.0	53.236	9.184	-1.0	37.2	2.036	232.391
9.99	18.038	652.421	56.637	24.803	-16.876	34.8	0.0	237.718	8.17	15.1	676.88	56.916	33.667	-9.089	28.8	1.726	259.32	8.3	19.163	0.0	56.761	23.859	-15.816	0.0	1.173	216.407	10.58	25.85	0.0	53.965	30.252	-8.331	35.0	0.0	178.919	9.43	17.288	0.0	54.989	10.637	-10.856	0.0	0.0	243.24	9.95	15.6	0.0	55.303	0.0	0.0	0.2	0.0	184.537	11.24	18.913	690.173	52.765	9.474	-1.0	0.0	0.0	185.699	9.36	14.537	0.0	57.419	26.329	-12.809	31.6	0.0	218.829	10.32	20.725	0.0	52.696	20.662	-14.157	0.0	0.0	144.045	10.26	24.85	0.0	53.949	9.547	-1.0	37.2	1.676	190.446
10.28	18.413	652.953	56.534	24.803	-17.216	34.8	0.0	237.718	8.26	15.412	675.285	56.17	33.521	-9.132	28.8	1.031	264.939	8.49	19.538	0.0	56.819	23.568	-16.318	0.0	0.0	236.072	10.13	23.975	0.0	53.93	30.397	-7.699	35.0	2.103	201.005	9.66	17.725	0.0	55.675	10.492	-10.849	0.0	2.02	201.683	9.81	14.225	0.0	54.272	0.0	0.0	0.2	1.307	211.079	11.0	15.6	690.705	54.295	8.748	-1.0	0.0	0.0	180.468	9.58	14.037	0.0	57.015	26.474	-12.675	31.6	0.0	217.182	9.81	17.725	0.0	54.808	20.299	-13.45	0.0	0.0	166.035	10.64	24.038	0.0	53.854	9.184	-1.0	37.2	1.911	278.113
9.86	17.725	656.143	56.676	25.239	-16.715	34.8	1.274	225.707	8.2	15.475	674.753	56.717	33.376	-5.539	28.8	1.634	273.076	8.31	20.475	0.0	56.148	24.44	-16.43	0.0	0.0	250.118	10.84	25.725	0.0	54.272	31.633	-8.02	35.0	0.0	203.33	10.12	17.6	0.0	56.068	11.145	-10.837	0.0	0.0	204.298	10.3	16.163	0.0	55.622	0.0	0.0	0.2	0.0	187.443	10.9	17.725	691.237	54.849	9.329	-1.0	0.0	0.922	194.805	9.3	15.412	0.0	56.386	26.474	-13.058	31.6	0.0	221.832	10.21	20.225	0.0	54.777	20.59	-13.999	0.0	0.0	179.693	11.12	25.85	0.0	56.691	8.966	-1.0	37.2	0.955	194.03
9.86	16.413	654.548	56.441	24.222	-16.999	34.8	0.0	221.735	8.45	15.1	675.817	56.316	33.594	-9.059	28.8	0.913	250.602	8.78	21.1	0.0	56.542	23.859	-16.816	0.0	1.475	242.756	10.42	25.913	0.0	53.942	30.833	-8.675	35.0	1.173	199.067	10.4	18.1	0.0	55.043	11.073	-10.953	0.0	1.701	212.92	9.78	14.975	0.0	53.94	0.0	0.0	0.2	1.031	206.236	10.54	16.1	692.3	55.153	9.038	-1.0	0.0	1.123	190.543	9.33	13.912	0.0	56.008	26.474	-12.577	31.6	0.0	227.257	9.95	19.163	0.0	54.947	21.098	-13.597	0.0	0.0	187.637	10.31	26.225	0.0	53.627	8.821	-1.0	37.2	1.994	176.787
9.76	18.288	654.548	56.309	24.367	-17.101	34.8	0.0	210.886	8.06	14.037	673.69	57.161	33.449	-8.988	28.8	1.668	252.54	8.76	19.85	0.0	56.363	23.714	-16.059	0.0	1.24	228.516	11.31	25.85	0.0	51.986	31.124	-7.899	35.0	1.751	200.036	9.7	17.85	0.0	56.505	11.073	-10.91	0.0	0.0	212.823	10.02	16.35	0.0	53.645	0.0	0.0	0.2	1.626	223.769	11.05	18.6	691.768	52.859	8.603	-1.0	0.0	1.19	186.862	9.33	15.412	0.0	55.655	26.62	-12.679	31.6	1.802	242.078	10.36	20.725	0.0	53.183	20.372	-13.867	0.0	0.0	157.026	10.4	24.6	0.0	53.399	9.111	-1.0	37.2	2.07	225.61
10.48	19.475	656.143	54.995	24.658	-17.352	34.8	0.0	212.242	8.37	16.288	674.753	56.04	33.739	-9.222	28.8	1.819	256.705	8.45	19.85	0.0	56.345	24.513	-16.126	0.0	1.048	233.844	10.63	25.038	0.0	54.451	30.252	-7.951	35.0	1.022	217.279	9.54	18.35	0.0	55.302	11.218	-10.965	0.0	1.877	232.778	10.18	15.662	0.0	54.951	0.0	0.0	0.2	0.0	207.979	11.24	17.6	694.959	53.308	9.547	-1.0	0.0	0.0	176.594	9.83	15.225	0.0	56.29	26.62	-13.63	31.6	0.0	241.303	10.65	21.1	0.0	53.435	20.735	-14.379	0.0	0.0	145.983	9.94	24.038	0.0	53.633	9.256	-1.0	37.2	1.994	267.651
9.9	17.163	654.548	56.271	24.658	-17.037	34.8	2.103	245.177	8.56	16.1	674.221	57.151	33.449	-9.237	28.8	1.006	267.07	8.62	21.413	0.0	56.722	24.295	-16.76	0.0	2.103	230.066	11.07	26.913	0.0	52.741	30.325	-9.344	35.0	2.028	178.144	9.86	18.663	0.0	55.852	10.637	-11.05	0.0	1.257	221.154	10.0	15.662	0.0	55.014	0.0	0.0	0.2	0.0	221.057	10.78	17.538	691.768	55.04	9.184	-1.0	0.0	0.0	174.463	9.49	15.35	0.0	57.964	26.474	-12.428	31.6	0.0	241.206	10.78	21.288	0.0	55.337	20.88	-14.119	0.0	0.0	187.831	10.86	26.288	0.0	55.972	8.821	-1.0	37.2	0.0	179.209
10.24	19.788	654.016	56.233	24.513	-17.28	34.8	1.659	308.724	8.23	15.1	674.753	57.216	33.594	-5.793	28.8	1.089	270.46	8.68	20.663	0.0	56.556	23.859	-16.343	0.0	0.905	250.893	11.56	26.163	0.0	52.325	30.543	-8.219	35.0	2.095	210.207	10.14	18.913	0.0	54.588	11.0	-11.004	0.0	2.137	214.179	10.17	16.225	0.0	55.188	0.0	0.0	0.2	1.601	199.455	11.46	19.163	692.3	53.972	8.603	-1.0	0.0	0.0	183.956	9.78	15.975	0.0	55.604	26.474	-12.482	31.6	0.913	233.069	10.5	21.1	0.0	52.902	20.953	-14.909	0.0	0.0	59.672	10.22	25.1	0.0	52.682	9.038	-1.0	37.2	1.936	227.741
10.83	20.163	651.358	56.647	24.803	-17.151	34.8	1.961	247.89	8.91	15.537	673.158	56.092	33.594	-9.128	28.8	0.0	306.109	8.76	22.038	0.0	56.451	24.15	-17.308	0.0	1.936	247.502	10.84	26.6	0.0	52.89	30.688	-9.343	35.0	1.24	183.471	10.38	18.913	0.0	54.594	10.709	-11.126	0.0	0.0	195.58	10.15	16.475	0.0	54.292	0.0	0.0	0.2	0.0	209.529	10.42	17.475	692.832	53.192	8.603	-1.0	0.0	2.07	206.817	9.94	15.725	0.0	55.391	26.402	-12.309	31.6	0.0	238.978	10.34	21.413	0.0	53.241	20.662	-14.276	0.0	0.0	187.249	10.72	23.6	0.0	55.209	9.111	-1.0	37.2	0.0	285.863
10.16	17.475	654.548	55.867	24.949	-16.726	34.8	0.0	215.342	8.88	14.787	671.563	56.996	33.667	-9.006	28.8	1.156	280.051	8.46	20.413	0.0	56.727	23.786	-16.554	0.0	1.006	226.966	11.34	26.475	0.0	55.836	31.124	-8.867	35.0	1.751	195.58	10.34	18.475	0.0	54.468	10.492	-10.987	0.0	1.735	197.711	9.88	15.6	0.0	54.073	0.0	0.0	0.2	1.45	205.945	10.72	19.35	693.895	53.535	8.966	-1.0	0.0	0.0	211.757	10.06	15.912	0.0	55.557	26.547	-12.344	31.6	0.0	242.078	10.35	21.913	0.0	53.392	20.517	-14.575	0.0	0.0	190.833	10.9	26.538	0.0	53.019	9.256	-1.0	37.2	0.947	243.918
10.73	20.413	656.675	55.953	25.167	-17.222	34.8	1.123	257.964	8.65	17.163	671.563	56.2	33.376	-9.388	28.8	1.927	262.517	8.69	20.413	0.0	56.0	23.859	-16.554	0.0	0.93	253.218	10.88	26.038	0.0	55.233	30.543	-8.34	35.0	1.777	194.224	9.92	20.163	0.0	54.407	11.218	-11.351	0.0	2.036	223.382	10.15	16.663	0.0	53.783	0.0	0.0	0.2	1.425	285.475	11.08	19.1	694.427	53.617	8.966	-1.0	0.0	0.0	12.399	10.01	16.6	0.0	53.943	26.765	-12.413	31.6	1.634	212.242	10.56	22.163	0.0	55.275	20.953	-14.683	0.0	0.0	208.754	10.84	25.788	0.0	52.164	9.329	-1.0	37.2	1.651	219.216
10.8	18.975	654.548	56.081	24.731	-17.053	34.8	1.743	243.046	8.66	15.225	672.095	55.996	33.158	-9.086	28.8	1.919	271.817	8.61	20.663	0.0	56.194	24.513	-16.839	0.0	1.768	222.122	11.15	27.475	0.0	53.777	30.47	-8.989	35.0	0.0	161.482	10.58	20.663	0.0	53.815	10.637	-11.4	0.0	0.0	176.884	10.3	16.475	0.0	52.934	0.0	0.0	0.2	1.76	191.318	11.77	19.35	694.959	55.036	8.966	-1.0	0.0	0.0	182.696	10.0	16.225	0.0	54.389	26.547	-12.465	31.6	1.24	260.289	10.85	21.1	0.0	52.105	20.953	-14.379	0.0	0.0	182.406	10.45	26.663	0.0	53.916	9.038	-1.0	37.2	0.93	210.304
10.1	18.1	660.397	56.183	24.367	-16.739	34.8	0.0	273.754	8.58	15.35	675.285	55.955	33.667	-9.092	28.8	1.332	277.338	9.16	22.288	0.0	56.57	23.423	-17.082	0.0	2.011	223.479	11.82	25.85	0.0	52.968	30.688	-8.761	35.0	0.0	242.368	10.18	18.788	0.0	54.117	11.291	-11.041	0.0	2.045	223.091	10.45	16.038	0.0	54.216	0.0	0.0	0.2	1.726	211.854	10.85	18.788	697.086	53.012	9.184	-1.0	0.0	0.0	26.639	9.77	15.037	0.0	54.802	26.256	-12.122	31.6	0.0	216.504	11.0	22.225	0.0	53.846	20.662	-14.841	0.0	0.0	263.776	10.64	25.038	0.0	53.313	9.111	-1.0	37.2	1.751	247.115
10.68	18.975	660.397	56.801	24.658	-17.053	34.8	1.777	232.681	8.84	14.412	681.134	56.17	33.521	-8.956	28.8	0.0	286.735	9.0	21.288	0.0	55.664	23.859	-17.242	0.0	1.416	250.215	11.62	26.288	0.0	52.909	31.124	-8.695	35.0	0.0	209.529	10.61	19.975	0.0	54.925	11.0	-11.274	0.0	1.14	269.104	10.07	15.412	0.0	53.382	0.0	0.0	0.2	1.71	218.248	10.7	18.85	699.212	53.683	9.256	-1.0	0.0	1.207	19.18	10.46	15.537	0.0	54.993	26.474	-12.214	31.6	2.062	238.203	11.0	21.6	0.0	52.247	21.098	-14.831	0.0	0.0	297.681	10.6	23.663	0.0	52.312	9.111	-1.0	37.2	1.919	271.526
10.84	19.725	659.865	55.524	24.513	-17.504	34.8	1.617	250.893	9.2	17.288	679.007	55.34	33.739	-9.364	28.8	0.0	273.173	8.92	20.538	0.0	55.888	23.568	-16.878	0.0	0.0	228.419	12.15	26.725	0.0	52.011	30.761	-8.953	35.0	0.972	193.643	10.7	19.413	0.0	53.021	10.782	-11.152	0.0	0.0	194.611	10.58	17.35	0.0	53.725	0.0	0.0	0.2	1.165	184.731	11.94	19.538	700.276	54.941	8.893	-1.0	0.0	0.0	60.641	10.5	16.788	0.0	55.859	26.765	-12.274	31.6	1.517	321.123	11.18	21.6	0.0	55.307	21.026	-15.034	0.0	0.0	35.745	10.28	24.975	0.0	52.781	9.038	-1.0	37.2	1.022	266.876
10.78	18.6	655.611	56.521	24.876	-19.953	34.8	0.0	222.994	9.25	16.1	676.88	56.261	33.158	-9.217	28.8	1.039	265.326	8.99	20.1	0.0	56.661	23.568	-16.756	0.0	1.081	241.69	10.78	23.788	0.0	51.335	30.252	-7.844	35.0	0.0	209.432	10.0	18.85	0.0	54.806	10.927	-11.094	0.0	0.0	183.568	10.38	16.038	0.0	54.086	0.0	0.0	0.2	0.0	209.82	11.76	19.538	700.808	52.231	8.821	-1.0	0.0	0.0	145.498	10.43	15.85	0.0	54.033	26.62	-12.302	31.6	1.886	257.577	10.97	21.6	0.0	53.931	20.88	-14.782	0.0	0.0	48.822	10.91	25.288	0.0	54.402	9.474	-1.0	37.2	1.282	187.152
10.69	18.225	660.929	55.591	24.876	-17.326	34.8	0.0	228.128	8.97	14.787	677.412	56.571	33.667	-9.027	28.8	0.0	279.469	9.2	20.913	0.0	55.93	23.568	-16.983	0.0	0.98	210.595	11.52	25.163	0.0	51.284	30.47	-8.418	35.0	0.0	196.743	10.14	18.725	0.0	55.242	10.782	-10.971	0.0	0.0	205.267	10.57	16.038	0.0	54.353	0.0	0.0	0.2	0.0	192.674	11.56	19.1	699.212	52.446	8.821	-1.0	0.0	2.003	165.744	9.92	15.85	0.0	55.536	26.474	-12.332	31.6	0.0	213.695	10.72	20.038	0.0	53.084	20.735	-14.311	0.0	0.0	134.358	11.05	25.413	0.0	56.089	9.111	-1.0	37.2	1.5	242.271
10.8	16.475	655.611	55.489	24.367	-16.391	34.8	1.408	246.921	8.95	14.85	677.944	55.951	33.521	-9.025	28.8	1.433	234.619	9.2	19.475	0.0	55.458	23.932	-16.163	0.0	0.0	205.267	10.79	25.913	0.0	56.05	30.397	-8.46	35.0	0.0	212.145	10.49	18.475	0.0	55.324	11.218	-10.987	0.0	0.0	210.692	10.98	16.475	0.0	53.271	0.0	0.0	0.2	0.0	192.965	10.9	18.663	699.212	53.019	8.821	-1.0	0.0	2.078	216.02	10.39	16.475	0.0	54.923	26.402	-12.545	31.6	1.911	277.629	10.25	21.225	0.0	53.288	21.171	-14.5	0.0	0.0	227.741	10.85	26.038	0.0	52.831	9.038	-1.0	37.2	1.14	184.149
10.64	19.35	658.802	55.287	24.585	-16.409	34.8	1.609	220.379	8.84	15.975	675.817	56.199	34.248	-9.168	28.8	1.24	241.206	9.35	19.663	0.0	54.8	23.786	-16.859	0.0	0.0	254.477	10.18	24.35	0.0	53.578	31.124	-8.244	35.0	0.0	200.424	10.72	19.913	0.0	54.225	10.637	-11.201	0.0	1.827	246.727	10.4	15.037	0.0	53.909	0.0	0.0	0.2	0.0	207.398	11.36	16.475	700.808	53.205	9.111	-1.0	0.0	2.028	185.893	10.41	15.287	0.0	53.851	26.402	-12.416	31.6	0.0	232.294	10.92	19.913	0.0	54.194	20.808	-14.013	0.0	0.0	145.498	10.4	25.163	0.0	52.888	9.329	-1.0	37.2	2.103	240.334
11.02	20.788	660.397	57.147	24.513	-17.488	34.8	1.056	312.114	8.4	15.85	680.07	56.864	33.594	-9.192	28.8	0.0	302.815	9.16	22.038	0.0	55.57	23.568	-17.86	0.0	1.726	221.929	10.92	25.725	0.0	51.689	30.979	-8.45	35.0	2.003	212.242	10.76	20.1	0.0	53.059	11.073	-11.205	0.0	0.98	197.033	10.4	16.163	0.0	53.849	0.0	0.0	0.2	0.0	208.754	10.89	18.1	700.276	53.198	8.893	-1.0	0.0	0.0	171.363	9.99	15.6	0.0	55.013	26.62	-12.508	31.6	0.0	231.616	10.66	20.85	0.0	53.857	20.735	-13.976	0.0	0.0	174.269	11.2	26.288	0.0	53.784	9.62	-1.0	37.2	0.0	194.418
10.57	17.788	665.182	54.949	24.949	-16.656	34.8	0.0	221.541	8.95	15.037	680.602	55.421	33.667	-5.212	28.8	0.0	260.58	9.06	20.788	0.0	56.291	23.859	-17.252	0.0	0.0	244.306	11.27	26.6	0.0	53.945	30.979	-9.127	35.0	0.0	184.537	10.37	19.1	0.0	54.084	10.637	-11.008	0.0	1.517	213.792	10.98	17.725	0.0	55.069	0.0	0.0	0.2	0.0	196.743	11.19	19.1	703.466	51.665	8.821	-1.0	0.0	0.972	172.913	10.22	16.85	0.0	55.017	26.62	-12.889	31.6	0.0	231.616	11.5	22.225	0.0	52.286	20.662	-14.259	0.0	0.0	172.719	11.41	26.413	0.0	51.818	8.893	-1.0	37.2	0.0	172.234
10.38	18.663	677.944	55.426	24.658	-16.89	34.8	0.0	280.729	8.66	15.537	690.705	56.699	33.667	-9.139	28.8	1.643	288.285	8.89	21.475	0.0	55.678	23.496	-17.144	0.0	1.483	228.516	11.03	26.038	0.0	53.218	31.124	-8.718	35.0	1.919	187.152	10.8	19.6	0.0	54.745	11.0	-11.086	0.0	1.793	212.629	10.81	16.225	0.0	52.916	0.0	0.0	0.2	1.584	190.93	11.88	20.225	714.101	52.491	8.966	-1.0	0.0	0.0	173.009	10.25	15.725	0.0	54.306	26.547	-12.634	31.6	1.441	224.641	11.65	22.6	0.0	49.489	21.098	-14.308	0.0	0.0	122.54	11.07	25.163	0.0	52.529	8.893	-1.0	37.2	1.693	200.52
10.28	16.975	686.451	55.382	24.585	-16.444	34.8	0.989	256.221	8.75	14.975	705.593	55.686	33.449	-5.748	28.8	1.701	246.727	9.18	22.038	0.0	55.868	23.714	-17.232	0.0	1.131	248.568	10.97	24.538	0.0	52.938	30.397	-8.309	35.0	0.0	204.686	10.16	19.1	0.0	53.635	10.564	-10.96	0.0	0.0	215.632	10.32	16.163	0.0	53.148	0.0	0.0	0.2	0.0	220.185	12.08	19.913	711.974	51.299	9.111	-1.0	0.0	0.0	105.201	10.2	16.288	0.0	54.299	26.402	-12.849	31.6	0.0	249.052	11.61	22.163	0.0	50.959	21.026	-14.043	0.0	0.0	154.314	11.34	25.85	0.0	53.895	9.62	-1.0	37.2	1.777	180.081
10.38	19.413	680.602	55.397	25.021	-17.496	34.8	0.0	357.837	8.66	14.537	700.808	56.319	33.449	-8.993	28.8	2.112	309.112	8.96	20.663	0.0	55.541	24.367	-17.451	0.0	2.02	224.254	10.99	25.225	0.0	51.577	30.397	-8.439	35.0	1.156	224.254	10.59	19.538	0.0	54.086	10.564	-11.056	0.0	0.0	229.678	10.41	15.537	0.0	53.19	0.0	0.0	0.2	1.215	198.486	11.72	18.225	715.164	50.791	9.256	-1.0	0.0	1.81	177.369	9.92	14.037	0.0	54.497	26.692	-12.564	31.6	0.972	228.516	11.51	20.225	0.0	52.833	20.953	-13.675	0.0	0.0	148.501	11.38	25.413	0.0	52.633	8.966	-1.0	37.2	1.994	187.443
10.68	18.85	682.197	55.322	25.239	-17.177	34.8	1.886	269.589	8.56	14.537	694.427	55.834	34.03	-4.952	28.8	1.651	269.782	8.86	20.788	0.0	55.673	23.714	-19.744	0.0	0.913	228.516	11.33	26.163	0.0	50.86	30.325	-8.976	35.0	1.919	200.424	10.38	19.725	0.0	53.787	11.073	-11.08	0.0	2.07	180.468	10.36	16.413	0.0	53.243	0.0	0.0	0.2	1.994	193.836	11.26	19.475	713.569	53.04	9.329	-1.0	0.0	0.0	148.695	9.92	16.475	0.0	54.497	26.765	-12.78	31.6	0.0	175.334	11.14	20.475	0.0	51.14	21.098	-13.617	0.0	0.0	101.616	10.98	25.6	0.0	51.332	8.966	-1.0	37.2	1.693	226.772
10.26	16.85	674.753	56.089	24.876	-16.412	34.8	1.584	242.368	9.12	15.162	692.3	55.918	33.667	-9.219	28.8	1.575	249.149	9.04	19.475	0.0	56.435	23.932	-16.959	0.0	1.768	222.122	11.2	25.35	0.0	52.092	30.47	-8.642	35.0	0.0	173.688	10.65	19.163	0.0	55.674	11.073	-11.259	0.0	0.972	235.878	10.5	15.912	0.0	54.283	0.0	0.0	0.2	0.0	186.862	11.99	19.413	710.91	53.777	8.966	-1.0	0.0	1.257	176.594	10.24	15.787	0.0	55.761	26.474	-12.478	31.6	0.0	225.707	11.33	20.85	0.0	51.38	21.098	-13.627	0.0	0.0	124.575	11.3	25.475	0.0	54.189	9.184	-1.0	37.2	1.081	227.644
10.02	17.913	663.055	56.583	24.585	-16.689	34.8	0.0	212.048	8.88	15.412	686.451	55.44	33.086	-5.647	28.8	1.148	287.703	9.3	22.163	0.0	56.415	23.568	-17.499	0.0	2.103	295.162	10.73	24.288	0.0	53.356	30.761	-8.379	35.0	1.726	195.483	11.13	19.538	0.0	54.703	10.709	-10.982	0.0	1.743	191.124	10.05	15.225	0.0	54.068	0.0	0.0	0.2	1.927	207.495	11.42	17.788	705.061	55.848	8.821	-1.0	0.0	0.0	183.084	10.36	15.6	0.0	56.163	26.692	-12.379	31.6	1.777	216.988	11.08	20.163	0.0	53.677	20.808	-13.661	0.0	0.0	169.619	11.56	25.288	0.0	58.636	9.547	-1.0	37.2	2.003	234.328
