-1.0	-7.65	0.0	0.0	24.367	-12.79	0.0	2.958	55.216	-8.4	-7.275	0.0	85.45	32.286	-7.193	0.0	3.721	83.889	-8.7	-5.275	0.0	89.595	23.423	-18.223	0.0	3.025	55.603	-7.7	-4.713	0.0	92.167	0.0	-7.208	0.0	2.003	53.569	-8.34	-4.213	0.0	91.459	8.385	-1.0	8.0	2.154	76.237	-8.84	-3.587	0.0	89.518	0.0	0.0	0.0	2.757	42.041	-7.72	-4.4	0.532	92.705	7.004	-1.0	0.2	2.296	35.842	-8.12	-2.837	0.0	88.615	27.637	-15.117	0.4	1.391	35.648	-8.09	-4.275	0.0	86.697	20.081	0.0	0.2	2.095	1.841	-8.26	-5.963	0.0	93.2	12.162	-22.216	0.0	0.0	104.232
-1.0	-7.963	0.0	0.0	24.658	-12.933	0.0	2.698	72.943	-8.54	-7.275	0.0	85.393	32.214	-7.079	0.0	3.821	90.573	-8.82	-5.338	0.0	89.523	23.568	-18.397	0.0	1.835	59.478	-7.8	-4.338	0.0	92.139	0.0	-7.194	0.0	1.936	58.219	-8.36	-4.025	0.0	91.415	7.585	-1.0	11.0	1.324	74.202	-8.78	-3.462	0.0	89.184	0.0	0.0	0.0	1.684	60.737	-7.92	-4.275	0.0	92.667	7.222	-1.0	0.2	2.095	42.72	-8.08	-2.775	0.0	88.447	27.564	-15.129	0.4	1.073	52.116	-8.06	-4.15	0.0	86.664	20.662	0.0	0.2	1.827	5.231	-8.4	-6.15	0.0	93.27	11.872	-22.416	0.0	0.964	108.882
-1.0	-7.838	0.0	0.0	24.731	-12.825	0.0	1.676	74.202	-8.52	-7.463	0.0	85.439	32.286	-7.178	0.0	3.176	88.636	-8.67	-5.463	0.0	89.603	23.205	-18.37	0.0	1.768	50.857	-7.7	-4.713	0.0	92.43	0.0	-7.2	0.0	1.701	57.25	-8.26	-3.837	0.0	91.443	8.239	-1.0	14.2	1.056	76.237	-8.61	-3.525	0.0	89.542	0.0	0.0	0.0	1.71	54.441	-7.68	-4.15	0.532	92.586	6.641	-1.0	0.2	1.617	26.155	-8.02	-3.025	0.0	88.76	27.927	-15.005	0.4	0.0	23.055	-7.88	-4.025	0.0	86.67	20.227	0.0	0.2	1.651	1.259	-8.4	-6.025	0.0	93.233	12.09	-22.114	0.0	0.0	98.226
-1.0	-7.9	0.532	0.0	24.658	-12.942	0.0	2.154	85.827	-8.52	-7.213	0.0	85.439	32.504	-7.23	0.0	3.067	86.989	-8.68	-5.4	0.0	89.6	22.987	-18.478	0.0	1.986	91.833	-7.86	-4.713	0.0	92.235	0.0	-7.287	0.0	1.634	64.128	-8.16	-3.962	0.0	91.528	8.094	-1.0	15.6	1.332	62.578	-8.7	-3.65	0.0	89.4	0.0	0.0	0.0	1.559	46.788	-7.82	-4.025	0.532	92.284	7.15	-1.0	0.2	1.073	56.863	-8.06	-2.775	0.0	88.571	27.346	-14.973	0.4	0.0	30.998	-7.84	-3.9	0.0	86.619	20.59	0.0	0.2	1.408	10.462	-8.26	-6.15	0.0	93.2	11.872	-22.166	0.0	0.0	90.476
-1.0	-7.9	4.785	0.0	24.585	-12.879	0.0	2.279	89.508	-8.59	-7.463	0.0	85.442	32.359	-7.171	0.0	3.126	88.539	-8.84	-5.4	0.0	89.44	23.641	-18.384	0.0	2.212	66.453	-7.68	-4.275	0.0	92.21	0.0	-7.237	0.0	1.643	66.55	-8.34	-3.837	0.0	91.383	8.167	-1.0	16.8	1.332	75.655	-8.81	-3.337	0.0	88.823	0.0	0.0	0.0	1.819	54.053	-7.86	-4.275	0.0	92.534	7.295	-1.0	0.2	2.137	51.05	-8.1	-2.775	0.0	88.422	27.564	-14.667	0.4	0.0	58.219	-7.92	-4.275	0.0	86.639	20.444	0.0	0.2	1.969	328.485	-8.48	-6.213	0.0	92.915	11.654	-21.895	0.0	0.0	81.08
-1.0	-7.9	0.532	0.0	23.932	-12.816	0.0	1.844	72.265	-8.76	-7.588	0.0	85.337	32.068	-7.174	0.0	3.126	98.129	-8.68	-5.4	0.0	89.523	23.568	-18.951	0.0	2.321	71.199	-7.86	-4.588	0.0	92.197	0.0	-7.181	0.0	2.338	55.313	-8.26	-3.9	0.0	91.481	8.748	-1.0	17.4	1.592	67.906	-8.69	-3.587	0.0	89.403	0.0	0.0	0.0	1.617	64.806	-7.74	-4.025	0.0	92.438	6.496	-1.0	0.2	1.894	34.292	-8.2	-3.087	0.0	88.633	27.709	-14.463	0.4	1.5	31.87	-8.01	-4.15	0.0	86.575	20.662	0.0	0.2	1.601	5.812	-8.38	-6.213	0.0	93.018	11.654	-22.15	0.0	0.0	100.066
-1.0	-7.9	0.532	0.0	24.731	-12.451	0.0	2.623	52.213	-8.6	-7.463	0.0	85.378	32.359	-7.191	0.0	3.545	81.661	-8.82	-5.588	0.0	89.523	23.786	-18.437	0.0	2.422	70.812	-7.84	-4.65	0.0	92.203	0.0	-7.205	0.0	1.634	43.301	-8.38	-4.15	0.0	91.409	8.748	-1.0	18.2	2.078	69.552	-8.85	-3.775	0.0	89.223	0.0	0.0	0.0	2.179	58.413	-7.66	-4.025	0.0	92.404	6.859	-1.0	0.2	1.425	33.42	-8.18	-2.712	0.0	88.48	27.564	-14.381	0.4	0.0	40.201	-8.1	-4.15	0.0	86.531	20.808	0.0	0.2	1.525	0.0	-8.26	-5.963	0.0	93.052	12.017	-22.3	0.0	1.014	90.767
-1.0	-7.9	0.0	0.0	24.731	-12.879	0.0	3.034	72.459	-8.8	-7.4	0.532	85.327	32.359	-7.176	0.0	3.88	92.026	-8.87	-5.588	0.0	89.471	23.35	-18.531	0.0	2.045	69.068	-7.95	-4.838	0.0	92.209	0.0	-7.19	0.0	1.173	66.259	-8.34	-4.213	0.0	91.421	8.094	-1.0	19.0	1.14	84.277	-8.68	-3.4	0.0	89.25	0.0	0.0	0.0	1.148	39.717	-7.7	-4.15	5.849	92.543	6.641	-1.0	0.2	1.039	29.448	-7.93	-2.775	0.0	88.566	27.709	-14.517	0.4	0.0	40.395	-7.87	-4.213	0.0	86.571	20.372	0.0	0.2	1.207	7.653	-8.5	-6.338	0.0	93.241	12.162	-22.117	0.0	1.358	94.835
-1.0	-8.15	0.0	0.0	24.585	-13.033	0.0	2.833	74.493	-8.84	-7.65	0.0	85.316	32.214	-7.123	0.0	4.198	85.439	-8.87	-5.463	0.0	89.471	23.496	-18.276	0.0	1.735	59.478	-7.85	-4.65	0.0	92.463	0.0	-7.205	0.0	2.036	56.766	-8.37	-4.213	0.0	91.374	7.949	-1.0	19.4	0.0	76.721	-8.83	-3.525	0.0	88.936	0.0	0.0	0.0	1.106	62.965	-7.85	-4.15	0.0	92.537	7.222	-1.0	0.2	2.422	36.52	-7.94	-2.775	0.0	88.504	27.419	-14.37	0.4	0.0	47.757	-8.02	-4.275	0.0	86.593	20.953	0.0	0.2	2.087	5.715	-8.42	-6.338	0.0	93.301	11.726	-22.448	0.0	1.089	107.622
-1.0	-1.0	0.0	0.0	24.44	-13.9	0.0	1.944	95.514	-8.82	-7.65	0.0	85.322	32.432	-7.137	0.0	4.031	104.523	-8.61	-5.4	0.0	89.581	22.987	-18.384	0.0	1.634	43.979	-7.72	-4.4	0.0	92.387	0.0	-7.234	0.0	2.036	48.725	-8.26	-4.15	0.0	91.557	8.385	-1.0	21.0	0.0	58.413	-8.77	-3.712	0.0	89.108	0.0	0.0	0.0	1.467	45.916	-7.96	-4.15	0.532	92.244	6.714	-1.0	0.2	1.819	52.019	-8.16	-2.9	0.0	88.604	27.782	-14.349	0.4	1.601	26.542	-8.06	-4.15	0.0	86.501	20.299	0.0	0.2	1.743	355.512	-8.46	-6.088	0.0	93.124	11.654	-22.098	0.0	0.0	90.864
-1.0	-8.025	0.0	0.0	24.585	-12.736	0.0	2.95	85.439	-8.73	-7.65	1.063	85.344	32.214	-7.156	0.0	4.592	79.821	-8.86	-5.4	0.0	89.474	23.278	-18.478	0.0	2.363	82.243	-8.11	-4.775	0.0	92.126	0.0	-7.21	0.0	1.559	57.541	-8.46	-4.213	0.0	91.311	8.675	-1.0	23.0	1.819	66.84	-8.74	-3.712	0.0	89.116	0.0	0.0	0.0	1.852	50.372	-7.94	-4.15	0.0	92.193	6.641	-1.0	0.2	0.93	41.945	-8.26	-2.775	0.0	88.379	27.491	-14.226	0.4	0.0	36.907	-8.14	-4.025	0.0	86.439	20.59	0.0	0.2	0.955	24.799	-8.84	-6.525	0.0	92.996	11.654	-21.814	0.0	1.358	118.859
-1.0	-1.0	0.0	0.0	24.658	-13.699	0.0	2.774	82.921	-8.88	-7.838	0.0	85.306	32.432	-7.089	0.0	4.534	96.773	-8.84	-5.4	0.0	89.479	23.06	-18.478	0.0	1.492	63.062	-7.97	-4.4	0.0	92.354	0.0	-7.226	0.0	1.022	61.512	-8.44	-3.962	0.0	91.317	7.876	-1.0	24.2	1.039	59.575	-8.91	-3.587	0.0	88.796	0.0	0.0	0.0	1.408	28.189	-7.86	-3.962	1.063	92.235	6.714	-1.0	0.2	1.232	33.614	-8.24	-2.65	0.0	88.384	27.855	-14.175	0.4	0.0	55.313	-8.09	-4.275	0.0	86.534	20.372	0.0	0.2	1.785	14.918	-8.63	-6.338	0.0	93.093	12.017	-22.117	0.0	1.165	99.195
-1.0	-1.0	2.659	0.0	24.585	-14.318	0.0	2.715	87.086	-8.85	-7.713	0.0	85.314	32.432	-7.118	0.0	4.173	83.792	-8.88	-5.4	0.0	89.526	23.568	-18.572	0.0	1.601	70.037	-7.8	-4.65	0.0	92.477	0.0	-7.198	0.0	1.316	54.925	-8.38	-4.025	0.0	91.428	8.457	-1.0	24.6	1.098	89.798	-8.8	-3.337	0.0	88.59	0.0	0.0	0.0	0.0	62.093	-7.9	-4.025	0.532	92.317	7.222	-1.0	0.2	1.475	35.745	-8.2	-2.9	0.0	88.435	27.419	-14.349	0.4	0.0	54.538	-7.98	-3.962	0.0	86.562	21.171	0.0	0.2	1.031	5.037	-8.64	-6.338	0.0	93.164	11.726	-22.117	0.0	1.14	127.384
-1.0	-1.0	0.0	0.0	25.021	-13.568	0.0	2.799	90.089	-8.66	-7.838	0.0	85.362	32.286	-7.095	0.0	4.173	131.743	-8.76	-5.4	0.0	89.579	23.496	-18.572	0.0	1.626	59.962	-7.82	-4.463	0.0	92.434	0.0	-7.228	0.0	1.936	64.709	-8.26	-3.962	0.0	91.519	8.021	-1.0	28.2	0.0	68.1	-8.69	-3.462	0.0	89.189	0.0	0.0	0.0	0.0	48.338	-7.99	-3.962	1.595	92.217	6.641	-1.0	0.2	1.575	31.58	-8.16	-2.775	0.0	88.445	27.564	-14.443	0.4	0.0	41.267	-8.26	-4.15	0.0	86.368	20.735	0.0	0.2	1.76	342.725	-8.36	-6.275	0.0	93.281	11.581	-1.0	0.0	0.0	87.57
-1.0	-1.0	0.532	0.0	24.44	-13.968	0.0	2.271	63.837	-8.78	-7.588	0.0	85.352	32.286	-7.115	0.0	3.335	81.177	-8.84	-5.338	0.0	89.518	23.278	-17.929	0.0	1.559	75.074	-8.04	-4.9	0.0	92.259	0.0	-7.199	0.0	1.768	65.097	-8.44	-4.025	0.0	91.355	8.603	-1.0	34.6	1.056	69.552	-8.85	-3.4	0.0	88.695	0.0	0.0	0.0	1.433	61.706	-7.7	-3.9	0.532	92.43	7.15	-1.0	0.2	1.207	18.308	-8.32	-2.775	0.0	88.363	27.564	-14.592	0.4	0.0	28.674	-8.0	-4.15	0.0	86.516	20.444	0.0	0.2	1.332	14.821	-8.58	-6.213	0.0	93.071	12.09	-22.065	0.0	0.0	95.998
-1.0	-1.0	3.722	0.0	24.585	-13.699	0.0	1.726	79.53	-8.76	-7.588	0.0	85.357	32.359	-7.102	0.0	2.958	91.833	-8.88	-5.713	0.0	89.507	23.641	-18.598	0.0	1.793	66.162	-7.84	-4.65	0.0	92.353	0.0	-7.22	0.0	1.643	54.731	-8.51	-4.025	0.0	91.335	8.021	-1.0	40.2	1.224	72.943	-9.02	-3.712	0.0	88.57	0.0	0.0	0.0	1.316	60.737	-7.95	-4.275	0.0	92.397	6.859	-1.0	0.2	1.919	31.967	-8.02	-2.462	0.0	88.582	27.637	-14.874	0.4	0.0	43.01	-8.1	-4.15	0.0	86.572	21.098	0.0	0.2	1.467	11.431	-8.54	-6.275	0.0	93.101	11.872	-22.134	0.0	0.905	100.163
-1.0	-1.0	0.532	0.0	24.585	-14.106	0.0	2.154	67.518	-8.75	-7.588	0.0	85.381	32.359	-7.108	0.0	3.193	88.345	-8.66	-5.65	0.0	89.645	23.423	-18.895	0.0	1.332	47.369	-7.7	-4.713	0.0	92.468	0.0	-7.2	0.0	2.036	48.241	-8.12	-3.962	0.0	91.709	7.876	-1.0	42.0	1.224	55.991	-8.7	-3.775	0.0	89.225	0.0	0.0	0.0	1.073	42.623	-7.83	-4.15	2.127	92.356	6.714	-1.0	0.2	1.768	20.439	-8.1	-3.025	0.0	88.501	27.564	-14.698	0.4	1.374	52.116	-7.9	-4.025	0.0	86.665	21.098	0.0	0.2	1.425	17.727	-8.36	-6.088	0.0	93.245	11.944	-22.267	0.0	0.0	90.089
-1.0	-1.0	0.532	0.0	23.859	-13.699	0.0	2.548	48.338	-8.56	-7.4	0.0	85.47	32.286	-7.123	0.0	3.293	82.63	-8.72	-5.4	0.0	89.609	23.278	-20.936	0.0	2.556	58.122	-7.76	-4.463	0.0	92.824	0.0	-7.169	0.0	1.743	51.05	-8.2	-3.962	0.0	91.687	7.803	-1.0	43.6	2.17	52.116	-8.82	-3.4	0.0	89.251	0.0	0.0	0.0	2.38	43.204	-7.71	-4.275	0.532	92.652	6.714	-1.0	0.2	2.028	39.91	-8.29	-2.9	0.0	88.45	27.637	-15.028	0.4	0.0	55.313	-7.86	-4.15	0.0	86.716	20.081	0.0	0.2	1.869	6.297	-8.44	-6.088	0.0	93.258	12.017	-22.183	0.0	1.291	89.508
-1.0	-7.713	0.532	0.0	24.367	-12.969	0.0	2.631	88.248	-8.8	-7.338	0.0	85.368	32.214	-7.108	0.0	3.444	92.995	-8.82	-5.4	0.0	89.562	22.987	-18.856	0.0	1.936	70.424	-7.78	-4.65	0.0	92.651	0.0	-7.213	0.0	2.162	52.988	-8.34	-4.15	0.0	91.515	8.603	-1.0	44.8	1.098	65.387	-8.73	-3.337	0.0	89.236	0.0	0.0	0.0	1.123	47.854	-7.85	-4.275	0.532	92.463	6.786	-1.0	0.2	1.936	40.104	-8.1	-2.837	0.0	88.501	27.346	-15.197	0.4	1.089	49.694	-7.9	-3.962	0.0	86.624	20.953	0.0	0.2	1.517	3.681	-8.5	-6.213	0.0	93.314	12.162	-21.895	0.0	1.048	102.973
-1.0	-7.838	0.0	0.0	24.367	-13.015	0.0	2.657	63.45	-8.68	-7.588	0.0	85.44	32.286	-7.108	0.0	3.796	86.602	-8.87	-5.463	0.0	89.587	22.987	-19.127	0.0	2.011	45.141	-7.94	-4.65	0.0	92.512	0.0	-7.191	0.0	1.902	48.435	-8.4	-4.213	0.0	91.442	8.312	-1.0	46.4	1.542	69.94	-8.66	-3.337	0.0	89.372	0.0	0.0	0.0	1.961	44.463	-7.96	-4.15	0.0	92.469	6.35	-1.0	0.2	2.263	30.805	-8.08	-2.9	0.0	88.625	27.346	-15.106	0.4	1.089	0.387	-8.0	-4.338	0.0	86.639	20.88	0.0	0.2	2.129	5.715	-8.49	-6.213	0.0	93.299	11.654	-22.065	0.0	0.0	104.426
-1.0	-1.0	0.532	0.0	24.44	-14.106	0.0	2.397	87.57	-8.72	-7.65	0.0	85.429	32.432	-7.163	0.0	3.503	97.064	-8.92	-5.463	0.0	89.574	23.641	-18.748	0.0	1.81	79.627	-7.78	-4.9	0.0	92.595	0.0	-7.162	0.0	2.405	50.953	-8.42	-4.15	0.0	91.455	9.329	-1.0	47.4	1.366	63.45	-8.98	-3.775	0.0	89.012	0.0	0.0	0.0	1.852	48.919	-7.88	-4.15	6.381	92.454	6.859	-1.0	0.2	2.489	33.808	-7.91	-3.025	0.0	88.592	27.273	-15.897	0.4	1.307	57.153	-8.12	-4.213	0.0	86.608	21.026	0.0	0.2	2.137	8.331	-8.55	-6.525	0.0	93.19	11.944	-21.899	0.0	0.0	91.445
-1.0	-1.0	0.532	0.0	24.44	-13.832	0.0	2.447	81.855	-8.72	-7.588	0.0	85.429	32.286	-7.102	0.0	3.528	95.611	-8.75	-5.463	0.0	89.639	23.714	-18.276	0.0	2.288	79.433	-8.04	-4.65	0.0	92.446	0.0	-7.205	0.0	2.539	55.603	-8.34	-4.15	0.0	91.591	8.385	-1.0	48.4	1.81	55.603	-8.82	-3.587	0.0	89.251	0.0	0.0	0.0	2.455	51.438	-7.88	-4.15	1.595	92.417	6.496	-1.0	0.2	2.129	43.591	-8.07	-2.712	0.0	88.529	27.709	-15.379	0.4	1.626	40.104	-7.93	-4.15	0.0	86.637	20.808	0.0	0.2	1.911	0.0	-8.24	-6.088	0.0	93.389	11.799	-22.183	0.0	1.19	107.041
-1.0	-7.838	0.0	0.0	24.367	-14.185	0.0	2.749	65.678	-8.72	-7.588	0.0	85.429	32.214	-7.088	0.0	3.821	97.257	-8.76	-5.588	0.0	89.656	22.769	-18.72	0.0	2.548	60.931	-7.88	-5.088	0.0	92.454	0.0	-7.155	0.0	2.388	47.563	-8.28	-4.025	0.0	91.551	8.385	-1.0	48.6	1.919	70.521	-8.93	-3.962	0.0	88.869	0.0	0.0	0.0	2.296	50.082	-7.67	-3.9	0.532	92.439	7.15	-1.0	0.2	2.338	40.104	-8.06	-2.9	0.0	88.591	27.491	-15.507	0.4	1.492	42.138	-7.91	-4.15	0.0	86.642	20.59	0.0	0.2	1.936	8.718	-8.36	-6.213	0.0	93.226	11.944	-22.065	0.0	1.332	96.773
-1.0	-8.213	0.532	0.0	24.803	-12.709	0.0	2.874	70.909	-8.66	-7.463	0.0	85.465	32.65	-7.091	0.0	3.578	90.67	-8.86	-5.65	0.0	89.609	22.624	-18.612	0.0	2.472	57.541	-7.73	-4.775	0.0	92.459	0.0	-7.225	0.0	2.372	38.651	-8.34	-4.15	0.0	91.478	8.167	-1.0	49.6	1.869	74.105	-8.64	-3.462	0.0	89.319	0.0	0.0	0.0	2.539	53.86	-7.78	-4.463	0.0	92.538	6.568	-1.0	0.2	2.631	37.876	-8.06	-2.9	0.0	88.67	27.564	-15.425	0.4	1.751	37.004	-7.94	-4.275	0.0	86.654	20.88	0.0	0.2	2.288	10.849	-8.52	-6.463	0.0	93.198	12.162	-22.415	0.0	1.383	100.841
-1.0	-8.025	1.063	0.0	24.077	-12.861	0.0	2.707	58.703	-8.69	-7.4	0.0	85.478	32.359	-7.089	0.0	3.57	94.351	-8.88	-5.588	0.0	89.585	23.06	-18.72	0.0	2.631	53.085	-8.24	-5.275	0.0	92.314	0.0	-7.169	0.0	3.05	37.489	-8.4	-4.213	0.0	91.48	8.312	-1.0	51.0	2.137	64.031	-8.76	-3.775	0.0	89.228	0.0	0.0	0.0	2.539	50.469	-8.04	-4.338	1.063	92.371	6.932	-1.0	0.2	3.084	29.933	-7.82	-2.9	0.0	88.616	27.273	-15.588	0.4	1.877	50.082	-8.22	-4.463	0.0	86.541	21.098	0.0	0.2	2.187	30.998	-8.34	-6.275	0.0	93.213	11.654	-22.217	0.0	0.997	86.311
-1.0	-8.025	0.0	0.0	25.021	-12.553	0.0	2.598	50.663	-8.8	-7.775	0.0	85.409	32.432	-7.06	0.0	3.52	88.151	-8.84	-5.713	0.0	89.634	22.987	-18.598	0.0	2.816	69.552	-7.9	-4.9	0.0	92.374	0.0	-7.192	0.0	2.64	49.307	-8.27	-4.275	0.0	91.497	7.803	-1.0	1.2	1.969	60.641	-8.83	-3.712	0.0	89.151	0.0	0.0	0.0	3.025	42.429	-7.98	-4.4	1.595	92.407	6.568	-1.0	0.2	3.143	27.123	-8.3	-3.087	0.0	88.329	27.637	-15.969	0.4	2.036	44.076	-8.14	-4.463	0.0	86.501	21.171	0.0	0.2	2.589	0.678	-8.56	-6.275	0.0	92.966	12.017	-22.049	0.0	0.93	94.254
-1.0	-1.0	0.0	0.0	24.658	-13.699	0.0	2.405	78.658	-8.84	-7.65	0.0	85.399	32.286	-7.076	0.0	2.891	93.286	-8.78	-5.963	0.0	89.612	23.205	-18.169	0.0	2.799	61.706	-8.03	-5.025	0.0	92.374	0.0	-7.152	0.0	3.076	46.788	-8.3	-4.338	0.0	91.545	8.094	-1.0	2.4	2.028	55.894	-8.49	-3.775	0.0	89.457	0.0	0.0	0.0	2.129	44.27	-7.84	-4.338	0.0	92.503	6.132	-1.0	0.2	2.916	36.907	-8.16	-3.15	0.0	88.683	27.419	-15.299	0.4	2.363	37.295	-7.92	-4.213	0.0	86.578	21.171	0.0	0.2	2.279	0.0	-8.36	-6.15	0.0	93.208	12.235	-22.082	0.0	1.349	101.81
-1.0	-1.0	0.0	0.0	24.513	-13.503	0.0	3.159	59.091	-8.82	-7.713	0.0	85.404	32.504	-7.071	0.0	4.014	96.967	-8.86	-5.713	0.0	89.59	23.06	-18.598	0.0	3.26	56.766	-8.0	-4.9	0.0	92.345	0.0	-7.14	0.0	2.941	48.435	-8.28	-4.4	0.0	91.627	8.457	-1.0	4.0	2.707	64.225	-8.7	-3.962	0.0	89.381	0.0	0.0	0.0	3.067	44.463	-7.92	-4.213	1.595	92.293	6.496	-1.0	0.2	2.908	35.842	-8.31	-3.15	0.0	88.544	27.637	-15.46	0.4	2.43	50.082	-8.27	-4.213	0.0	86.406	20.081	0.0	0.2	2.447	15.015	-8.46	-6.338	0.0	93.179	11.944	-22.033	0.0	1.735	93.189
-1.0	-1.0	0.0	0.0	24.295	-13.9	0.0	3.21	62.481	-8.86	-7.65	0.0	85.373	32.504	-7.056	0.0	4.173	92.995	-8.88	-5.713	0.0	89.565	23.859	-18.692	0.0	2.866	50.372	-7.9	-4.713	0.0	92.223	0.0	-7.208	0.0	2.388	49.597	-8.55	-4.4	0.0	91.4	8.748	-1.0	9.4	2.464	65.678	-8.96	-3.587	0.0	89.018	0.0	0.0	0.0	2.824	56.766	-8.12	-4.588	1.063	92.161	7.077	-1.0	0.2	2.606	42.526	-8.2	-3.025	0.0	88.435	27.564	-15.005	0.4	1.584	57.541	-8.34	-4.525	0.0	86.347	20.953	0.0	0.2	2.439	352.897	-8.48	-6.4	0.0	93.063	12.162	-22.101	0.0	1.106	99.97
-1.0	-1.0	0.532	0.0	24.222	-13.968	0.0	2.791	65.29	-8.9	-7.588	0.0	85.322	32.214	-7.054	0.0	4.064	94.545	-8.8	-5.713	0.0	89.568	23.205	-18.881	0.0	2.145	51.05	-8.01	-5.15	0.0	92.267	0.0	-7.172	0.0	2.715	51.825	-8.34	-4.9	0.0	91.534	8.094	-1.0	16.4	1.844	59.575	-8.7	-3.775	0.0	89.108	0.0	0.0	0.0	2.162	45.819	-7.96	-4.15	1.063	92.281	7.004	-1.0	0.2	2.64	39.62	-8.12	-2.9	0.0	88.496	27.709	-14.873	0.4	1.777	43.979	-8.24	-4.525	0.0	86.413	20.154	0.0	0.2	2.221	27.608	-8.54	-6.4	0.0	93.046	12.09	-21.322	0.0	1.374	96.385
