5.86	2.1	0.532	67.935	25.385	-10.866	34.8	0.0	214.082	4.79	2.788	0.532	67.07	33.667	-7.824	28.8	0.0	253.508	5.28	2.538	0.0	63.772	24.513	-8.741	0.0	0.0	191.899	5.52	2.975	0.0	67.925	31.269	-0.303	35.0	0.0	180.856	5.36	3.538	0.0	69.639	11.0	-8.986	0.0	0.0	210.595	5.33	2.475	0.0	67.623	0.0	0.0	0.2	0.0	175.431	6.12	2.913	0.0	67.019	10.128	-24.048	0.0	0.0	187.443	5.74	3.475	0.0	63.466	26.474	-12.669	31.6	1.953	212.339	6.52	2.913	0.0	61.232	22.987	-24.345	0.0	0.0	152.086	5.85	3.35	0.0	65.891	10.492	-24.388	37.2	0.0	259.708	6.14
5.98	2.1	0.532	67.583	25.748	-10.833	34.8	0.0	195.774	4.84	2.85	0.0	66.624	33.594	-7.854	28.8	0.0	239.462	5.24	2.35	0.0	65.835	24.585	-8.809	0.0	2.112	207.979	5.18	2.788	0.0	70.206	31.124	-0.597	35.0	0.0	175.625	5.52	3.538	0.0	68.641	11.073	-8.969	0.0	0.0	201.974	5.52	2.6	0.0	67.445	0.0	0.0	0.2	0.0	177.465	6.06	3.038	1.063	66.658	9.983	-24.087	0.0	0.98	172.816	5.83	3.35	0.0	62.513	26.474	-13.802	31.6	2.045	207.883	6.64	3.288	0.0	61.28	23.133	-24.368	0.0	0.0	150.633	5.79	3.1	0.0	66.501	9.983	-24.504	37.2	1.877	252.83	5.63
5.9	2.1	2.659	68.022	25.239	-10.8	34.8	0.0	218.635	4.74	2.538	0.0	67.381	33.449	-7.807	28.8	0.0	265.714	5.29	2.35	0.0	66.087	24.731	-8.87	0.0	0.0	208.561	5.29	2.788	0.0	70.41	30.833	-0.468	35.0	0.0	189.962	5.22	3.6	0.0	69.953	11.363	-9.011	0.0	0.0	204.105	5.21	2.288	0.0	68.953	0.0	0.0	0.2	0.0	163.516	6.18	2.913	1.595	66.383	9.765	-24.247	0.0	0.0	177.659	5.55	3.038	0.0	62.937	26.474	-12.65	31.6	1.332	182.406	6.74	3.288	0.0	61.1	23.568	-24.368	0.0	0.0	154.701	5.81	3.163	0.0	66.316	10.201	-24.327	37.2	1.785	245.952	6.08
5.78	2.038	0.0	68.558	25.094	-10.993	34.8	0.0	222.316	4.68	2.475	0.0	67.503	33.594	-7.809	28.8	0.0	266.004	5.24	2.475	0.0	64.995	24.44	-8.79	0.0	0.0	202.167	5.01	2.538	0.0	71.728	30.979	-0.576	35.0	2.12	186.377	5.24	3.475	0.0	70.061	10.927	-8.979	0.0	0.0	209.529	5.13	2.225	0.0	70.066	0.0	0.0	0.2	0.0	171.169	6.11	3.038	0.0	67.098	9.91	-24.087	0.0	0.0	160.513	5.4	2.913	0.0	65.186	26.474	-12.527	31.6	1.844	189.574	6.65	3.35	0.0	61.169	23.496	-1.0	0.0	0.0	133.196	5.75	3.038	0.0	66.629	10.346	-24.484	37.2	1.969	243.046	6.24
5.91	1.975	0.0	68.024	25.893	-11.055	34.8	0.0	205.267	4.48	2.288	0.532	68.762	33.449	-7.799	28.8	2.112	278.016	5.37	2.413	0.0	64.418	24.731	-8.791	0.0	1.659	217.182	5.34	2.788	0.0	69.03	31.269	-0.532	35.0	0.0	175.237	5.14	3.725	0.0	71.108	10.782	-8.99	0.0	0.0	209.432	5.28	2.475	0.0	68.702	0.0	0.0	0.2	0.0	178.822	6.21	2.975	0.0	66.118	9.983	-24.068	0.0	0.0	182.018	5.61	2.975	0.0	63.416	26.402	-12.486	31.6	1.374	181.05	6.54	3.163	0.0	62.467	23.205	-24.622	0.0	0.0	147.533	5.61	3.288	0.0	67.301	10.709	-24.467	37.2	0.0	250.893	6.03
6.06	2.35	1.063	67.169	25.893	-11.002	34.8	0.0	185.312	4.44	2.413	0.0	68.807	33.957	-7.828	28.8	1.953	252.927	5.12	2.1	0.0	65.435	24.949	-8.782	0.0	1.45	192.48	4.94	2.225	0.0	72.126	30.833	-0.565	35.0	1.835	174.656	5.36	3.288	0.0	69.849	11.363	-8.848	0.0	0.0	209.142	5.32	2.538	0.0	68.868	0.0	0.0	0.2	0.0	174.656	6.18	2.975	2.127	66.464	10.564	-24.068	0.0	0.0	178.531	5.27	2.85	0.0	64.236	26.474	-12.173	31.6	1.081	178.919	6.72	2.975	0.0	60.702	23.568	-24.168	0.0	0.0	152.473	5.6	2.975	0.0	67.486	10.201	-24.267	37.2	2.045	265.133	6.04
6.17	2.1	0.0	66.462	25.021	-10.833	34.8	0.0	190.543	4.46	2.413	0.0	68.521	33.667	-7.811	28.8	1.659	245.952	5.36	2.475	0.0	62.877	24.876	-8.823	0.0	1.651	173.203	5.06	2.725	0.0	70.287	31.051	-0.608	35.0	0.0	183.181	5.54	3.6	0.0	68.088	11.0	-8.958	0.0	0.0	205.17	5.36	2.538	0.0	68.267	0.0	0.0	0.2	0.0	184.246	5.9	2.85	0.532	67.782	10.128	-24.325	0.0	0.0	189.187	5.44	2.85	0.0	65.03	26.402	-12.416	31.6	1.215	207.786	6.76	3.038	0.0	60.878	23.496	-24.484	0.0	0.0	162.063	5.67	3.225	0.0	66.963	10.128	-24.545	37.2	2.028	256.317	5.84
6.44	2.163	1.063	65.153	25.094	-10.874	34.8	2.045	209.336	4.6	1.975	0.0	68.072	33.667	-7.744	28.8	1.056	224.544	5.47	2.6	0.0	63.502	24.44	-8.854	0.0	1.844	203.136	5.0	2.538	0.0	71.623	30.833	-0.544	35.0	1.793	190.155	5.54	3.475	0.0	68.857	11.073	-8.935	0.0	2.112	214.954	5.32	2.413	0.0	66.604	0.0	0.0	0.2	1.517	170.878	6.14	2.788	0.532	67.613	10.564	-24.008	0.0	0.0	173.009	5.54	3.038	0.0	64.365	26.474	-12.496	31.6	1.55	192.868	6.49	3.038	0.0	62.514	23.496	-24.287	0.0	0.0	157.026	5.67	2.913	0.0	66.587	10.564	-24.734	37.2	1.735	247.89	5.82
6.19	1.975	1.063	66.547	25.094	-10.849	34.8	1.994	198.196	4.57	2.038	0.0	67.775	33.957	-7.75	28.8	1.165	260.677	5.3	2.35	0.0	62.728	24.658	-8.843	0.0	1.819	165.55	5.16	2.538	0.0	70.775	30.543	-0.448	35.0	1.869	197.13	5.62	3.35	0.0	68.156	11.0	-8.921	0.0	1.751	200.811	5.17	2.163	0.0	68.523	0.0	0.0	0.2	1.877	176.012	6.28	2.663	1.595	66.266	9.692	-22.845	0.0	0.0	167.875	5.62	3.1	0.0	63.253	26.474	-12.456	31.6	1.366	177.369	6.5	2.663	0.0	62.265	23.496	-23.869	0.0	0.0	151.02	5.76	2.913	0.0	66.442	10.274	-24.541	37.2	1.919	230.066	6.0
5.74	1.413	0.0	67.539	25.385	-10.707	34.8	1.726	200.327	4.7	2.413	4.785	67.16	33.667	-7.811	28.8	0.0	282.375	5.49	2.413	0.0	62.954	24.658	-8.868	0.0	1.701	176.981	5.52	2.725	0.0	66.398	30.833	-0.864	35.0	0.0	179.984	5.53	3.288	0.0	67.473	10.855	-8.923	0.0	2.011	206.333	5.28	2.1	0.0	66.193	0.0	0.0	0.2	1.869	174.075	5.7	2.413	1.063	68.569	10.274	-23.285	0.0	0.0	184.44	5.72	3.038	0.0	63.021	26.692	-12.202	31.6	0.0	185.118	6.92	3.1	0.0	59.315	23.278	-24.208	0.0	0.0	140.364	5.66	2.85	0.0	67.577	10.056	-24.423	37.2	1.751	245.952	5.96
6.0	1.475	1.063	66.296	24.367	-10.748	34.8	2.045	190.446	4.54	2.163	3.722	68.14	33.594	-7.779	28.8	1.358	246.727	5.52	2.538	0.0	63.208	24.949	-8.873	0.0	1.919	173.494	5.71	2.85	0.0	65.974	31.269	-0.65	35.0	1.961	178.919	5.4	3.35	0.0	67.182	11.0	-8.904	0.0	2.045	197.033	5.58	2.225	0.0	64.618	0.0	0.0	0.2	1.475	185.215	6.24	3.163	2.127	65.825	10.128	-24.027	0.0	0.0	180.856	6.0	3.038	0.0	62.82	26.838	-12.445	31.6	1.131	205.267	6.8	3.1	0.0	60.149	23.568	-23.804	0.0	0.0	172.234	5.82	3.1	0.0	67.205	10.419	-24.602	37.2	1.751	243.24	6.27
6.18	1.913	0.532	65.868	25.094	-10.807	34.8	2.12	203.717	4.78	2.1	0.0	66.907	33.449	-7.805	28.8	1.341	234.328	5.73	2.163	0.0	61.605	24.44	-8.914	0.0	1.383	213.017	5.66	3.038	0.0	65.64	30.906	-0.746	35.0	2.028	205.655	5.2	3.475	0.0	70.184	10.782	-8.919	0.0	1.953	200.23	5.88	2.538	0.0	64.972	0.0	0.0	0.2	1.994	193.255	5.99	2.975	1.595	68.225	11.0	-23.866	0.0	0.0	185.506	5.72	2.975	0.0	63.848	26.402	-12.386	31.6	0.0	219.991	6.66	3.038	0.0	60.494	22.842	-24.287	0.0	0.0	177.756	5.75	2.475	0.0	67.594	10.346	-24.303	37.2	1.048	237.331	6.28
6.18	1.85	1.063	66.572	25.893	-10.799	34.8	1.81	196.646	4.92	2.475	0.532	66.451	33.957	-7.809	28.8	1.324	242.368	5.58	2.6	0.0	60.992	24.44	-8.973	0.0	1.048	182.309	5.39	2.725	0.0	66.644	31.197	-0.479	35.0	0.0	194.708	5.67	3.163	0.0	66.883	11.073	-8.875	0.0	0.0	207.108	5.68	2.225	0.0	65.236	0.0	0.0	0.2	1.416	185.506	5.75	2.913	1.063	69.108	10.637	-24.148	0.0	0.0	186.765	5.57	2.788	0.0	63.822	26.62	-12.356	31.6	1.684	197.518	6.52	3.1	0.0	62.296	23.496	-24.208	0.0	0.0	171.169	5.86	2.975	0.0	65.919	10.274	-23.967	37.2	1.475	244.887	5.47
5.9	1.538	0.0	67.14	25.53	-10.364	34.8	1.659	205.267	4.76	2.225	2.127	66.877	33.521	-7.793	28.8	1.399	248.18	5.38	2.163	0.0	63.266	24.15	-8.885	0.0	1.894	157.995	5.57	2.85	0.0	66.353	31.051	-0.779	35.0	0.0	201.199	4.86	3.35	0.0	70.04	11.0	-8.888	0.0	1.844	192.093	5.56	2.35	0.0	66.271	0.0	0.0	0.2	1.684	167.294	5.58	2.6	1.595	69.234	10.492	-23.949	0.0	0.0	180.468	6.12	3.225	0.0	62.006	26.62	-12.045	31.6	1.793	211.079	6.63	3.163	0.0	61.363	23.496	-24.228	0.0	0.0	158.673	5.82	2.538	0.0	65.885	10.492	-24.225	37.2	1.433	222.704	6.2
6.23	1.725	4.785	64.651	25.385	-10.782	34.8	2.003	189.671	4.84	2.288	0.0	66.382	33.667	-7.807	28.8	1.425	249.924	5.24	1.975	0.0	63.38	25.094	-8.846	0.0	1.626	179.887	5.44	2.725	0.0	66.465	30.761	-0.672	35.0	2.07	183.375	4.74	3.163	0.0	70.225	11.145	-8.858	0.0	1.726	190.155	5.3	2.1	0.0	66.062	0.0	0.0	0.2	1.936	170.685	5.58	2.788	1.063	70.231	10.564	-24.108	0.0	0.0	194.708	5.56	3.163	0.0	62.301	26.402	-12.366	31.6	1.777	179.306	6.63	2.913	0.0	60.546	23.35	-24.148	0.0	0.0	167.294	5.96	2.538	0.0	65.013	10.492	-24.323	37.2	1.24	237.428	5.76
6.4	1.788	0.0	63.58	24.803	-10.758	34.8	2.028	184.634	4.77	1.725	4.254	66.638	33.594	-7.753	28.8	1.056	223.479	5.52	2.6	0.0	61.178	24.44	-8.829	0.0	1.45	154.701	5.88	2.6	0.0	63.876	30.833	-1.231	35.0	1.919	190.93	4.7	2.725	0.0	68.329	11.0	-8.793	0.0	1.517	186.281	5.37	1.913	0.0	65.966	0.0	0.0	0.2	1.458	178.822	5.51	2.475	1.063	69.641	9.765	-23.202	0.0	2.062	185.312	5.93	3.163	0.0	61.974	26.474	-12.269	31.6	1.525	183.471	6.76	3.038	0.0	60.68	23.423	-24.087	0.0	0.0	146.37	5.7	2.163	0.0	65.484	10.346	-24.203	37.2	1.156	203.136	6.34
6.08	1.225	0.0	64.761	25.167	-10.682	34.8	1.919	191.221	4.57	1.475	0.0	67.029	33.376	-7.729	28.8	1.048	219.216	5.34	2.6	0.0	62.375	24.585	-8.837	0.0	1.919	152.086	5.14	2.475	0.0	67.321	31.124	-0.523	35.0	1.802	178.531	4.88	3.1	0.0	68.68	11.073	-8.868	0.0	1.525	196.355	5.3	1.788	0.0	65.304	0.0	0.0	0.2	1.651	178.919	5.74	2.913	1.063	68.365	9.983	-24.048	0.0	0.0	185.118	6.0	3.288	0.0	61.482	26.474	-12.289	31.6	1.299	194.418	6.7	3.1	0.0	59.821	23.278	-24.307	0.0	0.0	147.145	5.49	1.913	0.0	67.599	10.201	-24.124	37.2	1.374	207.204	5.55
6.14	1.35	0.532	64.525	25.167	-10.667	34.8	1.701	195.968	4.66	1.538	0.0	66.484	33.449	-7.79	28.8	0.98	231.616	5.52	2.538	0.0	61.486	24.658	-8.918	0.0	1.86	178.919	5.18	2.288	0.0	66.713	31.487	-0.46	35.0	1.994	191.996	4.88	3.225	0.0	67.486	11.291	-8.866	0.0	1.877	184.731	5.36	2.225	0.0	65.152	0.0	0.0	0.2	1.827	155.767	5.87	2.85	0.532	67.643	10.056	-24.227	0.0	0.0	182.309	5.7	2.975	0.0	62.297	26.474	-12.288	31.6	0.0	174.559	6.92	3.1	0.0	59.287	23.205	-24.986	0.0	0.0	143.464	5.3	1.725	0.0	68.6	10.128	-24.256	37.2	0.0	207.592	5.58
6.14	1.35	0.532	64.251	25.53	-10.667	34.8	1.978	183.084	4.6	1.725	1.063	66.258	33.449	-7.761	28.8	0.972	211.467	5.58	2.163	0.0	60.571	24.513	-8.858	0.0	1.349	141.333	5.22	2.538	0.0	66.505	31.342	-0.448	35.0	1.894	187.443	4.79	3.1	0.0	68.319	11.145	-8.851	0.0	1.534	201.78	5.66	2.038	0.0	64.195	0.0	0.0	0.2	1.525	183.859	5.94	2.913	0.532	67.763	10.056	-1.0	0.0	2.095	193.643	5.94	3.038	0.0	61.108	26.474	-11.796	31.6	1.592	190.446	6.64	3.038	0.0	59.584	22.842	-24.087	0.0	0.0	138.911	5.37	1.913	0.0	67.95	10.492	-24.124	37.2	1.207	209.045	6.71
6.68	1.725	0.532	60.526	24.803	-10.749	34.8	2.095	171.46	4.68	1.725	1.595	64.678	33.667	-7.761	28.8	1.215	209.626	5.52	2.475	0.0	60.73	24.077	-8.79	0.0	1.592	152.957	5.64	3.163	0.0	65.446	30.761	-0.789	35.0	0.0	209.529	5.14	3.038	0.0	67.027	10.782	-8.828	0.0	1.567	200.811	5.42	2.1	0.0	64.207	0.0	0.0	0.2	1.156	186.184	6.04	3.288	0.532	66.087	9.91	-24.268	0.0	2.011	200.424	5.56	2.85	0.0	61.995	26.474	-12.033	31.6	1.508	173.881	6.5	2.975	0.0	59.419	23.278	-24.267	0.0	0.0	140.171	5.32	1.788	0.0	67.594	10.492	-24.085	37.2	1.291	209.529	5.98
6.96	1.663	1.063	59.493	25.021	-10.773	34.8	1.735	188.218	4.66	1.538	0.532	63.883	33.739	-7.743	28.8	0.997	198.874	5.82	2.788	0.0	58.312	24.15	-9.164	0.0	1.517	163.226	5.66	3.038	0.0	65.694	31.124	-0.779	35.0	0.0	209.529	5.05	3.225	0.0	67.624	11.073	-8.857	0.0	1.416	198.68	5.5	2.1	0.0	65.041	0.0	0.0	0.2	1.676	212.242	6.49	3.163	0.0	65.162	9.91	-24.128	0.0	0.0	178.822	5.74	2.725	0.0	61.802	26.184	-12.014	31.6	1.785	202.07	6.32	2.85	0.0	60.297	23.278	-24.423	0.0	0.0	139.589	5.52	2.413	0.0	66.075	10.564	-23.488	37.2	1.5	242.659	5.52
6.34	1.475	0.532	62.989	25.167	-10.652	34.8	1.735	206.72	4.74	1.475	2.659	65.231	33.667	-7.745	28.8	1.048	214.76	5.72	2.163	0.0	59.037	24.44	-8.823	0.0	1.106	193.255	5.64	2.725	0.0	63.697	30.979	-0.608	35.0	2.12	176.4	5.3	3.038	0.0	67.937	11.291	-9.052	0.0	1.299	218.054	5.5	2.038	0.0	63.535	0.0	0.0	0.2	0.989	175.431	6.5	3.1	0.0	63.984	10.564	-24.504	0.0	0.0	198.002	6.0	2.913	0.0	59.566	26.329	-12.043	31.6	0.972	170.975	6.13	2.413	0.0	61.196	23.423	-24.476	0.0	0.0	167.197	5.6	1.975	0.0	65.71	10.274	-24.335	37.2	1.098	244.209	5.86
6.49	1.663	0.532	61.03	25.603	-10.677	34.8	1.936	183.471	4.58	1.663	1.063	63.65	33.449	-7.763	28.8	1.441	196.743	5.6	2.1	0.0	59.416	24.077	-8.749	0.0	0.905	185.893	5.54	2.788	0.0	65.238	30.761	-0.79	35.0	0.0	204.105	5.08	3.35	0.0	68.32	10.782	-8.871	0.0	1.492	227.741	5.34	2.1	0.0	64.303	0.0	0.0	0.2	1.819	187.443	5.78	2.663	1.595	67.386	9.765	-23.968	0.0	2.112	196.161	6.32	3.225	0.0	58.046	26.765	-12.091	31.6	1.349	174.947	5.83	2.475	0.0	62.929	23.496	-24.4	0.0	0.0	147.436	5.8	1.85	0.0	64.274	10.346	-24.008	37.2	0.0	239.946	5.89
6.72	1.475	0.0	60.447	25.603	-10.684	34.8	2.062	180.662	4.58	1.475	0.0	64.061	33.812	-7.761	28.8	1.316	174.947	5.8	2.038	0.0	58.137	24.513	-8.8	0.0	0.0	197.711	5.38	2.85	0.0	65.806	31.269	-0.65	35.0	0.0	201.78	4.75	3.288	0.0	69.26	11.0	-8.817	0.0	1.416	208.948	4.91	1.788	0.0	67.678	0.0	0.0	0.2	1.534	195.483	5.82	3.038	0.0	68.539	10.274	-24.188	0.0	0.0	192.868	6.21	3.413	0.0	59.571	26.402	-12.074	31.6	1.894	222.316	6.41	2.725	0.0	60.397	22.987	-24.187	0.0	0.0	166.325	5.4	1.85	0.0	66.699	10.492	-24.104	37.2	0.0	230.26	5.34
6.69	1.1	1.063	60.584	25.675	-10.541	34.8	1.534	191.996	4.73	1.475	0.0	63.347	33.449	-7.769	28.8	1.207	191.705	5.91	2.038	0.0	58.44	24.367	-8.809	0.0	0.964	178.822	5.83	3.288	0.0	64.745	30.979	-0.831	35.0	0.0	204.492	4.75	2.85	0.0	67.062	11.218	-8.84	0.0	1.458	180.662	5.2	1.788	0.0	65.638	0.0	0.0	0.2	1.835	205.267	5.32	2.288	3.722	68.577	9.838	-23.349	0.0	0.0	177.659	5.94	2.913	0.0	60.037	26.111	-11.864	31.6	1.156	195.193	6.32	2.663	0.0	60.127	23.278	-23.968	0.0	0.0	160.707	5.61	2.225	0.0	65.196	10.492	-23.732	37.2	1.073	231.809	5.32
6.28	1.663	0.532	62.84	25.675	-10.584	34.8	1.743	211.273	4.94	1.663	0.0	63.383	33.739	-7.763	28.8	1.349	219.119	5.86	2.163	0.0	58.547	24.731	-8.747	0.0	0.0	179.597	5.52	2.663	0.0	64.553	30.979	-0.587	35.0	0.0	191.705	4.74	2.913	0.0	69.022	10.637	-8.839	0.0	1.71	208.27	5.21	1.725	0.0	65.098	0.0	0.0	0.2	1.567	180.275	5.33	2.35	0.0	69.107	10.201	-24.068	0.0	0.0	182.793	5.66	2.788	0.0	61.481	26.402	-11.889	31.6	1.156	209.917	6.4	2.6	0.0	59.772	23.278	-24.147	0.0	0.0	166.422	5.64	2.1	0.0	64.738	10.274	-24.183	37.2	0.0	252.055	5.08
6.82	1.725	0.0	60.944	25.748	-10.782	34.8	1.944	190.155	4.71	1.663	0.0	63.837	33.594	-7.795	28.8	1.534	191.996	5.36	2.288	0.0	60.9	24.513	-8.794	0.0	1.676	176.109	5.03	2.225	0.0	67.647	31.124	-0.439	35.0	1.86	191.899	5.22	3.475	0.0	67.895	11.0	-8.878	0.0	1.86	217.279	5.08	1.85	0.0	65.995	0.0	0.0	0.2	1.508	183.375	5.54	2.288	1.063	66.429	9.838	-23.949	0.0	1.827	176.594	5.32	2.85	0.0	62.87	26.692	-12.568	31.6	1.391	182.018	6.0	2.35	0.0	61.818	23.35	-23.969	0.0	0.0	150.051	5.7	2.1	0.0	64.284	10.274	-24.28	37.2	1.123	250.215	5.28
6.48	1.413	1.063	62.345	25.312	-10.521	34.8	1.718	221.929	5.01	1.913	0.0	63.065	33.594	-7.795	28.8	1.391	238.106	6.01	2.538	0.0	57.854	24.585	-8.797	0.0	1.073	147.533	5.76	2.725	0.0	65.305	31.342	-0.64	35.0	1.936	203.717	5.05	2.913	0.0	67.01	11.218	-8.83	0.0	1.643	191.705	5.11	1.725	0.0	66.135	0.0	0.0	0.2	1.324	186.668	5.04	2.163	1.063	71.063	10.346	-23.712	0.0	1.927	190.833	5.58	2.725	0.0	61.664	26.474	-11.879	31.6	1.835	197.421	6.21	2.788	0.0	60.984	23.35	-24.108	0.0	0.0	142.011	5.84	2.288	0.0	62.986	10.274	-24.625	37.2	1.458	250.893	5.6
6.21	0.725	0.532	63.299	24.949	-10.616	34.8	1.542	202.167	5.0	2.1	0.532	62.704	33.594	-7.821	28.8	1.366	209.82	5.9	2.413	0.0	57.923	23.932	-8.842	0.0	1.073	175.044	5.49	2.663	0.0	65.202	30.615	-0.619	35.0	2.028	205.073	4.87	2.85	0.0	68.228	11.073	-8.815	0.0	1.693	200.617	4.93	1.663	0.0	66.21	0.0	0.0	0.2	1.165	176.109	5.32	2.288	0.0	68.894	10.201	-23.349	0.0	2.12	196.549	5.56	2.913	0.0	61.353	26.184	-11.997	31.6	1.425	167.391	6.3	2.725	0.0	60.096	22.915	-1.0	0.0	0.0	140.171	5.9	2.1	0.0	62.553	10.419	-24.28	37.2	1.031	251.571	5.32
6.14	0.537	1.063	63.315	25.312	-10.498	34.8	1.441	192.093	4.83	1.663	0.0	63.062	33.739	-7.803	28.8	1.291	198.583	5.91	2.663	0.0	58.011	25.021	-8.835	0.0	1.827	143.852	5.36	2.538	0.0	65.586	30.615	-0.576	35.0	0.0	200.52	4.93	2.6	0.0	67.974	11.073	-8.804	0.0	1.575	206.43	4.86	1.475	0.0	66.895	0.0	0.0	0.2	1.173	198.099	5.42	2.475	0.0	68.278	9.983	-24.009	0.0	2.011	190.93	5.21	2.725	0.0	63.402	26.765	-11.792	31.6	0.905	188.993	6.51	2.663	0.0	59.335	23.423	-24.265	0.0	0.0	120.7	5.92	1.913	0.0	62.584	10.346	-24.316	37.2	0.0	245.177	5.22
