15.57	10.287	46.791	50.722	26.111	-8.961	0.0	0.0	35.164	10.12	10.662	45.196	72.949	34.829	-13.522	11.2	0.0	52.116	9.43	10.537	0.0	76.354	27.273	-9.337	31.2	0.0	45.916	10.25	11.537	0.0	75.456	32.722	-3.187	26.2	0.0	41.945	10.07	11.537	0.0	72.756	12.09	-8.756	3.0	0.0	56.475	9.47	10.475	0.0	73.106	0.0	0.0	24.8	0.0	32.548	10.62	11.225	48.918	73.413	12.162	-18.009	46.6	0.0	26.542	9.92	11.537	0.0	74.67	26.983	-21.117	18.4	0.0	33.614	10.26	11.662	0.0	70.869	26.474	-26.85	24.8	0.0	349.022	9.76	10.912	0.0	76.676	18.338	-10.281	35.8	0.0	87.086	11.11
14.84	10.412	45.728	53.394	25.603	-8.968	0.0	0.0	35.551	10.18	10.537	43.069	73.3	35.483	-13.242	11.2	0.0	52.116	9.38	10.537	0.0	76.974	28.218	-9.366	31.2	0.0	46.498	10.27	11.6	0.0	74.381	33.231	-3.289	26.2	0.0	41.848	9.98	11.6	0.0	72.555	12.671	-8.754	3.0	0.0	56.475	9.44	10.287	0.0	72.396	0.0	0.0	24.8	0.0	32.548	10.62	11.1	47.323	73.257	11.363	-17.883	46.6	0.0	26.445	9.83	11.412	0.0	74.059	27.201	-20.965	18.4	0.0	33.226	10.31	11.725	0.0	72.751	26.474	-26.759	24.8	0.0	349.022	9.78	10.975	0.0	75.742	18.265	-10.223	35.8	0.0	88.055	11.18
14.83	10.475	44.664	53.087	25.312	-9.001	0.0	0.0	34.97	10.21	10.225	43.601	76.771	35.556	-14.416	11.2	0.0	52.213	9.4	10.412	0.0	76.246	27.128	-9.357	31.2	0.0	45.529	10.29	11.6	0.0	74.256	33.086	-3.451	26.2	0.0	42.138	9.98	11.287	0.0	72.921	12.744	-8.706	3.0	0.0	56.475	9.5	10.162	0.0	72.356	0.0	0.0	24.8	0.0	32.548	10.69	11.287	45.196	72.931	11.508	-17.294	46.6	0.0	26.736	9.89	11.412	0.0	74.51	26.838	-21.078	18.4	0.0	33.13	10.28	11.662	0.0	71.218	26.111	-1.0	24.8	0.0	348.925	9.85	10.787	0.0	76.947	18.483	-10.236	35.8	0.0	88.248	11.02
11.88	10.412	43.069	68.564	25.385	-8.993	0.0	0.0	242.368	10.0	10.162	38.816	83.346	35.047	-13.427	11.2	0.964	51.632	9.46	10.412	0.0	76.385	27.201	-9.335	31.2	0.0	46.304	10.33	11.725	0.0	75.088	32.867	-3.493	26.2	0.0	42.138	10.04	11.225	0.0	73.089	12.671	-8.689	3.0	0.0	56.475	9.56	10.6	0.0	73.28	0.0	0.0	24.8	0.0	32.451	10.7	11.225	44.133	73.168	12.09	-17.638	46.6	0.0	26.639	9.9	11.225	0.0	73.27	27.564	-21.474	18.4	0.0	33.323	10.3	11.662	0.0	71.195	27.056	-26.734	24.8	0.0	349.022	9.8	10.85	0.0	76.507	18.12	-10.205	35.8	0.0	87.473	11.15
10.54	10.037	40.943	77.244	25.53	-8.913	0.0	2.02	206.817	9.78	10.1	37.22	85.803	34.974	-13.629	11.2	1.425	228.806	9.51	10.537	0.0	77.152	26.91	-9.351	31.2	0.0	46.207	10.26	11.537	0.0	74.43	33.158	-3.43	26.2	0.0	41.654	10.14	11.412	0.0	73.318	13.107	-8.702	3.0	0.0	56.475	9.54	10.537	0.0	71.997	0.0	0.0	24.8	0.0	32.839	10.72	11.162	40.943	74.162	11.363	-17.993	46.6	0.0	26.833	9.9	11.287	0.0	73.996	26.983	-21.039	18.4	0.0	33.42	10.32	11.537	0.0	70.801	26.184	-26.684	24.8	0.0	348.925	9.96	10.787	0.0	79.906	18.265	-10.183	35.8	0.0	177.369	10.93
10.46	9.912	38.284	78.681	25.53	-8.873	0.0	0.0	210.111	9.76	10.225	37.22	86.052	35.41	-13.335	11.2	1.517	207.495	9.45	10.475	0.0	77.44	27.056	-9.35	31.2	0.0	45.819	10.29	11.412	0.0	75.362	33.013	-3.871	26.2	0.0	42.138	10.05	11.6	0.0	83.902	12.671	-8.735	3.0	1.399	219.216	9.54	10.537	0.0	72.39	0.0	0.0	24.8	0.0	32.355	10.75	11.162	36.689	73.752	11.654	-17.806	46.6	0.0	26.93	9.9	11.225	0.0	73.867	26.91	-20.246	18.4	0.0	33.808	10.36	11.6	0.0	72.21	26.62	-26.709	24.8	0.0	348.634	9.8	10.787	0.0	87.505	18.12	-10.109	35.8	1.785	225.997	10.98
10.4	9.725	37.752	78.792	25.457	-8.85	0.0	0.947	233.166	9.64	9.975	35.625	86.805	35.265	-13.34	11.2	0.922	209.917	9.44	10.35	0.0	87.598	27.056	-9.305	31.2	0.0	249.633	10.3	11.412	0.0	75.082	33.086	-3.227	26.2	0.0	42.235	10.66	11.225	0.0	77.497	12.961	-8.782	3.0	0.0	225.416	9.55	10.35	0.0	73.018	0.0	0.0	24.8	0.0	32.645	10.74	10.975	34.562	72.967	12.09	-17.484	46.6	0.0	26.639	9.87	11.225	0.0	74.712	26.765	-21.36	18.4	0.0	32.936	10.32	11.412	0.0	71.939	26.329	-26.75	24.8	0.0	348.925	9.86	10.537	0.0	87.725	18.338	-10.11	35.8	0.0	243.046	11.18
11.0	9.85	34.562	71.33	26.184	-8.833	0.0	0.0	183.375	9.72	10.037	37.22	86.365	35.628	-13.249	11.2	0.0	155.185	10.24	10.475	0.0	78.534	27.346	-9.343	31.2	1.768	208.754	10.34	11.1	0.0	74.808	33.449	-3.163	26.2	0.0	41.945	10.31	11.1	0.0	82.606	12.816	-8.683	3.0	0.0	216.891	9.57	10.412	0.0	73.438	0.0	0.0	24.8	0.0	32.355	10.8	10.85	36.157	72.979	11.799	-17.726	46.6	0.0	27.317	9.85	11.037	0.0	77.651	26.91	-21.301	18.4	0.0	145.789	10.32	11.412	0.0	71.886	26.983	-26.635	24.8	0.0	348.634	10.0	10.725	0.0	85.508	18.338	-10.065	35.8	2.129	229.097	11.21
11.88	10.162	36.689	66.006	25.675	-8.913	0.0	1.559	203.33	10.37	10.287	35.093	74.865	35.12	-13.889	11.2	0.0	134.455	10.12	10.287	0.0	78.707	27.491	-9.26	31.2	0.0	199.067	10.36	11.162	0.0	78.908	33.376	-3.465	26.2	0.0	41.945	10.87	11.162	0.0	73.019	12.744	-8.672	3.0	0.0	224.641	9.82	10.35	0.0	76.284	0.0	0.0	24.8	0.0	119.053	10.72	10.912	35.093	73.407	12.09	-19.939	46.6	0.0	26.736	9.94	10.975	0.0	78.17	26.692	-20.944	18.4	0.0	145.886	10.32	11.35	0.0	71.252	25.893	-26.61	24.8	0.0	348.634	10.18	10.725	0.0	82.288	17.974	-10.1	35.8	2.137	194.418	11.09
11.7	10.037	37.752	63.99	25.893	-8.847	0.0	1.793	161.288	10.66	10.162	35.625	73.16	35.338	-18.698	11.2	1.953	112.369	10.44	10.287	0.0	76.768	27.273	-9.319	31.2	1.374	211.079	10.55	11.412	0.0	78.476	32.867	-3.348	26.2	0.0	43.591	10.97	11.35	0.0	73.483	12.816	-8.656	3.0	1.626	202.555	10.32	10.35	0.0	72.018	0.0	0.0	24.8	0.0	205.17	10.71	10.725	31.903	73.848	11.944	-17.787	46.6	0.0	26.445	10.45	11.1	0.0	74.392	26.91	-20.87	18.4	0.0	90.961	10.82	11.35	0.0	71.64	26.983	-26.61	24.8	0.0	156.832	10.45	10.787	0.0	75.421	18.12	-10.121	35.8	1.316	193.449	11.46
12.4	9.912	32.435	62.55	26.184	-8.873	0.0	1.592	149.083	10.74	10.162	39.347	71.147	35.192	-13.273	11.2	1.089	112.272	10.46	10.162	0.0	72.807	27.056	-9.302	31.2	0.0	123.122	11.17	11.287	0.0	73.105	33.013	-3.185	26.2	1.433	172.719	11.09	11.287	0.0	71.48	12.816	-8.715	3.0	1.726	224.254	10.52	10.35	0.0	70.546	0.0	0.0	24.8	0.0	190.543	10.92	10.85	30.308	74.771	11.799	-17.634	46.6	0.0	26.639	10.48	11.1	0.0	75.196	26.91	-20.982	18.4	0.0	152.086	11.01	11.162	0.0	71.412	27.201	-25.953	24.8	0.0	200.23	10.62	10.6	0.0	74.968	18.338	-10.106	35.8	1.994	171.944	11.7
12.18	9.912	29.245	61.656	26.184	-8.84	0.0	1.081	234.231	10.7	9.912	29.245	71.325	34.974	-13.38	11.2	1.081	243.24	10.5	10.225	0.0	71.499	26.838	-9.347	31.2	1.165	175.044	11.3	11.162	0.0	70.641	33.231	-3.064	26.2	1.969	188.896	11.11	11.037	0.0	69.855	12.671	-8.609	3.0	1.022	201.974	10.66	10.287	0.0	68.773	0.0	0.0	24.8	1.14	205.461	11.31	11.037	28.713	73.342	11.363	-18.055	46.6	0.0	151.601	10.75	10.975	0.0	71.573	27.564	-20.832	18.4	0.0	190.543	11.17	11.162	0.0	70.027	26.256	-26.651	24.8	1.844	183.181	10.73	10.35	0.0	71.092	18.192	-10.047	35.8	1.978	163.322	11.79
11.6	9.475	26.586	63.268	25.82	-8.812	0.0	0.0	232.778	10.67	9.725	22.864	72.612	30.761	-13.141	11.2	1.835	263.098	10.56	10.1	0.0	72.8	26.765	-9.323	31.2	0.0	261.355	11.29	11.35	0.0	69.835	33.303	-3.327	26.2	1.056	195.871	11.04	10.662	0.0	70.885	12.671	-8.535	3.0	0.0	212.145	10.69	10.1	0.0	68.127	0.0	0.0	24.8	1.634	166.132	11.68	11.037	23.927	70.204	11.363	-17.96	46.6	1.467	220.379	10.84	10.912	0.0	70.954	27.346	-20.591	18.4	1.936	208.754	11.24	11.162	0.0	69.583	26.111	-26.536	24.8	1.123	202.845	10.68	10.475	0.0	73.164	18.338	-10.041	35.8	1.81	216.31	12.1
11.55	9.725	23.396	64.217	25.312	-8.817	0.0	0.0	204.395	10.55	9.537	20.737	73.06	35.047	-13.258	11.2	1.81	207.592	10.56	9.912	0.0	72.144	27.201	-9.306	31.2	1.969	223.866	11.28	11.037	0.0	71.464	33.376	-2.943	26.2	1.944	210.886	11.02	10.787	0.0	70.428	12.889	-8.511	3.0	0.0	222.316	10.62	10.225	0.0	69.896	0.0	0.0	24.8	1.081	202.555	11.62	10.912	22.864	71.21	11.363	-18.117	46.6	0.0	221.154	10.94	11.1	0.0	70.145	27.056	-20.648	18.4	0.905	250.99	11.36	11.037	0.0	68.821	27.128	-26.487	24.8	1.14	154.701	10.66	10.287	0.0	72.532	18.12	-10.026	35.8	0.0	216.504	11.86
11.45	9.6	22.864	64.677	25.82	-8.819	0.0	1.014	224.254	10.46	9.662	22.864	74.858	35.047	-13.23	11.2	1.961	266.295	10.46	9.912	0.0	73.251	27.346	-9.321	31.2	1.81	232.003	11.23	10.975	0.0	71.72	33.376	-3.082	26.2	0.0	207.592	10.84	10.725	0.0	71.67	13.397	-8.571	3.0	1.19	211.273	10.64	10.1	0.0	70.168	0.0	0.0	24.8	1.098	193.546	11.82	10.6	30.308	70.069	12.017	-17.941	46.6	1.291	186.281	10.9	10.725	0.0	70.03	27.491	-20.756	18.4	0.0	232.584	11.34	10.975	0.0	68.627	26.329	-26.462	24.8	1.617	198.292	10.66	10.35	0.0	74.149	18.192	-10.012	35.8	0.0	235.297	11.7
12.32	9.537	24.459	61.708	26.184	-8.786	0.0	2.02	261.064	10.63	9.85	25.523	72.578	35.192	-13.066	11.2	0.0	288.285	10.5	9.85	0.0	72.684	27.419	-9.313	31.2	0.0	217.666	11.27	10.85	0.0	71.276	33.013	-3.12	26.2	1.877	221.541	10.92	10.85	0.0	70.168	12.816	-8.615	3.0	0.0	198.68	10.58	9.85	0.0	70.023	0.0	0.0	24.8	1.483	206.817	11.81	10.787	24.991	69.69	11.726	-17.896	46.6	1.115	184.246	10.75	10.6	0.0	72.102	26.91	-20.608	18.4	1.156	233.069	11.34	10.85	0.0	68.6	26.765	-26.414	24.8	0.0	210.886	10.55	10.287	0.0	73.712	18.12	-10.038	35.8	0.0	230.744	11.85
11.48	9.6	27.649	64.682	25.239	-8.802	0.0	0.0	332.07	10.55	9.725	32.435	73.426	35.12	-13.092	11.2	0.0	257.577	10.54	9.725	0.0	72.272	27.564	-9.29	31.2	0.0	234.716	11.29	11.162	0.0	72.814	33.231	-3.224	26.2	2.036	204.88	10.89	10.537	0.0	71.601	12.889	-8.558	3.0	1.894	203.911	10.6	9.912	0.0	69.893	0.0	0.0	24.8	1.886	201.392	11.76	10.662	25.523	70.193	11.726	-17.496	46.6	0.0	161.288	10.88	10.787	0.0	70.454	27.637	-20.664	18.4	1.064	241.884	11.45	10.975	0.0	67.803	26.402	-26.462	24.8	0.0	188.993	10.64	10.287	0.0	73.339	18.192	-10.038	35.8	1.316	233.941	11.76
12.54	9.6	29.245	61.227	26.038	-8.794	0.0	1.986	248.859	10.65	9.85	29.245	72.188	35.628	-12.783	11.2	1.592	276.176	10.5	9.725	0.0	71.472	27.128	-9.253	31.2	1.735	235.006	11.21	10.912	0.0	71.822	33.376	-3.301	26.2	1.198	198.68	10.98	10.725	0.0	70.874	12.671	-8.581	3.0	1.886	209.142	10.7	9.85	0.0	68.861	0.0	0.0	24.8	0.0	215.729	11.68	10.725	28.181	71.568	11.508	-18.163	46.6	0.0	182.406	10.82	10.662	0.0	72.458	27.273	-19.867	18.4	0.0	239.268	11.32	10.787	0.0	69.382	26.983	-25.576	24.8	0.0	193.933	10.61	10.35	0.0	72.417	18.338	-10.059	35.8	0.0	256.414	11.78
11.32	9.662	27.649	68.597	26.184	-8.801	0.0	1.173	205.461	10.28	9.85	26.586	75.258	35.047	-12.969	11.2	1.743	225.222	10.5	9.85	0.0	72.395	27.346	-9.306	31.2	0.0	228.516	11.26	11.1	0.0	71.034	33.231	-3.204	26.2	0.0	207.108	10.98	10.662	0.0	69.991	13.107	-8.583	3.0	1.433	192.287	10.67	9.85	0.0	69.287	0.0	0.0	24.8	0.0	216.795	11.69	10.85	28.713	70.528	11.363	-18.292	46.6	0.0	176.109	10.76	10.6	0.0	71.998	27.491	-20.498	18.4	0.0	227.547	11.33	10.662	0.0	68.897	26.838	-26.341	24.8	0.0	176.787	10.62	10.35	0.0	72.839	18.192	-10.024	35.8	1.483	240.14	11.78
11.57	9.662	26.586	63.036	25.603	-8.81	0.0	0.0	184.44	10.49	9.6	26.586	71.919	35.41	-13.069	11.2	0.0	186.377	10.46	9.85	0.0	72.124	27.346	-9.306	31.2	0.0	257.092	11.25	10.912	0.0	71.166	33.376	-3.061	26.2	0.0	185.893	10.83	10.912	0.0	74.08	12.816	-8.641	3.0	1.793	194.321	10.58	9.85	0.0	69.808	0.0	0.0	24.8	0.0	199.842	11.64	10.662	26.586	71.773	12.017	-18.535	46.6	0.0	179.597	10.75	10.6	0.0	71.573	26.402	-20.389	18.4	0.0	225.997	11.26	10.662	0.0	69.101	26.62	-26.455	24.8	1.844	188.799	10.61	10.35	0.0	72.233	18.265	-10.024	35.8	1.215	237.428	11.79
11.78	9.6	27.649	63.553	25.82	-8.794	0.0	1.391	193.255	10.36	9.725	28.181	75.735	35.047	-13.242	11.2	1.374	229.291	10.26	9.662	0.0	74.843	27.128	-9.238	31.2	0.0	194.805	11.18	10.912	0.0	72.976	33.013	-3.061	26.2	0.0	192.868	10.88	10.725	0.0	70.535	12.671	-8.571	3.0	1.869	203.911	10.34	9.6	0.0	72.495	0.0	0.0	24.8	1.961	183.471	11.57	10.475	26.586	72.526	11.508	-18.782	46.6	0.0	179.306	10.66	10.475	0.0	71.873	27.419	-20.243	18.4	0.0	191.221	11.22	10.725	0.0	69.012	26.402	-26.479	24.8	1.676	186.959	10.64	10.412	0.0	72.081	18.047	-10.021	35.8	1.215	209.529	11.48
10.62	9.287	23.927	73.413	26.329	-8.885	0.0	0.0	200.52	10.0	9.412	25.523	80.259	34.902	-13.035	11.2	1.441	208.851	10.35	9.85	0.0	72.602	27.273	-9.327	31.2	0.0	207.398	11.22	10.725	0.0	71.797	32.867	-2.84	26.2	0.0	189.671	10.86	10.662	0.0	71.409	12.961	-8.602	3.0	1.81	212.242	10.45	9.475	0.0	70.959	0.0	0.0	24.8	0.0	195.871	11.46	10.412	27.649	73.633	11.581	-18.468	46.6	2.045	174.366	10.8	10.475	0.0	70.359	27.056	-20.243	18.4	1.659	195.58	11.3	10.787	0.0	68.185	26.256	-26.504	24.8	1.626	195.193	10.6	10.412	0.0	73.148	18.047	-10.056	35.8	1.651	208.754	11.34
10.58	9.037	24.459	70.637	24.949	-8.693	0.0	1.006	204.783	10.08	9.162	22.864	77.825	35.265	-12.893	11.2	2.062	203.523	10.08	9.662	0.0	78.05	27.346	-9.238	31.2	0.0	217.182	10.65	10.162	0.0	79.714	33.303	-2.735	26.2	1.039	192.771	10.27	10.412	0.0	78.863	12.816	-8.543	3.0	0.93	210.304	10.16	9.725	0.0	76.05	0.0	0.0	24.8	0.0	200.23	11.3	10.287	25.523	74.978	11.508	-18.533	46.6	2.129	196.355	10.65	10.35	0.0	72.082	27.273	-20.424	18.4	2.129	211.854	11.14	10.412	0.0	70.584	26.474	-26.244	24.8	2.087	182.987	10.12	10.1	0.0	80.187	18.338	-9.921	35.8	1.936	213.404	10.87
11.4	8.787	21.269	68.693	25.82	-8.688	0.0	0.0	189.38	10.0	9.162	20.737	80.552	35.12	-13.039	11.2	1.316	230.841	10.01	9.35	0.0	76.627	27.056	-9.141	31.2	1.944	209.142	10.8	9.85	0.0	75.672	33.158	-3.137	26.2	0.0	192.48	10.5	10.287	0.0	74.943	12.744	-8.613	3.0	1.751	214.47	10.06	9.6	0.0	77.52	0.0	0.0	24.8	1.106	188.896	10.97	10.162	23.396	79.239	11.581	-18.698	46.6	0.955	204.492	10.26	10.037	0.0	77.034	27.346	-20.008	18.4	0.0	215.729	10.78	10.1	0.0	74.174	26.184	-26.238	24.8	0.0	193.062	10.12	9.85	0.0	77.758	18.265	-10.013	35.8	1.115	210.304	10.94
10.44	8.787	20.205	74.982	25.82	-8.663	0.0	0.0	215.342	9.77	9.037	18.61	82.625	34.902	-12.967	11.2	0.913	257.964	9.88	9.35	0.0	80.72	27.273	-9.133	31.2	0.0	219.216	10.5	9.912	0.0	80.468	32.867	-3.158	26.2	0.0	198.68	10.1	10.1	0.0	80.33	12.816	-8.645	3.0	1.467	209.142	9.93	9.475	0.0	76.585	0.0	0.0	24.8	1.944	201.78	10.97	9.975	21.269	78.816	11.654	-18.45	46.6	1.751	185.699	10.2	10.1	0.0	76.718	27.346	-20.134	18.4	1.785	222.316	10.68	10.1	0.0	74.153	26.547	-26.238	24.8	0.0	158.382	9.91	9.475	0.0	81.528	18.338	-9.926	35.8	0.0	183.859	10.71
10.32	8.725	18.61	76.083	26.038	-8.656	0.0	0.0	193.449	9.64	9.1	19.142	82.977	35.483	-12.93	11.2	0.0	231.228	9.58	9.475	0.0	82.343	26.692	-9.164	31.2	2.12	209.142	10.35	10.1	0.0	80.874	32.867	-3.027	26.2	0.0	216.117	9.88	10.225	0.0	82.507	12.816	-8.568	3.0	1.165	211.854	9.77	9.475	0.0	78.358	0.0	0.0	24.8	1.894	198.196	10.84	10.037	20.205	80.469	11.363	-18.764	46.6	2.095	188.509	10.0	9.975	0.0	78.606	27.056	-19.884	18.4	1.802	209.723	10.54	9.912	0.0	75.67	26.62	-26.166	24.8	0.905	203.233	9.59	9.412	0.0	84.734	18.047	-9.977	35.8	0.0	238.59	10.62
10.12	8.6	19.142	75.608	26.184	-8.624	0.0	0.0	190.446	9.58	9.162	19.142	84.216	35.265	-13.398	11.2	0.0	238.687	9.4	9.475	0.0	84.853	27.419	-9.142	31.2	1.601	204.395	10.14	10.1	0.0	83.236	33.303	-2.792	26.2	0.0	197.13	9.76	10.287	0.0	81.518	12.961	-8.704	3.0	1.316	206.817	9.52	9.225	0.0	81.222	0.0	0.0	24.8	1.651	197.324	10.47	9.85	19.674	84.591	11.872	-18.516	46.6	2.112	181.728	9.78	10.037	0.0	81.135	27.201	-20.116	18.4	1.751	211.564	10.46	9.912	0.0	75.755	26.038	-26.278	24.8	1.324	178.919	9.54	9.6	0.0	87.1	18.047	-10.003	35.8	0.0	211.079	10.36
10.48	8.787	19.142	74.888	26.329	-8.663	0.0	2.053	198.389	9.51	9.162	19.142	82.685	35.192	-13.24	11.2	1.014	249.246	9.47	9.475	0.0	82.198	26.765	-9.142	31.2	1.366	219.023	10.08	9.975	0.0	85.388	33.376	-2.829	26.2	0.0	202.748	9.83	9.85	0.0	81.582	12.526	-8.597	3.0	1.031	210.982	9.39	9.6	0.0	81.868	0.0	0.0	24.8	1.751	203.717	10.36	9.85	20.737	84.94	11.581	-17.937	46.6	0.0	185.796	9.76	9.85	0.0	80.62	27.346	-19.742	18.4	1.425	195.58	10.3	9.975	0.0	76.688	27.201	-1.0	24.8	0.0	159.545	9.44	9.662	0.0	87.915	18.265	-10.05	35.8	0.0	232.197	10.63
10.22	8.912	18.61	76.113	26.038	-8.661	0.0	0.0	238.493	9.47	9.037	17.015	83.696	34.974	-12.823	11.2	1.483	275.788	9.66	9.475	0.0	82.193	26.838	-9.149	31.2	1.483	232.197	10.26	9.912	0.0	80.585	33.303	-2.769	26.2	0.0	199.746	9.96	10.037	0.0	80.299	12.744	-8.638	3.0	2.053	220.766	9.46	9.475	0.0	81.45	0.0	0.0	24.8	1.726	211.37	10.5	9.912	19.674	83.032	11.872	-18.337	46.6	1.508	164.969	9.74	9.975	0.0	79.76	26.91	-20.314	18.4	1.441	225.029	10.31	10.1	0.0	76.842	26.402	-26.124	24.8	0.0	172.234	9.6	9.475	0.0	80.731	18.12	-10.037	35.8	0.0	255.252	10.73
10.19	8.6	15.952	72.806	25.312	-8.674	0.0	0.0	233.941	9.58	8.6	15.952	80.117	34.902	-12.889	11.2	1.425	259.999	9.52	9.412	0.0	83.566	27.056	-9.149	31.2	1.793	234.716	10.2	9.85	0.0	81.762	33.231	-2.865	26.2	0.0	194.418	9.99	10.287	0.0	77.756	12.889	-8.575	3.0	1.768	213.695	9.66	9.537	0.0	77.91	0.0	0.0	24.8	0.0	173.494	10.65	9.662	17.547	78.072	11.581	-19.067	46.6	1.148	166.713	9.68	9.912	0.0	79.624	27.273	-22.093	18.4	0.0	217.57	10.26	9.85	0.0	76.401	25.312	-25.344	24.8	0.0	192.48	9.56	9.475	0.0	83.481	18.265	-9.974	35.8	2.112	250.796	10.54
