11.44	14.912	468.977	53.518	24.949	-12.379	34.8	0.0	233.553	9.88	13.162	446.645	54.491	33.739	-9.15	28.8	0.0	269.976	10.18	16.913	0.0	51.222	25.167	-9.917	16.0	0.0	209.529	12.0	18.85	0.0	48.574	30.761	-9.584	35.0	0.0	223.866	11.1	17.725	0.0	50.553	10.782	-10.462	0.0	1.693	188.799	11.19	12.6	0.0	49.428	0.0	0.0	0.2	0.0	201.295	12.3	16.35	529.062	50.038	10.274	-29.855	0.0	0.0	181.05	10.87	14.537	0.0	52.471	26.547	-12.41	31.6	0.0	220.766	11.9	17.6	0.0	48.0	24.295	-27.764	0.0	0.0	171.556	12.61	19.975	0.0	47.434	10.782	-30.659	37.2	0.0	214.954	12.0
11.63	15.162	491.31	54.056	25.748	-12.667	34.8	0.0	224.641	9.77	13.037	505.666	54.683	33.449	-9.06	28.8	0.0	263.001	10.19	18.413	0.0	52.164	24.367	-9.973	16.0	0.0	238.978	12.24	19.913	0.0	52.054	31.85	-7.337	35.0	2.095	200.617	11.16	17.538	0.0	52.693	10.927	-10.465	0.0	0.0	216.117	11.4	13.662	0.0	51.176	0.0	0.0	0.2	1.542	202.555	12.34	16.288	559.37	50.352	10.201	-1.0	0.0	0.0	183.859	11.3	15.225	0.0	53.015	26.402	-12.608	31.6	1.785	217.57	11.81	17.975	0.0	49.293	24.367	-27.935	0.0	0.0	157.801	12.38	20.163	0.0	49.43	10.346	-31.025	37.2	1.659	233.941	12.04
11.56	15.787	495.032	55.065	25.021	-12.646	34.8	1.978	208.27	10.14	13.662	420.059	54.678	33.449	-9.253	28.8	2.078	263.389	10.31	17.725	0.0	49.926	24.731	-10.006	16.0	1.207	242.368	11.89	18.85	0.0	49.025	31.051	-7.004	35.0	0.0	193.158	11.15	18.1	0.0	51.842	10.927	-10.549	0.0	0.0	232.778	11.53	13.85	0.0	50.212	0.0	0.0	0.2	0.0	206.042	12.59	17.225	572.131	50.323	10.346	-30.282	0.0	1.961	182.6	11.5	15.975	0.0	51.86	26.547	-12.788	31.6	1.986	241.69	11.86	19.038	0.0	47.808	24.44	-28.021	0.0	0.0	156.057	12.28	20.1	0.0	47.267	10.492	-32.031	37.2	2.137	207.883	12.07
12.48	18.163	503.008	53.152	25.675	-13.193	34.8	0.0	283.054	10.38	15.162	545.013	53.306	33.449	-9.461	28.8	1.751	280.729	10.33	18.85	0.0	52.848	24.876	-10.293	16.0	1.031	229.485	12.45	19.788	0.0	50.859	31.415	-7.198	35.0	0.0	188.218	11.32	18.163	0.0	50.215	10.927	-10.509	0.0	0.0	211.854	11.35	14.287	0.0	50.985	0.0	0.0	0.2	0.0	197.808	12.48	17.538	594.995	48.729	10.492	-30.191	0.0	0.0	175.722	11.58	16.413	0.0	51.658	26.692	-12.838	31.6	0.0	244.79	11.96	19.038	0.0	47.508	24.222	-27.337	0.0	0.0	164.582	12.49	21.85	0.0	47.481	10.637	-31.673	37.2	1.265	243.821	12.14
12.55	17.663	524.276	51.547	25.021	-13.239	34.8	0.0	212.532	10.14	14.287	537.569	54.29	33.449	-9.375	28.8	1.953	261.548	10.14	19.538	0.0	50.118	24.295	-10.432	16.0	0.0	221.541	12.11	20.663	0.0	47.151	30.543	-9.934	35.0	0.0	178.531	11.73	18.6	0.0	51.557	10.927	-10.829	0.0	1.148	172.719	11.56	14.1	0.0	48.392	0.0	0.0	0.2	0.0	189.768	12.82	18.038	596.59	50.262	10.201	-30.566	0.0	0.0	183.568	11.42	15.85	0.0	49.365	26.474	-12.658	31.6	0.0	224.932	12.58	19.413	0.0	50.044	24.44	-28.198	0.0	0.0	185.699	13.33	22.788	0.0	44.77	10.492	-32.764	37.2	1.031	198.292	12.4
12.98	17.663	478.017	51.851	25.748	-13.201	34.8	0.0	238.203	10.62	14.975	507.261	54.031	33.376	-9.443	28.8	1.953	278.501	10.66	19.538	0.0	51.744	24.44	-10.415	16.0	1.844	212.532	11.95	19.163	0.0	45.746	31.705	-7.023	35.0	1.986	193.546	12.16	18.85	0.0	52.074	11.073	-10.616	0.0	1.609	202.555	11.71	14.85	0.0	50.973	0.0	0.0	0.2	1.542	187.056	12.76	17.163	536.506	50.037	10.056	-29.634	0.0	2.011	178.337	11.66	15.975	0.0	51.028	26.474	-12.824	31.6	1.827	228.903	12.34	18.788	0.0	48.306	24.44	-28.448	0.0	0.0	175.431	12.94	21.663	0.0	46.721	10.346	-31.843	37.2	1.483	209.917	12.22
12.34	16.538	451.962	52.768	25.82	-13.047	34.8	1.592	277.241	10.2	13.162	448.24	53.191	33.521	-9.168	28.8	2.011	278.113	10.54	18.725	0.0	50.172	24.367	-10.36	16.0	2.078	241.981	11.96	18.475	0.0	47.571	30.833	-6.825	35.0	0.0	188.218	11.43	17.913	0.0	49.089	11.291	-10.501	0.0	1.634	194.708	11.68	13.662	0.0	49.709	0.0	0.0	0.2	0.0	230.744	12.14	15.85	502.476	47.656	10.056	-29.256	0.0	0.0	181.437	11.66	14.787	0.0	50.26	26.474	-12.596	31.6	0.0	213.695	12.16	18.475	0.0	47.377	24.077	-27.49	0.0	0.0	198.292	12.46	20.413	0.0	46.787	10.709	-31.291	37.2	1.651	194.03	12.06
12.49	16.913	501.944	51.753	25.893	-13.321	34.8	0.0	228.806	10.32	13.787	487.056	53.958	33.594	-9.243	28.8	1.601	272.204	10.32	18.35	0.0	50.234	24.731	-10.307	16.0	0.0	223.091	12.14	19.6	0.0	48.28	30.833	-7.272	35.0	1.961	169.232	11.54	18.6	0.0	50.306	10.927	-10.657	0.0	1.467	191.705	11.46	14.1	0.0	50.663	0.0	0.0	0.2	0.0	199.067	12.38	16.913	561.497	47.749	10.201	-30.007	0.0	0.0	174.075	11.38	15.662	0.0	50.254	26.474	-12.727	31.6	0.0	222.607	11.9	18.288	0.0	47.062	24.367	-27.945	0.0	0.0	169.619	12.63	21.663	0.0	48.655	10.346	-32.115	37.2	1.224	197.518	12.37
12.05	16.475	478.548	51.019	25.675	-13.191	34.8	1.224	169.038	10.25	14.1	474.826	53.947	33.594	-9.211	28.8	1.969	256.414	10.37	18.1	0.0	49.258	24.585	-10.275	16.0	0.0	222.607	12.18	18.85	0.0	47.942	30.906	-6.912	35.0	1.735	204.589	11.58	18.288	0.0	51.139	10.855	-10.646	0.0	1.751	226.482	11.64	14.225	0.0	49.58	0.0	0.0	0.2	1.609	164.001	12.54	17.038	518.959	48.644	10.782	-29.945	0.0	1.592	176.109	11.56	15.787	0.0	49.075	26.547	-12.824	31.6	1.391	219.216	12.48	18.913	0.0	48.947	24.222	-28.643	0.0	0.0	161.385	12.52	20.725	0.0	46.448	10.637	-31.594	37.2	1.492	200.617	12.72
12.86	17.225	471.104	50.791	24.803	-13.553	34.8	0.0	217.86	10.31	13.6	470.041	53.146	33.521	-9.236	28.8	1.567	260.192	10.8	19.1	0.0	52.219	24.876	-10.464	16.0	0.0	248.18	12.0	18.788	0.0	48.946	30.979	-6.843	35.0	0.0	187.443	12.1	18.413	0.0	50.566	10.855	-10.667	0.0	1.483	214.567	11.45	13.912	0.0	50.539	0.0	0.0	0.2	2.011	199.067	12.58	16.913	533.316	49.735	10.782	-30.007	0.0	1.567	202.748	11.58	15.787	0.0	52.51	26.402	-13.132	31.6	1.651	233.941	12.14	17.35	0.0	47.937	24.367	-27.519	0.0	0.0	140.074	12.66	21.475	0.0	50.271	11.073	-32.411	37.2	1.24	215.245	12.49
12.66	16.225	414.21	51.225	25.021	-13.14	34.8	1.031	185.893	10.04	13.162	420.059	53.498	33.158	-9.159	28.8	2.062	270.267	10.64	17.35	0.0	50.246	25.094	-10.01	16.0	0.0	209.626	12.06	17.788	0.0	49.821	30.761	-6.67	35.0	0.0	191.899	11.58	17.725	0.0	49.942	10.927	-10.586	0.0	1.483	174.463	11.72	13.912	0.0	51.342	0.0	0.0	0.2	1.953	199.455	12.33	16.288	462.597	48.461	10.128	-29.584	0.0	2.087	176.981	11.4	15.412	0.0	51.511	26.692	-12.715	31.6	2.12	223.769	12.22	17.538	0.0	48.726	24.15	-28.001	0.0	0.0	159.157	12.36	20.038	0.0	47.684	10.419	-31.613	37.2	1.316	217.473	12.21
13.18	17.788	453.558	51.848	25.675	-13.422	34.8	0.0	217.279	10.55	13.412	441.86	51.941	34.03	-9.22	28.8	1.316	276.563	10.48	17.35	0.0	51.537	24.15	-9.992	16.0	0.0	231.422	11.92	18.35	0.0	48.656	31.197	-6.78	35.0	1.835	196.646	11.62	17.413	0.0	48.089	11.073	-10.469	0.0	1.76	144.239	11.39	13.662	0.0	50.746	0.0	0.0	0.2	2.036	185.118	12.4	16.788	505.134	50.051	9.983	-29.824	0.0	1.927	188.896	11.65	15.475	0.0	50.597	26.402	-12.875	31.6	1.668	227.353	12.54	18.413	0.0	48.955	24.222	-28.808	0.0	0.0	166.519	12.46	19.288	0.0	45.904	10.709	-31.084	37.2	1.567	206.042	12.28
12.5	16.038	479.612	47.389	25.094	-13.024	34.8	1.299	228.128	10.34	12.85	472.699	50.451	33.449	-9.136	28.8	0.0	249.052	10.48	18.288	0.0	48.346	24.731	-10.219	16.0	0.0	241.303	12.46	18.85	0.0	46.661	31.124	-7.051	35.0	2.103	205.267	11.84	17.913	0.0	48.522	11.218	-10.518	0.0	1.282	187.346	11.72	13.725	0.0	48.63	0.0	0.0	0.2	1.994	196.936	12.98	17.725	543.418	51.483	10.637	-30.532	0.0	1.592	166.132	11.72	15.225	0.0	48.941	26.474	-12.715	31.6	2.112	225.029	12.35	18.6	0.0	45.637	24.367	-28.495	0.0	0.0	184.149	12.44	20.788	0.0	46.059	10.419	-31.36	37.2	1.358	205.655	12.36
12.52	15.537	418.996	49.449	25.457	-12.925	34.8	1.441	234.716	10.4	12.6	434.416	49.908	33.594	-9.103	28.8	2.053	291.287	10.48	17.85	0.0	48.067	24.731	-10.079	16.0	0.0	197.13	11.84	17.413	0.0	46.269	30.833	-6.491	35.0	0.0	183.181	11.58	17.725	0.0	48.115	11.0	-10.536	0.0	2.053	191.608	11.61	13.537	0.0	46.586	0.0	0.0	0.2	0.0	199.358	12.94	16.1	473.231	48.352	10.855	-29.374	0.0	1.969	188.993	11.7	15.1	0.0	48.721	26.474	-12.728	31.6	2.02	223.479	12.39	17.1	0.0	45.958	24.513	-29.098	0.0	0.0	172.622	13.0	20.35	0.0	44.348	11.0	-31.653	37.2	1.592	182.018	12.54
12.19	14.912	361.038	50.731	25.385	-13.081	34.8	1.19	240.431	10.24	12.287	375.395	49.886	33.376	-9.026	28.8	2.028	298.94	10.5	16.225	0.0	47.79	24.585	-9.958	16.0	0.0	216.31	12.66	17.6	0.0	48.41	30.688	-6.468	35.0	1.81	188.993	11.34	16.475	0.0	48.922	11.291	-10.335	0.0	1.718	214.567	11.62	13.35	0.0	48.431	0.0	0.0	0.2	1.911	188.896	12.22	15.475	420.591	47.76	10.782	-29.675	0.0	0.0	184.343	11.52	15.475	0.0	51.833	26.402	-12.875	31.6	0.0	228.322	12.18	16.663	0.0	48.597	24.367	-28.511	0.0	0.0	183.568	12.16	18.538	0.0	44.535	10.492	-30.695	37.2	1.768	214.76	12.04
11.92	13.85	331.794	52.01	25.312	-12.603	34.8	1.626	216.504	10.11	12.35	332.857	52.485	33.449	-9.043	28.8	1.701	283.344	10.53	16.475	0.0	49.648	25.021	-10.012	16.0	0.0	236.75	11.74	16.225	0.0	48.819	31.415	-6.111	35.0	0.0	190.446	11.75	16.663	0.0	49.934	11.218	-10.349	0.0	1.249	209.142	11.57	12.6	0.0	49.632	0.0	0.0	0.2	1.961	189.574	12.18	15.037	385.497	46.406	10.128	-28.882	0.0	1.735	174.85	11.54	14.725	0.0	50.306	26.402	-12.62	31.6	1.835	219.41	11.98	16.1	0.0	47.542	24.367	-27.616	0.0	0.0	160.707	12.21	18.163	0.0	47.602	10.709	-30.378	37.2	1.626	188.121	12.02
11.75	12.975	329.135	49.718	25.675	-12.333	34.8	2.078	224.254	10.03	11.537	326.476	50.134	33.594	-8.966	28.8	2.12	263.68	10.28	15.787	0.0	51.631	24.077	-9.791	16.0	0.0	219.216	11.72	15.912	0.0	48.91	31.487	-5.868	35.0	1.869	207.204	11.58	16.475	0.0	49.51	11.0	-10.319	0.0	1.425	183.568	11.58	12.6	0.0	51.536	0.0	0.0	0.2	1.961	184.343	12.23	15.412	370.609	50.645	10.782	-28.812	0.0	1.894	176.884	11.37	14.287	0.0	51.538	26.62	-12.723	31.6	1.944	212.629	12.31	16.913	0.0	48.333	24.15	-28.239	0.0	0.0	174.269	12.28	17.788	0.0	45.85	10.346	-30.929	37.2	0.98	216.891	11.79
12.12	14.037	339.769	50.568	25.021	-12.713	34.8	0.964	222.994	10.3	11.787	342.96	50.812	33.739	-8.971	28.8	1.961	294.581	10.81	15.662	0.0	49.285	23.423	-9.66	16.0	1.014	218.635	11.94	15.662	0.0	46.879	31.415	-5.779	35.0	0.0	198.099	11.33	16.35	0.0	48.921	11.291	-10.267	0.0	1.944	210.304	11.81	12.475	0.0	49.169	0.0	0.0	0.2	1.81	198.196	12.24	15.037	378.053	47.418	10.274	-28.399	0.0	1.701	178.822	11.54	14.6	0.0	50.429	26.474	-12.979	31.6	1.76	232.584	12.04	16.038	0.0	46.64	24.15	-27.589	0.0	0.0	157.413	12.22	17.788	0.0	46.347	10.855	-30.808	37.2	1.232	234.716	11.84
12.24	13.975	327.008	50.338	25.53	-12.664	34.8	1.131	176.981	10.23	11.662	331.262	51.533	32.722	-8.955	28.8	0.0	236.556	10.81	16.038	0.0	49.316	25.312	-9.837	16.0	0.0	226.966	11.88	15.787	0.0	47.966	30.979	-5.736	35.0	0.0	192.48	11.76	16.6	0.0	48.791	10.782	-10.306	0.0	1.165	173.494	11.51	12.037	0.0	47.763	0.0	0.0	0.2	0.0	205.848	12.26	14.225	356.253	48.856	10.056	-28.279	0.0	0.0	186.959	11.33	14.162	0.0	51.166	26.402	-12.444	31.6	0.0	239.365	11.93	15.662	0.0	46.343	24.15	-27.297	0.0	0.0	158.382	12.54	17.725	0.0	46.702	10.492	-30.034	37.2	0.0	245.952	11.96
11.78	13.037	348.277	49.784	25.312	-12.763	34.8	1.953	233.747	9.97	11.412	356.253	51.041	33.739	-8.95	28.8	0.0	247.405	10.75	15.35	0.0	49.493	24.658	-10.647	16.0	0.0	230.744	11.84	15.537	0.0	48.894	31.124	-5.517	35.0	0.0	198.68	11.46	16.35	0.0	47.726	10.492	-10.267	0.0	1.366	202.167	11.35	12.037	0.0	46.993	0.0	0.0	0.2	0.0	188.993	12.37	14.725	367.419	48.279	10.201	-28.621	0.0	0.0	182.212	11.43	14.412	0.0	50.904	26.474	-12.353	31.6	0.0	230.453	12.08	15.725	0.0	47.648	24.15	-26.811	0.0	0.0	173.494	11.59	16.6	0.0	47.96	10.274	-30.799	37.2	1.936	231.616	11.91
11.8	12.662	338.174	51.444	25.094	-12.422	34.8	2.07	200.617	10.08	11.225	329.135	51.725	33.231	-8.791	28.8	0.0	281.407	10.42	15.85	0.0	48.586	24.15	-9.8	16.0	0.0	228.71	12.06	16.413	0.0	48.519	30.688	-5.646	35.0	2.095	190.059	11.55	16.1	0.0	49.444	11.363	-10.228	0.0	2.07	200.908	11.38	12.037	0.0	48.12	0.0	0.0	0.2	0.0	196.743	12.16	14.412	382.839	51.096	10.782	-28.481	0.0	0.0	193.255	11.42	14.475	0.0	53.455	26.62	-12.365	31.6	0.0	229.872	11.78	15.85	0.0	48.39	24.295	-27.25	0.0	0.0	187.443	12.08	16.6	0.0	48.708	10.274	-29.611	37.2	1.634	206.042	11.95
11.64	13.037	345.618	51.788	25.893	-12.643	34.8	0.0	185.796	9.92	11.412	339.238	51.521	33.376	-9.002	28.8	1.014	266.101	10.48	14.725	0.0	48.964	24.585	-9.8	16.0	1.358	239.753	11.8	15.037	0.0	46.924	31.269	-5.169	35.0	0.0	194.418	11.52	16.6	0.0	49.749	10.927	-10.242	0.0	0.0	218.441	11.69	12.225	0.0	48.689	0.0	0.0	0.2	1.575	193.546	12.39	14.85	401.449	47.249	10.128	-28.677	0.0	1.014	180.275	11.65	14.412	0.0	49.087	26.474	-12.255	31.6	1.123	232.003	12.08	16.475	0.0	47.461	24.077	-27.653	0.0	0.0	156.057	11.52	16.225	0.0	46.889	10.927	-29.675	37.2	0.0	209.045	12.15
11.8	14.1	351.999	52.176	25.893	-12.803	34.8	1.584	303.977	9.83	11.412	351.467	53.078	32.722	-9.011	28.8	0.0	274.432	10.62	15.35	0.0	48.488	24.803	-9.971	16.0	0.0	223.963	12.12	16.1	0.0	48.215	31.051	-5.493	35.0	2.12	197.518	11.66	16.475	0.0	49.983	10.855	-10.255	0.0	1.358	182.6	11.72	12.35	0.0	48.537	0.0	0.0	0.2	0.0	209.142	12.18	14.787	397.727	47.285	10.709	-28.768	0.0	0.913	183.181	11.34	14.787	0.0	51.259	26.474	-12.422	31.6	0.0	224.447	11.84	15.725	0.0	46.678	24.077	-27.452	0.0	0.0	152.764	12.12	17.475	0.0	48.371	10.637	-30.284	37.2	1.299	192.868	11.9
11.72	13.162	339.769	51.25	25.82	-12.627	34.8	0.0	265.714	9.83	11.537	328.072	53.348	33.449	-8.885	28.8	0.0	244.402	10.41	15.287	0.0	50.613	24.44	-9.954	16.0	2.103	227.741	12.22	16.225	0.0	47.416	31.269	-9.378	35.0	1.098	175.141	11.64	16.163	0.0	48.216	11.508	-10.198	0.0	1.433	195.193	11.46	12.287	0.0	49.0	0.0	0.0	0.2	1.592	183.084	12.46	15.412	370.077	47.822	10.637	-28.933	0.0	0.93	186.184	11.2	13.975	0.0	50.659	25.966	-12.175	31.6	1.358	215.342	12.12	16.413	0.0	46.051	24.004	-27.755	0.0	0.0	158.673	12.6	17.288	0.0	48.152	10.637	-30.191	37.2	0.0	214.954	12.21
11.57	12.662	321.159	52.539	25.675	-12.385	34.8	0.0	256.802	10.1	11.225	316.905	54.583	33.376	-8.995	28.8	1.14	280.244	10.41	14.912	0.0	50.613	24.15	-9.835	16.0	1.182	246.34	11.92	14.787	0.0	45.11	31.342	-4.953	35.0	0.0	212.629	11.62	15.725	0.0	50.071	10.782	-10.17	0.0	0.0	200.52	11.56	12.475	0.0	50.523	0.0	0.0	0.2	1.517	196.646	12.26	15.537	401.981	47.64	10.564	-28.624	0.0	0.0	154.41	11.59	14.725	0.0	52.602	26.62	-12.312	31.6	1.391	226.482	12.28	16.6	0.0	45.533	24.077	-27.968	0.0	0.0	165.744	11.64	15.85	0.0	46.527	10.492	-29.617	37.2	2.053	253.993	12.04
11.6	12.225	317.969	51.417	25.603	-12.307	34.8	0.0	239.753	10.0	11.1	322.223	52.198	33.376	-8.911	28.8	0.997	274.238	10.45	15.162	0.0	49.546	24.15	-9.928	16.0	1.567	259.805	11.84	15.1	0.0	47.18	31.124	-4.973	35.0	0.0	183.084	11.12	15.537	0.0	49.017	11.073	-10.094	0.0	0.0	205.17	11.48	11.912	0.0	48.754	0.0	0.0	0.2	1.022	184.924	12.26	14.1	349.34	49.073	10.201	-28.461	0.0	0.0	183.568	11.4	14.1	0.0	48.123	26.547	-12.166	31.6	0.0	224.254	11.9	15.1	0.0	45.867	24.004	-27.309	0.0	0.0	150.826	11.69	15.912	0.0	46.847	10.346	-29.286	37.2	2.045	251.765	11.88
11.87	13.225	307.866	51.972	25.893	-12.487	34.8	1.324	295.065	9.76	10.975	292.978	52.978	33.303	-8.955	28.8	0.0	261.839	10.38	14.225	0.0	48.023	24.295	-9.751	16.0	1.802	240.528	11.54	14.475	0.0	47.392	31.124	-4.845	35.0	0.0	193.158	11.58	15.787	0.0	47.99	11.218	-10.148	0.0	1.877	216.117	11.65	11.725	0.0	48.062	0.0	0.0	0.2	0.0	201.683	11.97	13.475	336.579	46.694	10.782	-1.0	0.0	0.0	203.62	11.32	13.975	0.0	48.144	26.474	-12.175	31.6	0.0	269.104	11.86	14.975	0.0	44.976	24.15	-27.129	0.0	0.0	183.471	11.71	15.287	0.0	46.505	10.274	-29.353	37.2	1.483	249.633	11.9
11.44	11.975	324.881	50.046	25.675	-12.299	34.8	0.0	229.581	9.8	10.787	313.183	51.898	33.449	-8.94	28.8	1.559	275.013	10.38	14.412	0.0	49.167	24.876	-9.911	16.0	0.0	233.553	11.88	15.037	0.0	47.185	30.761	-4.952	35.0	2.095	166.81	11.6	15.35	0.0	49.358	10.564	-10.082	0.0	1.768	228.032	11.42	11.85	0.0	48.871	0.0	0.0	0.2	0.0	195.871	12.11	14.662	363.697	47.308	10.492	-28.353	0.0	2.087	182.6	11.0	13.975	0.0	49.001	26.547	-12.143	31.6	0.0	232.197	12.3	15.975	0.0	46.892	24.367	-27.304	0.0	0.0	180.081	12.41	16.663	0.0	45.834	10.201	-30.127	37.2	0.0	194.805	11.86
11.53	11.85	307.334	49.442	25.021	-12.314	34.8	1.123	213.307	10.01	10.912	303.081	50.681	33.086	-8.964	28.8	1.542	289.253	10.29	13.725	0.0	47.514	24.295	-9.672	16.0	2.036	229.485	11.76	14.475	0.0	46.825	31.269	-4.759	35.0	0.0	194.708	11.1	15.1	0.0	48.426	10.855	-10.028	0.0	0.0	194.805	11.33	11.537	0.0	48.394	0.0	0.0	0.2	0.0	186.571	12.23	14.1	334.452	46.758	10.492	-27.986	0.0	1.358	179.112	11.17	13.85	0.0	47.751	26.402	-12.059	31.6	1.651	250.215	12.09	15.225	0.0	44.908	24.731	-27.236	0.0	0.0	185.506	12.09	15.662	0.0	44.717	10.709	-29.409	37.2	1.777	197.905	11.88
11.7	12.725	341.365	50.235	25.094	-12.324	34.8	0.0	240.14	9.8	10.85	308.93	50.957	33.449	-8.99	28.8	0.0	264.164	10.4	14.412	0.0	47.435	24.876	-1.0	16.0	1.307	244.402	12.06	15.037	0.0	46.957	31.415	-4.733	35.0	0.0	179.693	11.22	15.725	0.0	49.432	11.654	-10.308	0.0	0.0	209.529	11.39	11.787	0.0	46.81	0.0	0.0	0.2	0.0	218.248	12.53	14.662	389.751	47.141	10.709	-28.232	0.0	1.366	174.656	11.07	13.85	0.0	49.628	26.474	-12.09	31.6	0.0	237.718	12.14	15.412	0.0	47.406	24.15	-27.317	0.0	0.0	171.363	11.44	15.35	0.0	48.252	10.927	-29.382	37.2	2.112	228.032	11.9
