-1.0	4.537	1.063	0.0	27.273	-8.258	16.2	0.939	168.069	4.69	4.912	0.0	90.407	34.756	-13.707	2.8	0.0	217.279	4.28	5.475	0.0	92.682	25.675	-1.4	22.4	0.0	207.495	5.18	6.162	0.0	93.584	32.286	-8.021	16.4	0.0	186.668	5.08	6.037	0.0	89.352	21.752	-8.505	43.0	1.668	206.72	4.93	5.225	0.0	86.639	0.0	0.0	15.0	1.534	180.468	5.8	5.85	1.063	90.484	17.538	-21.2	36.4	0.0	174.172	5.04	5.725	0.0	86.689	27.637	-24.45	9.2	0.0	189.671	5.43	5.85	0.0	85.641	26.765	-24.598	15.8	0.0	186.959	4.7	5.537	0.0	94.91	14.996	-24.809	25.8	0.0	233.166	6.02
4.56	4.662	0.0	82.317	26.983	-8.272	16.4	1.575	203.039	4.84	4.85	0.0	90.02	34.248	-14.01	2.8	0.93	182.212	4.55	5.35	0.0	91.885	25.603	-0.838	22.4	1.701	202.845	5.61	6.225	0.0	90.691	32.577	-2.356	16.4	1.45	191.608	4.74	6.162	0.0	90.76	21.752	-8.527	43.0	0.0	214.082	4.68	5.225	0.0	88.164	0.0	0.0	15.0	2.095	202.748	5.7	6.037	1.063	91.245	17.466	-21.474	36.4	0.0	185.893	4.71	5.6	0.0	88.781	26.838	-24.194	9.2	0.0	211.757	5.52	5.912	0.0	85.663	25.893	-24.19	15.8	1.24	168.069	5.09	5.6	0.0	92.363	15.141	-24.62	25.8	0.0	215.148	5.56
4.74	4.6	0.532	84.249	27.056	-8.303	16.4	0.0	225.803	5.1	4.912	0.532	87.303	34.902	-14.086	3.0	0.0	245.081	5.12	5.475	0.0	88.144	26.474	-0.843	22.6	0.0	169.619	6.08	6.225	0.0	85.255	32.432	-2.146	16.4	1.098	150.342	5.4	5.912	0.0	85.972	21.026	-8.492	43.2	1.064	158.188	5.15	5.537	0.0	84.598	0.0	0.0	15.2	1.399	197.905	6.65	5.912	1.063	84.269	17.03	-20.566	36.4	1.894	195.193	5.16	5.975	0.0	86.115	26.838	-24.853	9.4	0.0	219.41	5.92	6.1	0.0	82.68	26.184	-23.926	16.0	0.0	170.685	5.23	5.6	0.0	90.994	14.996	-24.408	25.8	0.0	223.091	5.84
4.12	4.412	1.595	88.673	27.201	-8.199	16.4	0.0	238.59	4.51	4.725	0.0	90.445	34.829	-14.183	3.0	1.073	257.092	4.3	5.35	0.0	92.275	25.82	-0.769	22.6	0.0	251.958	5.72	5.975	0.0	89.039	32.432	-2.268	16.6	0.0	253.218	4.7	6.1	0.0	91.213	21.316	-8.527	43.2	0.0	236.653	5.05	5.725	0.0	85.142	0.0	0.0	15.2	1.81	204.105	6.42	6.1	3.19	85.837	17.03	-21.162	36.4	1.567	203.33	5.25	5.787	0.0	84.691	27.564	-24.683	9.4	0.0	226.482	5.98	6.037	0.0	82.108	25.53	-24.232	16.0	0.0	220.379	4.53	5.6	0.0	95.122	15.068	-25.747	26.0	2.087	232.294	6.35
-1.0	4.35	0.532	0.0	27.419	-8.231	16.4	2.087	225.707	4.46	4.725	0.0	90.728	34.538	-14.316	3.0	1.986	262.13	4.72	5.537	0.0	90.33	26.474	-0.863	22.6	0.0	236.653	6.14	6.225	0.0	85.86	32.65	-2.426	16.6	0.0	196.646	4.74	6.037	0.0	90.865	21.244	-8.475	43.4	0.0	214.47	5.46	5.225	0.0	82.058	0.0	0.0	15.2	1.265	196.743	6.56	5.912	0.532	85.006	17.393	-22.431	36.6	0.0	223.091	5.2	5.6	0.0	85.292	27.346	-25.346	9.4	0.98	238.203	6.04	5.725	0.0	82.004	27.273	-24.128	16.0	1.609	161.288	4.94	5.537	0.0	92.902	14.996	-25.526	26.0	0.0	274.238	6.3
3.55	4.287	0.532	88.181	27.201	-8.193	16.6	0.0	233.844	4.44	4.787	0.0	90.681	34.538	-14.328	3.2	1.86	258.739	4.28	5.225	0.0	92.682	25.893	-0.867	22.8	1.559	228.806	5.08	5.975	0.0	93.72	32.214	-2.302	16.8	0.0	204.88	4.71	5.85	0.0	91.3	21.389	-8.454	43.4	0.0	207.108	4.82	5.35	0.0	86.967	0.0	0.0	15.2	1.886	209.142	5.75	5.787	0.0	90.385	17.103	-21.182	36.8	0.0	190.737	5.04	5.6	0.0	86.578	26.765	-25.141	9.4	1.684	218.732	5.4	5.662	0.0	85.544	26.111	-24.107	16.0	1.785	224.254	4.6	5.6	0.0	95.994	15.214	-24.087	26.2	1.249	234.716	6.32
-1.0	4.662	0.0	0.0	27.346	-8.264	16.6	0.0	227.741	4.51	4.787	0.532	90.826	34.321	-14.261	3.2	1.986	250.215	4.24	5.475	0.0	93.164	26.111	-0.843	22.8	0.0	219.507	5.08	5.975	0.0	94.249	32.577	-2.337	16.8	0.0	206.43	4.64	6.037	0.0	91.742	21.534	-8.46	43.4	0.0	207.495	4.59	5.225	0.0	88.858	0.0	0.0	15.4	1.969	202.167	5.56	5.725	1.595	91.61	17.466	-21.273	36.8	2.036	190.833	4.56	5.475	0.0	89.605	26.765	-24.891	9.6	0.0	222.51	5.2	5.6	0.0	86.818	26.474	-24.087	16.0	0.0	191.512	4.31	5.412	0.0	96.128	14.996	-25.28	26.2	0.0	260.677	5.41
4.2	4.6	1.063	86.281	27.201	-8.226	16.6	1.399	258.255	4.62	4.85	0.0	90.389	34.974	-14.756	3.2	1.978	309.499	4.59	5.35	0.0	92.021	26.111	-0.873	22.8	0.0	262.517	5.77	6.037	0.0	89.03	32.286	-2.324	16.8	0.0	226.191	5.26	6.662	0.0	89.312	21.244	-8.459	43.6	1.802	236.265	4.82	5.537	0.0	87.498	0.0	0.0	15.4	2.078	207.979	6.21	6.162	1.063	87.58	17.03	-20.962	36.8	0.0	194.805	4.7	5.6	0.0	89.727	27.346	-24.62	9.6	0.0	236.944	5.88	5.975	0.0	83.067	26.838	-24.64	16.2	1.224	218.441	4.82	5.412	0.0	93.363	14.996	-24.974	26.2	2.062	275.788	5.62
6.33	4.412	0.0	86.177	27.056	-8.207	16.8	1.961	224.06	4.92	4.787	0.0	88.443	34.902	-14.328	3.2	0.0	297.293	4.69	5.475	0.0	90.109	25.603	-0.913	22.8	1.911	218.345	5.63	6.225	0.0	89.903	32.286	-2.111	16.8	2.095	232.681	5.1	5.912	0.0	88.139	21.098	-8.304	43.6	1.081	227.547	5.24	5.6	0.0	83.772	0.0	0.0	15.4	1.777	229.291	6.23	5.787	0.532	87.674	17.103	-21.073	36.8	0.0	175.819	5.28	5.475	0.0	85.469	26.838	-25.2	9.6	0.0	249.343	5.86	5.85	0.0	83.411	26.983	-24.598	16.2	0.0	166.519	5.03	5.6	0.0	91.93	15.214	-24.62	26.4	0.0	230.356	6.31
10.41	4.475	2.127	94.868	27.273	-8.221	16.8	2.011	217.182	4.55	4.6	0.0	90.477	34.829	-14.708	3.2	1.911	269.104	4.76	5.475	0.0	90.127	26.765	-0.843	22.8	1.123	207.592	5.48	5.975	0.0	90.891	32.577	-7.965	16.8	0.0	191.996	4.78	5.975	0.0	90.303	21.244	-8.351	43.6	1.131	190.155	5.14	5.537	0.0	84.39	0.0	0.0	15.6	0.0	197.808	6.0	5.912	0.0	88.367	17.393	-21.218	36.8	0.98	173.494	5.06	5.537	0.0	86.894	27.564	-25.324	9.6	0.0	212.242	5.56	5.662	0.0	84.742	27.056	-23.999	16.2	1.643	154.507	4.96	5.6	0.0	92.577	14.923	-24.514	26.4	1.332	242.078	5.99
-1.0	4.475	0.0	89.498	26.91	-8.221	16.8	1.617	237.04	4.5	4.787	0.0	90.633	34.393	-16.303	3.4	0.0	248.568	4.25	5.35	0.0	92.674	26.765	-0.873	22.8	1.483	224.06	5.4	6.162	0.0	91.441	32.504	-2.369	17.0	2.07	192.093	4.83	6.35	0.0	90.529	21.244	-8.44	43.6	0.0	210.692	4.62	5.225	0.0	87.886	0.0	0.0	15.6	1.693	199.842	5.57	5.662	0.532	91.317	17.03	-21.364	37.0	2.12	167.778	4.64	5.537	0.0	88.633	27.273	-25.625	9.6	1.19	210.304	5.24	5.537	0.0	86.157	25.82	-24.066	16.2	1.936	164.485	4.74	5.475	0.0	94.236	15.286	-24.259	26.4	1.425	296.228	5.5
-1.0	4.475	0.0	83.455	26.91	-8.221	16.8	0.0	24.217	5.07	4.85	0.0	88.153	34.538	-14.615	3.4	1.785	253.411	4.98	5.6	0.0	89.326	25.675	-0.918	22.8	0.0	227.741	5.54	5.975	0.0	90.03	32.432	-2.268	17.0	0.0	212.532	5.42	6.162	0.0	85.481	21.244	-8.372	43.8	1.852	195.871	4.99	5.6	0.0	85.602	0.0	0.0	15.6	0.0	202.361	5.81	5.662	1.595	89.756	16.885	-21.146	37.0	1.399	168.844	4.88	5.6	0.0	87.469	27.056	-26.232	9.6	0.98	228.128	5.56	5.85	0.0	84.628	25.893	-24.384	16.4	1.693	182.793	5.07	5.6	0.0	91.48	15.286	-24.194	26.4	0.0	228.516	5.79
4.06	4.35	0.0	88.116	27.056	-8.321	16.8	1.592	228.128	4.54	4.6	0.532	90.112	34.756	-14.029	3.4	1.182	264.939	4.58	5.35	0.0	90.548	26.402	-0.734	23.0	0.922	213.792	5.45	6.037	0.0	91.412	32.65	-2.255	17.0	0.0	209.917	4.86	5.85	0.0	89.854	21.316	-8.369	43.8	1.718	197.13	5.18	5.35	0.0	84.423	0.0	0.0	15.6	1.718	228.128	6.1	5.85	1.063	87.951	16.957	-20.873	37.0	1.701	205.558	5.16	5.6	0.0	85.643	27.782	-25.447	9.8	0.0	232.391	5.8	5.787	0.0	83.42	26.111	-24.04	16.4	1.198	177.272	5.06	5.537	0.0	91.624	15.214	-24.066	26.6	1.173	222.994	6.04
-1.0	4.475	0.532	0.0	26.983	-8.319	16.8	0.0	237.525	4.52	4.787	0.0	90.532	34.829	-14.128	3.4	1.902	236.459	4.26	5.35	0.0	92.718	25.893	-0.804	23.0	0.0	221.444	5.34	6.037	0.0	92.118	32.722	-2.255	17.2	1.525	207.398	4.65	5.787	0.0	90.778	20.953	-8.346	43.8	0.905	213.598	4.92	5.35	0.0	85.787	0.0	0.0	15.6	1.391	199.939	6.13	6.1	0.0	88.003	17.684	-21.492	37.0	1.341	180.275	4.65	5.412	0.0	89.068	27.201	-1.0	9.8	0.0	242.853	5.54	5.662	0.0	84.623	26.111	-24.107	16.4	0.0	167.391	4.59	5.225	0.0	94.437	15.068	-23.533	26.6	1.282	244.402	5.48
4.1	4.537	0.0	84.369	27.491	-8.377	16.8	1.994	273.367	4.86	4.725	0.0	88.949	34.538	-13.553	3.4	0.0	331.973	4.82	5.225	0.0	90.143	26.474	-0.833	23.0	0.0	257.48	5.54	5.787	0.0	90.373	32.577	-2.236	17.2	1.961	202.167	5.25	5.787	0.0	87.606	21.462	-8.354	43.8	0.0	273.754	4.91	5.725	0.0	86.857	0.0	0.0	15.6	0.0	205.848	6.04	5.787	1.063	88.289	17.175	-21.182	37.0	1.55	165.647	4.74	5.412	0.0	88.962	27.128	-26.069	9.8	1.701	241.981	5.54	5.662	0.0	84.943	25.82	-23.999	16.4	0.0	165.357	4.85	5.35	0.0	93.125	15.286	-23.465	26.6	0.0	270.557	5.59
-1.0	4.6	0.0	0.0	27.128	-8.25	17.0	2.137	243.434	5.19	4.787	0.532	86.704	34.393	-13.685	3.4	0.0	221.444	4.9	5.412	0.0	89.671	25.675	-0.893	23.0	1.173	146.177	5.52	6.1	0.0	90.368	32.432	-2.312	17.2	0.0	194.611	5.32	5.912	0.0	86.02	21.026	-8.368	43.8	1.123	238.978	5.12	5.537	0.0	84.477	0.0	0.0	15.6	1.198	198.292	6.0	5.912	0.0	88.805	17.103	-21.108	37.2	1.467	190.93	5.01	5.662	0.0	86.659	26.91	-1.0	9.8	2.129	229.678	5.88	5.787	0.0	82.717	25.893	-24.256	16.4	0.0	162.451	5.12	5.35	0.0	90.583	15.141	-23.573	26.6	0.0	257.577	5.92
-1.0	4.6	0.0	86.167	27.273	-8.273	17.0	2.095	241.69	4.78	4.725	0.0	89.058	34.248	-13.613	3.6	2.011	275.013	4.8	5.412	0.0	89.71	26.184	-0.823	23.0	0.0	221.444	5.7	6.1	0.0	89.078	32.577	-2.032	17.2	0.0	212.823	5.09	6.037	0.0	88.312	21.462	-8.39	44.0	1.517	201.78	5.16	5.35	0.0	83.684	0.0	0.0	15.6	0.0	180.953	6.28	5.975	0.0	86.884	16.812	-21.455	37.2	0.0	173.009	5.34	5.725	0.0	84.118	26.692	-26.277	9.8	1.224	184.343	5.92	5.85	0.0	82.446	26.402	-24.061	16.4	0.0	155.96	5.16	5.225	0.0	90.828	15.068	-23.207	26.8	0.0	297.778	6.15
4.22	4.412	0.0	88.526	27.419	-8.29	17.2	0.0	223.479	4.5	4.6	0.0	90.23	34.902	-13.591	3.6	0.0	253.605	4.22	5.35	0.0	92.419	25.82	-0.838	23.0	0.0	227.644	5.18	6.162	0.0	93.502	32.577	-2.229	17.4	1.307	195.968	4.67	5.912	0.0	90.699	20.953	-8.407	44.2	1.006	204.298	4.72	5.287	0.0	87.164	0.0	0.0	15.8	0.0	199.649	5.74	5.725	5.317	90.383	17.393	-21.492	37.2	0.0	182.018	4.8	5.6	0.0	87.888	27.564	-1.0	10.0	2.129	214.082	5.37	5.662	0.0	85.401	26.692	-23.999	16.6	0.0	216.891	4.49	5.412	0.0	95.29	15.286	-23.593	26.8	1.944	239.365	5.82
-1.0	4.35	0.532	0.0	27.346	-8.313	17.2	0.0	231.616	4.46	4.725	0.0	90.177	34.321	-13.376	3.6	2.045	277.241	4.55	5.475	0.0	91.362	26.692	-0.705	23.2	0.0	216.504	5.6	5.975	0.0	90.496	32.577	-2.198	17.6	2.07	212.242	4.73	5.85	0.0	90.119	21.244	-8.424	44.2	0.0	218.345	4.55	5.662	0.0	88.371	0.0	0.0	16.0	1.793	205.945	5.75	5.85	1.063	90.898	16.812	-21.419	37.4	1.45	194.321	4.68	5.537	0.0	87.967	27.273	-1.0	10.0	2.028	220.669	5.51	5.787	0.0	85.208	26.91	-24.148	16.8	0.0	174.463	4.85	5.475	0.0	93.351	15.214	-23.286	27.0	1.886	241.981	5.72
-1.0	4.35	0.0	0.0	27.419	-8.321	17.4	0.0	244.79	4.68	4.662	0.532	89.464	34.902	-13.365	3.8	1.416	280.051	4.78	5.412	0.0	90.516	26.765	-0.72	23.2	0.0	324.223	5.76	6.1	0.0	88.218	31.923	-2.102	17.6	0.0	256.705	5.08	5.912	0.0	88.832	21.389	-8.415	44.4	0.0	230.453	5.12	5.725	0.0	84.819	0.0	0.0	16.0	1.492	225.803	6.26	5.975	0.0	87.103	17.393	-21.565	37.6	1.534	188.605	4.96	5.475	0.0	87.002	26.983	-1.0	10.2	0.0	256.705	5.77	5.725	0.0	83.436	26.329	-24.128	16.8	0.972	151.214	4.77	5.225	0.0	93.144	15.432	-23.098	27.0	1.291	277.338	5.7
-1.0	4.537	0.532	0.0	26.91	-8.311	17.6	0.0	232.391	5.02	4.85	0.0	87.592	34.902	-13.575	3.8	0.0	245.952	4.78	5.35	0.0	90.26	26.547	-0.873	23.4	0.0	212.629	5.69	5.912	0.0	89.465	32.577	-1.687	17.8	0.0	47.176	5.28	6.037	0.0	87.304	21.534	-8.437	44.6	2.095	205.17	5.15	5.662	0.0	83.981	0.0	0.0	16.0	1.961	204.105	6.39	5.975	0.532	86.056	17.175	-21.786	37.6	1.14	194.03	5.26	5.6	0.0	85.034	26.838	-1.0	10.2	1.5	163.71	5.85	5.975	0.0	83.362	26.765	-24.211	17.0	1.986	191.996	5.04	5.412	0.0	91.933	15.141	-24.025	27.2	1.467	278.113	6.22
4.05	4.412	1.063	86.886	27.491	-8.268	17.6	1.936	204.008	4.54	4.787	0.0	90.155	35.12	-13.272	4.0	2.095	257.867	4.33	5.35	0.0	92.117	25.966	-0.596	23.4	0.0	236.653	5.16	6.1	0.0	92.714	32.795	-2.172	18.0	0.0	212.823	4.72	5.975	0.0	90.096	20.953	-8.445	44.6	1.986	207.398	4.8	5.412	0.0	86.072	0.0	0.0	16.2	0.0	197.324	6.05	5.912	1.063	88.73	17.466	-21.988	37.8	1.425	193.449	5.01	5.6	0.0	86.258	27.273	-1.0	10.4	0.0	221.929	5.75	5.85	0.0	83.939	25.748	-23.953	17.0	0.0	203.911	4.49	5.35	0.0	94.409	15.359	-22.48	27.4	1.441	258.642	6.17
4.36	4.475	0.0	87.514	27.128	-8.327	17.6	0.0	219.798	4.51	4.725	0.0	89.891	34.611	-13.376	4.0	0.0	259.127	4.28	5.225	0.0	92.228	26.402	-0.798	23.6	0.0	237.234	5.12	5.85	0.0	93.322	32.141	-1.876	18.0	1.224	198.874	4.76	5.975	0.0	90.404	21.534	-8.506	44.8	0.947	203.717	4.66	5.412	0.0	87.918	0.0	0.0	16.4	0.0	189.768	5.78	5.912	1.063	90.222	17.538	-22.542	38.0	0.0	169.232	4.61	5.412	0.0	88.95	27.637	-1.0	10.4	2.137	217.182	5.33	5.725	0.0	85.572	25.893	-1.0	17.2	0.0	170.781	4.49	5.475	0.0	95.884	15.141	-24.153	27.4	1.433	241.593	5.86
4.72	4.475	1.063	87.516	27.201	-8.349	17.8	1.827	357.159	4.53	4.725	0.0	90.153	34.321	-14.249	4.0	1.71	277.726	4.39	5.225	0.0	92.03	26.692	-0.764	23.6	1.877	264.164	5.69	6.1	0.0	88.726	32.504	-2.067	18.2	1.802	267.264	4.91	5.912	0.0	89.781	21.244	-8.573	44.8	1.643	274.238	4.8	5.225	0.0	87.007	0.0	0.0	16.4	1.919	210.982	5.9	5.787	1.063	89.563	17.611	-24.471	38.0	1.24	173.106	4.74	5.6	0.0	88.441	27.637	-1.0	10.6	0.0	225.029	5.55	5.85	0.0	84.922	25.82	-24.061	17.2	2.137	152.764	4.58	5.225	0.0	93.787	15.286	-23.207	27.4	1.793	265.52	5.52
8.94	4.662	0.532	86.268	27.056	-8.34	17.8	0.0	199.455	4.88	4.725	0.0	87.908	34.611	-13.553	4.2	2.129	331.198	4.8	5.537	0.0	90.095	26.692	-1.003	23.6	0.0	294.775	5.8	6.1	0.0	88.623	32.286	-2.242	18.4	0.955	231.616	5.33	5.475	0.0	86.09	20.953	-8.495	45.0	0.964	195.096	5.13	5.662	0.0	83.677	0.0	0.0	16.4	1.71	284.313	6.3	5.975	0.0	86.575	17.611	-22.894	38.2	0.0	190.833	5.08	5.475	0.0	86.051	27.419	-1.0	10.6	0.0	244.79	5.62	5.725	0.0	84.299	25.53	-24.235	17.2	1.182	158.77	4.95	5.35	0.0	92.242	15.432	-22.919	27.6	0.0	232.003	6.16
71.26	4.475	4.254	0.0	27.346	-8.297	18.0	0.0	225.029	4.58	4.725	0.0	89.438	34.902	-13.148	4.2	1.961	276.951	4.96	5.412	0.0	89.342	26.111	-1.518	23.6	0.0	236.944	5.78	6.1	0.0	88.902	32.432	-8.014	18.4	0.0	202.555	4.88	5.975	0.0	89.516	21.534	-8.558	45.0	1.148	223.285	5.27	5.662	0.0	83.549	0.0	0.0	16.6	1.173	211.854	6.37	5.975	4.785	86.142	17.538	-23.556	38.4	1.793	210.207	5.2	5.6	0.0	85.811	27.346	-1.0	10.6	1.14	225.319	5.78	5.725	0.0	83.531	26.474	-24.128	17.4	1.802	170.394	5.08	5.537	0.0	91.314	15.432	-23.415	27.8	0.0	272.979	6.3
-1.0	4.412	0.0	0.0	27.273	-8.268	18.0	1.291	228.806	4.55	4.725	0.0	90.2	34.829	-12.423	4.4	1.467	258.642	4.3	5.35	0.0	91.964	26.184	-0.942	23.8	0.0	232.681	5.05	5.975	0.0	93.549	31.996	-2.233	18.4	2.112	198.68	4.7	5.725	0.0	90.388	21.897	-8.508	45.0	2.129	205.267	4.68	5.412	0.0	86.533	0.0	0.0	16.6	0.0	202.264	5.64	5.6	1.063	90.314	17.103	-23.654	38.4	1.089	190.155	4.7	5.412	0.0	87.907	27.056	-1.0	10.8	1.944	232.003	5.25	5.6	0.0	85.688	26.91	-24.194	17.6	0.0	219.991	4.52	5.35	0.0	94.9	15.359	-22.699	27.8	1.927	218.635	6.16
4.66	4.475	0.532	82.781	27.201	-8.282	18.0	0.0	79.336	4.7	4.6	0.0	89.254	34.611	-13.071	4.4	0.0	167.294	4.6	5.412	0.0	91.46	26.765	-0.962	23.8	0.0	230.453	5.45	5.975	0.0	91.073	32.65	-2.024	18.6	0.0	214.47	5.2	5.787	0.0	88.383	21.825	-8.537	45.2	2.095	223.382	4.63	5.412	0.0	87.801	0.0	0.0	16.8	1.173	213.404	5.56	5.85	0.532	91.378	17.466	-23.406	38.4	1.71	195.483	4.6	5.225	0.0	88.709	26.765	-1.0	10.8	1.86	209.723	5.45	5.662	0.0	85.782	26.111	-24.107	17.6	1.953	209.336	4.91	5.475	0.0	92.273	15.432	-23.395	27.8	2.062	235.297	5.48
4.31	4.475	0.0	84.214	27.201	-8.305	18.0	1.668	169.619	5.04	4.85	11.698	87.199	34.321	-13.283	4.4	1.869	104.716	5.01	5.475	0.0	89.377	25.748	-0.913	23.8	0.0	218.248	5.9	5.975	0.0	88.429	32.286	-2.302	18.6	0.0	186.668	5.28	5.787	0.0	86.324	22.261	-8.478	45.2	1.081	85.924	5.41	5.662	0.0	83.444	0.0	0.0	16.8	2.095	188.799	6.49	6.225	2.659	86.081	17.175	-23.416	38.6	1.902	190.737	5.24	5.537	0.0	85.775	26.838	-1.0	10.8	1.927	231.131	5.77	5.85	0.0	83.944	26.765	-23.735	17.6	1.911	178.531	5.08	5.537	0.0	91.398	15.577	-23.087	28.0	1.777	182.018	6.44
4.07	4.475	0.532	87.507	27.273	-8.267	18.2	1.835	193.449	4.58	4.725	0.0	89.867	34.248	-13.434	4.4	0.0	286.057	4.68	5.475	0.0	90.234	26.402	-0.913	23.8	1.081	200.617	5.27	6.1	0.0	91.575	32.432	-2.207	18.8	1.257	201.392	4.92	5.975	0.0	88.748	21.244	-8.453	45.4	1.701	170.685	5.24	5.412	0.0	84.002	0.0	0.0	16.8	0.0	200.133	6.13	5.975	0.0	88.268	17.611	-23.775	38.6	2.129	189.768	5.35	5.662	0.0	84.851	27.637	-1.0	11.0	0.0	210.111	5.82	5.85	0.0	83.123	26.329	-24.169	17.6	0.0	160.901	4.68	5.35	0.0	93.325	15.504	-23.137	28.0	0.0	199.842	6.28
