7.23	5.162	0.0	62.946	24.803	-12.352	34.8	1.031	226.869	5.89	5.35	0.0	63.05	33.594	-8.186	28.8	0.0	258.352	6.47	5.225	0.0	61.533	24.004	-10.696	0.0	1.534	228.419	7.67	6.725	0.0	54.995	31.124	-2.462	35.0	2.028	209.432	6.68	5.475	0.0	63.767	11.363	-9.28	0.0	1.542	205.461	7.44	5.787	0.0	56.338	0.0	0.0	0.2	0.0	217.279	8.3	6.037	0.0	54.498	9.62	-26.391	0.0	0.0	187.637	6.74	5.412	0.0	59.969	26.547	-12.255	31.6	0.0	258.739	7.38	5.412	0.0	60.669	21.534	-17.695	0.0	0.0	134.746	6.94	6.162	0.0	57.018	10.201	-1.0	37.2	1.316	309.693
7.24	5.412	1.063	62.026	24.803	-13.047	34.8	0.0	247.115	5.9	5.35	1.063	62.997	33.449	-8.219	28.8	0.0	254.671	6.38	5.35	0.0	62.077	24.15	-10.741	0.0	1.961	242.368	7.74	6.725	0.0	53.467	30.543	-2.249	35.0	2.137	225.803	6.88	5.412	0.0	62.217	11.291	-9.234	0.0	1.089	217.957	7.5	5.912	0.0	56.959	0.0	0.0	0.2	0.0	193.836	8.38	6.1	0.0	53.618	10.056	-1.0	0.0	0.939	166.519	6.88	5.225	0.0	59.708	26.474	-12.048	31.6	1.324	247.115	7.8	5.725	0.0	55.925	21.825	-17.769	0.0	0.0	189.187	6.76	5.975	0.0	60.284	9.547	-1.0	37.2	1.651	347.084
7.3	5.1	0.0	61.559	24.803	-12.342	34.8	2.103	217.376	5.96	5.6	0.0	62.007	33.521	-8.27	28.8	0.0	285.282	6.96	5.35	0.0	56.236	23.714	-10.741	0.0	0.0	271.526	8.12	7.162	0.0	50.394	31.051	-2.616	35.0	0.0	232.972	7.21	5.85	0.0	58.703	11.291	-9.356	0.0	0.0	226.869	7.67	5.787	0.0	53.813	0.0	0.0	0.2	1.014	218.345	8.61	6.35	0.0	51.037	9.402	-1.0	0.0	1.148	179.209	7.01	5.35	0.0	57.347	26.474	-12.336	31.6	0.0	244.015	7.96	5.85	0.0	54.27	21.244	-17.425	0.0	0.0	134.358	7.08	6.1	0.0	55.026	10.056	-1.0	37.2	1.24	279.276
7.23	5.037	0.0	61.968	25.385	-12.474	34.8	1.886	249.052	6.0	5.6	0.0	61.482	33.594	-8.27	28.8	0.0	290.997	7.16	5.475	0.0	53.739	24.367	-10.901	0.0	0.0	260.095	8.02	6.912	0.0	50.745	30.688	-2.492	35.0	2.112	204.88	7.51	5.6	0.0	55.647	11.363	-9.276	0.0	0.0	242.853	7.83	5.787	0.0	52.674	0.0	0.0	0.2	1.207	225.416	8.66	6.35	0.0	50.468	9.91	-1.0	0.0	1.534	182.793	7.12	5.475	0.0	56.319	26.692	-12.088	31.6	1.031	242.465	7.68	5.6	0.0	57.509	21.825	-17.929	0.0	0.0	160.707	7.26	6.162	0.0	52.802	10.056	-1.0	37.2	1.098	280.438
7.36	5.225	0.0	61.456	24.585	-12.41	34.8	1.802	237.04	6.0	5.475	0.0	61.426	33.449	-8.248	28.8	0.0	282.666	7.2	5.475	0.0	54.071	23.859	-10.758	0.0	0.0	264.551	7.85	6.912	0.0	51.928	30.543	-2.457	35.0	1.399	218.829	7.56	5.6	0.0	54.95	10.782	-9.296	0.0	0.0	251.087	7.88	5.787	0.0	51.992	0.0	0.0	0.2	1.265	212.145	8.51	6.162	0.0	51.839	9.91	-1.0	0.0	1.148	179.5	7.21	5.225	0.0	55.895	26.184	-12.092	31.6	1.031	248.955	7.62	5.537	0.0	57.818	21.825	-17.914	0.0	0.0	143.27	7.21	6.162	0.0	54.249	9.838	-1.0	37.2	1.291	268.426
7.4	5.225	0.532	61.068	25.239	-12.457	34.8	1.902	211.467	6.05	5.662	0.0	61.098	33.594	-8.277	28.8	0.955	285.282	7.1	5.35	0.0	54.97	24.222	-10.769	0.0	0.0	240.528	7.78	6.787	0.0	53.234	31.124	-2.484	35.0	1.986	204.783	7.46	5.725	0.0	56.049	11.0	-9.263	0.0	1.048	253.702	7.8	5.725	0.0	52.221	0.0	0.0	0.2	1.165	207.979	8.26	6.1	0.0	53.512	9.62	-1.0	0.0	1.207	185.893	7.19	5.35	0.0	56.038	26.692	-11.941	31.6	0.0	227.935	7.58	5.6	0.0	57.956	21.752	-17.929	0.0	0.0	139.202	7.21	6.1	0.0	54.249	9.838	-1.0	37.2	1.341	258.739
7.37	5.412	0.532	61.542	24.803	-12.44	34.8	2.087	221.444	5.96	5.35	0.0	61.979	33.667	-8.235	28.8	0.0	282.666	6.9	5.35	0.0	57.33	23.859	-10.713	0.0	0.0	245.565	7.77	6.85	0.0	53.114	31.124	-2.148	35.0	1.475	221.541	7.44	5.6	0.0	55.402	10.782	-9.238	0.0	1.064	242.271	7.78	6.037	0.0	52.547	0.0	0.0	0.2	1.567	198.486	8.36	5.912	1.063	53.377	9.184	-26.249	0.0	1.441	179.306	7.18	5.475	0.0	55.919	26.402	-12.045	31.6	0.0	240.431	7.47	5.412	0.0	59.46	21.752	-17.98	0.0	0.0	170.394	7.21	6.162	0.0	53.39	9.765	-1.0	37.2	1.592	266.876
7.22	5.225	1.063	62.554	25.53	-12.363	34.8	1.006	230.356	5.8	5.475	0.532	63.697	33.667	-8.256	28.8	1.098	273.076	6.9	5.475	0.0	55.877	24.44	-10.651	0.0	0.0	266.004	7.7	6.662	0.0	53.639	30.543	-2.334	35.0	1.106	195.193	7.44	5.537	0.0	56.076	11.145	-9.222	0.0	1.148	242.078	7.66	5.725	0.0	53.396	0.0	0.0	0.2	1.089	206.72	8.35	6.037	0.0	53.226	9.91	-1.0	0.0	0.0	176.691	7.07	5.35	0.0	56.718	26.329	-11.982	31.6	0.0	220.088	7.52	5.412	0.0	57.715	21.607	-17.98	0.0	0.0	118.181	7.21	6.162	0.0	53.628	9.765	-1.0	37.2	1.575	271.429
7.22	5.225	0.532	62.582	25.53	-12.363	34.8	0.0	214.373	5.69	5.35	0.0	64.2	33.594	-8.243	28.8	0.0	261.839	6.77	5.35	0.0	57.916	23.786	-10.66	0.0	0.0	254.477	7.55	6.6	0.0	55.419	30.47	-2.453	35.0	1.659	224.641	7.21	5.85	0.0	58.617	10.855	-9.297	0.0	1.274	251.958	7.61	5.475	0.0	54.721	0.0	0.0	0.2	1.777	211.37	8.27	6.1	1.063	54.7	10.128	-1.0	0.0	1.098	171.363	7.06	5.412	0.0	57.875	26.474	-11.827	31.6	0.0	233.941	7.78	5.537	0.0	55.541	21.244	-18.203	0.0	0.0	144.53	7.0	6.1	0.0	57.201	9.91	-1.0	37.2	1.777	253.605
7.21	5.037	0.532	62.58	25.603	-12.15	34.8	0.0	237.428	5.77	5.35	0.0	63.389	33.594	-8.202	28.8	0.0	260.289	6.88	5.225	0.0	57.558	24.15	-10.669	0.0	0.0	269.104	7.59	6.475	0.0	55.278	30.543	-2.304	35.0	1.341	213.404	7.16	5.537	0.0	59.81	10.709	-9.269	0.0	0.0	213.404	7.46	5.475	0.0	56.545	0.0	0.0	0.2	1.643	200.908	8.14	5.787	1.063	55.507	10.056	-1.0	0.0	1.022	176.497	6.9	5.35	0.0	59.112	26.692	-11.982	31.6	0.0	229.097	7.4	5.412	0.0	60.133	21.534	-18.076	0.0	0.0	136.102	6.94	6.1	0.0	57.047	9.91	-1.0	37.2	1.291	272.785
7.02	4.912	0.532	64.295	25.603	-12.454	34.8	0.0	205.655	5.75	5.35	0.0	63.578	33.303	-8.177	28.8	0.0	272.592	6.39	5.35	0.0	61.967	24.15	-11.941	0.0	0.0	235.297	7.7	6.787	0.0	54.173	30.543	-2.519	35.0	2.07	199.261	6.72	5.6	0.0	63.553	11.218	-9.257	0.0	1.609	214.567	7.46	5.475	0.0	55.903	0.0	0.0	0.2	1.584	201.005	8.2	5.975	0.532	55.545	9.402	-1.0	0.0	1.182	183.471	6.86	5.162	0.0	58.419	26.474	-11.829	31.6	1.383	243.918	7.58	5.6	0.0	58.388	21.534	-18.218	0.0	0.0	144.82	6.76	5.975	0.0	59.802	9.62	-1.0	37.2	1.701	253.508
6.92	4.912	0.0	65.647	25.675	-12.312	34.8	0.0	208.754	5.6	5.1	0.0	65.33	33.521	-8.2	28.8	0.0	261.645	6.17	4.85	0.0	63.926	24.585	-10.564	0.0	0.0	237.331	7.56	6.6	0.0	55.391	30.833	-2.312	35.0	0.0	214.179	6.71	5.35	0.0	63.662	10.564	-9.495	0.0	1.374	213.792	7.41	5.225	0.0	57.293	0.0	0.0	0.2	1.366	214.857	8.15	6.037	0.0	55.919	9.402	-1.0	0.0	1.919	178.047	6.86	5.162	0.0	59.533	26.329	-12.126	31.6	1.366	258.255	7.54	5.6	0.0	58.296	21.389	-18.218	0.0	0.0	149.761	6.62	5.787	0.0	61.389	9.983	-1.0	37.2	1.575	266.489
6.92	4.725	0.0	66.028	25.312	-12.282	34.8	0.0	202.458	5.53	4.975	0.0	66.238	33.449	-8.203	28.8	0.0	253.315	6.21	5.225	0.0	64.263	24.367	-10.539	0.0	0.0	231.228	7.52	6.537	0.0	56.438	31.051	-2.255	35.0	0.0	209.142	6.64	5.537	0.0	64.997	11.073	-9.269	0.0	1.693	215.245	7.29	5.537	0.0	58.745	0.0	0.0	0.2	1.106	205.945	8.24	6.037	1.063	55.198	9.91	-1.0	0.0	1.475	183.471	6.78	5.225	0.0	61.022	26.474	-12.092	31.6	1.71	236.653	7.52	5.537	0.0	58.953	21.244	-18.106	0.0	0.0	147.436	6.66	5.725	0.0	61.536	10.201	-1.0	37.2	1.24	260.677
6.7	4.787	0.532	67.85	25.53	-12.292	34.8	0.0	207.979	5.42	5.225	0.0	67.4	33.449	-8.205	28.8	0.0	240.818	5.98	5.162	0.0	66.697	24.295	-10.431	0.0	2.011	218.345	7.5	6.662	0.0	56.581	31.124	-2.546	35.0	0.0	208.658	6.22	5.225	0.0	68.906	10.927	-9.28	0.0	1.684	198.874	7.08	5.475	0.0	61.747	0.0	0.0	0.2	0.0	207.979	8.24	5.975	2.659	55.198	9.329	-25.88	0.0	1.55	187.443	6.69	5.162	0.0	61.906	26.111	-11.829	31.6	1.173	236.362	7.4	5.6	0.0	60.417	21.607	-18.316	0.0	0.0	123.703	6.38	5.6	0.0	64.376	9.474	-1.0	37.2	1.265	247.405
6.64	4.725	0.532	68.373	25.021	-12.19	34.8	1.14	209.432	5.38	5.35	1.595	67.792	33.739	-8.219	28.8	0.0	241.206	5.82	5.162	0.0	68.273	24.585	-10.555	0.0	1.617	210.111	7.04	6.412	0.0	62.272	30.833	-2.034	35.0	1.542	223.091	6.16	5.225	0.0	69.318	10.709	-9.29	0.0	0.0	205.848	6.34	5.037	0.0	68.875	0.0	0.0	0.2	0.0	209.142	7.54	5.6	0.0	63.333	10.201	-1.0	0.0	1.701	184.246	6.11	4.725	0.0	67.285	26.692	-11.97	31.6	1.567	213.404	7.21	5.6	0.0	62.525	21.244	-18.218	0.0	0.0	163.807	6.27	5.725	0.0	65.531	9.474	-1.0	37.2	1.123	252.733
6.54	4.725	0.532	68.807	24.803	-12.19	34.8	0.939	206.817	5.28	5.225	0.0	68.225	33.667	-8.205	28.8	1.089	238.203	5.85	5.1	0.0	68.119	23.641	-10.521	0.0	1.643	217.085	6.78	6.1	0.0	65.595	30.47	-2.102	35.0	1.299	199.455	6.03	5.225	0.0	70.108	11.218	-9.3	0.0	0.0	203.717	6.14	4.975	0.0	70.025	0.0	0.0	0.2	0.0	200.424	6.89	5.225	0.532	69.085	9.474	-1.0	0.0	1.71	172.622	5.86	4.912	0.0	68.917	26.62	-12.042	31.6	1.031	217.279	6.72	5.162	0.0	67.505	21.534	-18.209	0.0	0.0	170.394	6.12	5.725	0.0	67.529	9.474	-1.0	37.2	1.257	245.952
6.51	4.662	1.063	69.41	24.803	-12.318	34.8	0.0	206.623	5.27	5.225	1.063	69.096	33.739	-8.172	28.8	0.997	255.833	5.82	5.1	0.0	68.459	24.367	-10.521	0.0	1.106	211.854	6.24	5.912	0.0	69.939	30.18	-2.107	35.0	0.0	194.805	5.91	5.1	0.0	71.181	10.855	-9.235	0.0	1.701	197.13	5.97	5.037	0.0	71.037	0.0	0.0	0.2	0.0	191.124	6.64	5.225	0.0	70.331	9.62	-1.0	0.0	0.93	186.668	5.86	4.975	0.0	69.129	27.056	-13.081	31.6	1.014	213.017	6.65	5.225	0.0	68.135	21.825	-18.127	0.0	0.0	158.77	6.03	5.475	0.0	69.346	10.056	-1.0	37.2	0.0	219.991
6.56	4.725	0.0	69.737	25.239	-12.282	34.8	0.98	219.507	5.29	5.162	0.0	69.626	33.667	-8.199	28.8	0.905	224.932	5.7	5.225	0.0	69.151	24.367	-10.564	0.0	1.123	212.242	6.18	5.912	0.0	70.661	30.47	-2.107	35.0	0.0	185.796	5.9	5.1	0.0	71.283	10.855	-9.285	0.0	2.062	200.23	5.92	4.475	0.0	71.417	0.0	0.0	0.2	0.0	209.045	6.73	5.475	0.532	69.875	9.765	-1.0	0.0	0.0	180.468	5.82	5.037	0.0	69.438	26.62	-12.106	31.6	0.0	205.655	6.64	5.162	0.0	67.866	21.97	-18.404	0.0	0.0	169.232	5.89	5.475	0.0	70.657	9.692	-1.0	37.2	0.0	242.465
6.56	4.787	0.0	69.261	24.731	-12.246	34.8	1.123	180.856	5.26	5.35	0.0	69.489	33.667	-8.177	28.8	0.947	263.389	5.78	5.162	0.0	68.876	23.786	-10.53	0.0	0.922	209.529	6.31	5.975	0.0	69.768	30.397	-2.129	35.0	1.089	188.993	5.99	5.225	0.0	70.598	11.291	-9.29	0.0	2.103	199.842	5.91	5.037	0.0	71.674	0.0	0.0	0.2	0.0	198.389	6.62	5.412	0.532	70.589	9.547	-1.0	0.0	0.0	185.99	5.87	4.912	0.0	69.157	27.056	-12.042	31.6	0.0	207.108	6.69	5.225	0.0	67.419	21.68	-18.617	0.0	0.0	162.644	6.02	5.6	0.0	69.185	9.838	-1.0	37.2	0.0	256.414
6.7	4.85	0.0	68.118	25.021	-12.165	34.8	1.207	216.117	5.36	5.225	0.0	68.134	33.303	-8.189	28.8	1.006	229.291	5.82	4.912	0.0	68.114	23.932	-10.496	0.0	0.0	205.267	6.18	5.975	0.0	70.609	31.197	-2.233	35.0	0.0	197.518	5.98	5.35	0.0	70.544	10.855	-9.305	0.0	1.919	203.62	5.98	4.85	0.0	70.883	0.0	0.0	0.2	0.0	188.024	6.7	5.537	0.0	69.869	9.838	-1.0	0.0	0.0	180.468	5.9	5.037	0.0	68.713	26.62	-12.106	31.6	0.0	218.441	6.81	5.412	0.0	66.389	21.825	-18.565	0.0	0.0	176.206	6.05	5.537	0.0	68.953	9.765	-1.0	37.2	0.0	231.131
6.7	4.85	0.532	68.198	25.385	-12.349	34.8	1.307	192.093	5.5	5.412	0.0	67.12	33.739	-8.201	28.8	1.098	234.716	5.84	5.162	0.0	67.423	24.44	-10.431	0.0	0.0	198.971	6.21	6.1	0.0	69.907	31.269	-2.207	35.0	0.0	193.158	5.93	5.6	0.0	70.456	11.654	-9.399	0.0	1.676	194.418	6.1	5.162	0.0	70.201	0.0	0.0	0.2	0.0	196.646	6.74	5.475	0.0	69.586	9.474	-1.0	0.0	0.0	161.385	5.89	4.85	0.0	68.658	26.62	-11.989	31.6	0.0	212.048	6.85	5.412	0.0	65.907	21.026	-18.565	0.0	0.0	148.308	6.17	5.475	0.0	67.698	10.274	-1.0	37.2	1.165	235.006
6.72	4.975	0.0	67.934	24.876	-12.276	34.8	1.341	207.204	5.52	5.225	7.976	66.882	33.667	-8.189	28.8	0.0	226.385	5.89	5.162	0.0	67.673	24.44	-10.581	0.0	0.0	202.458	6.48	6.1	0.0	67.675	31.342	-2.032	35.0	0.0	200.52	6.12	5.475	0.0	69.705	11.218	-9.32	0.0	1.701	196.355	6.02	5.1	0.0	70.264	0.0	0.0	0.2	0.0	186.184	6.74	5.475	0.0	69.639	10.128	-1.0	0.0	0.0	174.85	5.94	4.975	0.0	67.95	26.547	-12.14	31.6	0.0	207.592	6.82	5.35	0.0	66.472	21.68	-17.869	0.0	0.0	135.908	6.2	5.662	0.0	66.98	9.765	-1.0	37.2	0.0	249.44
6.78	4.787	0.532	67.14	24.876	-12.2	34.8	0.0	183.568	5.5	5.225	1.595	66.852	33.667	-8.181	28.8	1.215	261.839	5.8	5.1	0.0	68.11	24.44	-10.572	0.0	0.0	208.27	6.72	6.412	0.0	65.911	31.124	-2.562	35.0	0.0	202.845	6.31	5.475	0.0	67.778	11.0	-9.31	0.0	1.978	203.33	6.02	5.1	0.0	70.578	0.0	0.0	0.2	1.961	193.255	6.8	5.537	1.595	69.148	9.62	-1.0	0.0	0.0	179.984	6.06	5.037	0.0	67.571	26.62	-12.195	31.6	0.0	215.245	6.77	5.225	0.0	66.625	21.825	-18.518	0.0	0.0	137.846	6.15	5.725	0.0	67.347	10.201	-1.0	37.2	1.634	238.203
6.76	4.787	0.532	67.297	25.167	-12.246	34.8	0.0	188.605	5.51	5.412	0.532	66.396	33.521	-8.201	28.8	0.0	272.979	5.84	5.225	0.0	68.091	24.658	-10.564	0.0	0.0	202.07	6.55	6.225	0.0	67.501	30.979	-2.321	35.0	0.0	198.68	6.26	5.537	0.0	68.222	10.855	-9.318	0.0	1.525	212.048	6.3	5.225	0.0	68.469	0.0	0.0	0.2	0.0	194.805	6.76	5.537	1.063	69.299	9.547	-1.0	0.0	0.0	174.269	5.92	4.912	0.0	68.372	26.983	-12.086	31.6	1.953	207.398	6.84	5.537	0.0	66.15	21.171	-18.203	0.0	0.0	164.582	6.22	5.725	0.0	67.037	9.692	-1.0	37.2	1.492	219.216
6.82	4.975	0.532	66.877	25.167	-12.14	34.8	0.0	223.866	5.56	5.225	0.532	66.298	33.449	-8.147	28.8	0.0	238.978	5.98	5.1	0.0	67.315	23.496	-10.521	0.0	0.0	214.179	6.76	6.35	0.0	65.483	31.415	-2.4	35.0	0.964	203.136	6.34	5.412	0.0	67.65	11.073	-9.323	0.0	1.584	215.923	6.45	5.225	0.0	67.455	0.0	0.0	0.2	0.0	207.979	7.12	5.662	0.532	67.013	9.547	-1.0	0.0	1.073	173.106	5.87	5.037	0.0	68.813	26.402	-11.809	31.6	0.0	205.558	6.8	5.35	0.0	66.549	21.316	-18.45	0.0	0.0	157.995	6.16	5.6	0.0	67.187	10.056	-1.0	37.2	1.098	232.391
6.74	4.787	0.0	67.589	25.603	-12.292	34.8	0.0	221.057	5.54	5.225	0.532	66.59	33.667	-8.147	28.8	0.939	250.118	5.72	5.037	0.0	69.26	24.44	-10.59	0.0	0.972	214.082	6.72	6.475	0.0	66.156	30.47	-2.444	35.0	1.374	202.167	6.04	5.037	0.0	70.11	10.709	-9.247	0.0	1.726	204.686	6.5	5.475	0.0	67.223	0.0	0.0	0.2	0.0	207.495	7.18	5.662	0.532	66.943	8.966	-26.254	0.0	1.081	175.044	5.96	5.037	0.0	68.273	26.547	-12.15	31.6	0.0	195.193	6.84	5.35	0.0	66.448	21.534	-17.68	0.0	0.0	170.2	6.13	5.662	0.0	67.825	9.692	-1.0	37.2	1.433	229.678
6.77	4.787	0.0	67.89	24.803	-13.159	34.8	1.399	226.482	5.45	5.225	0.0	67.592	33.885	-8.205	28.8	0.0	254.283	5.68	4.912	0.0	69.358	23.786	-10.599	0.0	1.425	217.57	6.72	6.412	0.0	66.291	31.051	-2.562	35.0	1.886	213.21	6.26	5.35	0.0	68.94	11.0	-9.347	0.0	0.0	204.395	6.12	4.912	0.0	70.754	0.0	0.0	0.2	0.0	207.786	7.05	5.6	4.785	68.022	9.692	-26.232	0.0	1.257	181.147	5.9	4.975	0.0	68.925	26.402	-12.052	31.6	0.0	221.154	6.78	5.35	0.0	66.978	21.68	-18.549	0.0	0.0	135.521	6.06	5.662	0.0	68.345	9.765	-1.0	37.2	1.224	248.665
6.7	4.975	0.0	68.037	24.949	-12.14	34.8	0.0	193.836	5.54	5.162	0.0	66.778	33.739	-8.174	28.8	0.0	249.827	5.79	5.162	0.0	68.692	24.44	-10.581	0.0	1.559	207.979	6.62	6.287	0.0	67.352	30.615	-2.552	35.0	1.324	195.968	6.14	5.537	0.0	69.393	11.0	-9.328	0.0	2.053	206.43	6.31	5.225	0.0	69.346	0.0	0.0	0.2	0.0	203.136	6.92	5.6	1.063	68.878	9.474	-1.0	0.0	0.0	176.594	5.86	4.912	0.0	69.419	26.474	-11.999	31.6	2.02	211.854	6.92	5.537	0.0	65.729	21.171	-18.696	0.0	0.0	150.245	6.14	5.537	0.0	68.386	9.983	-1.0	37.2	1.693	237.04
6.62	4.662	0.0	68.742	25.021	-12.226	34.8	0.0	188.605	5.42	5.162	0.0	67.773	33.594	-8.174	28.8	0.0	244.015	5.89	5.162	0.0	68.286	24.44	-10.633	0.0	1.391	208.561	6.57	6.225	0.0	67.986	30.761	-2.356	35.0	1.492	218.054	6.0	5.225	0.0	70.652	11.291	-9.332	0.0	2.053	204.492	6.12	5.037	0.0	70.231	0.0	0.0	0.2	0.0	191.899	6.76	5.35	1.063	70.065	9.329	-26.142	0.0	0.0	177.659	5.97	5.162	0.0	68.673	27.056	-12.17	31.6	0.0	204.105	6.95	5.537	0.0	65.598	21.825	-18.497	0.0	0.0	147.533	5.96	5.537	0.0	69.332	10.056	-26.114	37.2	1.374	249.052
6.46	4.537	0.0	69.533	24.658	-12.252	34.8	0.939	178.144	5.27	5.037	0.532	68.541	33.449	-8.193	28.8	1.14	240.528	5.76	5.1	0.0	69.11	24.44	-10.678	0.0	0.905	201.295	6.28	5.912	0.0	69.367	31.124	-2.107	35.0	1.316	193.933	5.97	5.225	0.0	70.62	11.363	-9.332	0.0	1.567	202.167	6.02	4.787	0.0	70.865	0.0	0.0	0.2	0.0	202.652	6.61	5.412	0.532	71.031	9.692	-1.0	0.0	0.0	173.106	5.88	4.912	0.0	69.212	26.329	-12.086	31.6	0.0	209.917	6.93	5.412	0.0	65.376	21.752	-18.764	0.0	0.0	169.91	5.94	5.537	0.0	70.013	9.765	-1.0	37.2	0.947	216.504
