6.28	2.475	1.063	75.368	24.44	-13.839	34.8	0.0	235.878	5.2	3.288	0.0	74.867	32.722	-7.797	28.8	0.0	247.018	5.52	4.787	0.0	77.759	24.004	-13.746	0.0	0.0	162.741	6.21	5.35	0.0	78.007	30.47	-0.734	35.0	0.0	182.406	5.75	5.975	0.0	78.856	10.782	-9.342	0.0	0.0	176.594	6.06	4.662	0.0	77.434	0.0	0.0	0.2	0.0	174.656	6.62	5.162	1.063	76.713	8.821	-1.0	0.0	0.98	178.144	5.76	5.412	0.0	75.385	26.765	-10.565	31.6	0.0	197.518	6.62	5.6	0.0	74.353	20.735	-9.671	0.0	0.0	133.099	5.66	3.913	0.0	80.161	9.256	-1.0	37.2	0.0	307.562
6.34	2.85	0.0	74.093	24.658	-13.971	34.8	0.0	191.124	5.14	3.35	0.0	75.005	32.577	-7.812	28.8	0.0	247.115	5.51	4.85	0.0	76.626	24.367	-13.758	0.0	0.0	165.357	6.25	5.537	0.0	76.858	30.543	-1.003	35.0	1.257	182.89	5.74	6.037	0.0	77.537	10.782	-9.237	0.0	0.0	176.981	5.96	4.662	0.0	77.216	0.0	0.0	0.2	0.0	171.653	6.85	5.537	0.0	75.109	8.457	-1.0	0.0	0.0	161.482	5.88	5.225	0.0	74.024	26.111	-10.131	31.6	0.0	197.518	6.78	5.412	0.0	72.93	20.662	-9.895	0.0	0.0	132.034	5.56	3.913	0.0	80.878	8.966	-1.0	37.2	0.0	307.562
6.43	3.038	3.722	73.372	24.876	-14.138	34.8	0.0	190.93	5.23	3.788	0.0	73.079	32.795	-7.804	28.8	0.0	189.962	5.55	4.975	0.0	76.238	23.786	-13.597	0.0	0.0	152.57	6.35	5.6	0.0	75.357	30.543	-1.093	35.0	1.257	167.1	5.76	5.975	0.0	77.222	11.218	-9.332	0.0	0.0	176.981	5.88	4.912	0.0	77.862	0.0	0.0	0.2	0.0	171.46	6.58	5.35	0.0	76.878	9.184	-1.0	0.0	0.0	161.482	5.82	5.662	0.0	74.568	26.329	-10.574	31.6	0.0	197.808	6.62	5.412	0.0	73.972	20.88	-9.593	0.0	0.0	136.296	5.48	4.412	0.0	80.169	9.184	-1.0	37.2	0.0	307.465
6.57	3.35	0.532	72.244	24.949	-14.331	34.8	0.0	191.318	5.28	3.475	0.0	72.987	33.086	-1.545	28.8	0.0	190.155	5.71	4.85	0.0	73.456	23.859	-13.82	0.0	0.0	167.682	6.44	5.537	0.0	73.272	30.979	-1.038	35.0	0.0	162.838	5.77	6.162	0.0	76.483	10.855	-9.316	0.0	0.0	176.4	5.98	4.787	0.0	75.856	0.0	0.0	0.2	0.0	171.363	6.56	5.225	0.0	76.177	9.038	-1.0	0.0	0.0	161.482	6.02	5.662	0.0	71.618	26.474	-10.524	31.6	0.0	180.662	6.69	5.475	0.0	72.629	20.88	-9.601	0.0	0.0	136.393	5.5	4.412	0.0	79.646	8.457	-1.0	37.2	0.0	307.174
6.56	3.225	0.532	72.138	24.367	-14.377	34.8	0.0	191.221	5.3	3.475	0.0	72.761	32.722	-7.747	28.8	0.0	190.155	5.78	5.037	0.0	73.47	24.295	-13.792	0.0	1.081	161.191	6.5	5.725	0.0	73.463	30.979	-0.993	35.0	1.207	163.419	5.92	6.225	0.0	76.614	10.855	-9.343	0.0	0.0	176.981	6.17	4.85	0.0	74.007	0.0	0.0	0.2	0.0	176.594	6.6	5.475	0.532	74.956	8.966	-1.0	0.0	0.0	169.813	6.0	5.6	0.0	71.406	26.547	-10.591	31.6	0.0	180.468	6.8	5.537	0.0	71.095	20.662	-9.609	0.0	0.0	135.521	5.54	4.475	0.0	78.3	8.603	-1.0	37.2	0.0	306.69
6.54	3.975	1.595	75.045	24.513	-14.176	34.8	0.0	204.008	5.3	4.35	0.0	75.088	32.65	-7.843	28.8	0.0	221.541	5.91	4.787	0.0	72.319	24.15	-13.871	0.0	0.0	199.842	6.48	5.787	0.0	73.356	30.833	-1.154	35.0	0.0	163.419	6.1	6.287	0.0	74.043	10.782	-9.322	0.0	0.0	176.884	6.1	5.037	0.0	74.903	0.0	0.0	0.2	0.0	165.357	6.66	5.475	0.0	75.773	8.603	-1.0	0.0	0.0	169.91	6.05	5.6	0.0	72.218	26.474	-10.749	31.6	0.0	184.634	6.82	5.6	0.0	71.151	21.098	-9.644	0.0	0.0	135.521	5.6	4.725	0.0	76.842	8.966	-1.0	37.2	0.0	188.412
6.36	4.162	0.0	76.757	24.15	-13.821	34.8	1.475	188.509	5.24	4.162	0.0	75.924	32.867	-7.885	28.8	0.0	221.347	5.82	5.1	0.0	72.84	23.641	-13.803	0.0	0.0	191.608	6.37	5.787	0.0	74.022	30.543	-1.154	35.0	1.039	177.175	6.11	6.287	0.0	77.371	10.564	-9.332	0.0	1.609	204.88	6.03	5.037	0.0	75.391	0.0	0.0	0.2	0.0	174.947	6.66	5.475	1.063	74.615	8.675	-1.0	0.0	1.098	178.144	6.08	5.6	0.0	72.712	26.402	-10.591	31.6	0.0	196.258	6.76	5.475	0.0	72.462	21.534	-9.614	0.0	0.0	141.527	5.8	4.85	0.0	78.308	9.184	-25.774	37.2	0.0	206.43
6.32	3.913	0.0	77.712	24.44	-14.367	34.8	1.383	219.023	5.19	4.537	0.0	76.804	32.795	-7.905	28.8	0.0	257.867	5.72	4.85	0.0	76.868	24.295	-13.82	0.0	0.913	211.467	6.34	5.85	0.0	77.248	30.47	-0.753	35.0	1.584	183.956	6.02	6.35	0.0	79.037	11.218	-9.303	0.0	1.232	200.617	6.16	5.162	0.0	75.869	0.0	0.0	0.2	1.073	180.275	7.0	5.725	0.532	74.887	8.603	-1.0	0.0	1.559	194.224	6.04	5.6	0.0	73.268	26.62	-10.979	31.6	0.0	196.646	6.8	5.537	0.0	72.625	20.444	-9.636	0.0	0.0	168.36	5.76	5.1	0.0	80.447	8.748	-1.0	37.2	1.173	223.479
6.62	4.35	0.532	74.15	25.021	-14.246	34.8	2.036	208.367	5.22	4.6	0.532	76.613	32.65	-7.894	28.8	1.534	235.006	5.68	5.037	0.0	77.524	23.496	-13.608	0.0	0.0	212.629	6.27	5.662	0.0	77.307	30.252	-1.043	35.0	1.718	198.292	5.94	6.35	0.0	79.141	10.274	-9.34	0.0	0.0	200.23	6.02	5.037	0.0	78.989	0.0	0.0	0.2	1.291	192.868	6.61	5.537	0.0	77.676	8.748	-1.0	0.0	1.567	174.269	5.88	5.6	0.0	75.51	26.474	-10.642	31.6	0.0	201.005	6.76	5.412	0.0	73.388	20.59	-9.606	0.0	0.0	167.294	5.8	4.912	0.0	80.575	8.603	-1.0	37.2	0.0	222.51
6.62	4.1	0.0	73.615	25.312	-15.665	34.8	1.902	189.284	5.07	4.662	0.0	77.319	32.722	-7.918	28.8	1.19	194.224	5.67	5.037	0.0	78.085	24.15	-13.669	0.0	0.0	216.02	6.43	5.912	0.0	77.02	31.124	-1.054	35.0	1.525	205.751	6.02	6.1	0.0	78.722	10.855	-9.29	0.0	0.0	200.424	6.16	5.225	0.0	77.529	0.0	0.0	0.2	1.492	202.458	6.65	5.6	0.532	78.053	8.53	-1.0	0.0	1.76	191.705	5.84	5.412	0.0	75.976	26.329	-10.59	31.6	0.0	207.204	6.66	5.412	0.0	74.513	20.88	-9.567	0.0	0.0	153.345	5.82	4.725	0.0	80.436	9.184	-1.0	37.2	0.0	222.607
6.4	3.6	0.532	76.989	24.949	-14.174	34.8	0.0	208.27	5.13	4.412	0.0	77.283	32.795	-7.91	28.8	0.0	224.544	5.76	5.037	0.0	76.728	23.423	-13.73	0.0	0.0	224.932	6.59	5.912	0.0	75.257	30.906	-1.124	35.0	1.358	212.92	6.08	6.1	0.0	77.118	11.0	-9.236	0.0	1.475	190.833	6.22	5.35	0.0	77.099	0.0	0.0	0.2	0.939	204.008	6.6	5.475	0.532	77.919	8.821	-1.0	0.0	1.492	184.246	5.8	5.537	0.0	76.365	26.547	-10.582	31.6	0.0	207.204	6.62	5.412	0.0	75.263	20.517	-9.662	0.0	0.0	154.12	5.87	5.037	0.0	79.945	9.038	-1.0	37.2	0.0	232.488
6.37	3.413	0.0	77.402	24.949	-14.073	34.8	0.0	207.979	5.11	4.037	0.532	77.401	32.65	-7.906	28.8	0.0	224.544	5.68	4.787	0.0	77.032	23.714	-13.746	0.0	0.0	225.029	6.53	5.6	0.0	75.345	30.397	-1.267	35.0	0.0	202.555	6.08	6.1	0.0	77.487	10.782	-9.272	0.0	0.0	190.833	6.36	5.1	0.0	75.861	0.0	0.0	0.2	0.0	211.467	6.7	5.6	0.532	76.879	9.111	-1.0	0.0	1.592	166.907	5.91	5.412	0.0	74.813	26.184	-10.834	31.6	0.0	206.817	6.64	5.35	0.0	74.939	20.735	-9.585	0.0	0.0	149.664	5.92	5.037	0.0	78.578	9.184	-1.0	37.2	1.609	245.952
6.26	3.475	3.19	77.772	24.731	-14.151	34.8	0.0	208.173	5.08	4.1	3.19	77.908	32.577	-7.887	28.8	0.0	224.254	5.61	4.662	0.0	77.214	24.077	-13.662	0.0	0.0	225.029	6.44	5.787	0.0	77.096	30.761	-1.119	35.0	0.0	155.089	5.92	5.787	0.0	79.86	10.782	-9.252	0.0	1.089	190.93	6.32	5.1	0.0	75.777	0.0	0.0	0.2	0.0	191.512	7.04	5.787	0.0	76.054	8.675	-1.0	0.0	0.0	230.356	5.93	5.6	0.0	76.07	26.765	-10.616	31.6	0.0	174.559	6.66	5.412	0.0	75.372	20.953	-9.58	0.0	0.0	144.627	5.93	4.85	0.0	79.042	9.256	-1.0	37.2	0.0	245.952
6.1	3.413	0.532	78.691	24.731	-14.073	34.8	0.0	207.979	4.95	3.975	0.0	78.365	32.432	-7.874	28.8	0.0	224.447	5.5	4.85	0.0	79.453	23.859	-13.696	0.0	0.0	140.946	6.3	5.225	0.0	77.977	30.615	-1.764	35.0	0.0	149.858	5.8	5.787	0.0	80.384	11.073	-9.243	0.0	0.0	190.93	6.24	5.225	0.0	77.029	0.0	0.0	0.2	0.0	11.043	7.14	5.6	1.063	75.472	9.184	-1.0	0.0	0.0	226.094	5.86	5.6	0.0	76.502	26.62	-10.668	31.6	0.0	182.503	6.56	5.412	0.0	76.452	20.808	-9.705	0.0	0.0	148.889	5.72	4.85	0.0	81.412	8.675	-1.0	37.2	0.0	239.946
6.14	3.038	1.063	78.797	24.658	-13.559	34.8	0.0	208.27	4.89	3.6	0.532	78.74	32.432	-7.82	28.8	0.0	224.544	5.47	4.287	0.0	79.687	24.295	-13.475	0.0	0.0	140.946	6.21	5.225	0.0	78.763	31.051	-0.936	35.0	0.0	122.928	5.78	5.787	0.0	80.761	11.0	-9.243	0.0	0.0	191.124	5.97	4.287	0.0	79.002	0.0	0.0	0.2	0.0	186.281	6.94	5.6	0.532	77.054	8.821	-1.0	0.0	2.078	195.096	5.86	5.475	0.0	76.601	26.474	-10.651	31.6	1.282	159.835	6.49	5.1	0.0	77.107	20.88	-9.554	0.0	0.0	163.032	5.66	4.412	0.0	81.916	9.038	-1.0	37.2	0.0	209.917
6.18	3.1	0.0	78.391	25.312	-14.016	34.8	0.0	208.367	4.94	3.913	0.0	77.975	32.504	-7.834	28.8	0.0	224.544	5.42	4.35	0.0	79.58	24.15	-13.607	0.0	0.0	138.621	6.17	5.162	0.0	79.046	30.761	-0.916	35.0	0.0	123.606	5.63	5.85	0.0	80.727	10.782	-9.189	0.0	0.0	190.93	5.88	4.412	0.0	79.731	0.0	0.0	0.2	0.0	186.281	6.9	5.225	3.19	77.294	9.62	-1.0	0.0	1.668	209.529	5.73	5.1	0.0	77.338	26.474	-10.547	31.6	0.0	171.847	6.46	4.912	0.0	77.249	21.026	-9.571	0.0	0.0	147.436	5.6	4.287	0.0	80.601	8.748	-1.0	37.2	0.0	210.014
6.3	2.85	0.0	76.347	24.731	-13.971	34.8	0.0	191.318	5.08	3.725	0.0	75.741	32.65	-7.823	28.8	0.0	219.894	5.38	4.037	0.0	79.715	23.714	-13.551	0.0	0.0	138.911	6.17	4.85	0.0	78.9	30.761	-0.644	35.0	0.0	174.947	5.61	5.6	0.0	81.623	11.145	-9.22	0.0	0.0	190.93	6.06	4.475	0.0	78.633	0.0	0.0	0.2	0.0	186.571	6.73	5.037	0.0	77.775	9.184	-1.0	0.0	1.483	205.945	5.65	5.412	0.0	77.493	26.184	-10.616	31.6	0.0	171.944	6.45	4.975	0.0	77.543	21.026	-9.565	0.0	0.0	151.407	5.52	3.85	0.0	82.633	9.184	-1.0	37.2	0.0	209.723
6.19	1.725	0.532	77.067	24.876	-13.772	34.8	0.0	191.512	5.05	3.038	0.532	75.909	32.795	-7.747	28.8	0.0	219.216	5.32	4.225	0.0	80.013	24.15	-13.585	0.0	0.0	97.16	6.12	4.475	0.0	79.011	31.56	-0.659	35.0	0.0	173.397	5.54	5.475	0.0	81.418	11.0	-9.205	0.0	0.0	191.124	6.04	4.287	0.0	78.823	0.0	0.0	0.2	1.064	27.317	6.86	5.225	0.0	76.988	8.53	-1.0	0.0	1.71	195.386	5.62	5.225	0.0	77.388	26.111	-10.564	31.6	0.0	198.099	6.24	4.475	0.0	77.891	21.026	-9.477	0.0	0.0	144.045	5.42	3.6	0.0	82.47	8.53	-1.0	37.2	0.0	114.888
6.16	1.725	0.0	77.382	24.513	-13.838	34.8	0.0	191.512	5.06	2.538	0.0	76.109	32.504	-7.715	28.8	0.0	159.157	5.33	3.6	0.0	79.896	23.859	-14.876	0.0	0.0	112.853	6.02	3.913	0.0	79.858	30.47	-0.644	35.0	0.0	173.397	5.41	5.412	0.0	81.529	10.927	-9.197	0.0	0.0	190.543	5.89	4.037	0.0	79.251	0.0	0.0	0.2	0.0	27.705	6.88	4.975	0.0	76.669	8.893	-1.0	0.0	1.659	233.456	5.68	5.1	0.0	77.007	26.474	-10.572	31.6	0.0	200.908	6.1	4.475	0.0	78.909	20.662	-9.49	0.0	0.0	134.94	5.4	3.6	0.0	82.255	9.256	-1.0	37.2	0.0	101.616
6.14	1.975	0.0	77.648	24.44	-13.752	34.8	0.0	209.432	4.96	2.663	0.532	77.491	32.795	-7.727	28.8	0.0	189.768	5.28	3.788	0.0	79.789	24.15	-13.1	0.0	0.0	157.995	6.02	4.412	0.0	79.593	30.833	-0.774	35.0	0.0	176.981	5.52	5.537	0.0	80.297	11.145	-9.288	0.0	0.0	190.93	5.83	3.913	0.0	79.454	0.0	0.0	0.2	0.0	27.317	6.75	4.787	0.532	77.286	8.603	-1.0	0.0	1.341	195.483	5.5	4.787	0.0	77.999	26.474	-10.529	31.6	0.0	182.6	6.0	4.475	0.0	79.42	20.735	-9.503	0.0	0.0	143.367	5.28	2.725	0.0	82.531	8.966	-1.0	37.2	0.0	101.616
6.21	2.725	0.0	78.422	24.949	-13.949	34.8	1.508	204.492	4.77	3.1	0.0	78.641	32.94	-7.779	28.8	0.0	196.743	5.2	4.037	0.0	79.555	23.641	-13.674	0.0	0.0	165.066	5.96	4.6	0.0	79.628	31.124	-0.801	35.0	0.0	157.22	5.32	5.537	0.0	81.32	11.073	-9.204	0.0	0.0	171.169	5.9	3.975	0.0	79.18	0.0	0.0	0.2	0.0	344.663	6.8	5.162	0.532	77.272	9.184	-1.0	0.0	1.961	222.704	5.62	5.1	0.0	77.462	26.474	-10.24	31.6	1.106	156.735	6.07	4.787	0.0	79.363	20.299	-9.528	0.0	0.0	145.208	5.2	3.1	0.0	82.442	8.603	-1.0	37.2	0.0	101.423
6.02	2.6	0.532	79.473	24.803	-13.861	34.8	1.006	199.649	4.66	2.538	0.0	79.41	32.795	-7.732	28.8	0.0	194.999	5.13	3.85	0.0	79.755	23.859	-13.399	0.0	0.0	165.744	6.13	4.725	0.0	79.134	30.833	-0.876	35.0	1.718	168.457	5.32	5.412	0.0	80.799	11.0	-9.18	0.0	0.0	171.556	5.86	4.475	0.0	79.485	0.0	0.0	0.2	0.0	197.033	6.82	5.162	0.0	77.499	9.184	-1.0	0.0	1.626	195.58	5.63	5.225	0.0	77.391	26.62	-10.642	31.6	1.307	164.388	6.24	4.912	0.0	78.551	20.808	-9.531	0.0	0.0	133.196	5.26	3.163	0.0	82.968	8.966	-1.0	37.2	0.0	197.518
5.89	2.725	0.0	79.805	25.239	-14.149	34.8	1.249	173.784	4.63	2.788	0.0	79.93	32.504	-7.723	28.8	0.0	161.288	5.08	3.663	0.0	79.888	23.786	-13.486	0.0	0.0	236.653	6.13	4.787	0.0	78.965	30.47	-0.794	35.0	1.567	174.172	5.22	5.35	0.0	81.297	11.0	-9.181	0.0	0.0	171.556	5.88	4.1	0.0	79.321	0.0	0.0	0.2	0.0	204.298	6.78	5.35	0.0	77.293	8.893	-1.0	0.0	2.028	229.291	5.5	5.1	0.0	78.121	26.184	-10.625	31.6	0.0	182.406	6.21	4.85	0.0	78.739	20.662	-9.523	0.0	0.0	151.02	5.26	3.163	0.0	83.316	9.038	-1.0	37.2	0.0	197.518
5.91	2.6	0.532	80.002	24.367	-13.992	34.8	1.55	182.212	4.56	2.85	0.0	80.2	32.795	-7.821	28.8	0.0	161.385	5.08	3.85	0.0	80.602	24.004	-13.765	0.0	0.0	190.446	6.06	4.537	0.0	79.481	30.688	-0.713	35.0	1.433	175.625	5.32	5.6	0.0	82.633	10.782	-9.202	0.0	0.0	171.556	5.84	3.975	0.0	79.215	0.0	0.0	0.2	0.905	189.477	6.66	5.225	0.0	78.104	8.603	-1.0	0.0	1.978	200.617	5.46	4.975	0.0	78.064	26.474	-10.716	31.6	0.0	202.458	6.25	4.787	0.0	78.431	20.444	-9.515	0.0	0.0	151.601	5.18	3.1	0.0	83.528	8.821	-1.0	37.2	0.0	197.905
5.82	3.475	1.063	80.508	25.239	-14.018	34.8	1.676	174.269	4.56	2.788	0.0	80.2	32.867	-7.748	28.8	0.0	148.211	5.09	3.85	0.0	81.433	23.859	-13.579	0.0	0.0	204.008	5.99	4.912	0.0	80.091	31.124	-0.835	35.0	1.039	173.688	5.47	5.725	0.0	82.645	11.073	-9.235	0.0	1.131	198.583	5.74	4.287	0.0	80.776	0.0	0.0	0.2	0.98	195.096	6.76	5.35	2.127	77.782	9.038	-1.0	0.0	0.0	194.805	5.6	5.225	0.0	78.167	26.474	-11.382	31.6	1.274	199.358	6.31	5.1	0.0	78.566	20.953	-9.554	0.0	0.0	150.729	5.12	3.225	0.0	83.698	9.402	-1.0	37.2	0.0	197.711
5.77	3.6	0.0	81.139	24.949	-14.174	34.8	1.961	191.705	4.57	3.663	0.0	81.031	32.795	-7.826	28.8	0.0	245.952	4.98	4.475	0.0	82.903	23.496	-13.568	0.0	0.964	181.243	5.82	5.1	0.0	82.165	30.761	-0.896	35.0	1.265	158.382	5.39	5.85	0.0	83.462	10.855	-9.232	0.0	2.137	202.845	5.55	3.975	0.0	81.891	0.0	0.0	0.2	0.913	170.297	6.4	5.537	2.127	79.991	9.038	-1.0	0.0	0.0	189.962	5.58	5.475	0.0	78.016	26.329	-10.677	31.6	1.886	200.23	6.28	5.225	0.0	78.681	20.517	-9.569	0.0	0.0	152.861	5.16	4.1	0.0	83.868	9.111	-1.0	37.2	1.073	204.492
5.86	4.162	0.0	80.708	24.15	-14.278	34.8	0.0	194.611	4.6	3.975	0.0	81.037	32.722	-7.866	28.8	1.24	240.334	5.09	4.725	0.0	83.276	23.714	-13.613	0.0	0.0	227.935	5.76	5.6	0.0	83.085	30.761	-1.163	35.0	1.19	151.214	5.54	6.1	0.0	82.964	10.782	-9.272	0.0	0.0	225.416	5.54	4.662	0.0	82.475	0.0	0.0	0.2	0.0	152.086	6.52	5.6	0.0	79.075	8.748	-1.0	0.0	0.0	183.084	5.6	5.412	0.0	78.07	26.474	-10.722	31.6	0.0	192.48	6.26	5.412	0.0	78.847	20.953	-9.965	0.0	0.0	148.017	5.3	4.787	0.0	83.717	8.821	-1.0	37.2	1.81	246.34
6.04	4.35	0.532	79.138	24.513	-14.519	34.8	0.0	199.842	4.52	3.975	0.0	81.09	32.65	-7.866	28.8	0.939	175.044	5.09	4.912	0.0	82.58	23.859	-13.586	0.0	0.0	227.353	5.98	5.725	0.0	82.6	31.051	-1.063	35.0	2.112	202.167	5.51	6.037	0.0	83.282	11.0	-9.273	0.0	1.693	213.404	5.66	4.912	0.0	83.225	0.0	0.0	0.2	1.651	208.561	6.36	5.6	0.532	80.366	8.457	-1.0	0.0	1.215	185.893	5.5	5.225	0.0	79.55	26.329	-10.696	31.6	0.0	179.306	6.37	5.225	0.0	77.771	20.299	-9.624	0.0	0.0	144.82	5.22	5.037	0.0	83.767	8.893	-1.0	37.2	1.969	221.541
5.89	4.162	0.0	80.332	24.367	-14.346	34.8	0.0	199.746	4.52	3.975	0.0	81.019	32.65	-7.857	28.8	0.0	163.807	5.02	4.787	0.0	83.305	23.932	-13.564	0.0	0.939	228.903	5.86	5.6	0.0	82.713	30.252	-1.058	35.0	1.777	221.154	5.98	6.287	0.0	78.03	10.927	-9.268	0.0	2.095	198.971	5.61	5.037	0.0	82.981	0.0	0.0	0.2	2.078	203.233	6.2	5.412	3.722	81.379	9.038	-1.0	0.0	1.416	172.331	5.38	5.225	0.0	80.05	26.184	-10.642	31.6	0.0	207.883	6.32	5.225	0.0	77.834	20.88	-9.596	0.0	0.0	156.445	5.47	5.225	0.0	82.762	8.53	-1.0	37.2	1.534	235.394
5.85	4.1	0.532	80.777	24.658	-14.067	34.8	0.0	207.495	4.5	3.913	0.0	81.274	32.432	-7.825	28.8	0.0	200.133	5.2	4.6	0.0	79.962	23.568	-13.591	0.0	0.972	210.498	6.1	5.85	0.0	80.523	30.906	-0.718	35.0	1.341	186.087	5.67	6.037	0.0	81.589	10.564	-9.22	0.0	1.064	206.72	5.76	5.037	0.0	81.397	0.0	0.0	0.2	0.0	207.398	6.24	5.35	1.595	80.961	9.038	-1.0	0.0	1.089	180.856	5.33	5.412	0.0	80.278	26.256	-10.616	31.6	0.0	207.979	6.27	5.225	0.0	78.752	20.808	-9.583	0.0	0.0	152.57	5.34	4.725	0.0	82.987	9.402	-1.0	37.2	0.913	209.045
