8.61	7.225	17.547	69.756	25.457	-13.204	34.8	0.0	283.344	7.27	7.6	18.078	69.581	33.521	-8.337	28.8	1.425	305.624	7.78	7.85	0.0	69.811	23.714	-11.715	0.0	1.76	248.665	8.62	8.787	0.0	68.259	30.688	-2.054	35.0	1.307	201.683	8.44	9.162	0.0	70.228	11.291	-9.496	0.0	2.12	227.257	8.38	7.787	0.0	69.686	0.0	0.0	0.2	1.173	213.695	9.06	8.537	18.61	68.664	9.038	-26.83	0.0	1.006	184.731	8.06	8.225	0.0	70.235	26.474	-10.996	31.6	1.575	238.203	8.83	8.225	0.0	68.513	21.244	-14.729	0.0	0.0	194.611	8.06	7.975	0.0	71.288	9.329	-1.0	37.2	0.0	256.317	8.79
8.58	7.1	19.142	70.308	25.457	-13.345	34.8	0.0	286.638	7.32	7.6	15.952	70.593	33.594	-8.302	28.8	1.76	259.902	7.72	7.787	0.0	71.222	23.859	-11.741	0.0	1.55	243.143	8.57	8.975	0.0	69.456	30.906	-2.191	35.0	1.383	225.029	8.25	9.037	0.0	71.01	11.363	-9.463	0.0	1.819	212.435	8.33	7.725	0.0	71.314	0.0	0.0	0.2	0.0	196.355	8.94	8.412	17.547	70.403	8.966	-26.364	0.0	1.064	179.306	8.02	8.225	0.0	70.886	26.402	-11.134	31.6	1.031	223.866	8.7	8.162	0.0	69.693	21.098	-13.887	0.0	0.0	141.624	8.04	7.975	0.0	70.495	9.256	-27.118	37.2	1.886	267.167	8.8
8.6	6.975	19.142	69.914	25.167	-13.378	34.8	1.927	233.359	7.35	7.412	18.61	70.599	33.812	-8.227	28.8	1.307	239.946	7.74	7.725	0.0	70.595	24.222	-11.66	0.0	1.081	225.222	8.54	8.787	0.0	68.969	31.124	-2.13	35.0	1.542	203.717	8.42	8.85	0.0	70.145	11.363	-9.566	0.0	0.0	247.405	8.46	7.725	0.0	69.461	0.0	0.0	0.2	0.0	207.979	9.08	8.35	18.078	68.021	9.547	-26.551	0.0	1.399	187.927	8.07	8.287	0.0	69.228	26.62	-11.087	31.6	1.257	239.268	8.76	8.287	0.0	68.42	21.171	-14.281	0.0	0.0	180.662	7.92	8.037	0.0	71.679	9.692	-1.0	37.2	0.0	249.052	8.81
8.52	6.975	15.952	70.878	24.731	-13.107	34.8	0.0	239.268	7.22	7.35	15.952	71.046	33.739	-8.23	28.8	1.064	283.732	7.76	7.6	0.0	70.468	23.714	-11.86	0.0	1.115	270.654	8.54	8.787	0.0	69.236	30.833	-2.244	35.0	1.215	184.537	8.3	8.725	0.0	70.228	11.145	-9.48	0.0	0.0	247.405	8.36	7.662	0.0	69.442	0.0	0.0	0.2	1.399	255.155	8.99	8.287	18.078	69.053	9.256	-26.735	0.0	1.282	183.762	7.99	8.1	0.0	70.116	26.692	-11.059	31.6	1.575	256.802	8.77	7.85	0.0	68.206	21.607	-13.768	0.0	0.0	178.24	7.96	7.85	0.0	72.026	9.256	-1.0	37.2	1.927	243.628	8.73
8.49	6.85	16.483	71.398	24.731	-13.138	34.8	0.0	251.377	7.22	7.35	14.888	70.784	33.449	-8.221	28.8	0.997	253.702	7.73	7.6	0.0	70.488	23.932	-12.096	0.0	1.676	221.832	8.52	8.6	0.0	70.058	30.833	-2.107	35.0	1.827	211.467	8.38	8.537	0.0	70.56	11.218	-9.44	0.0	1.701	232.778	8.29	7.787	0.0	69.987	0.0	0.0	0.2	0.0	201.683	8.92	8.162	15.42	69.201	9.329	-26.375	0.0	1.048	187.346	7.98	7.787	0.0	70.51	26.474	-11.012	31.6	0.0	230.066	8.73	8.037	0.0	68.602	21.389	-13.984	0.0	0.0	165.357	7.87	7.537	0.0	71.878	9.329	-1.0	37.2	0.0	241.593	8.77
8.45	6.912	13.825	72.513	25.312	-13.043	34.8	0.0	239.656	7.19	7.287	12.761	72.367	33.594	-8.114	28.8	1.542	274.432	7.74	7.6	0.0	71.409	24.44	-11.822	0.0	1.609	228.516	8.42	8.475	0.0	69.614	31.051	-1.878	35.0	1.793	209.529	8.26	8.725	0.0	71.955	11.363	-9.472	0.0	0.0	202.942	8.25	7.412	0.0	70.615	0.0	0.0	0.2	1.676	226.578	8.92	8.162	13.293	69.254	9.402	-26.057	0.0	2.137	177.369	7.96	8.037	0.0	70.321	26.402	-11.162	31.6	0.0	236.265	8.68	7.787	0.0	69.129	21.462	-13.936	0.0	0.0	191.124	7.82	7.412	0.0	71.712	9.329	-1.0	37.2	0.0	260.289	8.7
8.36	6.787	11.166	72.962	25.239	-13.021	34.8	1.944	208.754	7.14	7.287	15.42	73.053	33.594	-8.196	28.8	1.316	266.392	7.62	7.35	0.0	72.426	24.295	-12.014	0.0	0.0	258.642	8.41	8.6	0.0	69.825	31.124	-2.145	35.0	1.936	199.455	8.21	8.6	0.0	71.369	11.291	-9.456	0.0	0.0	262.13	8.28	7.412	0.0	72.479	0.0	0.0	0.2	0.0	203.717	8.83	7.975	12.761	70.832	9.329	-26.305	0.0	1.106	175.819	7.89	7.912	0.0	71.673	26.474	-11.086	31.6	0.972	241.303	8.64	7.912	0.0	69.788	21.607	-14.145	0.0	0.0	172.719	7.73	7.6	0.0	73.558	9.62	-1.0	37.2	0.0	263.389	8.62
8.32	6.725	10.103	73.677	25.167	-13.223	34.8	0.0	214.857	7.05	6.975	9.039	73.549	33.594	-8.18	28.8	0.0	242.368	7.54	7.287	0.0	73.468	23.859	-11.698	0.0	0.0	247.405	8.28	8.35	0.0	70.963	30.615	-1.913	35.0	1.844	211.079	8.12	8.725	0.0	73.662	11.0	-9.439	0.0	0.0	208.367	8.16	7.287	0.0	71.857	0.0	0.0	0.2	0.0	202.845	8.79	8.037	11.698	70.903	9.474	-26.537	0.0	2.003	192.868	7.82	7.912	0.0	71.868	26.62	-11.086	31.6	0.0	239.559	8.5	7.662	0.0	69.735	21.244	-13.912	0.0	0.0	166.519	7.51	7.35	0.0	75.246	9.329	-1.0	37.2	0.0	282.569	8.57
7.86	6.537	8.508	77.4	25.312	-14.666	34.8	1.056	231.228	6.7	6.85	19.142	77.102	33.667	-8.094	28.8	0.0	261.355	7.3	7.35	0.0	77.28	24.367	-11.82	0.0	2.129	215.148	8.33	8.412	0.0	72.956	30.761	-1.971	35.0	1.71	212.629	7.78	8.537	0.0	77.606	11.291	-9.448	0.0	1.559	211.079	8.06	7.35	0.0	72.721	0.0	0.0	0.2	1.349	230.938	8.71	8.162	8.508	71.677	9.184	-26.27	0.0	1.55	183.181	7.72	7.787	0.0	73.041	26.547	-11.154	31.6	1.425	243.531	8.4	7.725	0.0	71.065	21.244	-14.235	0.0	0.0	147.436	7.69	7.537	0.0	75.334	9.256	-1.0	37.2	0.0	236.265	8.47
7.86	6.537	6.912	77.301	24.44	-13.19	34.8	1.207	214.76	6.57	6.787	6.912	77.716	33.667	-8.114	28.8	1.291	250.99	7.16	7.162	0.0	78.311	24.004	-11.502	0.0	0.0	210.692	8.26	8.412	0.0	70.167	30.47	-1.971	35.0	2.02	229.678	7.6	8.35	0.0	78.308	11.218	-9.32	0.0	1.467	197.518	7.96	7.35	0.0	75.238	0.0	0.0	0.2	1.299	206.236	8.68	7.975	10.103	70.671	9.184	-26.513	0.0	1.609	169.91	7.68	7.725	0.0	72.464	26.692	-11.115	31.6	1.936	244.984	8.34	7.725	0.0	71.657	21.171	-14.629	0.0	0.0	155.282	7.68	7.537	0.0	74.086	9.547	-1.0	37.2	0.0	226.385	8.28
7.98	6.725	4.254	75.47	25.457	-12.959	34.8	1.098	266.876	6.61	7.037	4.785	76.562	33.667	-8.213	28.8	1.634	245.468	7.37	7.35	0.0	73.639	23.496	-11.935	0.0	0.0	255.058	8.24	8.35	0.0	68.511	30.833	-1.95	35.0	1.944	197.421	7.8	8.725	0.0	76.514	10.855	-9.353	0.0	0.0	223.091	8.02	7.287	0.0	72.558	0.0	0.0	0.2	1.073	210.692	8.64	7.787	4.254	69.921	9.62	-25.271	0.0	1.584	186.087	7.62	7.725	0.0	72.892	26.765	-11.174	31.6	1.567	238.881	8.3	7.6	0.0	70.042	21.244	-14.21	0.0	0.0	164.001	7.48	7.537	0.0	72.735	9.765	-1.0	37.2	0.0	253.121	8.39
8.06	6.787	1.595	73.006	24.876	-13.021	34.8	1.994	240.915	6.8	7.037	7.444	74.008	33.739	-8.177	28.8	1.869	245.177	7.38	7.225	0.0	72.094	24.222	-11.8	0.0	0.0	244.015	8.21	8.35	0.0	69.787	30.761	-2.138	35.0	1.659	193.255	7.86	8.662	0.0	75.242	11.291	-9.368	0.0	1.165	220.766	8.07	7.35	0.0	71.159	0.0	0.0	0.2	1.525	193.255	8.67	7.85	2.127	70.378	9.62	-26.363	0.0	1.483	158.963	7.61	7.787	0.0	71.462	26.474	-11.154	31.6	1.483	225.803	8.36	7.85	0.0	70.451	21.534	-14.259	0.0	0.0	141.914	7.54	7.412	0.0	72.436	9.329	-1.0	37.2	1.265	258.255	8.36
8.12	6.537	2.127	72.031	25.603	-12.824	34.8	1.676	230.841	6.8	7.037	2.659	73.421	33.885	-8.177	28.8	1.726	256.027	7.36	7.35	0.0	72.814	23.714	-11.935	0.0	0.922	227.353	8.22	8.412	0.0	70.133	30.761	-3.166	35.0	1.81	207.883	7.83	8.537	0.0	73.449	10.927	-9.329	0.0	1.86	209.82	8.05	7.287	0.0	72.356	0.0	0.0	0.2	1.835	204.492	8.66	7.912	3.722	69.206	9.474	-26.386	0.0	1.835	178.337	7.66	7.662	0.0	71.341	26.547	-11.106	31.6	1.718	220.573	8.32	7.725	0.0	68.58	20.953	-14.299	0.0	0.0	119.247	7.48	7.35	0.0	74.351	9.474	-1.0	37.2	1.542	249.44	8.44
8.12	6.6	2.127	71.483	24.731	-13.041	34.8	1.626	219.991	6.83	6.975	1.595	71.283	33.449	-8.18	28.8	1.802	264.648	7.38	7.225	0.0	72.145	24.004	-11.8	0.0	0.972	230.066	8.22	8.225	0.0	69.15	30.543	-2.022	35.0	1.986	202.361	7.86	8.037	0.0	70.829	11.145	-9.258	0.0	1.291	217.279	7.95	7.287	0.0	72.128	0.0	0.0	0.2	1.014	205.558	8.64	7.85	2.127	70.505	9.692	-26.363	0.0	1.207	187.056	7.6	7.725	0.0	70.516	26.474	-11.203	31.6	1.567	239.753	8.38	7.725	0.0	68.322	20.735	-14.495	0.0	0.0	200.617	7.56	7.412	0.0	72.57	9.547	-1.0	37.2	0.997	233.747	8.34
8.14	6.537	6.912	71.408	24.585	-13.03	34.8	0.0	210.304	6.86	6.85	1.595	70.793	33.521	-8.094	28.8	1.751	240.818	7.38	7.037	0.0	69.893	24.222	-11.924	0.0	0.0	249.343	8.22	8.225	0.0	67.997	31.124	-1.872	35.0	1.483	195.968	7.88	8.412	0.0	69.75	11.145	-9.383	0.0	1.182	224.06	8.05	7.162	0.0	70.523	0.0	0.0	0.2	1.207	192.287	8.68	7.787	2.127	68.781	9.62	-26.235	0.0	1.617	183.859	7.6	7.662	0.0	70.305	26.474	-11.285	31.6	1.668	244.79	8.36	7.6	0.0	68.721	21.316	-14.21	0.0	0.0	159.738	7.42	7.35	0.0	70.665	9.402	-1.0	37.2	1.173	236.556	8.36
8.11	6.412	1.595	70.006	25.239	-12.853	34.8	1.19	229.581	6.82	6.912	1.595	70.26	33.449	-8.191	28.8	1.902	239.365	7.39	7.1	0.0	69.974	24.15	-11.818	0.0	0.0	252.927	8.18	8.037	0.0	69.089	31.051	-2.035	35.0	1.986	209.917	7.92	7.912	0.0	69.652	10.782	-9.288	0.0	0.0	239.753	7.96	7.1	0.0	69.154	0.0	0.0	0.2	2.07	207.592	8.62	7.787	2.659	68.743	9.547	-1.0	0.0	2.137	180.856	7.63	7.6	0.0	69.198	26.62	-11.214	31.6	0.0	234.716	8.29	7.412	0.0	68.225	21.171	-14.566	0.0	0.0	152.182	7.41	7.287	0.0	70.716	9.62	-1.0	37.2	1.349	267.264	8.34
8.08	6.162	1.595	70.529	25.53	-12.76	34.8	0.0	281.6	6.82	6.787	1.063	70.628	33.303	-8.105	28.8	1.844	254.961	7.28	7.037	0.0	70.953	24.004	-11.924	0.0	0.0	212.92	8.04	7.975	0.0	69.568	31.051	-1.791	35.0	1.626	212.629	7.8	8.6	0.0	70.686	10.927	-9.36	0.0	0.939	219.119	7.93	6.912	0.0	70.421	0.0	0.0	0.2	1.45	196.355	8.56	7.6	1.063	68.892	9.547	-24.875	0.0	1.71	167.294	7.56	7.725	0.0	69.318	26.474	-11.326	31.6	1.483	234.231	8.2	7.225	0.0	69.012	21.171	-13.951	0.0	0.0	168.263	7.36	7.1	0.0	71.96	9.184	-1.0	37.2	0.0	273.657	8.32
7.89	6.1	1.595	73.333	25.53	-13.167	34.8	0.0	237.428	6.56	6.662	0.0	74.036	33.231	-8.164	28.8	1.492	256.027	7.21	6.912	0.0	71.852	24.222	-12.643	0.0	1.391	230.453	7.97	7.725	0.0	71.087	30.833	-1.711	35.0	0.0	209.82	7.54	8.1	0.0	73.622	11.436	-9.222	0.0	1.391	206.817	7.85	6.85	0.0	70.932	0.0	0.0	0.2	0.0	204.686	8.45	7.6	0.532	70.468	9.329	-26.475	0.0	0.0	174.269	7.44	7.537	0.0	71.115	26.62	-11.329	31.6	0.0	234.716	8.12	7.287	0.0	69.477	21.026	-14.024	0.0	0.0	180.081	7.26	6.912	0.0	73.719	9.62	-1.0	37.2	1.358	242.465	8.19
7.87	6.225	0.532	73.612	24.585	-12.976	34.8	0.0	274.238	6.68	6.6	2.127	72.266	33.449	-8.148	28.8	1.106	240.915	7.2	6.787	0.0	73.605	23.932	-11.964	0.0	0.0	207.204	7.86	7.6	0.0	72.604	30.325	-1.157	35.0	0.0	215.729	7.58	8.037	0.0	73.142	11.073	-9.376	0.0	0.0	209.432	7.84	7.1	0.0	72.262	0.0	0.0	0.2	1.944	201.974	8.44	7.35	3.722	68.334	9.038	-26.483	0.0	0.0	186.571	7.44	7.35	0.0	71.533	26.692	-11.364	31.6	0.0	224.254	8.08	7.225	0.0	68.883	21.244	-14.331	0.0	0.0	183.181	7.25	6.975	0.0	73.896	9.91	-1.0	37.2	0.0	237.428	8.14
7.84	5.975	0.0	74.118	25.603	-12.728	34.8	0.0	241.496	6.6	6.6	0.0	73.636	34.466	-8.244	28.8	1.458	265.133	7.08	6.475	0.0	73.606	24.15	-11.757	0.0	0.0	235.103	7.92	7.6	0.0	70.814	30.979	-1.67	35.0	1.986	201.392	7.53	7.975	0.0	73.106	11.073	-9.221	0.0	0.0	207.011	7.77	7.037	0.0	73.514	0.0	0.0	0.2	1.282	203.717	8.37	7.412	2.127	71.872	9.038	-26.405	0.0	1.525	181.34	7.3	7.225	0.0	72.518	26.62	-11.219	31.6	1.249	229.291	8.0	6.975	0.0	71.355	20.953	-14.217	0.0	0.0	164.001	7.21	6.787	0.0	73.862	9.62	-1.0	37.2	0.0	252.152	8.08
7.72	5.912	0.0	76.046	25.239	-12.921	34.8	1.911	232.391	6.45	6.537	0.532	75.93	33.667	-8.168	28.8	0.98	241.787	7.04	6.787	0.0	74.693	23.932	-11.964	0.0	0.0	219.023	7.86	7.6	0.0	71.772	30.833	-1.707	35.0	2.129	217.666	7.48	8.037	0.0	75.29	11.291	-9.228	0.0	0.905	189.768	7.75	6.912	0.0	72.97	0.0	0.0	0.2	1.341	204.686	8.34	7.412	1.595	71.08	9.838	-26.303	0.0	1.542	192.965	7.37	7.287	0.0	71.936	26.62	-11.487	31.6	1.768	221.057	7.98	6.975	0.0	70.747	21.244	-14.615	0.0	0.0	143.949	7.21	6.662	0.0	75.688	9.474	-1.0	37.2	0.0	235.006	8.1
7.66	5.912	0.0	75.958	24.949	-13.08	34.8	0.0	234.716	6.4	6.162	0.0	75.794	33.594	-8.03	28.8	0.0	268.911	6.88	6.725	0.0	77.413	23.859	-11.874	0.0	0.0	229.291	7.78	7.662	0.0	71.469	30.906	-1.985	35.0	0.0	201.78	7.38	8.037	0.0	77.173	10.927	-9.228	0.0	0.0	197.033	7.57	6.85	0.0	76.591	0.0	0.0	0.2	1.986	210.692	8.22	7.412	1.063	73.399	9.184	-26.405	0.0	1.86	180.856	7.12	7.037	0.0	75.468	26.692	-11.449	31.6	0.0	225.997	7.86	7.037	0.0	72.837	21.462	-14.229	0.0	0.0	153.151	7.18	6.912	0.0	77.23	10.056	-1.0	37.2	0.0	234.231	7.94
7.65	5.912	0.0	76.182	25.239	-12.87	34.8	0.0	205.655	6.37	6.412	1.595	75.863	33.449	-8.154	28.8	0.0	259.127	6.88	6.725	0.0	77.265	24.15	-11.914	0.0	1.785	223.866	7.76	7.662	0.0	74.765	31.051	-1.433	35.0	1.617	199.746	7.37	8.1	0.0	77.493	11.291	-9.281	0.0	0.0	198.874	7.54	6.6	0.0	76.759	0.0	0.0	0.2	1.894	210.304	8.18	7.412	0.0	74.188	9.765	-26.405	0.0	1.819	174.463	7.18	7.225	0.0	75.832	26.402	-11.444	31.6	2.087	224.641	7.81	7.162	0.0	73.625	20.808	-14.384	0.0	0.0	159.545	7.06	6.85	0.0	77.995	9.474	-1.0	37.2	0.0	241.981	7.88
7.62	5.912	0.532	76.826	24.731	-12.819	34.8	1.726	200.23	6.5	6.35	0.532	75.94	33.521	-8.121	28.8	1.936	239.85	6.84	6.787	0.0	77.996	24.367	-11.845	0.0	1.852	211.079	7.62	7.662	0.0	76.476	30.833	-1.838	35.0	1.609	202.555	7.34	8.1	0.0	78.227	11.363	-9.244	0.0	0.0	201.295	7.45	6.787	0.0	77.436	0.0	0.0	0.2	1.55	187.637	8.01	7.35	0.0	76.333	9.547	-26.483	0.0	1.332	180.953	7.07	7.35	0.0	76.56	26.474	-11.497	31.6	1.433	228.128	7.74	7.162	0.0	75.395	21.389	-14.319	0.0	0.0	161.869	7.21	7.037	0.0	78.494	9.838	-1.0	37.2	1.71	217.279	7.78
7.62	6.037	1.595	75.622	24.731	-12.789	34.8	0.0	222.704	6.39	6.475	0.0	75.466	33.739	-8.126	28.8	0.0	246.727	6.81	7.037	0.0	78.431	24.004	-12.127	0.0	2.028	218.248	7.75	7.912	0.0	72.167	30.833	-1.882	35.0	1.961	200.617	7.32	8.037	0.0	76.663	10.782	-9.243	0.0	0.947	201.78	7.4	6.912	0.0	78.388	0.0	0.0	0.2	1.249	195.968	8.01	7.537	1.063	76.408	9.111	-26.349	0.0	1.467	180.081	7.06	7.287	0.0	76.707	26.547	-11.487	31.6	1.441	208.27	7.78	7.162	0.0	74.744	21.316	-14.517	0.0	0.0	155.96	7.18	7.225	0.0	75.48	9.402	-1.0	37.2	0.0	232.003	7.68
7.62	6.037	0.532	76.601	25.385	-12.739	34.8	0.0	202.167	6.32	6.475	0.0	76.674	33.812	-8.196	28.8	0.0	247.793	6.85	6.85	0.0	77.703	24.44	-11.934	0.0	1.886	224.641	7.76	7.787	0.0	75.095	30.833	-1.731	35.0	1.819	194.805	7.28	8.162	0.0	78.067	11.436	-9.259	0.0	1.056	211.661	7.5	6.912	0.0	76.326	0.0	0.0	0.2	1.534	209.045	8.14	7.6	4.785	74.051	9.184	-26.576	0.0	1.777	184.731	7.07	7.35	0.0	75.407	26.62	-11.43	31.6	1.165	227.353	7.78	7.287	0.0	73.465	21.68	-14.677	0.0	0.0	131.549	7.06	7.287	0.0	77.945	9.62	-1.0	37.2	0.0	245.759	7.93
7.68	6.037	0.0	73.958	25.385	-12.64	34.8	0.0	196.743	6.36	6.6	0.0	74.932	34.03	-8.192	28.8	0.0	255.543	6.86	6.85	0.0	76.565	23.859	-11.974	0.0	2.028	236.459	7.62	7.6	0.0	70.888	30.761	-1.817	35.0	2.02	194.805	7.34	7.725	0.0	77.635	11.145	-9.197	0.0	0.0	205.267	7.47	6.975	0.0	73.864	0.0	0.0	0.2	1.55	218.248	8.16	7.35	1.063	72.091	9.62	-26.483	0.0	1.584	184.537	7.13	7.35	0.0	73.667	26.256	-11.463	31.6	1.978	221.541	7.78	7.1	0.0	71.912	21.171	-14.505	0.0	0.0	159.835	6.99	6.912	0.0	76.966	9.402	-1.0	37.2	0.0	252.733	7.78
7.68	6.037	0.0	73.445	24.803	-12.891	34.8	1.961	222.704	6.46	6.412	0.0	74.066	33.812	-8.154	28.8	0.0	253.315	6.97	6.537	0.0	72.064	23.859	-12.046	0.0	2.103	235.878	7.71	7.662	0.0	70.247	31.124	-1.543	35.0	1.634	209.82	7.5	8.037	0.0	72.842	11.073	-9.266	0.0	0.0	213.792	7.56	6.662	0.0	72.751	0.0	0.0	0.2	1.399	201.295	8.12	7.225	1.063	70.642	9.547	-26.233	0.0	1.224	178.144	7.06	7.162	0.0	74.112	26.838	-11.401	31.6	1.467	214.179	7.74	6.975	0.0	72.528	21.171	-14.547	0.0	0.0	153.345	7.14	6.6	0.0	72.046	9.983	-1.0	37.2	0.0	246.631	7.92
7.72	5.6	0.0	71.588	25.675	-12.868	34.8	0.0	195.096	6.44	6.037	3.722	72.063	34.248	-8.079	28.8	0.0	244.112	6.96	6.35	0.0	73.428	23.714	-12.143	0.0	1.827	215.923	7.74	7.225	0.0	70.2	31.269	-1.767	35.0	0.0	228.516	7.32	7.85	0.0	73.09	11.363	-9.22	0.0	1.048	203.233	7.5	6.6	0.0	71.492	0.0	0.0	0.2	1.869	208.754	8.12	7.037	1.595	70.616	9.547	-26.266	0.0	1.986	187.831	7.08	7.037	0.0	72.552	26.62	-11.517	31.6	1.575	221.832	7.73	6.662	0.0	71.433	20.662	-14.486	0.0	0.0	156.832	7.14	6.537	0.0	72.15	9.474	-1.0	37.2	0.0	245.371	7.9
7.68	5.225	0.0	71.083	25.385	-12.753	34.8	0.0	224.544	6.46	5.912	0.0	70.401	33.449	-8.057	28.8	0.0	251.474	6.87	5.975	0.0	72.045	24.44	-12.04	0.0	2.112	223.866	7.65	7.037	0.0	70.183	30.906	-1.561	35.0	0.0	195.774	7.38	7.537	0.0	72.068	11.073	-9.196	0.0	1.064	230.26	7.45	6.287	0.0	73.141	0.0	0.0	0.2	1.944	199.358	7.95	6.6	0.0	71.894	9.62	-26.501	0.0	1.55	173.106	7.04	6.912	0.0	70.197	26.692	-11.498	31.6	1.584	201.683	7.69	6.475	0.0	70.454	21.026	-14.383	0.0	0.0	154.895	7.22	6.162	0.0	71.62	9.329	-1.0	37.2	0.0	216.407	7.8
