11.46	18.038	485.992	56.151	24.44	-17.274	34.8	0.0	341.175	9.8	15.787	451.962	54.955	32.359	-9.245	28.8	1.257	338.366	9.73	21.163	0.0	53.573	23.423	-17.598	0.0	2.07	224.641	11.07	20.913	0.0	50.886	30.979	-6.766	35.0	0.0	145.886	10.8	18.788	0.0	52.703	11.145	-10.79	0.0	1.14	229.678	10.8	16.225	0.0	53.757	0.0	0.0	0.2	0.0	185.118	12.1	17.975	409.425	52.825	9.111	-1.0	0.0	1.374	179.209	11.08	16.163	0.0	53.587	26.402	-11.775	31.6	1.827	248.665	11.39	20.1	0.0	50.685	20.59	-13.285	0.0	0.0	225.803	12.14	24.225	0.0	52.952	9.038	-1.0	37.2	0.913	209.142	11.16
11.7	19.788	664.651	55.503	25.239	-16.894	34.8	1.156	12.496	9.41	13.725	425.908	56.755	33.521	-5.298	28.8	0.0	305.527	9.98	19.163	0.0	55.574	23.932	-17.344	0.0	1.86	261.452	11.17	21.225	0.0	52.331	30.397	-7.07	35.0	0.0	197.905	11.02	20.163	0.0	52.34	10.492	-11.022	0.0	1.064	280.729	10.82	15.475	0.0	54.718	0.0	0.0	0.2	1.651	257.964	11.84	19.538	684.856	53.091	8.385	-1.0	0.0	1.399	184.731	10.72	15.787	0.0	55.06	26.62	-11.708	31.6	1.978	252.54	11.82	22.1	0.0	51.752	21.244	-13.339	0.0	0.0	310.274	10.86	21.1	0.0	51.893	9.111	-1.0	37.2	1.911	212.242	11.14
11.34	17.35	660.397	55.062	25.312	-16.392	34.8	0.0	214.857	9.6	13.85	325.945	56.049	32.795	-9.013	28.8	1.517	251.765	9.75	23.663	0.0	54.174	23.786	-17.644	0.0	0.0	281.6	11.71	23.725	0.0	50.421	30.833	-7.771	35.0	0.0	204.395	11.77	20.35	0.0	51.287	10.855	-11.082	0.0	0.0	211.079	10.56	15.287	0.0	53.332	0.0	0.0	0.2	0.0	211.467	12.02	20.725	813.532	53.962	8.966	-1.0	0.0	2.103	160.998	11.25	16.85	0.0	54.422	26.474	-11.972	31.6	0.0	240.915	11.78	22.225	0.0	50.461	20.808	-13.307	0.0	0.0	173.881	11.46	22.038	0.0	50.694	9.256	-1.0	37.2	0.0	295.84	11.12
11.44	17.788	612.01	53.578	24.658	-16.358	34.8	0.0	276.757	9.24	14.975	617.859	55.582	32.577	-9.042	28.8	1.45	250.699	10.03	22.538	0.0	55.048	23.786	-17.931	0.0	0.0	254.089	12.2	24.663	0.0	50.917	30.397	-7.878	35.0	1.056	233.553	11.66	20.163	0.0	51.028	10.492	-10.987	0.0	0.0	184.731	10.54	16.975	0.0	52.847	0.0	0.0	0.2	1.358	244.596	12.31	20.975	755.575	50.317	9.038	-1.0	0.0	0.972	208.27	11.48	18.225	0.0	52.92	26.329	-12.281	31.6	1.165	284.7	11.61	22.975	0.0	52.817	20.88	-13.601	0.0	0.0	248.277	11.39	23.35	0.0	51.266	9.547	-1.0	37.2	1.131	224.932	11.6
10.43	13.475	274.899	55.077	24.367	-15.312	34.8	1.617	280.438	8.96	13.662	430.694	55.982	32.577	-9.027	28.8	1.802	248.084	9.74	20.038	0.0	54.023	24.295	-17.351	0.0	1.601	232.003	12.86	23.163	0.0	52.323	30.906	-7.733	35.0	1.651	177.659	10.88	17.538	0.0	53.408	11.073	-10.572	0.0	1.123	253.993	11.28	17.163	0.0	54.186	0.0	0.0	0.2	1.768	197.905	12.93	21.35	707.72	51.323	8.893	-1.0	0.0	0.0	208.754	11.22	17.1	0.0	53.757	26.474	-12.067	31.6	1.332	246.243	11.26	20.413	0.0	51.949	20.953	-13.155	0.0	0.0	257.577	11.97	23.288	0.0	50.148	8.966	-1.0	37.2	0.0	204.88	11.83
10.15	13.225	280.748	56.426	24.876	-14.99	34.8	0.0	207.108	8.98	12.412	388.688	55.809	32.432	-8.846	28.8	0.0	215.245	9.45	16.35	0.0	54.696	24.295	-16.434	0.0	0.0	257.577	11.21	16.85	0.0	52.458	30.252	-5.3	35.0	1.802	205.073	10.66	16.663	0.0	53.437	10.492	-10.414	0.0	0.0	217.666	10.52	14.037	0.0	53.086	0.0	0.0	0.2	1.324	204.105	12.03	15.787	426.44	52.177	9.329	-1.0	0.0	1.257	195.096	10.86	15.225	0.0	54.783	26.402	-11.564	31.6	0.0	231.519	11.16	16.6	0.0	53.267	20.662	-12.413	0.0	0.0	168.069	11.16	17.413	0.0	54.618	9.329	-1.0	37.2	0.0	235.878	11.64
10.9	15.287	271.709	55.503	24.585	-15.528	34.8	0.0	239.656	9.28	14.412	346.682	55.086	32.722	-9.098	28.8	0.0	276.176	9.74	19.788	0.0	52.644	23.568	-17.123	0.0	0.0	216.117	11.0	18.788	0.0	51.487	30.397	-6.141	35.0	0.0	187.54	11.05	18.038	0.0	52.859	11.073	-10.63	0.0	0.905	182.793	10.23	14.787	0.0	53.795	0.0	0.0	0.2	1.601	190.446	11.88	17.163	396.663	53.641	8.748	-1.0	0.0	1.106	180.662	11.04	15.725	0.0	55.732	26.402	-11.995	31.6	1.525	220.379	11.17	18.225	0.0	52.906	20.808	-12.827	0.0	0.0	128.352	11.19	20.35	0.0	51.909	9.038	-1.0	37.2	1.835	176.884	10.8
11.1	14.537	351.999	54.878	24.876	-15.627	34.8	0.0	15.693	9.38	12.975	242.465	56.428	32.577	-8.889	28.8	0.0	31.676	9.36	17.1	0.0	53.7	24.222	-16.182	0.0	0.0	206.817	11.12	18.475	0.0	50.77	30.906	-5.8	35.0	0.964	171.944	10.44	17.413	0.0	53.225	11.073	-10.518	0.0	0.0	164.969	10.25	13.225	0.0	53.648	0.0	0.0	0.2	1.534	169.135	11.53	15.975	370.077	52.836	9.547	-1.0	0.0	1.961	166.519	10.02	15.037	0.0	53.525	26.547	-11.768	31.6	1.919	205.945	11.56	19.038	0.0	51.96	20.808	-13.059	0.0	0.0	144.917	10.46	15.85	0.0	54.008	9.111	-1.0	37.2	0.0	92.704	11.26
10.78	13.85	269.582	54.95	25.021	-18.24	34.8	1.073	67.712	9.79	13.35	247.782	55.959	32.722	-8.908	28.8	1.726	104.523	9.91	20.413	0.0	56.066	24.004	-16.992	0.0	0.0	209.82	11.59	19.475	0.0	50.282	30.47	-6.04	35.0	0.0	227.16	10.46	16.975	0.0	53.438	11.0	-10.456	0.0	0.0	113.822	10.6	16.788	0.0	52.705	0.0	0.0	0.2	0.0	168.263	11.42	18.85	281.28	51.667	8.893	-1.0	0.0	0.0	163.807	10.38	17.288	0.0	54.713	26.692	-12.205	31.6	0.0	257.867	10.99	18.913	0.0	51.942	21.171	-13.101	0.0	0.0	214.082	10.79	19.225	0.0	56.375	9.111	-1.0	37.2	0.0	81.758	11.26
11.18	12.975	197.268	55.99	24.513	-15.199	34.8	0.0	11.334	9.96	12.412	193.546	55.157	32.577	-8.778	28.8	0.0	104.135	9.56	15.475	0.0	54.652	24.15	-16.067	0.0	1.182	217.182	11.6	17.163	0.0	52.755	31.051	-5.176	35.0	0.0	149.47	10.8	16.413	0.0	53.697	11.073	-10.342	0.0	0.0	155.67	10.38	14.037	0.0	53.006	0.0	0.0	0.2	0.0	0.097	11.34	15.225	229.703	51.838	9.184	-1.0	0.0	0.0	21.699	10.11	14.85	0.0	54.286	26.474	-11.735	31.6	1.106	197.518	11.09	15.662	0.0	51.499	21.098	-12.267	0.0	0.0	45.722	10.86	16.85	0.0	52.409	8.748	-1.0	37.2	0.0	140.655	11.2
10.4	12.162	297.232	55.726	24.44	-15.222	34.8	2.078	235.49	9.48	11.975	299.359	55.323	32.577	-4.389	28.8	1.358	291.675	9.52	16.475	0.0	55.062	24.44	-15.745	0.0	1.383	332.651	10.93	17.725	0.0	52.691	30.47	-5.317	35.0	0.0	179.887	10.86	16.288	0.0	53.736	10.637	-10.363	0.0	1.215	202.942	10.45	13.1	0.0	55.585	0.0	0.0	0.2	1.307	138.039	11.53	17.475	519.491	52.806	8.748	-1.0	0.0	0.0	43.495	10.48	14.787	0.0	55.055	26.402	-11.99	31.6	0.0	277.629	10.88	17.413	0.0	52.684	20.953	-12.422	0.0	0.0	34.001	10.91	16.538	0.0	53.382	9.329	-1.0	37.2	0.0	200.714	10.96
10.66	12.287	265.328	56.503	24.367	-15.182	34.8	0.0	254.089	9.14	11.85	276.495	56.097	32.795	-8.63	28.8	0.0	242.465	9.54	16.1	0.0	54.501	24.295	-15.792	0.0	0.955	252.152	11.58	18.413	0.0	52.388	30.47	-5.545	35.0	1.064	228.71	10.42	16.35	0.0	54.45	10.492	-10.389	0.0	0.0	239.753	10.6	14.537	0.0	54.506	0.0	0.0	0.2	0.0	169.232	11.58	16.85	321.691	52.57	9.474	-1.0	0.0	0.0	55.313	10.8	15.85	0.0	55.132	26.402	-12.099	31.6	0.0	1.356	10.83	16.6	0.0	51.22	20.444	-12.156	0.0	0.0	36.229	10.63	15.912	0.0	53.612	9.038	-1.0	37.2	2.02	229.872	11.3
10.88	16.1	413.678	54.038	24.513	-16.222	34.8	1.894	223.866	9.14	15.475	707.188	55.538	32.795	-9.109	28.8	0.0	242.465	9.64	20.975	0.0	56.379	24.077	-17.229	0.0	0.98	243.531	11.84	21.413	0.0	51.052	31.124	-7.822	35.0	0.0	221.154	11.12	17.35	0.0	53.412	10.782	-10.567	0.0	1.718	192.868	10.82	13.85	0.0	54.688	0.0	0.0	0.2	0.0	191.608	11.48	19.475	750.258	50.451	9.111	-1.0	0.0	0.0	50.275	10.67	14.975	0.0	54.307	26.62	-11.968	31.6	1.953	241.593	11.8	21.85	0.0	52.449	20.808	-13.108	0.0	0.0	236.072	10.76	20.913	0.0	52.818	9.547	-1.0	37.2	1.634	278.501	11.51
10.82	13.912	248.313	55.877	25.239	-15.691	34.8	1.165	245.856	9.01	12.85	253.099	56.401	32.722	-8.784	28.8	1.936	264.745	9.28	15.85	0.0	56.001	23.859	-15.662	0.0	0.922	241.981	10.72	16.225	0.0	52.963	30.761	-4.641	35.0	1.961	223.091	10.62	15.85	0.0	53.431	10.709	-10.303	0.0	1.643	218.732	10.82	13.662	0.0	54.299	0.0	0.0	0.2	1.936	190.833	11.62	15.975	331.262	50.04	9.256	-1.0	0.0	0.0	229.194	10.87	14.787	0.0	53.467	26.474	-11.962	31.6	2.095	268.426	11.4	17.975	0.0	51.511	20.88	-12.183	0.0	0.0	183.181	10.94	17.475	0.0	54.406	9.547	-1.0	37.2	1.24	208.754	11.58
10.75	12.162	183.975	55.184	25.021	-15.361	34.8	1.316	237.815	9.34	12.787	193.546	54.769	33.013	-8.875	28.8	1.182	259.127	9.62	14.787	0.0	54.899	23.568	-15.277	0.0	1.391	224.06	10.82	15.725	0.0	54.15	30.979	-4.61	35.0	1.123	227.45	10.41	15.162	0.0	53.911	10.927	-10.238	0.0	0.955	196.161	10.48	12.412	0.0	54.489	0.0	0.0	0.2	1.718	204.783	11.2	14.412	212.156	51.788	8.748	-1.0	0.0	1.684	181.05	10.49	14.162	0.0	54.818	26.474	-11.907	31.6	1.902	227.644	10.92	15.1	0.0	52.296	20.808	-11.705	0.0	0.0	158.382	11.2	17.85	0.0	52.456	9.402	-1.0	37.2	0.0	247.793	11.15
10.55	12.6	210.03	55.095	24.658	-15.531	34.8	2.062	238.59	9.44	13.287	268.519	54.575	32.65	-5.018	28.8	1.324	261.258	9.48	14.225	0.0	55.382	24.15	-14.956	0.0	0.0	209.529	11.58	16.475	0.0	54.169	30.761	-4.722	35.0	0.0	211.757	10.4	15.162	0.0	54.029	10.637	-10.246	0.0	0.0	206.72	10.47	12.85	0.0	55.884	0.0	0.0	0.2	0.0	204.395	11.14	15.162	228.64	52.266	8.966	-1.0	0.0	1.006	185.409	10.36	14.287	0.0	54.77	26.402	-11.873	31.6	0.0	271.526	10.88	16.163	0.0	53.347	20.953	-11.87	0.0	0.0	149.083	11.11	18.288	0.0	52.474	9.184	-1.0	37.2	1.626	205.655	11.11
10.66	12.975	413.678	54.694	24.44	-15.545	34.8	1.299	216.891	9.26	11.787	227.045	55.585	32.722	-8.632	28.8	1.793	221.832	9.61	16.475	0.0	54.749	24.077	-15.814	0.0	1.425	259.902	11.19	16.475	0.0	51.604	31.124	-4.903	35.0	0.0	225.416	10.4	16.225	0.0	54.388	10.855	-10.429	0.0	0.0	219.604	10.81	14.1	0.0	53.338	0.0	0.0	0.2	0.0	254.38	11.56	14.287	258.948	52.294	9.256	-1.0	0.0	1.19	192.383	10.96	15.412	0.0	54.499	26.62	-11.938	31.6	1.349	258.739	11.02	15.975	0.0	52.431	21.171	-11.742	0.0	0.0	192.383	10.64	15.912	0.0	52.801	9.038	-1.0	37.2	1.257	250.893	11.22
11.38	19.788	691.237	55.426	24.44	-17.123	34.8	1.391	350.184	9.45	14.725	697.086	54.815	32.65	-8.998	28.8	0.0	271.914	9.88	19.788	0.0	52.272	24.077	-18.745	0.0	1.676	194.03	11.6	22.288	0.0	49.08	30.906	-6.979	35.0	0.0	215.148	11.17	19.413	0.0	51.236	10.782	-10.96	0.0	0.0	214.567	10.75	14.787	0.0	53.118	0.0	0.0	0.2	0.0	214.567	11.79	19.788	752.384	51.259	9.329	-32.598	0.0	0.0	162.451	10.67	15.975	0.0	53.858	26.547	-11.961	31.6	0.964	311.824	11.32	21.1	0.0	50.614	20.59	-12.946	0.0	0.0	202.07	10.92	21.788	0.0	53.323	9.184	-1.0	37.2	0.0	239.365	11.37
11.13	17.163	562.56	52.901	24.949	-16.568	34.8	1.735	259.417	9.41	13.6	525.872	54.779	32.94	-8.85	28.8	1.525	278.307	9.88	22.475	0.0	53.535	23.35	-17.211	0.0	1.425	230.26	12.38	20.538	0.0	49.151	30.615	-6.101	35.0	0.0	154.023	11.39	18.35	0.0	50.04	11.0	-10.85	0.0	0.0	223.285	10.85	16.975	0.0	51.649	0.0	0.0	0.2	1.316	173.494	11.42	18.225	526.403	51.849	9.111	-1.0	0.0	0.0	68.681	10.87	16.538	0.0	53.797	26.692	-12.039	31.6	1.534	222.51	12.0	20.038	0.0	49.535	20.953	-12.723	0.0	0.0	334.685	11.24	19.538	0.0	49.589	9.111	-1.0	37.2	0.0	266.779	11.97
11.37	15.037	445.582	54.828	24.658	-15.745	34.8	1.668	236.75	9.64	12.85	583.297	54.724	32.722	-8.755	28.8	0.0	283.828	9.77	20.35	0.0	52.859	24.295	-16.466	0.0	2.129	260.677	12.72	20.788	0.0	49.351	30.761	-6.331	35.0	0.0	152.279	11.46	18.1	0.0	51.276	10.637	-10.7	0.0	0.0	246.727	11.25	15.225	0.0	51.917	0.0	0.0	0.2	0.0	221.154	11.37	18.788	734.838	51.477	8.748	-1.0	0.0	1.148	14.046	10.59	15.287	0.0	51.856	26.329	-11.762	31.6	0.0	311.049	12.23	19.663	0.0	52.601	21.098	-12.673	0.0	0.0	318.024	11.1	17.6	0.0	53.017	9.256	-1.0	37.2	1.006	284.7	12.19
11.52	15.35	327.008	54.251	24.949	-16.183	34.8	0.0	232.584	9.5	14.412	569.473	54.941	32.795	-8.967	28.8	0.0	238.009	10.24	21.413	0.0	53.497	24.15	-17.126	0.0	1.827	293.225	12.26	20.288	0.0	47.483	30.397	-6.165	35.0	1.316	180.662	11.36	17.538	0.0	51.628	10.492	-10.633	0.0	1.626	190.155	10.95	15.787	0.0	51.236	0.0	0.0	0.2	1.718	197.518	11.61	19.038	601.908	49.483	8.748	-1.0	0.0	0.0	329.939	11.17	16.538	0.0	51.358	26.62	-12.065	31.6	1.257	224.641	11.68	19.663	0.0	48.687	21.244	-12.757	0.0	0.0	178.144	12.07	22.163	0.0	52.548	9.547	-1.0	37.2	0.0	247.793	12.11
11.03	15.85	650.294	53.79	25.021	-15.871	34.8	0.0	285.088	9.42	13.412	661.46	54.424	31.415	-8.866	28.8	0.0	289.544	10.12	20.6	0.0	54.645	24.295	-16.822	0.0	0.0	222.316	12.7	21.913	0.0	47.978	31.051	-6.603	35.0	0.0	285.185	11.58	18.975	0.0	52.388	10.492	-10.866	0.0	1.911	205.17	11.38	15.037	0.0	52.239	0.0	0.0	0.2	0.0	187.831	11.77	19.163	718.354	52.05	8.821	-1.0	0.0	0.0	18.115	11.56	16.538	0.0	53.112	26.329	-12.065	31.6	0.98	241.69	11.52	20.788	0.0	49.255	21.316	-12.798	0.0	0.0	164.969	11.68	20.538	0.0	51.702	8.893	-1.0	37.2	1.735	209.723	12.54
11.17	16.288	637.001	53.389	25.021	-15.7	34.8	0.905	241.303	9.19	12.85	559.902	54.539	31.85	-8.774	28.8	0.0	250.699	9.62	17.6	0.0	53.318	24.367	-16.095	0.0	2.028	233.553	11.76	20.538	0.0	50.643	30.833	-5.856	35.0	0.0	198.292	11.56	19.725	0.0	52.082	10.782	-10.997	0.0	1.282	206.042	11.13	14.85	0.0	50.128	0.0	0.0	0.2	1.726	215.729	11.28	18.225	671.031	50.945	8.748	-1.0	0.0	0.0	15.112	11.6	15.475	0.0	53.088	26.184	-11.871	31.6	0.0	238.59	11.65	21.225	0.0	50.075	20.953	-13.237	0.0	0.0	216.891	11.65	21.288	0.0	51.24	9.038	-1.0	37.2	0.0	216.504	12.54
11.2	14.287	229.172	53.423	25.312	-15.638	34.8	1.299	234.522	9.1	13.35	654.016	54.08	32.795	-3.362	28.8	0.0	291.384	10.36	20.85	0.0	53.304	24.077	-16.892	0.0	0.0	251.28	12.14	18.913	0.0	49.522	30.47	-5.236	35.0	2.003	193.158	10.74	16.538	0.0	52.725	10.855	-10.436	0.0	1.458	198.486	11.1	16.85	0.0	51.226	0.0	0.0	0.2	2.062	177.175	12.84	20.288	719.949	48.308	9.184	-1.0	0.0	0.0	258.255	11.03	16.475	0.0	52.008	26.547	-12.96	31.6	0.0	231.228	12.58	20.663	0.0	47.273	20.953	-12.995	0.0	0.0	337.397	11.22	20.475	0.0	51.639	9.111	-1.0	37.2	0.0	243.24	11.68
11.03	15.412	603.503	53.339	25.021	-15.558	34.8	1.165	223.866	9.28	11.85	269.051	54.076	32.577	-4.504	28.8	0.905	245.759	9.57	21.163	0.0	53.131	24.15	-16.412	0.0	1.651	231.228	11.72	20.663	0.0	49.374	30.615	-6.29	35.0	1.006	181.147	10.9	19.163	0.0	52.354	10.855	-10.872	0.0	0.0	233.456	10.59	14.225	0.0	51.248	0.0	0.0	0.2	1.341	213.792	11.77	17.225	664.119	51.257	9.038	-1.0	0.0	1.165	181.534	10.69	15.662	0.0	53.741	26.402	-11.905	31.6	1.475	229.194	11.52	18.975	0.0	49.626	20.517	-12.792	0.0	0.0	171.944	11.47	20.038	0.0	51.032	8.966	-1.0	37.2	1.802	163.807	11.56
11.09	15.225	599.781	54.159	24.44	-16.005	34.8	0.0	224.157	9.11	12.725	556.711	55.386	33.086	-8.769	28.8	0.0	276.66	9.68	15.6	0.0	53.327	24.367	-15.534	0.0	0.0	227.741	11.54	18.538	0.0	48.328	30.47	-5.68	35.0	0.0	232.778	10.91	17.913	0.0	53.472	11.073	-10.66	0.0	1.718	224.544	10.91	14.85	0.0	52.839	0.0	0.0	0.2	0.0	180.662	12.0	18.35	588.083	48.449	8.748	-1.0	0.0	0.972	357.546	11.23	16.35	0.0	50.938	26.62	-11.979	31.6	0.0	242.465	11.54	19.788	0.0	50.459	20.953	-13.287	0.0	0.0	206.817	10.84	18.663	0.0	50.702	9.329	-1.0	37.2	1.559	248.665	12.41
10.5	12.162	148.882	53.414	24.731	-15.222	34.8	0.0	306.69	9.48	11.662	272.241	53.538	33.231	-8.627	28.8	1.341	286.25	9.88	19.413	0.0	52.814	23.859	-16.716	0.0	0.0	230.453	12.78	18.975	0.0	48.238	30.47	-5.778	35.0	0.0	322.673	10.85	16.35	0.0	51.71	11.073	-10.431	0.0	1.039	148.308	11.25	15.6	0.0	51.643	0.0	0.0	0.2	1.475	196.646	11.44	18.225	610.947	50.783	9.62	-1.0	0.0	1.173	349.409	11.38	16.788	0.0	52.996	26.402	-12.111	31.6	0.0	280.051	11.68	19.788	0.0	50.816	21.244	-12.783	0.0	0.0	246.921	11.72	19.413	0.0	51.677	9.402	-1.0	37.2	1.475	348.247	12.07
10.6	9.912	139.842	53.848	24.731	-14.608	34.8	2.053	220.573	9.22	9.85	126.549	54.395	32.577	-3.752	28.8	2.062	265.714	9.82	13.975	0.0	54.095	24.295	-15.158	0.0	0.0	207.979	12.04	14.287	0.0	47.393	30.761	-4.006	35.0	0.0	209.142	10.88	14.412	0.0	52.109	11.291	-10.1	0.0	1.961	251.377	10.9	12.662	0.0	50.128	0.0	0.0	0.2	1.676	241.206	10.87	13.35	140.906	51.134	9.256	-1.0	0.0	1.324	21.505	11.24	14.412	0.0	51.764	26.62	-11.609	31.6	1.819	234.134	11.18	14.475	0.0	50.748	21.244	-11.694	0.0	0.0	162.548	10.77	12.725	0.0	50.601	9.474	-1.0	37.2	1.391	240.528	11.38
10.64	10.662	178.126	54.034	24.44	-14.83	34.8	1.165	242.562	9.06	11.037	558.838	54.579	32.432	-4.331	28.8	1.911	266.876	9.44	16.225	0.0	52.542	23.641	-15.483	0.0	0.0	225.707	11.27	14.475	0.0	50.085	30.397	-4.414	35.0	1.701	188.993	10.78	14.975	0.0	52.791	10.927	-10.242	0.0	0.997	211.467	10.63	11.787	0.0	51.406	0.0	0.0	0.2	1.441	205.655	10.99	15.225	215.347	51.972	9.402	-1.0	0.0	1.358	40.007	11.01	14.787	0.0	53.486	26.474	-11.65	31.6	0.989	273.463	11.48	16.225	0.0	51.644	21.098	-11.931	0.0	0.0	312.599	10.32	13.975	0.0	51.667	8.675	-1.0	37.2	0.0	230.744	11.31
11.0	13.287	220.664	52.852	24.949	-15.546	34.8	2.095	252.152	9.16	12.662	548.204	53.492	32.867	-4.672	28.8	1.483	258.546	9.75	19.538	0.0	52.314	24.077	-16.531	0.0	1.626	224.835	11.18	18.413	0.0	49.087	30.761	-5.451	35.0	0.0	198.583	10.8	15.912	0.0	52.097	10.782	-10.371	0.0	0.0	208.173	10.82	14.037	0.0	50.822	0.0	0.0	0.2	0.0	209.045	11.85	18.288	463.66	51.634	8.893	-1.0	0.0	0.0	39.426	10.72	15.787	0.0	50.502	26.474	-11.755	31.6	0.0	232.391	11.61	18.288	0.0	49.977	20.517	-12.17	0.0	0.0	320.348	11.0	19.475	0.0	51.426	8.821	-1.0	37.2	1.743	189.38	11.7
