-1.72	-2.4	0.532	90.004	24.731	-12.448	35.2	0.0	68.293	-2.9	-1.775	0.0	67.572	33.013	-7.468	29.0	0.0	89.798	-2.43	-1.337	0.0	69.017	23.568	-11.51	0.8	0.0	43.591	-2.3	-0.15	0.0	74.163	31.342	-0.218	36.0	0.0	44.754	-2.49	-0.9	0.0	93.406	10.637	-8.813	1.6	0.0	71.974	-1.62	-0.963	0.0	97.488	0.0	0.0	1.2	0.0	46.788	-1.85	-0.025	2.127	72.566	10.056	-21.256	1.0	0.0	43.01	-2.58	-0.087	0.0	72.835	26.184	-11.426	32.6	0.0	45.916	-1.0	-0.15	0.0	38.508	20.444	-12.572	1.0	0.0	349.409	-2.57	-1.337	0.0	28.916	8.603	-1.0	38.2	0.0	79.53
-1.75	-2.525	1.063	89.996	24.658	-12.654	35.2	0.0	68.487	-2.96	-1.9	0.0	67.663	33.086	-7.387	29.0	0.0	89.508	-2.16	-1.462	0.0	69.145	23.786	-11.405	0.8	0.0	44.56	-2.18	-0.087	0.0	73.725	31.56	-7.386	36.0	0.0	45.238	-2.4	-0.838	0.0	93.451	10.564	-8.88	1.6	0.0	71.684	-1.63	-0.838	0.0	97.485	0.0	0.0	1.2	0.0	46.594	-1.83	-0.212	1.595	72.57	9.765	-21.611	1.0	0.0	42.72	-2.63	-0.212	0.0	72.874	26.474	-17.169	32.6	0.0	46.11	-1.0	-0.15	0.0	38.413	21.098	-12.517	1.0	0.0	349.022	-2.58	-1.212	0.0	28.949	8.53	-1.0	38.2	0.0	79.53
-1.75	-2.337	0.532	89.996	24.44	-13.609	35.2	0.0	68.487	-2.96	-1.962	0.0	67.638	33.086	-7.389	29.0	0.0	89.798	-2.09	-1.275	0.0	69.184	23.714	-11.563	0.8	0.0	44.463	-2.19	-0.212	0.0	73.772	30.906	-7.4	36.0	0.0	45.141	-2.34	-0.65	0.0	93.487	11.0	-8.805	1.6	0.0	71.587	-1.58	-0.9	0.0	97.463	0.0	0.0	1.2	0.0	46.885	-1.8	-0.087	0.532	72.576	9.62	-21.544	1.0	0.0	42.623	-2.58	-0.025	0.0	72.859	25.893	-11.393	32.6	0.0	45.626	-1.0	-0.212	0.0	38.413	20.372	-12.617	1.0	0.0	348.925	-2.54	-1.337	0.0	28.919	8.748	-1.0	38.2	0.0	79.433
-1.73	-2.212	0.0	89.981	24.658	-12.877	35.2	0.0	68.487	-2.93	-1.775	0.0	67.618	32.867	-7.414	29.0	0.0	89.992	-2.1	-1.275	0.0	69.182	23.641	-11.747	0.8	0.0	44.366	-2.1	-0.025	0.0	73.4	31.705	-7.45	36.0	0.0	45.529	-2.28	-0.65	0.0	93.504	10.709	-8.863	1.6	0.0	71.974	-1.54	-0.9	0.0	97.475	0.0	0.0	1.2	0.0	47.369	-1.75	-0.087	1.063	72.587	9.692	-21.746	1.0	0.0	42.526	-2.54	-0.15	0.0	72.868	26.692	-11.375	32.6	0.0	45.626	-1.83	-0.15	0.0	38.45	20.808	-12.737	1.0	0.0	349.022	-2.54	-1.462	0.0	28.919	8.603	-1.0	38.2	0.0	79.336
-1.7	-2.462	0.532	90.01	25.167	-12.838	35.2	0.0	68.487	-2.9	-1.65	0.532	67.572	32.795	-7.425	29.0	0.0	89.992	-2.12	-1.275	0.0	69.178	23.859	-11.431	0.8	0.0	44.56	-2.14	-0.15	0.0	73.441	31.342	-7.455	36.0	0.0	45.141	-2.3	-0.9	0.0	93.518	10.782	-8.712	1.6	0.0	71.877	-1.59	-0.588	0.0	97.497	0.0	0.0	1.2	0.0	46.788	-1.76	-0.15	0.0	72.585	10.201	-21.93	1.0	0.0	42.526	-2.5	0.037	0.0	72.925	26.256	-10.373	32.6	0.0	46.013	0.48	0.037	0.0	38.604	20.662	-12.492	1.0	0.0	349.022	-2.45	-0.963	0.0	28.827	8.603	-1.0	38.2	0.0	79.724
-1.67	-2.212	0.532	90.018	24.658	-12.877	35.2	0.0	68.487	-2.9	-1.962	0.532	67.572	33.013	-7.382	29.0	0.0	89.895	-1.98	-1.212	0.0	69.231	23.932	-11.527	0.8	0.0	44.754	-2.12	0.1	0.0	73.322	31.051	-7.428	36.0	0.0	45.238	-2.27	-0.275	0.0	93.545	11.218	-8.768	1.6	0.0	71.781	-1.52	-1.275	0.0	97.518	0.0	0.0	1.2	0.0	47.369	-1.78	-0.15	4.254	72.581	9.838	-21.729	1.0	0.0	42.72	-2.48	-0.212	0.0	73.003	26.62	-11.244	32.6	0.0	45.432	0.86	-0.212	0.0	38.55	21.171	-12.784	1.0	0.0	349.022	-2.46	-1.337	0.0	28.826	8.457	-1.0	38.2	0.0	79.53
-1.65	-2.212	1.063	90.023	25.094	-12.877	35.2	0.0	68.487	-2.88	-1.65	0.0	67.55	33.013	-7.425	29.0	0.0	90.864	-2.12	-1.337	0.0	69.178	23.496	-11.379	0.8	0.0	44.366	-2.16	-0.15	0.0	73.485	31.269	-7.439	36.0	0.0	45.238	-2.33	-0.713	0.0	93.49	10.709	-8.787	1.6	0.0	71.974	-1.51	-0.65	0.0	97.521	0.0	0.0	1.2	0.0	46.788	-1.78	-0.15	1.595	72.556	9.547	-21.324	1.0	0.0	42.332	-2.5	-0.15	0.0	73.097	26.692	-11.546	32.6	0.0	45.916	2.24	-0.15	0.0	38.73	20.953	-12.517	1.0	0.0	349.022	-2.5	-1.087	0.0	28.856	8.603	-1.0	38.2	0.0	79.627
-1.66	-2.525	0.532	90.02	24.731	-12.77	35.2	0.0	68.487	-2.88	-1.962	0.0	67.55	32.795	-7.405	29.0	0.0	89.895	-2.13	-1.462	0.0	69.177	23.859	-11.362	0.8	0.0	45.141	-2.1	-0.087	0.0	73.302	30.979	-0.327	36.0	0.0	45.141	-2.34	-0.838	0.0	93.487	10.637	-8.785	1.6	0.0	71.877	-1.5	-0.775	0.0	97.524	0.0	0.0	1.2	0.0	47.273	-1.78	-0.15	0.0	72.556	9.91	-21.628	1.0	0.0	43.01	-2.5	-0.087	0.0	73.146	26.329	-11.302	32.6	0.0	46.013	-0.52	-0.338	0.0	38.496	20.808	-12.764	1.0	0.0	349.022	-2.48	-1.212	0.0	28.858	8.603	-1.0	38.2	0.0	79.724
-1.68	-2.212	4.254	90.015	25.094	-12.877	35.2	0.0	67.518	-2.9	-1.837	0.0	67.572	32.867	-7.329	29.0	0.0	89.508	-2.24	-1.462	0.0	69.13	23.786	-11.493	0.8	0.0	44.463	-2.16	-0.212	0.0	73.436	31.487	-7.375	36.0	0.0	45.141	-2.4	-0.713	0.0	93.47	11.0	-8.775	1.6	0.0	71.877	-1.5	-0.838	0.0	97.524	0.0	0.0	1.2	0.0	46.304	-1.77	-0.212	1.063	72.558	9.62	-21.51	1.0	0.0	43.01	-2.52	0.037	0.0	73.19	26.474	-11.36	32.6	0.0	45.916	-1.86	-0.212	0.0	38.478	20.081	-12.728	1.0	0.0	349.022	-2.48	-1.275	0.0	28.858	8.53	-1.0	38.2	0.0	79.627
-1.68	-2.337	1.063	90.015	24.367	-12.626	35.2	0.0	68.39	-2.92	-2.025	0.0	67.62	33.013	-7.407	29.0	0.0	90.186	-2.1	-1.587	0.0	69.182	23.786	-11.26	0.8	0.0	44.366	-2.1	-0.087	0.0	73.179	31.415	-7.403	36.0	0.0	45.916	-2.35	-0.65	0.0	93.484	11.073	-8.782	1.6	0.0	71.587	-1.56	-0.775	0.0	97.506	0.0	0.0	1.2	0.0	46.885	-1.75	-0.15	0.0	72.562	9.983	-24.131	1.0	0.0	42.913	-2.54	-0.025	0.0	73.211	26.256	-11.477	32.6	0.0	46.013	-1.48	-0.212	0.0	38.393	20.299	-12.728	1.0	0.0	349.022	-2.53	-1.087	0.0	28.887	8.966	-1.0	38.2	0.0	79.24
-1.68	-2.212	3.19	90.015	25.094	-12.645	35.2	0.0	68.778	-2.92	-1.775	0.0	67.62	32.94	-7.422	29.0	0.0	89.992	-2.24	-1.462	0.0	69.13	23.859	-11.236	0.8	0.0	45.044	-2.22	-0.275	0.0	73.62	31.124	-0.23	36.0	0.0	45.141	-2.36	-0.65	0.0	93.481	10.564	-8.728	1.6	0.0	71.974	-1.52	-0.9	0.0	97.518	0.0	0.0	1.2	0.0	46.885	-1.78	-0.212	1.063	72.556	9.692	-21.307	1.0	0.0	42.138	-2.55	-0.15	0.0	73.282	26.329	-11.375	32.6	0.0	46.788	-0.21	-0.15	0.0	38.498	20.227	-12.794	1.0	0.0	349.022	-2.44	-1.212	0.0	28.828	8.675	-1.0	38.2	0.0	79.53
-1.69	-2.337	0.532	90.012	24.658	-12.799	35.2	0.0	68.487	-2.92	-1.775	0.0	67.62	32.795	-7.437	29.0	0.0	89.508	-2.22	-1.462	0.0	69.108	24.077	-12.59	0.8	0.0	45.141	-2.19	-0.15	0.0	73.504	30.906	-7.372	36.0	0.0	44.948	-2.42	-1.025	0.0	93.465	10.419	-8.71	1.6	0.0	72.265	-1.57	-0.963	0.0	97.503	0.0	0.0	1.2	0.0	47.273	-1.78	-0.087	0.532	72.531	9.474	-21.443	1.0	0.0	42.72	-2.58	-0.275	0.0	73.325	26.91	-11.358	32.6	0.0	45.819	-1.98	-0.212	0.0	38.339	21.098	-12.728	1.0	0.0	349.312	-2.54	-1.275	0.0	28.886	8.603	-1.0	38.2	0.0	79.336
-1.73	-2.587	2.127	90.002	24.949	-12.702	35.2	0.0	68.196	-2.94	-2.025	0.0	67.667	32.94	-7.445	29.0	0.0	89.895	-2.18	-1.462	0.0	69.141	23.786	-11.362	0.8	0.0	44.366	-2.21	-0.025	0.0	73.622	31.56	-7.383	36.0	0.0	44.851	-2.44	-0.463	0.0	93.42	11.073	-9.22	1.6	0.0	71.974	-1.53	-0.9	0.0	97.515	0.0	0.0	1.2	0.0	46.594	-1.79	-0.212	0.0	72.529	9.402	-21.712	1.0	0.0	42.816	-2.57	-0.212	0.0	73.302	26.402	-11.451	32.6	0.0	45.626	0.42	-0.15	0.0	38.566	20.517	-12.737	1.0	0.0	349.022	-2.52	-1.337	0.0	28.887	8.457	-1.0	38.2	0.0	79.627
-1.74	-2.337	0.532	89.999	25.094	-12.741	35.2	0.0	68.39	-2.96	-1.837	0.0	67.663	33.158	-7.439	29.0	0.0	89.895	-2.22	-1.4	0.0	69.134	23.786	-11.244	0.8	0.0	44.366	-2.23	-0.025	0.0	73.715	31.633	-0.32	36.0	0.0	45.335	-2.43	-0.963	0.0	93.462	10.709	-8.716	1.6	0.0	71.296	-1.6	-1.087	0.0	97.494	0.0	0.0	1.2	0.0	46.207	-1.8	-0.15	0.532	72.527	9.983	-21.426	1.0	0.0	42.72	-2.6	-0.212	0.0	73.369	26.765	-11.9	32.6	0.0	46.11	-2.07	-0.15	0.0	38.33	20.372	-12.794	1.0	0.0	349.022	-2.57	-1.337	0.0	28.916	8.675	-1.0	38.2	0.0	79.53
-1.74	-2.275	0.532	89.999	24.949	-12.579	35.2	0.0	68.584	-2.98	-1.9	0.532	67.736	32.94	-7.387	29.0	0.0	90.186	-2.2	-1.525	0.0	69.138	23.641	-11.026	0.8	0.0	44.56	-2.22	-0.087	0.0	73.717	31.705	-7.378	36.0	0.0	45.626	-2.42	-0.275	0.0	93.426	11.218	-8.768	1.6	0.0	71.393	-1.62	-0.713	0.0	97.452	0.0	0.0	1.2	0.0	46.691	-1.82	-0.212	1.595	72.523	9.838	-21.611	1.0	0.0	43.01	-2.61	-0.212	0.0	73.367	26.547	-11.367	32.6	0.0	45.722	-2.12	-0.15	0.0	38.387	20.372	-12.464	1.0	0.0	349.022	-2.6	-1.337	0.0	28.914	8.53	-1.0	38.2	0.0	80.014
-1.76	-2.4	0.532	89.994	24.44	-12.731	35.2	0.0	68.778	-2.98	-2.087	0.0	67.736	32.867	-7.485	29.0	0.0	90.089	-2.32	-1.4	0.0	69.089	23.496	-11.286	0.8	0.0	44.56	-2.31	-0.275	0.0	74.039	31.124	-0.23	36.0	0.0	44.948	-2.48	-0.4	0.0	93.409	11.145	-8.787	1.6	0.0	71.877	-1.6	-0.838	0.0	97.458	0.0	0.0	1.2	0.0	47.563	-1.86	-0.212	3.19	72.515	9.402	-21.611	1.0	0.0	42.816	-2.6	-0.212	0.0	73.394	26.038	-11.367	32.6	0.0	45.916	-1.8	-0.338	0.0	38.705	20.372	-12.708	1.0	0.0	349.022	-2.58	-1.4	0.0	28.949	8.457	-1.0	38.2	0.0	79.821
-1.78	-2.525	0.0	89.988	25.239	-12.77	35.2	0.0	68.196	-3.0	-2.15	0.0	67.758	33.303	-7.442	29.0	0.0	89.798	-2.32	-1.587	0.0	69.089	23.714	-11.219	0.8	0.0	44.173	-2.38	-0.212	0.0	74.364	31.705	-0.282	36.0	0.0	44.754	-2.46	-0.9	0.0	93.415	10.927	-8.767	1.6	0.0	71.877	-1.6	-0.838	0.0	97.458	0.0	0.0	1.2	0.0	46.885	-1.87	-0.212	1.063	72.488	9.765	-22.608	1.0	0.0	42.816	-2.62	-0.212	0.0	73.414	26.547	-11.537	32.6	0.0	46.013	-1.99	-0.212	0.0	38.622	21.026	-12.841	1.0	0.0	349.409	-2.65	-1.4	0.0	28.976	8.748	-1.0	38.2	0.0	79.53
-1.8	-2.462	1.063	89.963	24.949	-12.607	35.2	0.0	68.874	-3.03	-1.837	0.532	67.804	33.086	-7.477	29.0	0.0	89.701	-2.32	-1.65	0.0	69.063	24.004	-11.379	0.8	0.0	44.56	-2.36	-0.4	0.0	74.199	31.487	-7.367	36.0	0.0	45.335	-2.48	-0.963	0.0	93.409	10.564	-8.727	1.6	0.0	72.168	-1.6	-1.087	0.0	97.458	0.0	0.0	1.2	0.0	46.885	-1.9	-0.212	1.063	72.457	10.274	-21.812	1.0	0.0	42.913	-2.66	-0.212	0.0	73.479	26.983	-11.244	32.6	0.0	45.626	-1.84	-0.4	0.0	38.669	20.88	-12.927	1.0	0.0	349.022	-2.68	-1.4	0.0	29.006	8.748	-1.0	38.2	0.0	79.627
-1.79	-2.462	1.063	89.965	25.021	-12.664	35.2	0.0	68.487	-3.06	-2.025	0.532	67.824	33.158	-7.415	29.0	0.0	89.798	-2.2	-1.462	0.0	69.112	23.641	-11.32	0.8	0.0	44.366	-2.24	-0.15	0.0	73.835	31.56	-7.372	36.0	0.0	44.56	-2.46	-0.713	0.0	93.415	10.709	-8.743	1.6	0.0	73.137	-1.6	-0.463	0.0	97.458	0.0	0.0	1.2	0.0	46.207	-1.87	-0.087	2.127	72.463	9.91	-21.645	1.0	0.0	42.623	-2.68	-0.087	0.0	73.45	26.402	-11.384	32.6	0.0	45.819	-1.66	-0.025	0.0	38.72	21.607	-12.928	1.0	0.0	349.022	-2.66	-1.4	0.0	28.975	8.675	-1.0	38.2	0.0	79.53
-1.8	-2.587	0.0	89.963	24.949	-12.588	35.2	0.0	68.584	-3.04	-1.837	1.063	67.828	32.94	-7.416	29.0	0.0	89.895	-2.2	-1.65	0.0	69.138	23.568	-11.129	0.8	0.0	44.56	-2.28	-0.15	0.0	73.9	31.56	-7.397	36.0	0.0	45.044	-2.44	-0.713	0.0	93.42	11.0	-8.721	1.6	0.0	71.974	-1.58	-1.025	0.0	97.463	0.0	0.0	1.2	0.0	46.885	-1.88	-0.212	0.532	72.461	10.056	-21.611	1.0	0.0	41.654	-2.64	-0.212	0.0	73.434	26.983	-11.367	32.6	0.0	45.722	-1.51	-0.212	0.0	38.768	20.662	-13.57	1.0	0.0	349.022	-2.59	-1.4	0.0	28.915	8.457	-1.0	38.2	0.0	79.53
-1.79	-2.462	0.532	89.965	24.658	-12.607	35.2	0.0	68.487	-3.04	-1.9	0.0	67.802	32.867	-7.441	29.0	0.0	88.927	-2.32	-1.587	0.0	69.089	23.786	-11.345	0.8	0.0	45.044	-2.27	-0.15	0.0	73.926	31.705	-7.389	36.0	0.0	45.141	-2.46	-0.65	0.0	93.415	11.073	-8.749	1.6	0.0	72.459	-1.6	-0.65	0.0	97.458	0.0	0.0	1.2	0.0	46.207	-1.86	-0.212	6.381	72.465	9.983	-21.611	1.0	0.0	42.72	-2.65	-0.15	0.0	73.481	26.184	-11.502	32.6	0.0	46.401	-1.62	-0.15	0.0	38.693	20.88	-12.909	1.0	0.0	349.022	-2.62	-1.4	0.0	28.912	8.53	-1.0	38.2	0.0	79.627
-1.8	-2.462	0.0	89.983	24.44	-12.55	35.2	0.0	68.293	-3.04	-2.025	1.063	67.828	32.577	-7.392	29.0	0.0	89.798	-2.24	-1.525	0.0	69.104	23.641	-11.269	0.8	0.0	44.56	-2.26	-0.15	0.0	73.904	30.833	-7.372	36.0	0.0	45.432	-2.44	-0.525	0.0	93.42	11.073	-8.763	1.6	0.0	71.877	-1.6	-0.775	0.0	97.458	0.0	0.0	1.2	0.0	46.401	-1.86	-0.275	0.532	72.465	9.62	-21.594	1.0	0.0	43.591	-2.62	-0.025	0.0	73.463	26.692	-11.435	32.6	0.0	45.916	-1.82	-0.212	0.0	38.609	20.662	-12.957	1.0	0.0	349.312	-2.58	-1.337	0.0	28.916	8.821	-1.0	38.2	0.0	79.627
-1.8	-2.525	0.0	89.983	25.239	-12.43	35.2	0.0	68.874	-3.05	-2.087	0.532	67.851	32.94	-7.378	29.0	0.0	89.701	-2.18	-1.462	0.0	69.141	23.859	-11.114	0.8	0.0	44.754	-2.3	-0.212	0.0	74.09	31.415	-0.224	36.0	0.0	45.238	-2.48	-0.713	0.0	93.409	10.637	-8.787	1.6	0.0	71.877	-1.59	-1.087	0.0	97.461	0.0	0.0	1.2	0.0	47.757	-1.88	-0.275	0.0	72.461	9.474	-21.291	1.0	0.0	42.816	-2.62	-0.15	0.0	73.512	26.547	-11.213	32.6	0.0	46.594	-1.93	-0.212	0.0	38.723	20.662	-12.728	1.0	0.0	349.022	-2.61	-1.275	0.0	28.913	8.821	-1.0	38.2	0.0	79.336
-1.82	-2.525	0.532	89.978	24.949	-12.654	35.2	0.0	68.584	-3.06	-1.962	0.0	67.849	32.722	-7.382	29.0	0.0	91.058	-2.3	-1.462	0.0	69.067	23.496	-11.32	0.8	0.0	44.463	-2.31	-0.025	0.0	74.064	31.705	-7.383	36.0	0.0	45.626	-2.54	-0.963	0.0	93.373	11.291	-8.716	1.6	0.0	71.877	-1.6	-1.15	0.0	97.458	0.0	0.0	1.2	0.0	46.401	-1.9	-0.338	0.532	72.457	10.056	-21.677	1.0	0.0	43.01	-2.66	0.037	0.0	73.601	26.692	-11.402	32.6	0.0	46.013	-1.48	-0.15	0.0	38.614	20.808	-13.085	1.0	0.0	349.022	-2.63	-1.462	0.0	28.944	8.53	-1.0	38.2	0.0	79.24
-1.84	-2.525	0.0	89.931	24.44	-12.485	35.2	0.0	69.262	-3.1	-1.775	1.063	67.893	32.867	-7.398	29.0	0.0	89.992	-2.21	-1.587	0.0	69.136	23.423	-11.178	0.8	0.0	44.948	-2.24	-0.025	0.0	73.786	30.833	-0.262	36.0	0.0	45.529	-2.51	-0.838	0.0	93.401	11.073	-8.751	1.6	0.0	71.974	-1.62	-1.025	0.0	97.452	0.0	0.0	1.2	0.0	46.594	-1.9	-0.212	1.063	72.457	9.838	-21.003	1.0	0.0	43.01	-2.64	-0.212	0.0	73.581	26.91	-11.164	32.6	0.0	46.594	-1.16	-0.212	0.0	38.586	20.953	-12.728	1.0	0.0	349.022	-2.6	-1.337	0.0	28.914	8.821	-1.0	38.2	0.0	79.53
-1.82	-2.275	0.532	89.937	24.731	-12.692	35.2	0.0	68.584	-3.1	-1.962	0.0	67.893	33.086	-7.382	29.0	0.0	89.701	-2.22	-1.4	0.0	69.134	24.004	-11.203	0.8	0.0	44.851	-2.24	-0.025	0.0	73.786	30.906	-7.408	36.0	0.0	45.238	-2.46	-0.963	0.0	93.415	10.346	-8.727	1.6	0.0	71.877	-1.58	-1.025	0.0	97.463	0.0	0.0	1.2	0.0	46.788	-1.89	-0.212	0.532	72.459	10.128	-21.409	1.0	0.0	42.623	-2.64	-0.087	0.0	73.629	26.692	-11.143	32.6	0.0	46.013	-1.98	-0.212	0.0	38.654	20.444	-13.015	1.0	0.0	349.022	-2.6	-1.337	0.0	28.914	8.748	-1.0	38.2	0.0	79.53
-1.78	-2.587	0.532	89.947	24.44	-12.588	35.2	0.0	68.39	-3.07	-1.962	0.532	67.873	33.013	-7.397	29.0	0.0	89.798	-2.24	-1.4	0.0	69.104	23.932	-11.457	0.8	0.0	44.27	-2.3	-0.212	0.0	74.041	31.197	-0.282	36.0	0.0	45.432	-2.49	-0.9	0.0	93.406	11.073	-8.778	1.6	0.0	71.974	-1.57	-0.838	0.0	97.466	0.0	0.0	1.2	0.0	46.691	-1.9	-0.212	0.532	72.432	9.91	-21.409	1.0	0.0	42.816	-2.67	-0.212	0.0	73.721	26.474	-18.688	32.6	0.0	45.819	-1.49	-0.338	0.0	38.77	20.081	-13.055	1.0	0.0	348.538	-2.59	-1.087	0.0	28.915	8.457	-1.0	38.2	0.0	79.627
-1.78	-2.462	1.595	89.968	24.949	-13.79	35.2	0.0	68.39	-3.08	-2.025	0.0	67.871	33.231	-7.345	29.0	0.0	88.83	-2.24	-1.587	0.0	69.104	23.932	-11.388	0.8	0.0	44.948	-2.32	-0.212	0.0	74.086	31.051	-7.417	36.0	0.0	45.141	-2.48	-0.838	0.0	93.409	11.363	-8.762	1.6	0.0	72.265	-1.6	-0.9	0.0	97.458	0.0	0.0	1.2	0.0	46.691	-1.9	-0.212	11.698	72.432	9.547	-21.611	1.0	0.0	42.816	-2.68	-0.212	0.0	73.718	26.402	-11.244	32.6	0.0	45.916	-1.92	-0.275	0.0	38.629	20.59	-12.718	1.0	0.0	349.022	-2.64	-1.4	0.0	28.944	8.675	-1.0	38.2	0.0	79.336
-1.76	-2.462	0.532	89.994	24.876	-12.55	35.2	0.0	68.487	-3.06	-2.087	0.0	67.875	32.867	-7.371	29.0	0.0	89.992	-2.22	-1.462	0.0	69.134	23.786	-11.449	0.8	0.0	44.851	-2.28	-0.212	0.0	73.948	31.342	-0.195	36.0	0.0	45.044	-2.48	-0.963	0.0	93.409	11.073	-8.664	1.6	0.0	71.781	-1.58	-1.025	0.0	97.463	0.0	0.0	1.2	0.0	46.885	-1.88	-0.275	2.127	72.436	9.983	-21.594	1.0	0.0	42.623	-2.65	-0.212	0.0	73.725	26.547	-11.244	32.6	0.0	45.529	-2.02	-0.338	0.0	38.713	20.662	-12.937	1.0	0.0	349.022	-2.64	-1.275	0.0	28.944	8.675	-1.0	38.2	0.0	79.336
-1.74	-2.275	1.063	89.999	25.167	-12.692	35.2	0.0	68.778	-3.05	-2.087	0.0	67.851	32.65	-7.371	29.0	0.0	90.186	-2.32	-1.525	0.0	69.089	23.641	-11.484	0.8	0.0	44.366	-2.34	-0.212	0.0	74.179	31.415	-7.383	36.0	0.0	45.529	-2.52	-1.275	0.0	93.398	10.419	-8.738	1.6	0.0	71.974	-1.61	-0.838	0.0	97.455	0.0	0.0	1.2	0.0	46.788	-1.91	-0.212	1.063	72.43	9.329	-21.611	1.0	0.0	42.72	-2.68	-0.212	0.0	73.791	26.111	-11.284	32.6	0.0	46.11	-1.81	-0.275	0.0	38.673	20.662	-13.124	1.0	0.0	349.022	-2.59	-1.4	0.0	28.915	8.821	-1.0	38.2	0.0	79.53
