-1.0	15.037	283.939	0.0	26.329	-9.534	26.0	0.0	210.304	11.86	14.662	291.383	61.374	35.12	-18.182	11.2	0.0	242.853	11.56	12.975	0.0	62.268	26.983	-9.582	31.2	1.684	219.991	12.82	16.225	0.0	58.862	32.795	-9.224	26.2	1.601	199.842	12.2	13.787	0.0	60.364	13.325	-9.14	3.0	0.0	201.78	11.86	12.162	0.0	59.962	0.0	0.0	24.8	1.399	203.039	13.09	14.412	298.295	61.461	12.017	-17.929	46.6	1.098	184.44	12.1	13.35	0.0	62.13	26.765	-26.21	18.4	1.123	230.26	12.74	15.1	0.0	58.938	27.346	-29.614	24.8	1.651	176.206	11.98	16.663	0.0	59.43	18.41	-11.71	35.8	0.0	211.37	13.09
-1.0	15.787	315.31	0.0	26.329	-9.624	26.0	0.0	232.391	11.82	14.85	307.334	60.793	35.047	-15.987	11.2	0.0	266.876	11.63	12.975	0.0	60.561	27.056	-9.513	31.2	1.416	224.254	12.92	16.913	0.0	58.262	33.158	-9.331	26.2	1.441	200.23	12.24	14.037	0.0	58.625	12.816	-9.221	3.0	0.0	203.136	11.9	12.35	0.0	59.272	0.0	0.0	24.8	1.165	207.979	13.22	14.475	319.564	59.335	12.017	-18.131	46.6	1.282	173.784	12.09	13.725	0.0	59.883	27.346	-26.608	18.4	1.24	245.081	12.71	14.662	0.0	58.845	26.983	-29.637	24.8	0.0	181.05	12.24	16.85	0.0	60.428	18.628	-11.924	35.8	0.0	207.786	12.98
-1.0	16.85	354.126	0.0	25.603	-9.79	26.0	1.45	239.656	11.93	15.162	346.15	60.609	34.611	-15.705	11.2	0.0	268.814	11.65	13.225	0.0	61.254	27.637	-9.547	31.2	1.307	263.389	12.72	17.038	0.0	59.984	33.086	-6.268	26.2	1.542	189.962	12.28	14.412	0.0	60.925	12.961	-9.31	3.0	2.062	225.029	11.99	12.725	0.0	58.674	0.0	0.0	24.8	1.056	193.449	13.2	15.037	348.277	59.039	11.872	-18.287	46.6	1.031	182.018	12.14	14.1	0.0	62.706	27.346	-26.886	18.4	0.0	221.154	12.68	15.287	0.0	59.104	26.983	-29.702	24.8	0.0	165.55	12.38	17.6	0.0	59.435	18.41	-12.04	35.8	2.103	225.416	13.18
-1.0	17.225	413.147	0.0	25.893	-9.856	26.0	0.0	225.319	11.83	15.725	397.195	62.028	34.829	-16.128	11.2	0.0	262.808	11.44	13.725	0.0	62.191	27.273	-9.617	31.2	1.349	265.229	12.92	17.85	0.0	60.132	32.504	-6.602	26.2	1.475	223.769	12.57	14.912	0.0	60.279	13.034	-9.379	3.0	0.0	198.68	11.92	13.037	0.0	60.03	0.0	0.0	24.8	1.24	213.307	13.18	15.287	408.893	61.792	11.799	-18.17	46.6	1.307	191.608	12.06	14.225	0.0	61.235	27.128	-27.677	18.4	0.947	242.659	12.72	15.725	0.0	60.448	27.056	-30.255	24.8	0.0	168.844	12.77	18.975	0.0	62.097	18.701	-12.119	35.8	1.207	249.052	13.14
-1.0	17.725	432.289	0.0	25.385	-9.923	26.0	0.0	226.191	11.88	16.163	409.956	69.973	34.974	-16.237	11.2	0.0	282.763	11.51	14.037	0.0	68.005	27.201	-9.677	31.2	1.232	233.166	12.64	17.225	0.0	67.277	33.303	-6.154	26.2	0.939	211.854	12.26	14.85	0.0	66.739	13.034	-9.37	3.0	0.0	215.632	11.92	13.35	0.0	64.87	0.0	0.0	24.8	1.986	206.72	13.34	16.225	388.688	59.995	12.235	-18.721	46.6	0.0	185.409	12.38	14.912	0.0	59.784	27.273	-27.604	18.4	0.0	260.289	12.51	15.287	0.0	63.79	26.765	-30.045	24.8	0.0	184.731	12.16	18.225	0.0	67.96	18.556	-11.912	35.8	0.0	205.461	13.25
-1.0	14.975	309.993	0.0	25.748	-9.516	26.0	1.098	196.258	11.29	14.537	327.008	71.546	35.192	-15.697	11.2	1.039	264.648	11.26	13.475	0.0	72.965	26.983	-9.59	31.2	1.718	218.345	12.68	16.85	0.0	67.229	32.94	-6.112	26.2	1.81	197.421	12.0	14.225	0.0	68.067	12.961	-9.302	3.0	0.0	203.717	11.82	13.037	0.0	64.236	0.0	0.0	24.8	1.483	206.236	13.08	14.975	327.008	65.8	12.162	-19.867	46.6	1.517	180.372	12.11	14.1	0.0	65.657	26.765	-27.745	18.4	0.0	222.704	12.44	14.787	0.0	63.382	26.402	-29.696	24.8	0.0	191.899	11.82	16.913	0.0	68.771	18.265	-11.671	35.8	0.0	241.981	12.94
-1.0	14.85	300.954	0.0	25.53	-9.498	26.0	1.014	227.644	11.12	14.225	304.676	73.566	35.047	-15.214	11.2	0.0	214.954	11.32	13.6	0.0	70.699	26.692	-9.623	31.2	1.751	210.111	12.44	16.475	0.0	70.698	32.795	-5.979	26.2	1.701	194.321	11.6	13.85	0.0	71.446	13.034	-9.27	3.0	1.123	194.805	11.52	12.662	0.0	69.23	0.0	0.0	24.8	1.626	190.833	12.92	14.412	298.827	65.352	11.508	-17.748	46.6	1.743	184.924	11.8	13.787	0.0	69.661	27.346	-26.634	18.4	1.366	232.197	12.38	14.537	0.0	64.332	26.765	-29.802	24.8	0.0	191.512	11.82	16.538	0.0	72.892	18.483	-11.624	35.8	0.0	228.516	12.92
-1.0	14.85	299.359	69.677	25.748	-9.37	26.0	1.182	241.109	11.14	14.225	302.549	72.231	34.902	-15.281	11.2	1.182	260.773	11.04	13.287	0.0	71.391	26.474	-9.564	31.2	2.07	225.029	12.52	16.225	0.0	69.308	33.158	-5.758	26.2	1.425	201.005	11.69	13.662	0.0	69.451	12.961	-9.244	3.0	1.55	218.054	11.58	12.85	0.0	66.645	0.0	0.0	24.8	1.249	189.962	12.9	14.85	299.359	69.352	11.654	-17.957	46.6	1.156	196.646	11.84	13.6	0.0	71.012	27.056	-26.062	18.4	1.366	227.257	12.44	14.787	0.0	65.52	26.765	-30.03	24.8	0.0	185.021	11.88	16.538	0.0	71.207	18.338	-11.584	35.8	0.0	237.04	12.8
-1.0	14.85	296.168	45.713	25.893	-9.516	26.0	0.93	224.544	11.24	14.1	296.7	70.201	35.047	-15.455	11.2	0.0	261.258	11.38	13.287	0.0	70.683	26.474	-9.564	31.2	1.793	228.419	12.29	15.975	0.0	66.993	33.086	-5.494	26.2	2.003	188.605	11.68	13.725	0.0	65.915	13.107	-9.179	3.0	1.332	186.862	11.37	12.6	0.0	68.198	0.0	0.0	24.8	1.886	191.124	12.85	14.6	302.549	68.085	11.944	-17.889	46.6	1.525	188.121	11.77	13.662	0.0	69.006	27.056	-25.464	18.4	1.726	204.686	12.29	14.6	0.0	64.204	26.111	-29.941	24.8	0.0	144.627	11.79	15.787	0.0	69.064	18.265	-11.472	35.8	0.0	206.042	12.87
-1.0	14.85	313.715	0.0	25.966	-9.525	26.0	1.291	225.707	11.48	14.287	304.676	70.328	34.902	-15.229	11.2	1.307	234.522	11.24	13.35	0.0	69.799	27.273	-9.604	31.2	0.0	223.769	12.46	16.538	0.0	67.355	33.013	-5.645	26.2	1.777	200.036	11.79	13.912	0.0	67.151	13.107	-9.241	3.0	1.626	234.328	11.54	12.475	0.0	66.638	0.0	0.0	24.8	1.793	201.683	12.88	14.6	313.183	66.211	11.654	-17.444	46.6	1.793	179.597	11.69	13.662	0.0	67.408	27.491	-25.09	18.4	1.659	226.966	12.41	14.662	0.0	65.011	26.184	-1.0	24.8	0.0	155.282	11.8	15.6	0.0	69.445	18.265	-11.324	35.8	0.0	250.602	12.52
-1.0	15.162	332.857	0.0	26.329	-9.614	26.0	1.274	221.832	11.22	14.162	330.198	69.417	35.41	-15.2	11.2	1.156	241.884	11.22	13.225	0.0	69.956	27.056	-9.555	31.2	0.0	233.941	12.57	16.475	0.0	66.128	32.795	-5.489	26.2	0.0	197.905	11.82	13.975	0.0	66.051	13.252	-9.175	3.0	1.399	201.78	11.72	12.725	0.0	66.421	0.0	0.0	24.8	1.978	192.093	13.01	14.662	329.135	63.251	12.017	-17.906	46.6	1.76	185.893	11.92	14.037	0.0	65.847	26.91	-24.858	18.4	1.852	234.909	12.52	15.162	0.0	63.933	26.91	-1.0	24.8	0.0	197.905	12.17	16.413	0.0	67.769	18.192	-11.465	35.8	0.0	227.741	12.76
-1.0	15.662	322.754	51.101	25.893	-9.66	26.0	1.064	217.473	11.38	14.662	338.174	66.774	34.974	-15.183	11.2	0.0	239.946	11.38	13.475	0.0	66.885	26.983	-9.558	31.2	0.0	224.641	12.89	16.475	0.0	63.429	33.231	-5.623	26.2	0.0	203.33	11.77	14.037	0.0	64.9	13.034	-9.155	3.0	1.383	201.005	11.63	12.787	0.0	65.155	0.0	0.0	24.8	1.944	180.856	13.06	15.1	324.349	65.573	12.235	-17.934	46.6	1.651	186.959	11.87	13.787	0.0	65.587	26.692	-24.638	18.4	1.827	218.054	12.54	14.787	0.0	62.26	26.983	-29.919	24.8	0.0	184.731	11.99	16.413	0.0	67.022	18.483	-11.427	35.8	0.0	233.941	12.9
-1.0	15.537	305.739	0.0	25.748	-9.65	26.0	0.0	230.356	11.56	15.162	310.525	67.302	34.611	-16.517	11.2	0.0	261.452	11.42	13.1	0.0	67.167	26.765	-9.482	31.2	0.0	225.803	12.75	16.163	0.0	61.233	32.795	-5.337	26.2	1.994	206.43	12.01	14.1	0.0	66.224	12.671	-9.173	3.0	0.0	204.008	11.69	12.537	0.0	64.69	0.0	0.0	24.8	2.053	201.392	13.14	14.975	308.93	65.166	12.235	-17.632	46.6	1.76	180.759	11.96	13.912	0.0	65.993	27.056	-24.311	18.4	2.053	217.57	12.54	14.787	0.0	64.219	26.184	-29.238	24.8	0.905	166.907	12.01	16.35	0.0	67.273	18.338	-11.416	35.8	0.0	233.553	12.97
-1.0	15.537	322.223	0.0	26.474	-9.65	26.0	0.0	197.518	11.69	15.162	313.715	67.6	35.12	-15.233	11.2	0.0	245.468	11.58	13.475	0.0	62.015	26.765	-9.55	31.2	1.953	242.271	12.92	16.475	0.0	60.016	33.303	-5.444	26.2	1.718	204.492	12.25	14.225	0.0	66.044	13.107	-9.141	3.0	0.0	202.458	11.88	12.725	0.0	62.321	0.0	0.0	24.8	1.55	187.734	13.16	14.975	313.183	62.191	11.872	-17.991	46.6	1.777	179.306	12.13	13.912	0.0	62.932	27.273	-24.186	18.4	1.869	215.535	12.58	14.537	0.0	61.521	26.184	-29.353	24.8	0.922	187.056	12.51	16.85	0.0	62.74	18.41	-11.561	35.8	2.053	238.59	13.12
-1.0	16.1	334.984	62.275	25.603	-9.733	26.0	0.0	221.154	11.55	15.35	341.365	67.93	35.047	-15.084	11.2	0.0	250.505	11.16	13.412	0.0	68.811	27.782	-9.628	31.2	1.617	207.495	12.87	16.913	0.0	66.931	32.577	-5.593	26.2	1.55	185.118	12.02	14.225	0.0	67.055	12.961	-9.122	3.0	1.081	213.695	11.96	13.037	0.0	65.798	0.0	0.0	24.8	1.081	191.221	13.38	15.225	333.389	63.313	12.09	-18.06	46.6	1.131	181.631	12.16	13.975	0.0	64.968	27.201	-24.085	18.4	1.165	227.257	12.68	14.912	0.0	60.731	26.91	-30.089	24.8	0.0	183.181	12.1	16.6	0.0	66.267	18.483	-11.442	35.8	2.045	207.786	13.16
-1.0	16.163	352.531	0.0	26.111	-9.742	26.0	0.0	222.316	11.62	15.6	349.872	67.861	35.192	-15.335	11.2	0.0	270.364	11.46	13.787	0.0	64.846	27.056	-9.634	31.2	1.81	230.841	12.92	16.85	0.0	62.666	33.086	-5.753	26.2	1.534	192.771	12.09	14.1	0.0	64.956	13.034	-9.085	3.0	0.0	195.193	11.69	12.725	0.0	64.016	0.0	0.0	24.8	1.584	212.629	12.99	14.85	346.682	63.247	12.09	-17.866	46.6	1.927	182.406	12.19	14.162	0.0	66.339	26.91	-24.154	18.4	1.408	214.857	12.62	15.037	0.0	63.043	27.346	-1.0	24.8	0.972	176.981	12.08	16.538	0.0	64.954	18.338	-11.431	35.8	0.0	222.994	13.1
-1.0	15.975	339.238	0.0	25.966	-9.714	26.0	0.0	203.62	11.6	15.225	344.555	67.364	35.338	-15.183	11.2	0.0	238.203	11.61	13.975	0.0	64.732	26.91	-9.66	31.2	1.341	210.304	13.04	17.35	0.0	64.389	33.086	-5.652	26.2	1.508	198.486	12.06	14.162	0.0	62.351	13.034	-9.113	3.0	0.0	208.658	11.85	12.85	0.0	62.97	0.0	0.0	24.8	1.416	205.17	13.15	15.35	336.579	60.459	12.235	-17.913	46.6	1.492	174.656	12.1	13.975	0.0	62.785	27.056	-24.459	18.4	1.416	222.413	12.78	15.225	0.0	61.956	26.038	-29.902	24.8	0.0	166.81	12.12	17.1	0.0	62.845	18.338	-11.476	35.8	2.087	216.31	13.05
-1.0	16.1	325.945	0.0	25.748	-9.715	26.0	0.0	224.254	11.68	14.85	334.984	66.303	34.829	-14.846	11.2	0.0	244.693	11.52	13.662	0.0	64.1	27.056	-9.624	31.2	1.517	209.432	12.93	16.85	0.0	63.01	32.867	-5.482	26.2	1.726	195.774	12.29	14.287	0.0	63.978	13.18	-9.101	3.0	0.0	197.13	12.06	13.162	0.0	64.586	0.0	0.0	24.8	1.031	190.543	13.18	15.225	329.667	64.357	11.581	-18.152	46.6	1.508	180.759	12.27	14.162	0.0	63.636	26.983	-23.905	18.4	1.14	235.878	12.77	14.85	0.0	60.745	26.402	-30.059	24.8	0.0	182.212	12.2	16.788	0.0	61.258	18.265	-11.439	35.8	0.0	236.265	13.2
-1.0	15.225	335.516	0.0	26.547	-9.623	26.0	0.989	229.872	11.66	14.787	331.262	64.881	34.902	-15.147	11.2	0.0	268.039	11.53	13.662	0.0	64.858	26.91	-9.584	31.2	1.383	221.154	13.2	17.475	0.0	62.541	32.795	-5.694	26.2	1.048	175.044	12.19	14.1	0.0	62.658	12.671	-9.076	3.0	0.972	215.632	12.13	13.35	0.0	61.734	0.0	0.0	24.8	0.964	194.418	13.44	15.412	327.54	61.835	11.944	-18.112	46.6	1.207	170.297	12.36	14.412	0.0	64.103	26.983	-24.498	18.4	0.939	226.191	12.88	15.225	0.0	58.315	26.256	-1.0	24.8	0.0	156.445	12.43	17.163	0.0	65.183	18.338	-11.542	35.8	1.634	198.971	13.21
-1.0	15.725	328.603	0.0	25.82	-9.791	26.0	1.115	230.356	11.64	14.85	328.072	64.317	34.974	-15.226	11.2	0.947	267.264	11.58	13.287	0.0	61.958	26.765	-9.556	31.2	1.902	216.117	13.02	16.975	0.0	61.219	33.158	-5.615	26.2	1.282	195.58	12.22	13.975	0.0	61.778	13.034	-9.078	3.0	1.039	203.717	11.92	12.975	0.0	59.972	0.0	0.0	24.8	1.299	190.64	13.38	15.287	315.842	59.798	11.508	-18.17	46.6	1.173	177.562	12.45	14.412	0.0	63.298	27.128	-23.997	18.4	0.0	227.257	12.95	15.1	0.0	60.514	27.056	-1.0	24.8	0.0	201.392	12.5	17.038	0.0	61.479	18.338	-11.594	35.8	1.869	215.342	13.33
-1.0	15.162	286.597	0.0	25.385	-9.605	26.0	0.0	221.929	11.74	14.412	292.978	65.23	35.483	-14.872	11.2	0.0	243.628	11.85	13.787	0.0	61.688	27.201	-9.602	31.2	0.972	219.216	13.0	17.1	0.0	60.174	33.013	-5.384	26.2	0.0	192.287	12.31	14.1	0.0	59.104	13.107	-9.085	3.0	0.0	218.441	11.92	12.912	0.0	60.435	0.0	0.0	24.8	0.905	198.68	13.52	15.287	282.344	61.358	11.581	-18.078	46.6	0.0	183.568	12.39	14.225	0.0	61.777	26.91	-24.427	18.4	0.0	214.954	13.06	14.912	0.0	58.607	25.893	-1.0	24.8	0.0	171.072	12.46	16.538	0.0	61.012	18.483	-11.431	35.8	0.0	218.441	13.38
-1.0	14.412	271.709	0.0	26.111	-9.507	26.0	1.441	222.704	11.66	14.1	270.646	65.634	34.974	-14.106	11.2	1.299	255.155	11.7	13.35	0.0	62.092	27.128	-9.541	31.2	1.525	228.128	12.94	16.475	0.0	60.888	33.013	-5.444	26.2	0.0	209.82	12.16	13.537	0.0	61.452	12.816	-9.011	3.0	1.182	196.743	12.07	12.912	0.0	60.661	0.0	0.0	24.8	0.0	194.321	13.42	15.1	272.241	58.339	11.654	-18.21	46.6	0.0	174.85	12.3	13.912	0.0	58.986	27.419	-24.81	18.4	0.0	229.291	12.92	14.475	0.0	58.556	26.765	-1.0	24.8	0.0	155.67	12.3	15.725	0.0	60.004	18.338	-11.421	35.8	0.0	211.37	13.2
-1.0	15.35	267.987	60.889	26.184	-9.658	26.0	0.0	243.628	11.74	14.412	266.392	68.402	35.047	-15.062	11.2	0.0	273.463	11.56	13.225	0.0	64.864	26.91	-9.492	31.2	0.0	226.191	12.93	16.288	0.0	62.382	32.867	-5.245	26.2	1.24	201.295	12.2	13.787	0.0	66.507	13.034	-9.034	3.0	1.165	198.292	11.8	12.537	0.0	61.25	0.0	0.0	24.8	1.399	195.483	13.26	14.787	282.344	63.093	12.308	-17.94	46.6	0.0	160.707	12.31	13.537	0.0	63.104	26.91	-25.167	18.4	0.0	220.282	12.78	14.475	0.0	59.294	26.038	-1.0	24.8	0.0	205.848	12.2	15.475	0.0	62.26	18.556	-11.34	35.8	2.112	223.091	13.32
-1.0	15.662	279.685	0.0	26.184	-9.712	26.0	1.961	223.285	11.71	14.412	272.241	67.741	35.192	-15.062	11.2	0.0	272.495	11.4	13.162	0.0	67.3	26.765	-9.515	31.2	1.643	208.561	12.57	15.975	0.0	67.76	33.158	-5.273	26.2	1.24	195.968	12.08	13.85	0.0	67.368	12.961	-9.003	3.0	0.0	206.43	11.96	12.537	0.0	67.759	0.0	0.0	24.8	1.19	190.446	13.19	14.787	279.685	66.544	12.308	-18.311	46.6	1.039	180.759	12.01	13.662	0.0	66.39	27.201	-24.965	18.4	1.165	211.467	12.75	14.537	0.0	62.352	26.983	-1.0	24.8	0.0	185.312	11.82	15.225	0.0	68.335	18.556	-11.278	35.8	0.0	206.72	13.21
-1.0	14.725	285.002	0.0	25.748	-9.569	26.0	0.0	221.154	11.61	14.1	286.597	67.668	34.902	-15.252	11.2	0.0	254.283	11.38	13.1	0.0	67.516	26.765	-9.514	31.2	1.542	211.467	12.6	15.85	0.0	65.799	33.013	-5.141	26.2	1.693	192.868	11.99	13.662	0.0	64.77	13.107	-9.018	3.0	0.0	222.219	11.7	12.662	0.0	65.641	0.0	0.0	24.8	0.0	199.746	13.0	14.787	285.002	64.1	12.09	-18.501	46.6	0.939	179.984	12.0	14.1	0.0	67.327	27.128	-25.887	18.4	0.0	230.744	12.64	14.662	0.0	62.904	26.983	-1.0	24.8	0.0	182.6	12.07	15.85	0.0	67.779	18.41	-11.443	35.8	0.0	204.492	13.1
-1.0	14.6	275.431	0.0	25.893	-9.559	26.0	1.014	227.741	11.5	14.1	287.661	67.784	35.12	-15.88	11.2	0.0	237.815	11.51	13.287	0.0	68.169	27.056	-9.556	31.2	1.852	216.504	12.87	16.163	0.0	64.81	33.158	-5.337	26.2	1.978	189.38	11.89	13.912	0.0	66.147	12.889	-9.021	3.0	1.274	198.583	11.9	12.537	0.0	65.034	0.0	0.0	24.8	1.626	212.629	13.0	14.662	276.495	64.973	12.162	-18.276	46.6	1.953	181.147	11.98	13.912	0.0	64.263	26.62	-24.936	18.4	0.98	231.906	12.55	14.1	0.0	62.889	26.62	-1.0	24.8	1.232	166.713	11.88	15.537	0.0	65.951	18.265	-11.429	35.8	0.0	227.257	12.88
-1.0	14.6	271.177	0.0	25.893	-9.463	26.0	0.0	232.972	11.72	14.287	268.519	67.633	34.902	-14.97	11.2	0.0	258.352	11.33	13.225	0.0	67.315	26.983	-9.586	31.2	2.045	229.678	12.62	16.1	0.0	66.054	33.086	-5.36	26.2	1.508	188.509	12.05	13.787	0.0	65.535	13.252	-9.073	3.0	1.123	194.418	11.66	12.35	0.0	66.438	0.0	0.0	24.8	1.684	194.708	13.01	14.787	272.773	66.29	12.017	-18.217	46.6	1.098	181.631	11.9	13.287	0.0	67.088	26.765	-25.319	18.4	1.634	235.297	12.68	14.725	0.0	62.483	26.111	-1.0	24.8	0.0	191.318	12.04	15.475	0.0	66.561	18.338	-11.359	35.8	1.819	201.005	12.82
-1.0	15.225	295.105	43.059	25.893	-9.666	26.0	0.905	226.966	11.52	14.1	284.47	68.389	34.03	-15.252	11.2	0.0	242.756	11.71	13.475	0.0	67.439	26.983	-9.598	31.2	1.391	216.891	12.68	16.35	0.0	65.897	32.867	-9.345	26.2	1.601	194.708	12.26	14.037	0.0	65.628	12.889	-9.106	3.0	0.0	221.929	11.76	12.537	0.0	64.954	0.0	0.0	24.8	1.542	200.52	12.8	14.787	291.383	65.723	11.508	-18.217	46.6	1.819	168.069	12.0	13.787	0.0	66.692	26.983	-24.888	18.4	1.165	228.032	12.44	14.475	0.0	64.258	26.329	-1.0	24.8	0.922	191.221	11.93	15.662	0.0	67.918	18.628	-11.45	35.8	0.0	213.792	12.74
-1.0	15.287	289.256	0.0	25.385	-9.684	26.0	0.0	224.254	11.5	14.287	297.763	68.603	35.483	-16.072	11.2	0.0	250.118	11.62	13.6	0.0	65.932	26.692	-9.685	31.2	0.0	219.507	12.92	17.288	0.0	65.1	33.013	-6.041	26.2	0.0	181.147	12.12	13.975	0.0	64.259	12.961	-9.259	3.0	0.0	215.923	11.86	12.912	0.0	62.289	0.0	0.0	24.8	0.0	197.518	13.15	15.162	288.724	64.21	11.654	-18.416	46.6	1.064	189.187	12.26	14.1	0.0	65.516	27.056	-26.138	18.4	0.0	241.593	12.77	14.912	0.0	63.239	26.692	-1.0	24.8	2.103	199.455	12.08	15.975	0.0	66.624	18.338	-11.545	35.8	0.0	222.316	13.12
-1.0	14.537	277.558	0.0	25.603	-9.593	26.0	0.0	229.194	11.6	14.1	275.431	67.254	34.902	-15.319	11.2	0.0	256.705	11.74	13.725	0.0	65.564	26.91	-9.695	31.2	0.0	220.863	13.09	17.038	0.0	65.298	33.231	-5.636	26.2	0.0	192.48	12.26	13.975	0.0	64.985	13.107	-9.203	3.0	0.0	203.717	11.98	13.162	0.0	63.841	0.0	0.0	24.8	0.0	199.358	13.36	15.537	277.558	65.177	12.09	-18.427	46.6	0.0	186.668	12.38	14.225	0.0	65.006	27.419	-26.314	18.4	2.087	223.866	12.83	15.35	0.0	61.763	26.111	-1.0	24.8	1.643	193.546	12.16	16.1	0.0	65.555	18.41	-11.547	35.8	1.877	227.16	13.34
