0.0	3.475	0.0	18.865	25.53	-10.302	0.4	0.964	210.692	7.7	2.725	0.0	60.891	34.321	-22.759	40.6	1.634	238.59	7.22	3.538	0.0	57.871	25.457	-1.014	11.2	0.98	146.661	7.98	4.287	0.0	63.046	30.979	-8.082	0.0	0.0	201.295	7.62	4.162	0.0	60.736	11.363	-8.863	24.8	0.947	205.655	6.56	3.288	0.0	61.07	0.0	0.0	0.0	1.886	215.729	7.69	3.35	0.0	63.387	10.855	-23.575	19.0	1.123	171.556	7.68	4.037	0.0	57.682	26.765	-21.763	46.2	0.0	199.067	8.24	3.6	0.0	57.566	26.474	-1.0	0.0	1.182	147.145	8.16	4.85	0.0	60.797	12.235	-20.379	8.6	0.0	240.818	8.18
0.0	3.35	1.063	0.0	25.094	-10.361	0.4	0.0	205.267	7.34	2.6	0.532	63.576	33.885	-22.303	40.6	1.852	208.754	7.48	3.725	0.0	56.199	25.603	-0.88	11.2	0.0	161.094	7.16	3.725	0.0	65.061	31.56	-8.016	0.0	0.0	193.643	7.48	3.85	0.0	62.514	11.654	-8.835	24.8	0.0	211.37	6.49	3.35	0.0	60.07	0.0	0.0	0.0	2.045	190.737	7.74	3.288	2.127	63.423	11.073	-23.139	19.0	1.626	182.406	7.52	3.725	0.0	58.925	27.056	-21.351	46.2	0.0	25.186	8.36	3.85	0.0	56.887	26.329	-1.0	0.0	1.014	135.715	8.4	4.287	0.0	60.95	12.235	-20.226	8.6	1.659	240.237	7.76
0.0	3.35	1.595	0.0	25.094	-10.387	0.4	0.0	193.933	7.18	2.413	0.0	63.549	33.885	-23.08	40.6	1.86	212.242	7.93	3.725	0.0	53.999	26.111	-0.98	11.2	0.0	187.152	7.16	3.725	0.0	63.629	31.051	-8.103	0.0	0.0	188.993	7.26	3.913	0.0	63.701	11.799	-8.827	24.8	0.0	218.829	6.58	3.538	0.0	59.602	0.0	0.0	0.0	1.994	177.562	7.21	3.35	1.595	64.906	11.363	-23.263	19.0	1.458	193.836	7.21	3.663	0.0	60.187	26.983	-22.083	46.2	0.0	117.697	8.62	3.725	0.0	54.929	27.056	-25.479	0.0	1.039	157.22	7.85	3.6	0.0	63.553	12.235	-19.319	8.6	1.048	218.441	7.36
-1.0	2.913	0.0	0.0	25.385	-10.329	0.4	0.0	203.62	7.48	2.288	1.595	62.263	33.957	-22.733	40.6	1.71	236.072	7.72	3.413	0.0	56.176	26.111	-0.873	11.2	1.994	172.719	6.96	3.35	0.0	63.566	31.269	-7.97	0.0	0.0	187.637	7.0	3.475	0.0	62.656	11.872	-8.785	24.8	0.0	204.105	6.9	3.725	0.0	58.022	0.0	0.0	0.0	1.894	166.519	7.72	3.225	0.532	61.6	11.726	-23.015	19.0	1.592	184.246	7.4	3.663	0.0	58.274	26.91	-21.762	46.2	1.307	171.072	8.46	3.788	0.0	56.112	26.692	-1.0	0.0	0.0	109.172	7.56	3.225	0.0	64.94	12.09	-20.049	8.6	1.265	221.444	8.18
-1.0	3.35	1.063	0.0	25.82	-10.387	0.4	0.0	181.437	7.18	2.413	0.0	62.687	33.739	-22.77	40.6	1.668	205.558	7.72	3.6	0.0	57.399	26.111	-0.871	11.2	0.0	189.574	7.06	3.413	0.0	63.223	31.269	-8.008	0.0	2.095	182.018	7.12	3.725	0.0	61.388	12.09	-8.798	24.8	0.0	200.52	7.5	3.475	0.0	56.26	0.0	0.0	0.0	1.693	167.682	8.36	3.475	0.532	57.904	11.073	-23.091	19.0	1.592	161.094	7.86	3.475	0.0	57.188	27.273	-20.854	46.2	0.0	191.318	7.64	3.475	0.0	58.311	26.184	-25.3	0.0	1.257	167.972	7.96	3.413	0.0	62.371	11.944	-20.308	8.6	1.19	223.382	8.51
91.93	3.225	2.127	60.756	25.893	-10.396	0.4	0.0	200.424	7.2	2.163	0.0	60.667	34.321	-22.696	40.6	2.028	195.483	7.88	3.663	0.0	54.938	26.038	-0.859	11.2	0.0	142.495	7.2	3.85	0.0	61.823	31.705	-8.029	0.0	0.0	200.133	6.98	3.85	0.0	61.898	11.581	-8.827	24.8	2.095	192.48	6.54	3.35	0.0	60.588	0.0	0.0	0.0	1.517	194.418	8.22	3.288	1.063	58.403	10.709	-22.929	19.0	1.651	159.932	7.78	3.663	0.0	58.016	26.692	-21.44	46.2	0.0	176.981	7.78	3.475	0.0	57.205	26.256	-1.0	0.0	2.087	156.154	7.37	3.475	0.0	64.356	12.235	-20.43	8.6	1.198	218.829	8.88
0.0	3.163	0.0	47.309	25.53	-10.388	0.4	0.0	201.005	7.33	2.475	0.0	60.434	34.756	-22.789	40.6	2.112	207.689	7.82	3.35	0.0	55.018	25.893	-0.82	11.2	0.0	172.331	7.37	4.162	0.0	61.458	31.85	-8.028	0.0	2.095	206.623	7.21	3.85	0.0	60.613	11.872	-8.827	24.8	0.0	208.173	6.75	3.225	0.0	59.059	0.0	0.0	0.0	1.098	210.207	7.75	3.225	1.063	61.887	11.291	-23.015	19.0	1.617	173.978	7.93	3.913	0.0	56.296	26.692	-21.834	46.2	0.0	155.67	8.52	3.6	0.0	54.678	26.91	-1.0	0.0	1.492	156.057	7.48	3.475	0.0	63.434	12.38	-20.115	8.6	1.634	223.479	8.02
0.0	3.475	0.0	0.657	25.385	-10.302	0.4	0.0	190.059	7.39	2.538	0.0	59.476	34.321	-22.703	40.6	0.0	201.683	7.53	3.475	0.0	56.294	25.893	-0.862	11.2	0.0	160.61	7.24	3.913	0.0	61.295	31.124	-8.035	0.0	0.0	185.409	7.34	3.85	0.0	60.634	11.654	-8.835	24.8	0.0	218.345	6.64	3.413	0.0	59.555	0.0	0.0	0.0	1.416	190.155	7.96	3.6	1.063	61.273	10.637	-22.493	19.0	1.902	193.933	8.0	4.1	0.0	56.365	26.184	-21.565	46.2	0.0	180.856	8.2	3.725	0.0	55.31	26.91	-1.0	0.0	1.81	137.071	7.35	3.6	0.0	62.939	12.162	-20.57	8.6	1.76	213.792	7.89
0.0	3.788	1.063	0.0	25.82	-10.552	0.4	0.0	190.93	7.39	2.288	0.532	59.047	34.466	-22.629	40.6	0.0	196.355	8.04	3.413	0.0	54.637	25.603	-0.808	11.2	1.894	190.93	7.88	3.975	0.0	58.723	31.487	-8.034	0.0	0.0	201.392	7.32	3.538	0.0	60.687	12.017	-8.814	24.8	0.0	220.766	6.94	3.413	0.0	58.374	0.0	0.0	0.0	1.634	210.304	7.56	3.163	0.532	62.024	10.927	-22.891	19.0	1.567	172.234	7.58	3.788	0.0	58.014	27.637	-21.583	46.2	1.039	181.437	8.24	3.225	0.0	55.933	26.329	-1.0	0.0	0.0	139.299	7.53	3.85	0.0	62.746	11.944	-20.532	8.6	1.886	238.881	7.36
0.0	3.163	0.0	0.0	25.021	-10.579	0.4	2.129	201.974	7.63	2.538	0.0	58.194	33.812	-22.911	40.6	2.137	214.76	7.81	3.475	0.0	54.751	25.893	-0.796	11.2	0.0	177.756	7.78	3.913	0.0	59.767	31.124	-8.027	0.0	0.0	204.88	7.57	3.85	0.0	60.246	11.654	-8.835	24.8	0.0	222.316	6.86	3.413	0.0	58.332	0.0	0.0	0.0	1.852	165.357	7.97	3.038	1.595	60.339	10.782	-22.432	19.0	1.559	172.428	8.04	3.725	0.0	56.838	26.765	-21.458	46.2	0.997	158.285	8.13	3.288	0.0	55.77	26.62	-1.0	0.0	1.022	150.826	7.7	3.913	0.0	61.794	12.017	-20.655	8.6	2.003	233.166	8.27
-1.0	3.413	0.532	0.0	25.457	-11.152	0.4	0.0	193.449	7.38	2.663	0.0	59.646	34.538	-22.949	40.6	0.0	196.839	8.02	2.975	0.0	53.982	25.82	-0.628	11.2	1.559	190.93	7.78	3.913	0.0	62.173	31.705	-8.027	0.0	0.0	199.455	7.44	3.6	0.0	61.328	12.162	-8.806	24.8	0.0	215.729	6.95	3.35	0.0	57.598	0.0	0.0	0.0	1.517	182.018	7.9	2.788	0.532	60.214	10.637	-22.463	19.0	1.056	164.582	7.54	3.6	0.0	57.718	26.692	-20.888	46.2	0.0	184.634	7.55	3.288	0.0	58.47	26.111	-25.422	0.0	0.0	147.145	7.83	3.975	0.0	60.174	12.235	-20.885	8.6	2.011	228.419	8.34
-1.0	3.35	0.532	0.0	25.312	-10.493	0.4	0.0	187.734	7.16	2.288	0.0	60.52	34.03	-23.042	40.6	0.0	190.543	7.41	3.288	0.0	56.042	25.893	-0.798	11.2	0.0	175.722	7.37	3.975	0.0	60.355	30.979	-8.042	0.0	0.0	191.608	7.46	3.663	0.0	60.795	11.872	-8.814	24.8	2.137	217.666	6.3	3.163	0.0	61.476	0.0	0.0	0.0	1.944	195.096	7.59	3.288	1.595	61.804	11.0	-22.929	19.0	1.467	188.605	7.78	3.85	0.0	56.827	26.402	-21.601	46.2	0.0	173.494	7.56	3.038	0.0	58.126	26.184	-1.0	0.0	0.0	147.048	7.44	3.663	0.0	62.787	12.38	-21.012	8.6	1.718	220.766	8.22
-1.0	3.163	0.532	0.0	25.167	-10.468	0.4	0.0	182.696	7.22	2.35	1.063	61.798	34.321	-22.751	40.6	1.886	196.161	7.41	3.475	0.0	56.858	26.184	-0.829	11.2	1.852	168.069	7.36	3.85	0.0	63.219	31.342	-8.029	0.0	0.0	199.455	7.18	3.35	0.0	63.383	12.017	-8.764	24.8	0.0	221.929	6.68	3.225	0.0	58.619	0.0	0.0	0.0	1.969	192.093	7.77	3.1	0.532	60.733	10.564	-22.767	19.0	1.534	162.16	7.65	3.663	0.0	57.098	26.765	-21.44	46.2	1.006	188.218	7.74	3.225	0.0	57.199	26.62	-1.0	0.0	0.0	160.029	7.32	3.85	0.0	64.126	12.453	-21.386	8.6	1.852	224.157	7.71
32.3	3.413	4.254	58.925	25.239	-10.502	0.4	0.0	184.924	7.55	2.413	1.063	58.153	34.538	-22.977	40.6	0.0	189.38	7.61	3.538	0.0	55.251	25.603	-0.817	11.2	0.0	151.698	7.04	3.725	0.0	62.858	31.56	-8.008	0.0	0.0	196.355	7.37	3.538	0.0	60.384	11.944	-8.814	24.8	2.12	217.085	6.55	3.35	0.0	59.427	0.0	0.0	0.0	2.12	199.746	7.72	3.413	0.532	60.583	11.291	-22.756	19.0	2.003	167.1	7.52	3.6	0.0	57.658	26.983	-21.422	46.2	1.123	171.363	7.34	3.538	0.0	58.925	26.256	-1.0	0.0	0.0	145.402	7.48	3.85	0.0	61.898	12.671	-21.064	8.6	1.601	227.353	8.06
9.18	3.6	0.0	54.834	25.82	-10.582	0.4	1.006	192.093	7.27	2.475	0.0	59.542	34.175	-22.996	40.6	0.0	182.6	7.58	3.663	0.0	55.687	25.748	-0.561	11.2	1.14	152.182	7.3	3.6	0.0	60.599	31.705	-7.929	0.0	0.0	191.318	7.21	3.725	0.0	61.628	11.872	-8.843	24.8	2.003	212.532	6.67	3.288	0.0	59.018	0.0	0.0	0.0	1.751	185.506	7.86	3.475	1.063	59.894	11.218	-22.562	19.0	1.718	148.986	7.44	4.1	0.0	57.587	26.474	-21.457	46.2	1.76	164.485	7.74	3.35	0.0	57.952	26.983	-1.0	0.0	1.668	160.32	7.96	4.537	0.0	60.139	11.944	-20.935	8.6	0.0	259.127	8.14
-1.0	3.35	0.532	0.0	25.748	-10.466	0.4	0.0	177.659	7.3	2.225	0.532	59.405	33.957	-23.023	40.6	0.0	189.671	7.51	3.663	0.0	56.086	25.457	-1.024	11.2	1.207	151.02	7.92	4.35	0.0	60.132	31.633	-7.981	0.0	0.0	210.692	7.18	3.288	0.0	61.848	11.291	-8.786	24.8	2.12	216.117	6.8	3.475	0.0	58.466	0.0	0.0	0.0	2.087	207.398	8.0	3.35	0.0	59.574	10.855	-23.263	19.0	1.483	169.135	7.46	3.663	0.0	58.053	26.62	-21.333	46.2	1.626	207.398	7.84	3.35	0.0	56.311	26.329	-25.351	0.0	1.374	162.451	7.97	4.162	0.0	58.536	12.453	-21.045	8.6	0.0	245.565	8.31
50.01	3.475	0.0	57.016	25.82	-10.565	0.4	0.0	184.246	7.21	2.225	0.532	60.726	34.248	-22.818	40.6	2.003	195.483	7.6	3.475	0.0	55.69	25.748	-0.763	11.2	0.0	154.314	8.02	4.662	0.0	58.256	31.269	-8.105	0.0	0.0	199.842	7.14	3.6	0.0	62.121	11.654	-8.829	24.8	0.0	215.342	6.5	3.35	0.0	60.185	0.0	0.0	0.0	0.0	199.455	7.64	3.35	0.532	61.925	10.637	-22.842	19.0	2.028	183.084	7.06	3.663	0.0	60.163	26.838	-20.799	46.2	1.148	186.862	7.6	3.475	0.0	57.699	25.893	-1.0	0.0	1.45	151.311	7.56	4.1	0.0	61.179	12.09	-20.92	8.6	0.0	238.203	8.13
0.0	3.35	0.532	62.869	25.82	-10.633	0.4	0.0	185.603	6.96	1.788	2.127	63.981	34.321	-22.688	40.6	1.224	232.778	7.68	3.538	0.0	56.053	25.893	-0.784	11.2	0.0	175.141	7.46	4.037	0.0	63.542	31.342	-7.999	0.0	0.0	208.173	6.7	3.6	0.0	62.689	11.872	-8.829	24.8	0.0	191.318	6.34	3.35	0.0	60.385	0.0	0.0	0.0	2.028	197.905	7.62	3.163	0.0	61.302	10.637	-1.0	19.0	0.0	169.813	7.4	3.85	0.0	58.36	27.128	-21.064	46.2	1.215	184.924	7.98	3.538	0.0	55.747	26.765	-25.322	0.0	1.643	156.832	7.15	3.663	0.0	63.765	12.235	-20.799	8.6	2.011	224.641	7.76
0.0	3.6	1.063	39.272	25.167	-10.554	0.4	0.0	179.306	6.98	1.975	0.532	64.067	34.611	-22.948	40.6	1.467	195.193	7.68	3.538	0.0	55.761	25.893	-0.883	11.2	0.0	161.869	7.34	4.287	0.0	62.295	31.051	-8.09	0.0	0.0	207.883	6.64	3.6	0.0	62.985	11.581	-8.837	24.8	0.0	184.537	6.46	3.225	0.0	60.574	0.0	0.0	0.0	0.0	209.045	7.21	3.288	1.595	64.823	10.637	-22.4	19.0	2.028	185.409	7.22	3.663	0.0	59.077	26.838	-21.226	46.2	1.911	178.725	7.87	3.538	0.0	56.695	26.474	-25.508	0.0	0.0	151.795	7.1	3.475	0.0	64.529	12.453	-20.642	8.6	1.777	218.926	8.2
0.0	3.725	1.063	0.0	25.021	-10.599	0.4	0.0	187.443	7.6	2.538	0.532	60.308	34.248	-22.703	40.6	1.81	189.574	7.72	3.35	0.0	56.206	25.53	-1.404	11.2	0.0	175.625	7.46	3.975	0.0	62.79	31.705	-8.222	0.0	0.0	209.723	6.98	3.225	0.0	61.618	11.508	-8.787	24.8	0.0	191.705	6.92	3.538	0.0	58.198	0.0	0.0	0.0	2.129	172.816	7.21	3.35	0.0	63.748	10.782	-22.737	19.0	0.0	178.919	7.21	3.913	0.0	59.704	27.273	-20.549	46.2	1.676	183.568	8.26	3.538	0.0	55.525	25.966	-25.415	0.0	1.869	156.057	7.73	4.037	0.0	61.433	12.235	-21.439	8.6	2.137	233.553	7.52
-1.0	3.913	0.532	0.0	25.167	-10.681	0.4	1.165	173.397	7.49	2.538	0.0	58.92	33.957	-23.527	40.6	1.994	165.744	7.24	3.663	0.0	57.383	25.748	-0.826	11.2	0.0	149.47	7.3	4.1	0.0	60.882	31.124	-8.079	0.0	0.0	203.523	7.04	3.788	0.0	61.572	11.0	-9.061	24.8	0.0	194.611	6.69	3.288	0.0	59.449	0.0	0.0	0.0	1.575	180.856	7.21	3.1	0.0	64.548	11.291	-22.132	19.0	0.0	183.956	8.24	3.725	0.0	55.168	26.91	-20.816	46.2	1.408	196.936	7.97	3.35	0.0	56.302	26.838	-1.0	0.0	1.475	151.407	7.98	3.975	0.0	60.795	12.162	-20.354	8.6	1.911	227.353	7.5
0.0	3.35	0.532	0.0	25.385	-10.521	0.4	0.0	186.377	7.49	2.288	0.0	59.12	33.812	-23.145	40.6	2.095	192.093	7.92	3.85	0.0	54.027	26.038	-0.989	11.2	0.0	166.325	7.88	4.225	0.0	57.945	31.415	-8.092	0.0	0.0	225.029	7.7	3.85	0.0	58.637	11.799	-8.881	24.8	0.0	213.695	6.91	3.288	0.0	58.398	0.0	0.0	0.0	1.567	207.786	7.32	3.35	2.127	62.627	11.0	-22.737	19.0	1.953	182.309	7.7	3.663	0.0	57.164	27.056	-21.012	46.2	1.601	196.549	7.8	3.35	0.0	56.859	26.402	-25.07	0.0	1.575	140.364	8.0	3.913	0.0	57.587	12.017	-20.761	8.6	1.835	215.729	7.6
0.0	3.475	1.063	0.0	25.82	-10.739	0.4	0.0	185.893	7.24	2.413	0.0	59.366	34.466	-22.562	40.6	0.0	187.056	8.09	3.475	0.0	53.547	25.966	-0.862	11.2	1.994	181.631	8.18	4.537	0.0	58.339	31.197	-8.092	0.0	0.0	200.617	7.42	3.725	0.0	60.079	11.944	-8.874	24.8	0.0	208.754	6.72	3.35	0.0	59.767	0.0	0.0	0.0	0.0	183.181	7.42	3.225	1.595	62.336	11.291	-22.488	19.0	1.844	170.685	7.89	3.85	0.0	56.026	27.056	-21.279	46.2	1.064	183.568	7.94	2.85	0.0	55.447	26.692	-25.275	0.0	0.0	150.051	7.7	3.975	0.0	62.187	12.38	-20.672	8.6	1.601	234.328	7.94
0.0	4.037	0.0	0.0	25.966	-10.699	0.4	1.022	187.637	7.14	2.288	0.0	60.034	34.103	-23.042	40.6	0.0	178.822	7.88	3.538	0.0	53.873	25.53	-0.916	11.2	0.0	154.798	8.2	4.537	0.0	57.937	31.197	-8.124	0.0	0.913	200.23	7.54	3.85	0.0	59.871	11.872	-8.896	24.8	0.0	214.082	6.94	3.475	0.0	57.452	0.0	0.0	0.0	0.0	188.605	7.64	3.35	0.532	62.793	11.073	-22.418	19.0	0.0	179.79	7.66	3.288	0.0	57.997	26.62	-20.908	46.2	0.0	209.045	8.09	2.975	0.0	54.94	27.201	-25.317	0.0	0.0	149.47	7.56	4.037	0.0	61.01	12.526	-20.796	8.6	0.0	226.191	7.69
0.0	3.35	0.0	0.0	25.312	-10.722	0.4	0.0	196.355	7.21	2.288	0.0	60.017	34.175	-22.836	40.6	0.0	190.446	7.58	3.288	0.0	55.247	25.893	-0.766	11.2	0.0	174.85	7.97	4.35	0.0	59.741	31.487	-8.113	0.0	0.0	223.769	7.34	3.35	0.0	59.696	11.0	-8.832	24.8	0.0	195.968	6.64	3.35	0.0	59.811	0.0	0.0	0.0	2.103	210.207	7.57	3.475	0.532	62.053	11.073	-22.562	19.0	0.0	174.947	7.68	3.35	0.0	56.986	26.765	-20.925	46.2	0.0	211.37	8.14	3.413	0.0	55.33	26.038	-25.279	0.0	0.0	126.706	7.8	4.162	0.0	58.768	12.235	-20.724	8.6	0.0	229.969	8.01
0.0	3.788	0.0	0.0	25.385	-10.693	0.4	0.0	181.534	7.02	2.475	0.0	60.1	34.103	-22.996	40.6	0.0	181.631	7.13	3.475	0.0	57.481	25.966	-0.895	11.2	0.93	151.795	7.38	3.975	0.0	59.959	31.85	-8.098	0.0	0.0	194.708	7.26	3.725	0.0	60.196	11.508	-8.874	24.8	0.0	212.048	6.66	3.225	0.0	59.131	0.0	0.0	0.0	0.0	194.418	7.46	3.1	1.595	61.642	10.564	-22.45	19.0	1.894	177.272	7.58	3.538	0.0	57.029	26.62	-20.871	46.2	1.274	184.343	7.56	3.225	0.0	57.924	26.983	-25.309	0.0	0.0	138.911	7.58	3.975	0.0	60.985	12.38	-20.354	8.6	0.0	227.353	7.36
0.0	3.663	0.532	0.0	25.53	-10.647	0.4	0.0	203.233	7.8	2.413	0.532	57.092	34.466	-22.977	40.6	0.0	181.728	7.51	3.475	0.0	56.086	26.329	-0.862	11.2	0.0	137.071	7.95	4.35	0.0	58.964	31.051	-8.097	0.0	0.0	217.279	7.48	3.725	0.0	59.205	11.726	-8.922	24.8	0.0	202.555	6.64	3.038	0.0	59.013	0.0	0.0	0.0	1.802	185.796	7.5	3.35	0.532	62.014	10.927	-22.312	19.0	1.601	180.081	7.61	3.913	0.0	57.179	26.838	-20.021	46.2	1.684	187.056	7.54	2.975	0.0	57.69	26.111	-25.225	0.0	1.006	163.322	7.7	3.975	0.0	60.039	12.017	-20.992	8.6	0.0	248.955	8.15
-1.0	4.162	1.063	0.0	25.312	-10.774	0.4	0.0	167.488	7.22	2.225	0.532	59.534	33.957	-22.921	40.6	1.86	157.22	7.16	3.35	0.0	57.977	25.312	-0.82	11.2	0.0	156.832	7.32	4.037	0.0	61.675	31.633	-8.072	0.0	0.0	199.455	7.42	3.725	0.0	60.136	12.09	-8.906	24.8	0.0	219.41	6.75	3.35	0.0	59.259	0.0	0.0	0.0	1.425	211.467	8.2	3.225	1.595	58.659	10.492	-22.488	19.0	1.592	151.504	7.42	3.6	0.0	57.613	27.201	-20.782	46.2	1.458	149.083	7.74	2.85	0.0	56.588	26.184	-25.275	0.0	0.98	151.02	8.12	4.412	0.0	59.02	12.308	-20.686	8.6	0.0	266.004	7.68
0.0	3.85	0.0	0.0	25.675	-10.731	0.4	1.123	179.79	7.72	2.85	1.595	57.515	34.393	-23.006	40.6	0.0	172.719	8.06	3.725	0.0	53.274	25.457	-0.814	11.2	0.0	156.251	8.2	4.412	0.0	58.63	31.56	-8.111	0.0	1.768	212.242	7.2	3.725	0.0	60.667	11.654	-8.898	24.8	0.0	202.942	6.84	3.413	0.0	58.731	0.0	0.0	0.0	1.559	208.948	7.39	2.975	1.063	62.611	11.291	-22.096	19.0	1.106	185.506	7.6	3.663	0.0	56.771	26.983	-20.481	46.2	1.073	159.157	8.12	3.038	0.0	54.56	26.329	-25.153	0.0	0.0	138.136	7.95	4.35	0.0	58.216	11.944	-20.455	8.6	2.12	250.505	7.77
0.0	3.288	1.063	0.0	25.53	-10.713	0.4	0.0	194.321	7.54	2.538	0.532	59.214	34.175	-23.118	40.6	2.036	202.07	7.63	3.35	0.0	55.107	25.748	-0.852	11.2	1.475	168.069	7.63	4.162	0.0	60.596	31.269	-8.069	0.0	0.0	199.649	7.43	3.725	0.0	60.819	12.162	-8.93	24.8	0.0	219.894	6.46	3.225	0.0	60.348	0.0	0.0	0.0	0.0	207.108	8.12	2.975	3.19	59.593	10.564	-22.096	19.0	1.291	163.807	7.26	3.538	0.0	59.198	27.346	-20.553	46.2	0.0	0.194	8.44	3.163	0.0	54.281	26.038	-25.288	0.0	0.0	113.241	8.22	4.35	0.0	57.36	12.308	-20.883	8.6	0.0	243.918	8.14
