6.66	3.35	1.063	74.056	25.239	-10.973	34.8	0.0	187.637	5.48	3.35	1.063	73.866	33.449	-7.896	28.8	1.215	254.089	6.07	3.913	0.0	74.139	24.513	-9.98	0.0	0.0	197.033	6.42	5.037	0.0	75.723	30.761	-1.322	35.0	0.0	199.649	6.0	4.912	0.0	76.581	10.782	-9.138	0.0	1.207	194.805	6.03	4.1	0.0	77.329	0.0	0.0	0.2	1.76	182.89	6.68	4.287	0.0	76.377	9.547	-1.0	0.0	1.525	169.232	6.18	4.662	0.0	73.602	26.329	-11.752	31.6	1.659	202.07	6.93	4.412	0.0	73.396	21.752	-18.714	0.0	0.0	163.322	6.13	4.162	0.0	77.055	9.91	-24.554	37.2	0.0	215.535	6.36
6.68	3.538	1.063	73.831	25.239	-11.066	34.8	0.0	169.522	5.43	3.538	3.19	74.084	33.957	-7.931	28.8	1.567	243.046	6.09	4.1	0.0	73.991	24.15	-10.045	0.0	0.0	193.643	6.28	4.787	0.0	76.168	30.688	-1.204	35.0	0.0	191.318	6.11	4.975	0.0	76.381	10.855	-9.163	0.0	1.165	190.543	6.08	4.1	0.0	77.019	0.0	0.0	0.2	1.659	183.956	6.91	4.6	0.0	75.424	9.692	-1.0	0.0	2.103	183.568	6.18	4.725	0.0	73.577	26.62	-11.802	31.6	1.634	209.045	6.9	4.475	0.0	73.108	21.68	-18.83	0.0	0.0	173.106	6.09	4.037	0.0	76.947	9.91	-24.813	37.2	0.0	213.21	6.46
6.58	3.163	0.0	74.192	24.585	-11.082	34.8	0.0	184.634	5.37	3.413	1.063	74.374	33.449	-7.935	28.8	1.106	252.927	6.09	4.162	0.0	74.041	24.367	-9.952	0.0	0.0	206.43	6.21	4.725	0.0	76.725	31.269	-1.217	35.0	2.112	190.543	6.06	4.787	0.0	75.997	10.855	-9.123	0.0	1.148	194.611	5.99	3.913	0.0	77.567	0.0	0.0	0.2	1.534	187.443	6.65	4.287	3.19	76.57	9.62	-1.0	0.0	1.634	181.147	6.26	4.85	0.0	73.261	26.402	-11.862	31.6	1.743	206.72	6.98	4.475	0.0	72.944	22.043	-19.133	0.0	0.0	147.145	6.06	3.913	0.0	77.262	9.547	-24.572	37.2	0.0	212.726	6.38
6.73	3.35	0.0	73.1	24.731	-11.074	34.8	0.0	187.249	5.47	3.475	0.0	73.534	33.667	-7.875	28.8	1.55	246.34	6.27	4.1	0.0	72.828	24.295	-10.196	0.0	0.0	211.951	6.47	4.85	0.0	75.583	30.979	-1.327	35.0	1.743	201.005	6.2	5.1	0.0	75.326	11.0	-9.197	0.0	1.224	210.207	5.91	3.913	0.0	77.549	0.0	0.0	0.2	1.391	196.161	6.78	4.287	0.532	75.673	9.765	-1.0	0.0	1.743	185.409	6.28	4.787	0.0	72.521	26.474	-11.771	31.6	1.793	212.145	6.89	4.162	0.0	72.669	21.389	-18.852	0.0	0.0	159.932	6.16	4.162	0.0	76.591	10.419	-25.248	37.2	0.0	215.342	6.42
6.64	2.975	0.0	73.976	25.312	-11.09	34.8	0.0	187.831	5.63	3.85	0.0	72.853	33.667	-7.988	28.8	0.0	233.456	6.38	4.287	0.0	71.689	24.222	-10.09	0.0	0.0	211.079	6.36	4.85	0.0	75.259	31.124	-1.327	35.0	1.852	188.509	6.18	4.975	0.0	75.322	11.291	-9.145	0.0	1.307	187.346	6.12	4.225	0.0	76.085	0.0	0.0	0.2	1.634	188.993	6.69	4.037	5.849	75.478	9.547	-1.0	0.0	1.483	179.306	6.35	4.85	0.0	71.993	26.692	-11.661	31.6	1.626	198.68	7.02	4.287	0.0	72.281	21.534	-18.883	0.0	0.0	175.431	6.15	3.913	0.0	76.415	9.91	-24.572	37.2	0.0	213.792	6.53
6.93	3.35	0.0	72.263	25.603	-11.108	34.8	0.0	175.044	5.53	3.35	0.0	72.909	33.957	-7.913	28.8	1.626	243.918	6.21	4.287	0.0	72.713	24.077	-10.111	0.0	1.944	199.455	6.38	4.85	0.0	75.414	31.124	-1.225	35.0	2.045	202.167	6.27	5.1	0.0	74.762	11.291	-9.142	0.0	1.089	194.999	6.16	4.037	0.0	76.243	0.0	0.0	0.2	1.567	190.833	6.56	4.1	0.0	76.177	9.838	-1.0	0.0	1.793	176.206	6.28	4.725	0.0	72.675	26.329	-11.681	31.6	1.651	198.777	6.97	4.412	0.0	72.09	21.825	-18.915	0.0	0.0	151.698	6.09	3.788	0.0	76.749	10.274	-1.0	37.2	0.0	212.339	6.64
6.58	2.975	0.532	73.938	24.949	-11.021	34.8	0.0	201.683	5.57	3.413	0.532	72.866	33.667	-7.911	28.8	1.332	253.218	6.52	4.162	0.0	70.596	24.367	-10.095	0.0	2.112	218.441	6.86	5.037	0.0	72.56	31.124	-1.254	35.0	2.053	199.358	6.2	5.162	0.0	75.1	11.581	-9.141	0.0	1.182	199.842	6.04	3.538	0.0	76.317	0.0	0.0	0.2	0.972	181.534	6.66	4.287	0.532	75.573	10.201	-1.0	0.0	1.064	174.269	6.47	4.787	0.0	71.239	26.329	-11.691	31.6	1.751	207.108	6.96	4.162	0.0	71.829	21.68	-18.652	0.0	0.0	148.501	6.29	3.85	0.0	75.445	9.547	-24.551	37.2	0.0	234.716	6.53
7.0	3.663	0.0	72.226	25.603	-12.7	34.8	0.0	209.529	5.66	3.913	0.0	72.32	33.594	-7.978	28.8	0.0	241.206	6.38	4.225	0.0	71.585	23.859	-10.103	0.0	0.0	212.629	7.02	5.162	0.0	71.529	30.833	-1.502	35.0	0.0	199.842	6.31	5.037	0.0	74.01	11.0	-9.135	0.0	1.718	194.03	6.01	4.037	0.0	76.385	0.0	0.0	0.2	1.425	197.421	6.66	4.1	0.0	75.195	10.056	-1.0	0.0	1.257	185.796	6.32	4.537	0.0	72.039	26.474	-11.652	31.6	2.028	211.854	6.99	4.475	0.0	71.601	21.97	-18.531	0.0	0.0	134.649	6.7	4.287	0.0	71.388	9.838	-24.897	37.2	0.0	264.842	6.46
6.76	3.35	0.0	73.106	24.658	-11.143	34.8	0.0	201.295	5.76	3.913	1.063	71.722	33.594	-7.969	28.8	0.0	232.003	6.33	4.35	0.0	71.211	24.077	-10.016	0.0	0.0	209.432	7.04	5.35	0.0	71.168	30.688	-1.22	35.0	0.0	210.304	6.11	4.412	0.0	74.779	10.927	-9.044	0.0	1.282	197.808	6.05	4.162	0.0	76.344	0.0	0.0	0.2	1.282	189.671	6.66	4.475	0.532	75.296	9.838	-1.0	0.0	1.852	192.287	6.42	4.787	0.0	71.385	26.474	-11.691	31.6	1.994	205.558	7.05	4.1	0.0	71.222	21.462	-18.538	0.0	0.0	157.995	6.86	4.475	0.0	70.478	9.547	-25.06	37.2	0.0	249.827	6.41
7.13	3.35	2.127	71.002	24.949	-11.108	34.8	0.0	206.72	5.8	3.975	0.532	71.004	33.594	-7.992	28.8	0.0	236.072	6.5	4.162	0.0	70.461	24.222	-10.095	0.0	0.0	214.47	7.16	5.162	0.0	70.615	31.124	-0.985	35.0	0.0	203.717	6.42	4.975	0.0	73.165	11.581	-9.11	0.0	1.467	196.743	6.2	4.1	0.0	75.677	0.0	0.0	0.2	1.693	204.298	6.78	4.287	1.595	74.665	9.329	-1.0	0.0	1.944	171.944	6.48	4.975	0.0	71.189	26.547	-11.68	31.6	0.0	209.142	6.99	4.225	0.0	71.158	22.043	-18.868	0.0	0.0	141.333	6.89	4.662	0.0	70.011	10.128	-24.923	37.2	0.0	231.131	6.66
7.24	3.85	1.595	69.919	25.021	-11.215	34.8	0.0	190.446	6.1	4.6	0.532	68.91	33.667	-8.09	28.8	0.0	217.763	6.08	3.725	0.0	72.25	24.585	-10.059	0.0	0.0	216.02	7.22	5.225	0.0	69.466	30.615	-1.247	35.0	0.0	191.705	6.58	5.225	0.0	72.091	11.436	-9.148	0.0	1.701	205.073	6.41	4.037	0.0	73.929	0.0	0.0	0.2	1.542	204.783	7.26	4.662	0.532	71.602	9.402	-1.0	0.0	1.902	169.619	6.56	4.787	0.0	70.079	26.402	-11.574	31.6	1.919	204.008	7.27	4.537	0.0	69.608	21.825	-19.047	0.0	0.0	145.983	6.94	4.6	0.0	69.73	10.346	-24.902	37.2	0.0	229.291	6.98
7.34	3.6	0.532	69.25	24.731	-11.179	34.8	0.0	201.295	6.22	4.412	0.0	68.348	33.594	-8.021	28.8	0.0	236.169	6.4	4.1	0.0	70.442	24.295	-10.13	0.0	0.0	217.085	7.21	5.412	0.0	69.729	31.051	-2.239	35.0	0.0	195.58	6.8	4.85	0.0	70.833	10.855	-9.061	0.0	1.802	213.404	6.61	4.1	0.0	72.587	0.0	0.0	0.2	1.777	179.5	7.21	4.662	0.0	71.826	10.128	-1.0	0.0	1.492	173.009	6.28	4.662	0.0	71.358	26.547	-11.479	31.6	1.215	189.768	7.26	4.412	0.0	69.685	22.043	-19.527	0.0	0.0	138.621	7.06	4.787	0.0	69.727	10.128	-1.0	37.2	0.0	236.072	7.02
7.36	3.85	0.0	69.147	25.603	-11.215	34.8	0.0	218.248	6.36	4.6	0.0	67.707	33.303	-8.074	28.8	1.265	253.218	6.52	4.1	0.0	70.203	24.004	-10.086	0.0	0.0	220.766	7.2	5.162	0.0	70.228	30.761	-1.295	35.0	2.078	196.355	6.66	4.475	0.0	71.562	10.782	-9.017	0.0	1.617	200.811	6.4	3.85	0.0	73.443	0.0	0.0	0.2	0.0	203.717	7.08	4.412	0.532	72.681	9.547	-1.0	0.0	1.76	155.185	6.46	4.85	0.0	70.506	26.402	-11.256	31.6	1.684	208.754	7.44	4.537	0.0	68.87	21.97	-19.047	0.0	0.0	135.715	6.93	4.85	0.0	70.255	9.838	-25.287	37.2	0.0	232.681	6.8
7.43	4.162	0.532	69.054	25.603	-11.19	34.8	0.922	197.905	6.3	4.85	0.0	67.99	34.03	-8.149	28.8	1.341	250.215	6.38	4.287	0.0	70.804	24.731	-10.132	0.0	0.0	200.908	6.72	4.85	0.0	72.403	30.761	-1.362	35.0	1.86	190.737	6.58	5.162	0.0	71.935	11.073	-9.098	0.0	1.886	204.105	6.56	4.287	0.0	72.731	0.0	0.0	0.2	1.634	184.053	7.2	4.35	1.063	72.188	9.474	-1.0	0.0	1.45	168.069	6.57	4.725	0.0	70.212	26.474	-11.526	31.6	0.955	177.562	7.47	4.475	0.0	68.662	21.462	-18.93	0.0	0.0	152.086	7.01	4.662	0.0	69.875	10.201	-25.321	37.2	1.173	228.419	6.96
7.45	3.913	0.532	69.111	25.312	-11.189	34.8	0.939	199.067	6.38	4.912	0.0	67.737	33.521	-8.106	28.8	1.467	237.815	6.46	4.287	0.0	70.741	23.714	-10.132	0.0	0.905	209.142	7.22	5.225	0.0	70.258	30.47	-1.144	35.0	1.944	192.771	6.53	4.975	0.0	72.287	11.218	-9.042	0.0	1.936	204.492	6.51	4.162	0.0	73.209	0.0	0.0	0.2	1.953	187.056	7.12	4.412	1.063	72.456	9.62	-1.0	0.0	1.022	175.044	6.46	4.725	0.0	70.793	26.692	-11.489	31.6	0.0	196.355	7.34	4.475	0.0	69.409	22.043	-19.133	0.0	0.0	131.937	7.16	4.85	0.0	69.242	9.765	-24.986	37.2	1.022	227.257	6.94
7.42	3.788	0.532	69.105	25.603	-11.277	34.8	0.0	219.216	6.35	4.6	1.063	67.839	33.812	-8.09	28.8	1.408	258.546	6.61	4.412	0.0	69.746	24.44	-10.192	0.0	1.031	207.979	7.34	5.35	0.0	70.15	30.688	-1.115	35.0	0.0	193.255	6.71	5.162	0.0	71.598	11.0	-9.065	0.0	1.668	187.637	6.38	4.1	0.0	74.025	0.0	0.0	0.2	1.961	182.503	7.22	4.725	0.0	72.243	9.983	-1.0	0.0	1.969	168.941	6.54	4.662	0.0	70.652	26.402	-11.442	31.6	1.877	207.398	7.43	4.6	0.0	69.24	21.462	-18.561	0.0	0.0	126.609	7.0	4.725	0.0	71.681	9.91	-25.441	37.2	0.0	247.502	7.24
7.28	3.725	1.063	69.742	24.949	-11.232	34.8	0.0	193.352	6.25	4.475	0.532	68.247	33.521	-8.069	28.8	0.0	228.419	6.49	4.412	0.0	70.433	24.15	-10.722	0.0	0.0	201.392	6.88	4.85	0.0	71.995	30.615	-0.814	35.0	0.0	188.605	6.57	4.537	0.0	72.244	11.436	-9.008	0.0	1.274	204.105	6.62	4.537	0.0	72.923	0.0	0.0	0.2	0.0	199.067	7.45	4.725	1.063	71.169	9.838	-1.0	0.0	0.0	166.422	6.68	4.725	0.0	69.812	26.692	-11.452	31.6	0.0	221.929	7.21	4.537	0.0	70.151	21.97	-19.456	0.0	0.0	136.974	6.9	4.537	0.0	70.46	9.692	-25.081	37.2	0.0	239.753	6.94
6.97	3.475	0.532	71.363	25.603	-11.126	34.8	0.98	186.959	6.06	4.35	0.0	69.351	33.521	-8.072	28.8	0.0	242.078	6.44	4.35	0.0	70.868	24.004	-10.141	0.0	0.0	210.304	7.18	5.225	0.0	70.54	31.051	-1.213	35.0	0.0	199.067	6.29	4.85	0.0	73.854	10.855	-9.112	0.0	1.467	204.492	6.6	4.1	0.0	73.073	0.0	0.0	0.2	0.0	195.29	7.05	4.287	0.532	73.087	10.128	-1.0	0.0	0.0	179.5	6.42	4.725	0.0	70.942	26.111	-11.452	31.6	2.095	208.173	7.08	3.975	0.0	70.862	21.534	-19.007	0.0	0.0	154.798	6.76	4.412	0.0	71.426	10.056	-25.137	37.2	0.0	264.939	7.01
6.48	3.038	0.532	74.324	24.658	-11.134	34.8	0.0	194.418	5.67	3.975	3.19	71.859	33.521	-8.042	28.8	0.0	262.13	6.28	4.1	0.0	71.773	24.15	-10.386	0.0	0.0	207.398	7.14	5.475	0.0	71.03	30.761	-1.226	35.0	0.0	203.33	6.08	4.85	0.0	75.276	11.363	-9.028	0.0	1.559	208.658	6.26	4.225	0.0	75.263	0.0	0.0	0.2	2.036	207.689	6.98	4.412	0.532	73.688	9.474	-1.0	0.0	2.028	177.659	6.44	4.85	0.0	71.181	26.62	-11.434	31.6	0.0	215.245	6.96	4.1	0.0	71.699	21.97	-19.344	0.0	0.0	196.549	6.72	4.537	0.0	71.834	9.91	-24.981	37.2	0.0	236.265	6.45
6.49	3.225	0.0	74.554	24.803	-11.125	34.8	0.0	198.971	5.49	3.913	0.0	73.335	33.521	-8.011	28.8	0.0	255.543	6.26	4.287	0.0	72.414	24.44	-10.221	0.0	0.0	203.717	6.28	4.662	0.0	75.569	31.124	-1.196	35.0	0.0	201.78	6.2	4.85	0.0	75.125	11.218	-9.02	0.0	1.483	209.529	6.1	4.1	0.0	76.205	0.0	0.0	0.2	1.693	190.059	6.66	4.037	0.0	75.899	9.765	-1.0	0.0	0.0	171.072	6.14	4.6	0.0	72.981	26.329	-11.584	31.6	0.0	214.954	7.09	4.35	0.0	71.932	21.97	-19.101	0.0	0.0	179.693	6.34	4.037	0.0	75.28	9.62	-24.813	37.2	0.0	225.416	6.41
6.42	2.975	0.0	74.894	25.603	-11.125	34.8	0.0	187.443	5.36	3.6	0.0	73.816	33.449	-7.979	28.8	0.0	211.079	6.32	4.225	0.0	72.581	24.077	-10.235	0.0	1.014	215.342	6.36	4.787	0.0	76.061	31.124	-0.794	35.0	0.0	190.155	6.22	4.912	0.0	75.154	10.782	-9.027	0.0	1.609	192.868	6.06	4.037	0.0	76.47	0.0	0.0	0.2	0.0	199.067	6.72	4.287	1.063	75.986	9.547	-1.0	0.0	0.0	178.531	6.06	4.537	0.0	73.527	26.329	-11.351	31.6	0.0	214.76	6.84	4.35	0.0	73.378	21.607	-19.101	0.0	0.0	145.014	6.04	3.85	0.0	77.085	9.983	-24.751	37.2	0.0	206.72	6.56
6.42	3.163	0.532	74.818	25.385	-11.116	34.8	0.0	171.847	5.28	3.725	0.0	74.23	33.521	-8.008	28.8	1.986	248.955	6.2	4.287	0.0	73.07	24.949	-10.243	0.0	0.0	205.945	6.32	4.85	0.0	76.202	31.124	-1.054	35.0	0.0	197.711	6.16	4.85	0.0	75.719	11.436	-9.028	0.0	1.483	197.518	5.98	4.162	0.0	77.22	0.0	0.0	0.2	2.062	206.72	6.65	4.35	0.0	76.197	9.402	-1.0	0.0	0.0	183.956	6.07	4.537	0.0	73.58	26.765	-11.315	31.6	0.0	211.661	6.73	4.35	0.0	73.892	21.534	-19.0	0.0	0.0	147.048	5.9	3.85	0.0	77.743	9.91	-1.0	37.2	0.0	209.917	6.59
6.41	3.038	0.0	75.018	25.53	-11.134	34.8	0.0	179.597	5.24	3.538	4.254	74.825	33.594	-7.956	28.8	1.534	257.577	6.18	4.225	0.0	73.398	24.15	-10.305	0.0	0.0	215.729	6.26	4.787	0.0	76.239	31.705	-1.204	35.0	0.0	195.483	6.06	4.787	0.0	75.922	11.073	-8.996	0.0	1.601	202.458	6.03	3.975	0.0	77.231	0.0	0.0	0.2	1.81	192.383	6.5	4.287	2.127	76.886	9.547	-1.0	0.0	1.718	179.306	6.08	4.725	0.0	73.658	26.329	-12.52	31.6	0.0	206.042	6.9	4.475	0.0	73.262	21.752	-19.133	0.0	0.0	148.308	5.9	3.725	0.0	78.086	9.765	-25.1	37.2	0.0	214.567	6.5
6.42	3.225	5.317	74.944	24.15	-11.125	34.8	0.0	186.087	5.17	3.538	0.0	74.936	33.521	-7.964	28.8	1.676	239.172	6.14	4.162	0.0	73.441	23.932	-10.25	0.0	0.0	202.942	5.86	4.475	0.0	77.833	30.397	-0.862	35.0	1.852	197.13	5.96	4.787	0.0	76.225	11.363	-8.988	0.0	1.332	192.093	5.94	3.85	0.0	76.989	0.0	0.0	0.2	1.659	191.318	6.6	4.162	1.063	76.361	9.983	-1.0	0.0	1.483	188.993	6.12	4.475	0.0	73.564	26.402	-11.067	31.6	2.062	213.017	6.8	4.162	0.0	73.267	22.043	-18.752	0.0	0.0	148.695	5.86	3.85	0.0	78.126	9.547	-24.85	37.2	0.0	213.985	6.47
6.52	3.163	0.532	74.662	24.731	-11.151	34.8	0.0	195.968	5.22	3.788	0.0	74.62	33.521	-7.99	28.8	1.575	237.428	6.23	4.162	0.0	72.897	24.15	-10.297	0.0	0.0	198.292	6.23	4.912	0.0	76.357	30.252	-1.109	35.0	1.877	198.292	6.18	4.85	0.0	75.397	11.363	-9.044	0.0	1.575	192.383	6.0	3.913	0.0	76.878	0.0	0.0	0.2	1.601	186.959	6.78	4.412	0.0	75.723	9.474	-1.0	0.0	1.399	170.781	6.26	4.6	0.0	73.031	26.838	-11.324	31.6	2.095	214.567	6.68	3.913	0.0	73.831	21.825	-18.89	0.0	0.0	144.336	5.9	3.913	0.0	78.257	10.056	-25.163	37.2	0.0	227.741	6.36
6.66	3.225	0.0	73.954	25.603	-11.196	34.8	0.0	172.816	5.33	3.913	0.532	74.088	33.521	-8.003	28.8	0.0	225.707	6.24	4.225	0.0	72.898	24.44	-10.377	0.0	0.0	210.982	6.34	4.85	0.0	75.881	31.56	-1.054	35.0	1.911	205.655	6.11	4.912	0.0	75.508	11.654	-9.011	0.0	1.341	192.48	6.12	4.1	0.0	76.408	0.0	0.0	0.2	1.567	188.896	6.6	4.287	1.063	76.186	9.838	-1.0	0.0	1.718	178.531	6.24	4.912	0.0	72.898	26.184	-11.335	31.6	0.0	212.532	6.69	3.85	0.0	73.425	21.97	-19.382	0.0	0.0	144.917	6.25	3.788	0.0	75.211	10.201	-24.829	37.2	2.07	243.143	6.38
6.55	3.475	0.532	74.516	24.585	-11.161	34.8	0.0	207.979	5.34	3.725	0.0	73.989	33.303	-7.992	28.8	2.087	248.568	6.26	4.1	0.0	72.62	24.15	-10.312	0.0	0.0	212.242	6.45	5.225	0.0	75.076	30.688	-0.833	35.0	2.07	197.905	6.12	4.787	0.0	75.309	10.855	-8.988	0.0	1.559	198.292	6.21	4.1	0.0	75.804	0.0	0.0	0.2	2.12	191.221	6.82	4.287	1.063	74.85	9.91	-1.0	0.0	1.793	172.719	6.12	4.6	0.0	73.105	26.474	-11.47	31.6	0.0	219.216	6.75	4.037	0.0	73.18	21.97	-19.124	0.0	0.0	142.495	6.16	3.788	0.0	76.018	9.838	-24.73	37.2	0.0	238.978	6.5
6.98	3.788	0.0	72.248	24.15	-11.171	34.8	1.467	193.158	5.67	4.412	0.0	72.142	33.667	-8.029	28.8	1.634	233.553	6.11	4.225	0.0	73.026	24.585	-10.377	0.0	0.0	200.424	6.59	4.975	0.0	73.787	30.615	-1.095	35.0	2.112	192.093	6.32	4.912	0.0	74.621	11.363	-8.987	0.0	2.087	208.367	5.96	3.913	0.0	77.092	0.0	0.0	0.2	1.408	184.537	6.86	4.287	0.0	74.58	9.402	-1.0	0.0	1.282	168.069	6.24	4.6	0.0	72.385	26.474	-11.36	31.6	1.886	195.871	6.87	4.287	0.0	72.329	21.389	-19.187	0.0	0.0	139.589	6.64	4.287	0.0	72.387	10.056	-24.696	37.2	0.922	248.665	6.46
6.71	3.35	1.063	73.301	25.094	-10.973	34.8	1.048	187.734	5.89	4.475	0.0	70.552	33.667	-8.052	28.8	1.207	242.853	6.16	4.1	0.0	73.01	24.367	-10.514	0.0	1.064	202.167	6.2	4.662	0.0	76.226	31.051	-0.958	35.0	0.0	200.23	6.0	4.787	0.0	75.885	10.492	-8.95	0.0	1.844	195.193	6.1	4.162	0.0	76.305	0.0	0.0	0.2	1.902	189.768	6.99	4.35	1.063	74.022	9.62	-1.0	0.0	1.45	173.881	6.32	4.6	0.0	72.194	26.402	-11.396	31.6	1.718	209.142	6.88	4.037	0.0	72.202	21.752	-19.328	0.0	0.0	157.607	6.36	4.1	0.0	74.3	9.547	-24.834	37.2	0.0	204.105	6.66
6.8	3.663	1.063	72.599	24.658	-11.188	34.8	0.0	195.193	5.78	4.037	0.0	70.792	33.667	-8.015	28.8	0.0	255.058	6.1	4.225	0.0	73.484	24.15	-10.453	0.0	0.0	210.692	6.69	5.225	0.0	73.578	31.051	-1.282	35.0	0.0	207.011	6.2	4.662	0.0	75.276	11.872	-8.943	0.0	1.575	212.242	6.18	4.162	0.0	75.698	0.0	0.0	0.2	0.0	181.147	6.88	4.475	1.063	74.508	9.91	-1.0	0.0	0.0	186.571	6.02	4.662	0.0	73.391	26.547	-11.517	31.6	0.0	210.304	6.79	4.162	0.0	72.546	22.115	-19.257	0.0	0.0	155.67	6.26	4.225	0.0	74.734	10.128	-24.975	37.2	0.0	241.012	6.71
