-1.0	6.287	0.0	0.0	25.893	-8.417	26.0	0.0	219.023	6.9	6.912	0.0	91.605	34.902	-15.318	11.2	1.098	254.283	6.69	6.412	0.0	93.501	26.692	-2.14	31.2	2.103	179.306	7.34	6.537	0.0	94.113	33.013	-2.607	26.2	0.0	138.524	7.15	7.537	0.0	90.362	14.269	-8.534	3.0	1.592	197.518	7.03	6.35	0.0	88.141	0.0	0.0	24.8	1.131	187.443	7.84	6.35	0.532	91.917	12.671	-12.016	46.6	2.053	188.993	7.08	6.975	0.0	89.212	26.765	-24.218	18.4	2.112	194.03	7.63	6.162	0.0	86.269	25.748	-24.917	24.8	1.71	175.819	6.86	6.475	0.0	95.715	19.718	-13.288	35.8	0.0	217.86	8.06
-1.0	6.1	0.0	0.0	26.402	-8.389	26.0	1.366	270.654	6.82	6.537	2.659	91.647	34.829	-15.092	11.2	1.391	294.775	6.68	6.287	0.0	93.415	27.056	-2.097	31.2	1.249	218.829	7.36	6.537	0.0	93.392	32.577	-2.255	26.2	1.249	196.743	7.21	7.912	0.0	89.682	13.979	-8.586	3.0	1.198	219.507	6.89	6.287	0.0	88.812	0.0	0.0	24.8	2.12	209.917	7.78	6.475	0.532	91.901	12.235	-12.384	46.6	0.0	169.91	6.94	6.787	0.0	89.373	26.692	-24.703	18.4	1.014	177.756	7.73	6.1	0.0	85.471	25.893	-25.211	24.8	0.0	161.869	6.81	6.6	0.0	95.58	19.791	-13.773	35.8	0.0	232.584	7.82
-1.0	6.475	0.0	0.0	25.966	-8.406	26.0	0.0	164.872	6.92	6.85	0.532	91.29	34.829	-15.23	11.2	1.936	250.408	6.84	6.35	0.0	92.372	26.91	-2.119	31.2	1.207	216.117	7.48	6.725	0.0	92.352	33.667	-2.32	26.2	1.307	201.392	7.18	7.85	0.0	90.413	14.269	-8.562	3.0	2.062	218.441	6.95	6.162	0.0	88.032	0.0	0.0	24.8	1.492	190.155	7.8	6.162	1.063	91.479	12.671	-12.155	46.6	1.634	183.859	6.91	6.725	0.0	89.212	27.419	-24.133	18.4	0.0	204.105	7.48	6.037	0.0	86.413	26.474	-25.499	24.8	2.137	176.012	7.04	6.475	0.0	93.886	19.5	-13.179	35.8	1.793	220.573	7.7
-1.0	6.6	0.0	0.0	26.184	-8.42	26.0	2.036	225.513	6.88	6.85	0.0	91.727	34.974	-15.456	11.2	0.0	244.596	6.66	6.225	0.0	93.659	26.692	-2.005	31.2	0.0	199.358	7.2	6.412	0.0	94.712	32.867	-2.211	26.2	1.064	191.512	6.93	7.912	0.0	91.973	14.487	-8.634	3.0	2.129	180.372	6.96	6.287	0.0	88.61	0.0	0.0	24.8	0.0	194.805	7.83	6.225	1.595	92.636	12.889	-12.342	46.6	1.877	216.407	6.9	6.787	0.0	89.951	27.491	-24.265	18.4	0.922	215.535	7.43	6.287	0.0	87.707	26.547	-25.381	24.8	1.441	194.611	6.8	6.412	0.0	96.26	19.5	-13.114	35.8	1.701	247.89	7.9
-1.0	6.162	0.0	0.0	25.748	-8.419	26.0	0.0	206.042	6.92	6.787	0.0	91.525	34.974	-14.927	11.2	1.626	267.554	6.67	6.412	0.0	94.156	26.983	-2.14	31.2	0.0	191.608	7.21	6.475	0.0	95.042	32.65	-1.913	26.2	1.743	188.024	6.93	7.787	0.0	92.058	14.124	-8.587	3.0	1.634	203.717	6.68	6.162	0.0	90.024	0.0	0.0	24.8	1.173	207.398	7.54	6.037	0.532	93.94	12.671	-12.312	46.6	1.265	200.133	6.88	6.787	0.0	90.723	27.056	-24.375	18.4	0.0	205.073	7.36	6.1	0.0	87.957	25.893	-25.521	24.8	1.601	168.457	6.74	6.225	0.0	96.78	19.718	-12.821	35.8	2.129	245.371	7.53
-1.0	6.162	0.0	0.0	25.966	-8.396	26.0	2.12	217.279	6.96	6.725	1.063	91.215	34.829	-14.914	11.2	0.0	269.395	6.56	6.037	0.0	93.962	26.91	-1.8	31.2	0.0	206.817	7.3	6.35	0.0	93.5	32.577	-2.119	26.2	1.835	186.668	7.14	7.662	0.0	90.575	14.197	-8.581	3.0	1.089	222.316	6.8	6.225	0.0	90.011	0.0	0.0	24.8	1.735	185.893	7.66	6.225	0.532	92.802	12.308	-12.48	46.6	0.0	180.081	6.96	6.6	0.0	89.049	27.491	-24.202	18.4	1.249	199.455	7.8	6.162	0.0	84.054	26.402	-25.747	24.8	1.458	185.699	7.16	6.35	0.0	93.254	19.573	-12.742	35.8	1.508	232.003	7.74
-1.0	6.225	0.0	0.0	26.111	-8.371	26.0	0.0	209.336	7.0	6.85	0.0	91.012	34.974	-15.083	11.2	1.827	231.034	6.74	6.225	0.0	93.349	26.838	-2.04	31.2	0.0	223.188	7.21	6.6	0.0	94.345	32.795	-2.205	26.2	1.927	200.52	6.87	7.662	0.0	91.448	14.197	-8.605	3.0	0.0	202.555	6.61	5.662	0.0	89.419	0.0	0.0	24.8	0.972	180.275	7.56	5.975	0.0	92.669	12.017	-12.257	46.6	0.0	170.394	6.92	6.662	0.0	89.28	26.838	-24.442	18.4	1.056	204.686	7.78	6.162	0.0	84.93	26.184	-25.233	24.8	1.458	188.412	6.82	6.225	0.0	95.703	19.427	-12.721	35.8	1.894	224.641	7.64
-1.0	6.287	0.0	0.0	25.893	-8.394	26.0	0.0	169.619	6.98	6.412	0.0	90.577	34.684	-15.44	11.2	0.0	176.981	6.96	6.1	0.0	91.493	26.692	-1.786	31.2	2.129	203.62	7.21	6.287	0.0	93.767	33.013	-1.743	26.2	2.011	187.443	7.04	7.787	0.0	90.182	14.487	-8.579	3.0	1.777	216.698	6.72	6.1	0.0	88.966	0.0	0.0	24.8	1.626	197.033	7.63	5.85	3.19	92.286	12.889	-12.236	46.6	1.751	173.009	7.0	6.6	0.0	89.213	26.91	-24.202	18.4	1.659	200.133	7.53	5.85	0.0	86.38	26.91	-24.81	24.8	1.148	175.819	6.96	6.1	0.0	94.441	19.645	-12.602	35.8	0.0	262.905	7.78
-1.0	5.912	0.532	0.0	26.111	-8.499	26.0	1.458	181.05	7.24	6.412	0.0	88.327	34.902	-15.067	11.2	0.0	219.216	6.92	6.037	0.0	90.819	26.765	-1.624	31.2	0.0	203.717	7.8	6.412	0.0	89.351	32.795	-2.105	26.2	2.112	205.17	7.58	8.037	0.0	85.686	14.124	-8.508	3.0	1.299	208.173	6.84	5.85	0.0	87.426	0.0	0.0	24.8	1.844	190.93	7.72	5.975	0.532	90.596	12.671	-12.168	46.6	2.103	177.369	7.36	6.6	0.0	85.656	26.983	-24.202	18.4	1.458	207.979	8.0	6.1	0.0	83.094	25.893	-25.521	24.8	0.0	191.318	7.32	6.037	0.0	91.117	19.863	-12.496	35.8	1.182	236.653	7.89
-1.0	5.85	0.0	0.0	26.256	-8.353	26.0	1.735	199.746	7.08	6.725	0.0	90.3	34.611	-15.354	11.2	1.693	245.468	6.78	6.037	0.0	92.06	26.692	-1.905	31.2	0.0	214.179	7.33	6.287	0.0	93.529	33.086	-2.062	26.2	1.391	188.218	7.1	7.725	0.0	90.262	14.415	-8.539	3.0	0.0	197.13	7.04	5.912	0.0	86.374	0.0	0.0	24.8	0.0	205.17	8.14	6.287	1.595	87.502	12.889	-12.398	46.6	1.718	195.193	7.3	6.787	0.0	85.046	26.91	-24.154	18.4	0.0	217.473	7.83	5.912	0.0	84.154	27.491	-25.455	24.8	1.575	183.181	6.92	5.912	0.0	95.165	19.718	-12.476	35.8	0.0	222.994	8.26
-1.0	5.6	3.722	0.0	26.329	-8.31	26.0	0.0	212.242	7.0	6.287	0.0	90.28	34.684	-15.189	11.2	0.0	283.925	6.74	5.725	0.0	92.681	26.765	-1.903	31.2	0.0	208.658	7.2	6.475	0.0	93.971	33.158	-2.268	26.2	1.341	180.856	7.0	7.787	0.0	90.496	14.124	-8.571	3.0	0.0	187.831	6.84	5.912	0.0	88.579	0.0	0.0	24.8	1.249	179.306	7.7	6.1	1.063	92.008	12.453	-12.188	46.6	1.592	177.078	7.01	6.662	0.0	88.93	27.419	-24.332	18.4	1.366	204.008	7.68	5.787	0.0	85.252	27.201	-25.613	24.8	0.0	155.185	6.8	5.85	0.0	95.294	19.718	-12.326	35.8	0.0	261.452	7.78
-1.0	5.6	0.532	0.0	26.62	-8.237	26.0	1.198	208.948	7.06	6.412	0.0	89.731	34.611	-15.214	11.2	1.366	241.496	6.82	5.85	0.0	92.366	27.128	-1.736	31.2	2.112	207.398	7.27	6.412	0.0	93.117	32.65	-2.14	26.2	1.835	201.199	7.12	7.725	0.0	89.746	14.269	-8.564	3.0	1.634	198.68	6.64	5.912	0.0	88.705	0.0	0.0	24.8	1.274	193.643	7.75	6.162	1.063	91.38	12.526	-12.287	46.6	0.0	177.175	6.84	6.6	0.0	89.085	26.765	-24.421	18.4	0.989	188.218	7.75	5.912	0.0	84.9	27.564	-25.557	24.8	1.542	148.501	6.78	5.85	0.0	95.085	19.791	-12.326	35.8	1.601	290.9	7.69
-1.0	5.912	0.532	0.0	26.402	-8.271	26.0	0.0	190.833	6.97	6.412	0.0	90.164	35.047	-14.922	11.2	1.483	283.828	6.76	5.975	0.0	92.224	26.765	-1.954	31.2	1.659	206.042	7.23	6.287	0.0	93.44	33.376	-1.991	26.2	1.567	205.461	7.12	7.662	0.0	89.899	14.124	-8.565	3.0	1.282	204.492	6.85	5.725	0.0	88.251	0.0	0.0	24.8	1.173	195.871	7.6	6.037	1.063	91.426	12.816	-12.403	46.6	2.087	186.087	6.89	6.6	0.0	88.856	27.201	-24.202	18.4	0.0	210.982	7.5	6.037	0.0	86.214	25.748	-25.601	24.8	1.743	174.559	6.8	5.85	0.0	95.01	19.355	-12.281	35.8	0.0	250.118	7.6
-1.0	6.1	0.532	0.0	26.329	-8.308	26.0	1.358	212.242	7.04	6.662	0.0	90.16	34.611	-14.831	11.2	0.0	254.961	6.82	5.975	0.0	92.618	27.273	-1.849	31.2	0.0	232.778	7.31	6.537	0.0	93.503	32.94	-2.077	26.2	1.902	225.707	7.14	7.6	0.0	90.056	13.979	-8.55	3.0	0.0	207.204	6.76	6.35	0.0	88.625	0.0	0.0	24.8	1.525	189.962	7.66	5.975	0.0	92.125	12.526	-12.347	46.6	1.793	182.212	6.91	6.475	0.0	89.343	26.983	-23.94	18.4	1.24	216.891	7.44	5.725	0.0	86.766	27.056	-1.0	24.8	1.793	171.363	6.92	6.35	0.0	94.368	19.5	-12.318	35.8	0.997	262.033	7.68
-1.0	6.037	0.532	0.0	25.748	-8.317	26.0	0.0	205.17	7.04	6.662	0.0	90.247	35.12	-16.718	11.2	1.031	249.924	6.86	6.037	0.0	92.503	27.346	-1.976	31.2	1.55	225.803	7.3	6.6	0.0	93.375	32.65	-2.241	26.2	2.011	199.067	7.08	7.725	0.0	90.43	14.124	-8.572	3.0	0.0	204.783	6.89	6.287	0.0	88.327	0.0	0.0	24.8	1.24	197.711	7.89	6.162	0.0	90.857	12.671	-12.47	46.6	1.953	189.38	6.99	6.6	0.0	88.793	26.91	-24.202	18.4	1.383	236.459	7.52	5.912	0.0	86.469	25.603	-25.658	24.8	1.592	153.345	6.81	6.412	0.0	95.175	19.718	-12.284	35.8	0.0	237.04	7.74
-1.0	5.912	0.0	0.0	26.038	-8.312	26.0	0.0	209.432	7.0	6.475	1.063	90.15	34.974	-15.153	11.2	0.0	233.844	6.75	5.975	0.0	92.684	26.765	-1.989	31.2	1.115	200.23	7.22	6.475	0.0	93.583	32.577	-2.198	26.2	1.5	204.88	7.08	7.662	0.0	90.214	13.979	-8.565	3.0	0.0	205.073	6.77	6.225	0.0	88.584	0.0	0.0	24.8	1.089	210.886	7.69	6.037	1.063	91.578	12.162	-12.496	46.6	2.028	183.859	6.95	6.537	0.0	89.157	27.128	-24.181	18.4	0.922	225.319	7.4	6.037	0.0	86.959	26.62	-25.803	24.8	1.257	179.79	6.8	6.287	0.0	95.334	19.863	-12.353	35.8	2.02	262.614	7.84
-1.0	5.787	0.0	0.0	26.402	-8.274	26.0	1.894	197.905	7.06	6.537	0.0	89.992	34.538	-15.543	11.2	0.947	246.34	6.79	6.037	0.0	92.569	27.056	-2.29	31.2	1.467	222.51	7.44	6.412	0.0	92.32	32.94	-2.282	26.2	1.441	222.994	7.07	7.662	0.0	90.146	14.342	-8.565	3.0	0.0	213.307	6.8	5.85	0.0	88.613	0.0	0.0	24.8	0.0	209.529	7.68	6.162	0.532	91.832	12.889	-12.377	46.6	1.575	179.693	6.86	6.475	0.0	89.243	26.91	-24.16	18.4	0.0	230.841	7.3	5.787	0.0	87.047	25.603	-25.411	24.8	0.939	205.558	6.73	5.85	0.0	95.355	19.645	-12.02	35.8	0.0	265.714	7.66
-1.0	5.662	0.532	0.0	26.256	-8.341	26.0	0.0	195.774	7.08	6.412	0.0	89.779	35.047	-14.851	11.2	1.391	259.03	6.69	5.85	0.0	92.479	26.62	-1.876	31.2	1.978	218.441	7.46	6.412	0.0	92.029	32.722	-1.75	26.2	1.399	204.783	7.04	7.787	0.0	89.965	14.124	-8.698	3.0	0.0	201.005	6.65	5.725	0.0	88.575	0.0	0.0	24.8	1.048	190.155	7.88	5.912	0.0	90.486	12.598	-12.476	46.6	0.0	188.121	6.84	6.475	0.0	89.216	27.346	-23.829	18.4	0.0	209.917	7.5	5.725	0.0	86.146	27.056	-25.591	24.8	0.0	204.783	6.95	5.85	0.0	93.882	19.645	-11.896	35.8	0.0	242.465	7.76
-1.0	5.662	0.532	0.0	25.82	-8.285	26.0	1.165	209.045	7.08	6.412	0.0	89.562	34.684	-14.995	11.2	0.0	270.267	6.85	6.037	0.0	92.1	26.765	-1.835	31.2	2.078	216.795	7.22	6.412	0.0	93.187	32.867	-1.857	26.2	1.617	200.811	7.02	7.662	0.0	90.112	13.979	-8.613	3.0	0.0	200.424	6.82	5.912	0.0	88.243	0.0	0.0	24.8	1.659	209.045	7.78	6.037	3.19	90.914	12.961	-12.689	46.6	1.467	175.819	7.0	6.537	0.0	88.531	26.765	-23.85	18.4	1.936	223.091	7.42	5.912	0.0	86.467	26.62	-25.146	24.8	1.316	181.631	6.83	6.225	0.0	94.692	19.355	-12.08	35.8	0.0	272.688	7.91
-1.0	5.225	0.0	0.0	26.474	-8.205	26.0	0.0	208.367	7.01	6.225	0.0	89.609	34.829	-15.102	11.2	2.045	219.604	6.84	5.85	0.0	91.949	27.128	-1.806	31.2	1.567	231.809	7.3	6.35	0.0	92.705	32.795	-2.119	26.2	2.078	206.333	7.08	7.35	0.0	89.474	13.979	-8.505	3.0	0.0	206.042	6.85	5.975	0.0	87.829	0.0	0.0	24.8	1.425	206.817	7.72	6.037	1.595	90.834	12.235	-13.322	46.6	1.743	177.272	6.88	6.35	0.0	88.678	26.91	-24.336	18.4	1.031	210.692	7.35	5.787	0.0	86.698	27.056	-25.613	24.8	0.913	150.536	6.81	6.037	0.0	94.768	19.718	-12.178	35.8	0.0	266.876	7.74
-1.0	5.225	0.532	0.0	26.329	-8.23	26.0	1.542	204.105	6.98	6.1	1.063	89.71	35.12	-15.004	11.2	0.0	236.169	6.71	5.787	0.0	92.442	27.273	-1.75	31.2	0.0	218.732	7.22	5.975	0.0	92.557	32.867	-1.884	26.2	1.014	194.224	6.99	7.725	0.0	89.756	13.833	-8.556	3.0	0.0	220.766	6.86	5.912	0.0	87.542	0.0	0.0	24.8	1.064	205.267	7.89	6.037	1.595	90.662	12.235	-12.544	46.6	1.441	193.158	6.82	6.225	0.0	88.287	27.491	-23.967	18.4	1.039	210.111	7.38	5.85	0.0	86.706	25.603	-25.736	24.8	0.0	174.656	6.92	5.787	0.0	93.812	19.718	-12.182	35.8	1.902	237.428	7.89
-1.0	5.412	0.0	0.0	25.893	-8.25	26.0	2.053	208.754	6.96	6.225	0.0	89.444	34.902	-15.029	11.2	0.0	259.417	6.76	5.912	0.0	92.097	27.201	-1.828	31.2	1.048	212.532	6.96	5.6	0.0	93.988	32.795	-1.721	26.2	0.0	194.418	6.9	7.6	0.0	89.994	14.269	-8.541	3.0	0.0	228.128	6.58	5.725	0.0	88.337	0.0	0.0	24.8	0.0	184.634	7.38	5.6	1.063	92.05	12.526	-12.92	46.6	0.0	190.155	6.88	6.287	0.0	88.678	27.201	-23.988	18.4	0.0	208.367	7.32	5.85	0.0	86.826	26.983	-26.227	24.8	0.0	162.838	6.82	5.6	0.0	94.382	19.427	-12.196	35.8	1.802	220.379	7.5
-1.0	5.225	0.532	0.0	25.893	-8.197	26.0	1.475	199.067	6.92	5.912	0.0	89.455	34.684	-15.039	11.2	0.0	267.264	6.64	5.725	0.0	92.276	26.983	-2.007	31.2	2.003	235.684	7.21	6.412	0.0	93.184	32.795	-1.999	26.2	0.0	205.655	6.94	7.537	0.0	89.874	13.979	-8.542	3.0	0.0	211.079	6.59	5.6	0.0	88.03	0.0	0.0	24.8	1.626	204.105	7.66	5.787	0.0	91.613	12.961	-12.502	46.6	1.668	178.144	6.94	6.225	0.0	88.052	27.419	-23.967	18.4	1.458	211.757	7.24	5.725	0.0	86.716	27.056	-25.988	24.8	1.232	165.744	6.7	5.912	0.0	95.185	19.645	-12.336	35.8	0.0	241.303	7.66
-1.0	4.725	0.0	0.0	26.256	-8.208	26.0	1.601	196.936	6.95	5.912	0.532	89.833	35.12	-14.894	11.2	2.112	268.232	6.68	5.725	0.0	92.539	27.128	-1.694	31.2	1.542	205.558	7.03	5.975	0.0	93.344	33.086	-1.849	26.2	1.584	187.056	6.81	7.6	0.0	90.403	14.124	-8.533	3.0	0.0	194.805	6.78	5.85	0.0	87.589	0.0	0.0	24.8	1.634	210.692	7.74	5.85	0.0	90.124	13.034	-12.911	46.6	0.0	177.95	6.93	6.35	0.0	87.849	27.273	-23.123	18.4	1.617	219.216	7.33	5.725	0.0	86.467	26.91	-25.791	24.8	1.232	163.807	6.95	5.537	0.0	93.156	19.427	-12.275	35.8	0.0	218.829	7.63
-1.0	5.037	1.063	0.0	25.748	-8.265	26.0	0.0	178.531	6.8	5.1	0.532	89.816	34.974	-14.663	11.2	1.123	210.595	6.62	5.6	0.0	92.229	27.273	-1.686	31.2	1.475	199.842	7.06	6.1	0.0	93.29	32.867	-1.821	26.2	1.768	187.249	6.78	7.6	0.0	90.223	14.269	-8.533	3.0	0.0	191.705	6.52	5.912	0.0	88.145	0.0	0.0	24.8	1.14	187.831	7.6	5.85	1.063	91.04	12.961	-13.123	46.6	1.584	179.984	7.02	6.35	0.0	87.916	27.056	-23.898	18.4	1.182	210.498	7.21	5.6	0.0	86.574	27.128	-25.943	24.8	1.031	160.32	6.7	5.412	0.0	94.778	19.718	-12.301	35.8	0.0	214.47	7.66
-1.0	5.162	0.0	0.0	26.038	-8.223	26.0	0.0	186.959	7.04	5.225	0.0	88.409	34.974	-14.548	11.2	1.911	200.908	6.59	5.662	0.0	92.01	27.056	-1.672	31.2	1.349	200.617	7.21	5.975	0.0	92.386	33.158	-1.919	26.2	1.542	178.822	6.76	7.412	0.0	89.784	14.269	-8.52	3.0	0.0	216.117	6.5	5.787	0.0	88.339	0.0	0.0	24.8	1.039	184.731	7.58	5.787	0.0	90.992	12.235	-13.744	46.6	1.693	163.71	6.83	6.162	0.0	88.002	27.201	-24.382	18.4	1.022	194.418	7.25	5.725	0.0	86.583	26.91	-25.89	24.8	1.475	153.635	6.67	5.225	0.0	94.607	19.5	-12.316	35.8	1.994	208.658	7.46
-1.0	4.725	3.722	0.0	26.329	-8.176	26.0	0.0	188.993	7.0	5.6	0.0	88.972	34.902	-14.976	11.2	0.0	248.859	6.52	5.6	0.0	92.012	27.056	-1.651	31.2	0.0	171.46	7.14	5.85	0.0	92.704	33.158	-1.981	26.2	0.905	194.321	6.74	7.412	0.0	89.453	14.487	-8.528	3.0	0.0	182.696	6.5	5.6	0.0	88.052	0.0	0.0	24.8	0.0	186.571	7.48	5.662	2.127	91.18	12.598	-13.484	46.6	1.626	170.781	6.66	6.225	0.0	88.379	26.765	-23.967	18.4	0.0	182.212	7.25	5.662	0.0	86.289	25.603	-25.868	24.8	1.634	156.057	6.72	5.162	0.0	94.416	19.718	-12.592	35.8	1.735	238.978	7.58
-1.0	4.662	1.063	0.0	25.893	-8.202	26.0	0.0	183.568	6.84	5.225	0.0	89.325	34.538	-14.758	11.2	1.927	248.859	6.4	5.537	0.0	92.233	26.547	-1.699	31.2	0.0	179.597	6.89	5.6	0.0	93.014	32.286	-1.825	26.2	1.483	173.009	6.82	7.35	0.0	89.582	14.269	-8.505	3.0	1.064	184.731	6.56	5.787	0.0	87.845	0.0	0.0	24.8	0.0	165.744	7.21	5.725	13.293	91.665	12.162	-13.38	46.6	1.366	186.184	6.69	6.162	0.0	88.321	27.056	-24.056	18.4	0.0	186.862	7.54	5.787	0.0	85.287	25.385	-25.813	24.8	2.011	175.334	6.62	5.412	0.0	94.634	19.5	-12.488	35.8	1.743	206.333	7.36
-1.0	4.725	0.0	0.0	25.893	-8.208	26.0	0.0	196.355	6.79	5.6	0.0	89.553	34.829	-14.691	11.2	0.0	198.68	6.58	5.6	0.0	92.197	27.056	-1.859	31.2	1.073	205.073	6.82	5.725	0.0	93.578	33.086	-1.763	26.2	1.098	189.962	6.72	7.537	0.0	89.817	13.979	-8.518	3.0	1.006	213.695	6.47	5.725	0.0	87.778	0.0	0.0	24.8	1.307	184.634	7.4	5.787	2.659	91.545	12.235	-13.506	46.6	1.441	176.109	6.8	6.225	0.0	87.594	27.273	-23.967	18.4	1.131	187.443	7.51	5.85	0.0	85.372	25.82	-26.13	24.8	1.86	167.1	6.56	5.412	0.0	94.862	19.791	-12.634	35.8	0.0	238.203	7.38
-1.0	4.537	0.0	0.0	25.82	-8.188	26.0	0.0	197.518	6.86	5.412	0.532	89.462	34.756	-14.795	11.2	0.0	245.274	6.42	5.225	0.0	92.175	26.983	-1.627	31.2	1.006	197.421	6.96	5.787	0.0	93.283	33.231	-1.785	26.2	1.483	196.743	6.65	7.1	0.0	90.059	14.124	-8.484	3.0	0.0	199.842	6.38	5.6	0.0	88.331	0.0	0.0	24.8	0.93	195.968	7.4	5.912	0.532	91.694	12.744	-13.529	46.6	1.793	182.018	6.68	6.287	0.0	88.164	27.273	-24.747	18.4	0.0	208.754	7.4	5.85	0.0	85.254	26.402	-25.636	24.8	1.601	185.699	6.55	5.225	0.0	94.696	19.427	-12.753	35.8	0.0	247.502	7.56
