-0.04	-0.463	0.532	91.066	24.949	-13.277	35.2	0.0	68.39	-1.28	-0.087	9.039	52.342	32.94	-7.444	29.0	0.0	89.895	-1.04	0.225	0.0	69.49	23.641	-10.887	0.8	0.0	62.965	-0.56	1.475	0.0	60.772	31.051	-0.061	36.0	0.0	46.11	-0.66	1.225	0.0	94.154	11.363	-8.953	1.6	0.0	66.937	-1.0	0.912	0.0	0.0	0.0	0.0	1.2	0.0	46.788	-0.26	1.225	6.381	90.065	9.62	-23.523	1.0	0.0	25.574	-0.95	1.85	0.0	71.053	26.111	-10.671	32.6	0.0	46.013	-0.14	1.35	0.0	38.822	21.171	-12.753	1.0	0.0	11.527	-0.78	0.537	0.0	29.665	9.111	-1.0	38.2	0.0	79.627
-0.08	-0.338	0.532	91.055	24.585	-13.422	35.2	0.0	68.487	-1.3	-0.025	3.722	52.716	32.867	-7.45	29.0	0.0	89.895	-1.04	0.35	0.0	69.49	24.077	-10.94	0.8	0.0	59.478	-0.56	1.475	0.0	60.909	31.051	0.0	36.0	0.0	46.304	-0.6	1.225	0.0	94.171	11.0	-8.72	1.6	0.0	62.093	-1.0	1.225	0.0	0.0	0.0	0.0	1.2	0.0	46.594	-0.18	1.413	1.063	90.086	9.692	-23.482	1.0	0.0	30.03	-0.9	1.85	0.0	71.063	27.056	-10.671	32.6	0.0	46.013	-0.14	1.475	0.0	38.885	21.171	-12.829	1.0	0.0	339.141	-0.78	0.662	0.0	29.665	9.111	-1.0	38.2	0.0	79.724
-0.03	-0.338	0.0	91.068	24.513	-13.236	35.2	0.0	68.1	-1.29	0.037	0.532	52.66	32.867	-7.439	29.0	0.0	90.089	-1.08	0.037	0.0	69.483	23.859	-10.791	0.8	0.0	59.769	-0.49	1.475	0.0	59.711	31.342	0.0	36.0	0.0	45.335	-0.62	1.038	0.0	94.165	11.218	-8.744	1.6	0.0	54.828	-1.0	0.975	0.0	0.0	0.0	0.0	1.2	0.0	46.788	-0.36	1.288	3.722	90.079	9.547	-23.542	1.0	0.0	28.867	-0.84	1.913	0.0	71.075	27.056	-10.557	32.6	0.0	45.916	-0.16	1.288	0.0	38.82	21.244	-12.528	1.0	0.0	352.122	-0.79	0.787	0.0	29.664	8.748	-1.0	38.2	0.0	79.918
-0.08	-0.588	0.0	91.055	24.876	-13.074	35.2	0.0	68.681	-1.28	0.037	0.0	52.458	32.94	-7.489	29.0	0.0	89.895	-1.06	0.225	0.0	69.487	24.295	-10.887	0.8	0.0	45.238	-0.55	1.475	0.0	60.855	31.342	-0.185	36.0	0.0	45.238	-0.68	0.787	0.0	94.168	10.927	-8.753	1.6	0.0	59.865	-1.0	1.225	0.0	0.0	0.0	0.0	1.2	0.0	46.594	-0.23	1.475	1.063	90.073	9.62	-23.599	1.0	0.0	27.414	-0.82	2.038	0.0	71.079	26.91	-10.634	32.6	0.0	45.722	-0.16	1.35	0.0	38.82	21.316	-12.644	1.0	0.0	355.125	-0.73	0.725	0.0	29.669	9.111	-1.0	38.2	0.0	79.627
-0.04	-0.15	1.063	91.066	25.021	-13.205	35.2	0.0	68.681	-1.28	0.1	0.0	52.95	32.867	-7.591	29.0	0.0	89.411	-1.08	0.1	0.0	69.483	23.859	-10.731	0.8	0.0	56.766	-0.58	1.475	0.0	61.288	30.833	-0.123	36.0	0.0	45.335	-0.73	0.975	0.0	94.134	11.0	-8.737	1.6	0.0	58.413	-1.0	0.912	0.0	0.0	0.0	0.0	1.2	0.0	46.788	-0.26	1.225	0.0	90.065	9.402	-23.717	1.0	0.0	23.733	-0.86	2.1	0.0	71.071	26.474	-10.705	32.6	0.0	45.819	-0.15	1.35	0.0	38.789	20.735	-12.538	1.0	0.0	355.609	-0.78	0.662	0.0	29.665	8.53	-1.0	38.2	0.0	79.724
-0.07	-0.338	0.532	91.058	24.513	-13.114	35.2	0.0	68.681	-1.32	0.037	0.532	53.29	32.867	-7.577	29.0	0.0	89.992	-1.1	0.037	0.0	69.479	23.568	-10.791	0.8	0.0	48.338	-0.62	1.413	0.0	62.016	31.85	-0.133	36.0	0.0	45.141	-0.74	0.725	0.0	94.132	11.0	-8.683	1.6	0.0	62.481	-1.0	0.975	0.0	0.0	0.0	0.0	1.2	0.0	47.951	-0.26	1.288	0.532	90.065	9.547	-23.639	1.0	0.0	20.924	-0.98	1.788	0.0	71.022	26.547	-10.601	32.6	0.0	45.238	-0.21	1.35	0.0	38.783	21.316	-12.538	1.0	0.0	352.897	-0.8	0.6	0.0	29.663	8.821	-1.0	38.2	0.0	79.724
-0.11	-0.4	0.0	91.047	24.44	-13.287	35.2	0.0	68.003	-1.34	0.037	0.0	53.575	33.086	-7.601	29.0	0.0	90.089	-1.13	0.1	0.0	69.447	23.859	-10.441	0.8	0.0	59.478	-0.58	1.475	0.0	61.179	30.833	-0.061	36.0	0.0	45.335	-0.76	0.975	0.0	94.126	10.782	-8.719	1.6	0.0	74.396	-1.0	1.1	0.0	0.0	0.0	0.0	1.2	0.0	48.144	-0.29	1.288	3.722	90.057	9.474	-23.833	1.0	0.0	31.967	-0.98	2.1	0.0	71.022	26.547	-10.8	32.6	0.0	45.626	-0.18	1.475	0.0	38.786	20.735	-12.505	1.0	0.0	329.648	-0.84	0.537	0.0	29.66	9.256	-1.0	38.2	0.0	79.53
-0.11	-0.463	0.532	91.047	24.949	-13.034	35.2	0.0	68.196	-1.34	0.1	0.532	53.546	33.158	-7.511	29.0	0.0	89.798	-1.14	0.1	0.0	69.445	24.077	-10.765	0.8	0.0	48.725	-0.61	1.475	0.0	61.555	30.979	-0.061	36.0	0.0	45.335	-0.7	0.975	0.0	94.143	11.073	-8.755	1.6	2.045	62.287	-1.0	1.1	0.0	0.0	0.0	0.0	1.2	0.0	46.594	-0.31	1.225	0.0	90.052	9.547	-24.099	1.0	0.0	36.714	-0.98	2.038	0.0	71.022	27.419	-10.857	32.6	0.0	45.626	-0.3	1.413	0.0	38.773	21.244	-14.048	1.0	0.0	346.31	-0.86	0.475	0.0	29.658	9.038	-1.0	38.2	0.0	79.433
-0.08	-0.212	3.722	91.055	24.585	-13.075	35.2	0.0	68.293	-1.35	0.225	0.0	53.66	32.867	-7.546	29.0	0.0	89.895	-1.15	0.1	0.0	69.444	23.714	-10.765	0.8	0.0	55.603	-0.62	1.663	0.0	62.016	30.979	-0.03	36.0	0.0	45.335	-0.74	0.975	0.0	94.132	10.709	-8.737	1.6	0.0	72.265	-1.0	0.85	0.0	0.0	0.0	0.0	1.2	0.0	46.304	-0.34	1.288	0.0	90.044	9.329	-24.49	1.0	0.0	49.016	-0.94	2.1	0.0	71.005	26.547	-10.736	32.6	0.0	46.013	-0.25	1.225	0.0	38.715	21.171	-12.571	1.0	0.0	344.663	-0.9	0.6	0.0	29.621	8.748	-1.0	38.2	0.0	79.24
-0.18	-0.4	0.532	91.028	25.167	-13.044	35.2	0.0	68.293	-1.38	-0.087	0.0	54.086	32.867	-7.494	29.0	0.0	89.895	-1.16	-0.025	0.0	69.442	23.496	-10.648	0.8	0.0	59.865	-0.57	1.725	0.0	61.426	30.979	-0.082	36.0	0.0	45.238	-0.8	0.912	0.0	94.115	10.782	-8.757	1.6	1.944	71.006	-1.0	0.85	0.0	0.0	0.0	0.0	1.2	0.0	46.982	-0.36	1.1	0.532	90.038	9.402	-23.775	1.0	0.0	11.527	-1.02	1.975	0.0	70.989	26.692	-10.783	32.6	0.0	45.916	-0.33	1.413	0.0	38.675	20.662	-12.601	1.0	0.0	348.634	-0.9	0.6	0.0	29.621	8.53	-1.0	38.2	0.0	79.918
-0.2	-0.65	0.0	91.022	24.658	-13.124	35.2	0.0	68.681	-1.39	-0.212	0.0	54.113	33.013	-7.466	29.0	0.0	89.895	-1.18	0.037	0.0	69.438	23.786	-10.558	0.8	0.0	49.888	-0.6	1.663	0.0	61.775	30.979	-0.155	36.0	0.0	45.238	-0.78	0.975	0.0	94.12	11.218	-8.773	1.6	2.103	72.846	-1.0	0.912	0.0	0.0	0.0	0.0	1.2	0.0	46.691	-0.22	1.475	0.0	90.075	9.838	-23.794	1.0	0.0	37.004	-1.04	1.975	0.0	70.985	26.692	-10.688	32.6	0.0	46.013	-0.48	1.413	0.0	38.596	21.462	-12.548	1.0	0.0	343.597	-0.89	0.537	0.0	29.622	8.748	-1.0	38.2	0.0	79.336
-0.2	-0.4	0.532	91.002	25.239	-13.225	35.2	0.0	68.584	-1.4	-0.15	0.532	54.454	33.013	-7.455	29.0	0.0	89.798	-1.16	0.037	0.0	69.442	23.714	-10.623	0.8	0.0	57.928	-0.58	1.663	0.0	61.424	31.415	-0.061	36.0	0.0	45.238	-0.86	0.912	0.0	94.098	11.073	-8.795	1.6	0.0	58.8	-1.0	0.912	0.0	0.0	0.0	0.0	1.2	0.0	46.885	-0.34	1.1	2.127	90.064	9.329	-23.871	1.0	0.0	42.138	-1.0	1.975	0.0	70.993	27.056	-10.657	32.6	0.0	45.819	-0.5	1.475	0.0	38.499	21.68	-12.611	1.0	0.0	343.597	-0.86	0.787	0.0	29.658	8.675	-1.0	38.2	0.0	79.724
-0.14	-0.4	1.063	90.998	24.949	-13.044	35.2	0.0	67.615	-1.44	0.1	0.532	54.734	32.867	-7.478	29.0	0.0	89.12	-1.16	0.1	0.0	69.442	24.15	-10.293	0.8	0.0	64.225	-0.6	1.725	0.0	62.019	31.415	-0.176	36.0	0.0	44.754	-0.72	0.975	0.0	94.098	11.0	-8.812	1.6	0.0	57.831	-1.0	1.038	0.0	0.0	0.0	0.0	1.2	0.0	46.788	-0.38	1.163	0.0	90.053	9.838	-24.173	1.0	0.0	41.267	-1.02	1.725	0.0	70.989	26.765	-11.092	32.6	0.0	45.722	-0.33	1.413	0.0	38.707	20.59	-12.763	1.0	0.0	344.178	-0.82	0.6	0.0	29.661	8.53	-1.0	38.2	0.0	79.627
-0.16	-0.65	0.0	90.993	24.513	-13.626	35.2	0.0	68.003	-1.41	-0.15	0.0	54.538	33.086	-7.455	29.0	0.0	89.895	-1.2	-0.025	0.0	69.434	24.077	-10.615	0.8	0.0	49.307	-0.56	1.475	0.0	60.909	31.051	-0.247	36.0	0.0	46.11	-0.79	0.6	0.0	94.079	11.218	-8.8	1.6	0.0	67.712	-1.0	0.912	0.0	0.0	0.0	0.0	1.2	0.0	46.691	-0.31	1.225	0.532	90.052	9.692	-23.717	1.0	0.0	39.523	-1.01	1.85	0.0	70.991	26.62	-10.799	32.6	0.0	46.11	-0.29	1.475	0.0	38.711	21.389	-12.719	1.0	0.0	343.985	-0.88	0.6	0.0	29.656	8.748	-1.0	38.2	0.0	79.53
-0.22	-0.588	0.532	90.977	25.094	-12.897	35.2	0.0	68.39	-1.4	-0.15	0.0	54.683	32.867	-7.472	29.0	0.0	89.798	-1.18	-0.15	0.0	69.438	24.15	-10.409	0.8	0.0	57.25	-0.62	1.663	0.0	61.826	30.979	-0.31	36.0	0.0	45.238	-0.72	0.787	0.0	94.098	11.073	-8.821	1.6	0.0	70.715	-1.0	0.912	0.0	0.0	0.0	0.0	1.2	0.0	46.982	-0.36	1.163	3.19	90.038	9.62	-23.985	1.0	0.0	27.027	-1.07	1.788	0.0	70.979	26.838	-10.758	32.6	0.0	46.11	-0.25	1.475	0.0	38.747	20.88	-12.557	1.0	0.0	344.275	-0.9	0.537	0.0	29.621	8.675	-1.0	38.2	0.0	79.53
-0.07	-0.4	0.532	91.017	25.021	-15.255	35.2	0.0	68.39	-1.42	-0.025	0.0	54.851	32.722	-7.45	29.0	0.0	90.089	-1.18	0.163	0.0	69.438	24.15	-10.48	0.8	0.0	52.988	-0.56	1.413	0.0	61.264	31.269	-0.163	36.0	0.0	45.238	-0.76	0.912	0.0	94.126	11.073	-8.815	1.6	0.0	57.928	-1.0	0.85	0.0	0.0	0.0	0.0	1.2	0.0	46.691	-0.26	1.225	1.063	90.065	9.329	-24.193	1.0	0.0	22.764	-0.98	1.913	0.0	70.997	27.056	-10.743	32.6	0.0	45.916	-0.27	1.475	0.0	38.713	25.893	-12.557	1.0	0.0	344.372	-0.96	0.662	0.0	29.616	9.038	-1.0	38.2	0.0	79.336
-0.18	-0.525	0.0	90.987	24.949	-13.024	35.2	0.0	68.584	-1.38	0.037	0.0	54.572	33.013	-7.456	29.0	0.0	89.992	-1.14	0.163	0.0	69.445	23.859	-10.511	0.8	0.0	60.156	-0.54	1.725	0.0	60.638	31.124	-0.269	36.0	0.0	45.141	-0.78	0.975	0.0	94.081	11.0	-8.812	1.6	0.0	62.287	-1.0	1.1	0.0	0.0	0.0	0.0	1.2	0.0	46.691	-0.3	1.288	0.0	90.054	10.056	-24.024	1.0	0.0	42.429	-1.0	1.913	0.0	70.993	27.056	-10.648	32.6	0.0	46.207	-0.28	1.475	0.0	38.712	20.88	-12.557	1.0	0.0	344.372	-0.86	0.537	0.0	29.658	8.748	-1.0	38.2	0.0	79.24
-0.12	-0.463	0.0	91.003	24.949	-12.917	35.2	0.0	68.778	-1.38	-0.025	0.532	54.486	33.086	-7.45	29.0	0.0	89.701	-1.16	0.225	0.0	69.442	23.859	-10.551	0.8	0.0	64.806	-0.52	1.475	0.0	60.367	31.197	-0.154	36.0	0.0	44.754	-0.75	0.975	0.0	94.09	10.346	-8.802	1.6	0.0	59.865	0.04	0.975	0.0	98.202	0.0	0.0	1.2	0.0	46.885	-0.24	1.225	0.532	90.049	9.838	-24.193	1.0	0.0	42.72	-0.98	1.788	0.0	70.997	26.474	-10.632	32.6	0.0	45.238	-0.34	1.475	0.0	38.706	20.953	-12.664	1.0	0.0	12.012	-0.87	0.537	0.0	29.657	8.966	-1.0	38.2	0.0	79.336
-0.16	-0.4	1.063	90.993	24.876	-12.985	35.2	0.0	68.39	-1.41	-0.025	0.0	54.767	32.867	-7.45	29.0	0.0	89.992	-1.12	-0.087	0.0	69.475	24.15	-10.639	0.8	0.0	55.7	-0.64	1.725	0.0	61.741	30.979	-0.269	36.0	0.0	45.238	-0.62	0.975	0.0	94.127	10.927	-8.802	1.6	0.0	64.612	-0.46	1.1	0.0	98.016	0.0	0.0	1.2	0.0	46.982	-0.36	1.163	0.0	89.997	9.91	-23.794	1.0	0.0	36.326	-1.0	1.85	0.0	70.993	27.201	-10.702	32.6	0.0	46.013	-0.3	1.475	0.0	38.71	20.808	-12.611	1.0	0.0	0.194	-0.8	0.6	0.0	29.696	9.038	-1.0	38.2	0.0	80.111
-0.21	-0.588	0.532	90.979	24.585	-13.134	35.2	0.0	68.681	-1.37	-0.025	0.0	54.459	33.086	-7.442	29.0	0.0	89.992	-1.14	0.1	0.0	69.471	23.496	-10.599	0.8	0.0	50.469	-0.58	1.725	0.0	61.151	31.197	-0.611	36.0	0.0	45.141	-0.78	0.975	0.0	94.101	11.145	-8.802	1.6	0.0	71.006	-0.6	1.1	0.0	97.938	0.0	0.0	1.2	0.0	46.498	-0.4	1.163	1.063	89.986	9.765	-23.601	1.0	0.0	23.539	-0.98	1.788	0.0	70.997	26.402	-10.601	32.6	0.0	45.529	-1.0	1.475	0.0	0.0	20.444	-12.557	1.0	0.0	352.025	-0.86	0.6	0.0	29.658	8.675	-1.0	38.2	0.0	79.433
-0.18	-0.588	0.0	90.987	24.44	-12.559	35.2	0.0	68.39	-1.4	-0.087	0.0	54.911	32.94	-7.453	29.0	0.0	89.992	-1.13	-0.025	0.0	69.473	24.15	-10.518	0.8	0.0	56.475	-0.61	1.725	0.0	61.528	31.342	-0.207	36.0	0.0	45.335	-0.78	1.163	0.0	94.12	11.291	-8.785	1.6	0.0	72.362	-0.68	0.787	0.0	97.914	0.0	0.0	1.2	0.0	46.885	-0.34	1.038	1.595	89.961	9.474	-23.756	1.0	0.0	36.326	-1.01	1.788	0.0	70.966	26.184	-10.726	32.6	0.0	46.013	-0.46	1.475	0.0	38.661	21.026	-12.719	1.0	0.0	12.206	-0.86	0.662	0.0	29.691	9.184	-1.0	38.2	0.0	79.336
-0.22	-0.275	0.0	90.977	24.803	-13.185	35.2	0.0	68.487	-1.46	-0.025	0.0	55.3	32.867	-7.392	29.0	0.0	89.992	-1.13	0.037	0.0	69.473	24.077	-10.558	0.8	0.0	51.341	-0.6	1.725	0.0	61.584	31.342	-0.207	36.0	0.0	45.238	-0.67	0.85	0.0	94.112	11.363	-8.779	1.6	0.0	61.609	-0.62	0.787	0.0	97.895	0.0	0.0	1.2	0.0	46.788	-0.28	1.225	2.127	89.977	9.474	-24.379	1.0	0.0	37.295	-0.91	1.788	0.0	71.011	26.474	-10.632	32.6	0.0	46.304	-0.42	1.413	0.0	38.634	21.098	-12.548	1.0	0.0	355.512	-0.9	0.6	0.0	29.654	9.184	-1.0	38.2	0.0	79.433
-0.17	-0.525	0.532	90.99	25.094	-13.454	35.2	0.0	68.39	-1.38	-0.15	0.0	54.828	32.867	-7.447	29.0	0.0	89.992	-1.1	0.1	0.0	69.504	24.367	-10.535	0.8	0.0	44.27	-0.62	1.663	0.0	61.744	31.269	-0.061	36.0	0.0	45.238	-0.79	0.912	0.0	94.098	11.073	-8.786	1.6	0.0	68.003	-0.69	1.038	0.0	97.875	0.0	0.0	1.2	0.0	46.788	-0.32	1.225	0.0	89.966	9.474	-1.0	1.0	0.0	33.808	-0.92	1.85	0.0	71.034	26.62	-10.609	32.6	0.0	45.916	-0.28	1.475	0.0	38.712	21.171	-12.453	1.0	0.0	347.084	-0.9	0.6	0.0	29.688	9.038	-1.0	38.2	0.0	80.208
-0.11	-0.4	0.532	91.006	24.949	-13.539	35.2	0.0	68.778	-1.42	0.037	0.0	55.022	32.94	-7.489	29.0	0.0	89.895	-1.1	-0.025	0.0	69.504	24.004	-10.55	0.8	0.0	44.56	-0.6	1.413	0.0	61.366	31.051	0.0	36.0	0.0	45.432	-0.74	0.787	0.0	94.093	10.637	-8.753	1.6	0.0	61.609	-0.7	0.85	0.0	97.872	0.0	0.0	1.2	0.0	46.691	-0.3	1.225	0.532	89.972	9.91	-24.099	1.0	0.0	30.998	-0.99	1.725	0.0	71.02	26.62	-10.749	32.6	0.0	45.819	-0.28	1.475	0.0	38.681	21.171	-12.557	1.0	0.0	352.8	-0.9	0.6	0.0	29.654	8.748	-1.0	38.2	0.0	79.724
-0.1	-0.463	0.532	91.009	24.731	-13.465	35.2	0.0	68.293	-1.38	0.037	0.0	54.857	32.94	-7.489	29.0	0.0	90.186	-1.08	0.037	0.0	69.508	23.568	-11.572	0.8	0.0	44.657	-0.56	1.538	0.0	60.827	31.269	0.0	36.0	0.0	45.141	-0.76	0.912	0.0	94.087	10.782	-8.767	1.6	0.0	60.253	-0.6	0.975	0.0	97.865	0.0	0.0	1.2	0.0	46.594	-0.24	1.288	1.063	89.988	9.62	-24.119	1.0	0.0	28.286	-0.94	1.725	0.0	71.005	27.419	-10.815	32.6	0.0	46.11	-0.34	1.35	0.0	38.579	20.953	-12.538	1.0	0.0	355.609	-0.92	0.412	0.0	29.653	8.53	-1.0	38.2	0.0	79.336
-0.06	-0.588	0.0	91.019	24.949	-13.381	35.2	0.0	68.778	-1.42	-0.275	0.0	55.107	32.94	-7.452	29.0	0.0	89.895	-1.05	0.163	0.0	69.539	23.714	-10.575	0.8	0.0	44.463	-0.6	1.538	0.0	61.284	31.56	-0.33	36.0	0.0	45.432	-0.7	1.038	0.0	94.104	11.363	-8.921	1.6	0.0	58.509	-0.58	1.225	0.0	97.871	0.0	0.0	1.2	0.0	46.498	-0.23	1.038	1.595	90.031	10.056	-24.592	1.0	0.0	23.733	-0.9	1.913	0.0	71.038	26.765	-10.648	32.6	0.0	45.819	-0.24	1.163	0.0	38.716	20.808	-12.615	1.0	0.0	11.915	-0.92	0.662	0.0	29.686	8.966	-1.0	38.2	0.0	79.24
-0.11	-0.4	1.063	91.006	24.658	-13.225	35.2	0.0	68.874	-1.39	0.037	0.0	54.969	32.867	-7.64	29.0	0.0	90.089	-1.02	0.225	0.0	69.545	23.568	-10.851	0.8	0.0	44.27	-0.55	1.538	0.0	60.746	30.543	-0.05	36.0	0.0	45.238	-0.62	0.975	0.0	94.127	10.782	-8.728	1.6	0.0	68.971	-0.6	0.6	0.0	97.865	0.0	0.0	1.2	0.0	47.079	-0.3	1.163	1.063	89.992	9.91	-24.542	1.0	0.0	20.73	-0.92	1.85	0.0	71.034	26.983	-10.702	32.6	0.0	46.013	-0.27	1.288	0.0	38.682	20.59	-12.476	1.0	0.0	0.097	-0.88	0.287	0.0	29.722	9.184	-1.0	38.2	0.0	79.724
-0.13	-0.525	0.532	91.001	25.021	-13.454	35.2	0.0	68.1	-1.38	-0.15	0.0	54.885	32.94	-7.472	29.0	0.0	89.992	-1.02	0.225	0.0	69.545	23.496	-10.748	0.8	0.0	44.27	-0.6	1.35	0.0	61.394	31.342	0.0	36.0	0.0	45.238	-0.71	1.038	0.0	94.101	11.073	-8.771	1.6	0.0	68.293	-0.58	0.85	0.0	97.889	0.0	0.0	1.2	0.0	46.691	-0.22	1.288	2.659	89.993	9.692	-24.306	1.0	0.0	24.605	-0.84	1.725	0.0	71.075	26.62	-10.749	32.6	0.0	45.819	-0.38	1.475	0.0	38.575	20.953	-12.611	1.0	0.0	351.734	-0.87	0.6	0.0	29.723	9.184	-1.0	38.2	0.0	79.724
-0.24	-0.713	0.0	90.971	24.585	-13.298	35.2	0.0	68.39	-1.4	-0.212	0.0	55.11	32.795	-7.458	29.0	0.0	89.798	-1.03	0.1	0.0	69.543	23.859	-10.631	0.8	0.0	44.657	-0.56	1.663	0.0	60.58	31.487	-0.558	36.0	0.0	45.819	-0.68	0.975	0.0	94.11	11.218	-8.773	1.6	0.0	58.025	-0.58	0.975	0.0	97.907	0.0	0.0	1.2	0.0	46.691	-0.27	1.225	2.659	90.021	9.329	-24.562	1.0	0.0	28.867	-0.92	1.85	0.0	71.034	26.765	-11.002	32.6	0.0	46.11	-0.36	1.288	0.0	38.577	21.098	-12.528	1.0	0.0	353.672	-0.9	0.787	0.0	29.721	8.748	-1.0	38.2	0.0	79.53
-0.14	-0.65	0.0	90.998	25.021	-13.064	35.2	0.0	68.39	-1.38	-0.212	0.0	55.056	33.158	-7.441	29.0	0.0	90.089	-1.03	0.163	0.0	69.543	23.786	-10.48	0.8	0.0	45.335	-0.52	1.725	0.0	60.064	31.051	-0.269	36.0	0.0	44.851	-0.72	0.975	0.0	94.118	10.637	-8.71	1.6	0.0	57.638	-0.6	0.975	0.0	97.901	0.0	0.0	1.2	0.0	46.788	-0.2	1.35	0.0	90.04	9.474	-24.138	1.0	0.0	18.502	-0.9	1.725	0.0	71.063	26.838	-10.717	32.6	0.0	45.238	-0.4	1.538	0.0	38.636	21.389	-12.729	1.0	0.0	354.834	-0.92	0.475	0.0	29.719	8.748	-1.0	38.2	0.0	79.627
