-1.0	-1.962	194.61	0.0	24.585	-12.459	0.0	1.844	76.237	-6.61	-3.275	191.419	79.133	32.432	-7.314	0.0	2.749	93.964	-5.94	-1.337	0.0	72.481	23.423	-19.808	0.0	2.321	46.691	-4.0	4.475	0.0	65.428	0.0	-7.942	0.0	2.606	45.722	-5.56	-0.15	0.0	71.145	3.299	-1.0	26.4	2.095	60.35	-5.88	-1.212	0.0	69.647	0.0	0.0	0.0	2.078	40.007	-4.54	1.288	213.752	67.465	6.06	-1.0	0.2	3.126	33.42	-4.86	0.725	0.0	69.023	27.273	-13.665	0.4	1.886	26.252	-4.12	1.538	0.0	63.677	20.953	0.0	0.2	2.623	0.775	-4.66	2.475	0.0	65.566	11.726	-1.0	0.0	1.743	93.286	-4.64
-1.0	-1.712	186.634	0.0	24.658	-12.837	0.0	2.162	64.612	-6.14	-2.587	187.697	77.602	33.303	-7.343	0.0	2.883	88.83	-5.84	-0.9	0.0	71.137	22.915	-19.715	0.0	2.397	39.62	-4.1	1.788	0.0	65.851	0.0	-7.702	0.0	2.95	41.267	-4.92	-0.025	0.0	73.177	2.5	-1.0	26.4	1.668	62.868	-5.5	-0.275	0.0	69.199	0.0	0.0	0.0	2.455	40.879	-5.0	0.475	175.999	67.505	5.915	-1.0	0.2	2.774	24.799	-4.98	-0.15	0.0	69.176	26.983	-13.025	0.4	2.43	27.317	-4.4	0.662	0.0	65.873	20.88	0.0	0.2	2.263	10.656	-4.02	3.163	0.0	65.762	11.799	-1.0	0.0	1.643	75.849	-4.28
-1.0	-2.4	165.365	0.0	24.44	-12.731	0.0	2.472	29.352	-5.8	-2.65	163.238	76.103	32.214	-7.368	0.0	2.74	87.764	-5.94	-1.4	0.0	71.288	23.35	-19.493	0.0	2.925	35.454	-4.22	1.35	0.0	65.751	0.0	-8.26	0.0	2.12	48.435	-5.34	-0.338	0.0	71.704	3.662	-1.0	26.6	2.196	64.709	-5.72	-0.65	0.0	69.231	0.0	0.0	0.0	2.807	44.56	-4.94	0.163	163.238	68.807	5.987	-1.0	0.2	2.321	41.751	-5.04	-0.275	0.0	68.938	28.218	-12.831	0.4	1.651	34.486	-4.69	0.1	0.0	65.067	20.227	0.0	0.2	2.112	2.809	-4.66	1.225	0.0	65.566	11.654	-1.0	0.0	1.869	99.098	-4.64
-1.0	-2.212	169.087	0.0	24.44	-12.702	0.0	1.986	74.202	-6.12	-2.712	163.77	71.203	32.577	-7.324	0.0	2.615	89.701	-6.0	-0.963	0.0	0.0	23.35	-20.001	0.0	1.743	50.663	-4.54	1.038	0.0	65.64	0.0	-7.695	0.0	2.581	54.15	-5.42	-0.275	0.0	71.761	3.154	-1.0	27.0	1.534	69.456	-5.88	-0.9	0.0	69.274	0.0	0.0	0.0	1.902	43.785	-4.96	0.475	173.341	67.843	6.35	-1.0	0.2	2.095	26.155	-5.09	-0.275	0.0	69.505	26.983	-12.444	0.4	1.693	31.483	-4.36	0.85	0.0	66.216	19.5	0.0	0.2	1.483	4.94	-5.12	1.35	0.0	66.742	12.09	-1.0	0.0	1.148	111.885	-4.82
-1.0	-2.4	173.341	0.0	24.585	-12.232	0.0	1.643	69.262	-5.96	-2.65	170.151	70.646	32.359	-7.487	0.0	2.589	82.727	-1.0	-1.525	0.0	0.0	23.496	-22.238	0.0	2.455	38.748	-4.32	1.35	0.0	65.291	0.0	-7.749	0.0	2.305	41.557	-5.04	-0.212	0.0	73.393	3.444	-1.0	27.0	1.751	68.293	-6.16	-0.775	0.0	68.418	0.0	0.0	0.0	2.531	43.301	-4.84	0.6	193.546	68.17	5.842	-1.0	0.2	2.288	14.53	-4.96	-0.4	0.0	70.253	27.273	-12.32	0.4	1.115	47.466	-4.3	0.6	0.0	66.279	20.444	0.0	0.2	1.902	16.371	-4.78	0.85	0.0	67.062	11.726	-1.0	0.0	1.399	93.867	-4.64
-1.0	-1.462	191.419	0.0	24.004	-12.935	0.0	1.936	59.575	-5.94	-2.337	188.761	70.428	32.286	-7.325	0.0	2.883	85.633	-1.0	-0.525	0.0	0.0	23.205	-20.718	0.0	1.567	55.797	-4.33	2.1	0.0	65.029	0.0	-7.813	0.0	2.497	38.845	-4.96	0.975	0.0	71.537	3.154	-1.0	27.0	1.684	54.053	-5.82	-1.087	0.0	69.385	0.0	0.0	0.0	1.718	33.517	-4.92	1.163	218.537	67.622	5.769	-1.0	0.2	2.623	19.665	-4.76	-0.15	0.0	71.184	27.564	-12.358	0.4	1.441	28.867	-4.2	1.538	0.0	64.399	20.227	0.0	0.2	1.927	0.0	-4.5	4.912	0.0	66.884	11.944	-1.0	0.0	1.207	91.542	-4.6
-1.0	-1.587	183.975	0.0	24.876	-12.627	0.0	1.492	30.998	-5.8	-2.337	185.039	69.389	32.359	-7.278	0.0	2.296	51.632	-1.0	-1.087	0.0	0.0	23.278	-20.07	0.0	1.927	55.506	-4.03	2.1	0.0	64.901	0.0	-7.829	0.0	2.078	52.116	-5.02	-0.15	0.0	72.453	3.444	-1.0	27.0	1.55	70.231	-5.91	-0.9	0.0	67.837	0.0	0.0	0.0	2.296	34.679	-4.66	0.6	182.38	67.034	5.915	-1.0	0.2	2.179	26.93	-4.81	-0.025	0.0	70.258	27.564	-11.88	0.4	1.718	37.101	-4.37	0.912	0.0	63.316	20.662	0.0	0.2	1.785	11.14	-4.52	2.1	0.0	66.598	11.654	-1.0	0.0	1.425	92.801	-4.67
-1.0	-1.275	175.468	0.0	24.44	-12.789	0.0	0.0	54.15	-6.03	-2.212	170.151	69.965	32.286	-7.666	0.0	1.45	91.736	-1.0	-0.9	0.0	0.0	22.987	-20.218	0.0	2.087	60.35	-4.08	1.663	0.0	64.552	0.0	-8.014	0.0	2.732	46.304	-5.22	-0.212	0.0	71.557	2.863	-1.0	27.0	1.483	65.29	-5.8	-0.9	0.0	68.89	0.0	0.0	0.0	2.045	40.492	-4.51	0.475	188.761	68.512	5.624	-1.0	0.2	2.874	28.577	-4.84	-0.588	0.0	69.228	27.273	-13.508	0.4	1.969	29.061	-4.11	0.475	0.0	64.808	20.372	0.0	0.2	2.062	6.297	-4.62	1.413	0.0	66.836	11.654	-1.0	0.0	1.391	99.388	-4.6
-1.0	-2.15	173.873	0.0	24.44	-12.711	0.0	2.095	40.685	-5.8	-2.462	175.999	69.439	32.286	-7.369	0.0	2.891	88.345	-1.0	-1.4	0.0	0.0	23.205	-20.392	0.0	2.883	42.138	-4.16	1.225	0.0	64.929	0.0	-7.745	0.0	2.74	46.11	-5.02	-0.463	0.0	71.23	3.517	-1.0	27.0	2.355	60.737	-5.88	-1.337	0.0	67.995	0.0	0.0	0.0	2.774	43.495	-4.62	0.412	169.087	69.171	5.987	-1.0	0.2	3.059	32.451	-4.76	-0.338	0.0	69.294	27.346	-12.652	0.4	2.413	42.623	-4.06	0.537	0.0	65.156	20.88	0.0	0.2	2.413	4.262	-4.26	2.538	0.0	65.976	11.944	-1.0	0.0	1.86	94.835	-4.62
-1.0	-2.462	163.238	0.0	24.658	-14.279	0.0	2.388	63.547	-5.82	-2.775	162.706	69.261	32.286	-7.357	0.0	2.908	94.545	-1.0	-1.275	0.0	0.0	23.568	-20.625	0.0	2.833	40.104	-4.26	1.35	0.0	66.054	0.0	-7.741	0.0	2.531	49.113	-5.1	-0.713	0.0	71.09	3.372	-1.0	27.0	2.305	58.025	-5.86	-1.15	0.0	68.502	0.0	0.0	0.0	2.824	40.104	-4.5	0.537	180.253	68.64	5.624	-1.0	0.2	2.17	36.617	-5.0	-0.4	0.0	68.971	27.346	-12.927	0.4	2.12	27.705	-4.14	0.412	0.0	64.829	21.171	0.0	0.2	1.961	3.681	-4.36	0.662	0.0	65.388	11.726	-1.0	0.0	1.785	93.77	-4.78
-1.0	-2.525	156.858	0.0	24.585	-12.712	0.0	2.715	58.509	-5.9	-2.712	158.984	68.62	32.214	-7.362	0.0	2.925	90.961	-1.0	-1.4	0.0	0.0	23.423	-20.292	0.0	2.833	46.498	-4.22	1.225	0.0	65.569	0.0	-7.745	0.0	2.204	51.244	-5.26	-0.275	0.0	70.094	2.936	-1.0	27.2	2.095	57.25	-5.66	-0.838	0.0	70.903	0.0	0.0	0.0	2.413	44.463	-4.78	0.475	164.833	68.131	5.987	-1.0	0.2	2.355	30.417	-4.78	-0.463	0.0	70.438	27.491	-12.859	0.4	1.676	31.773	-4.58	0.537	0.0	64.068	20.154	0.0	0.2	1.927	0.0	-4.6	0.725	0.0	65.421	11.872	-1.0	0.0	1.525	94.448	-4.59
-1.0	-1.962	149.413	0.0	24.658	-12.459	0.0	1.55	53.472	-5.94	-3.275	145.691	69.137	32.504	-7.321	0.0	2.657	92.22	-1.0	-1.4	0.0	0.0	23.278	-20.392	0.0	2.12	48.919	-4.32	1.1	0.0	65.629	0.0	-7.748	0.0	2.564	51.341	-4.9	-0.65	0.0	73.06	3.081	-1.0	27.2	1.584	48.144	-5.84	-1.15	0.0	69.755	0.0	0.0	0.0	2.254	41.945	-4.58	0.725	234.489	68.296	5.842	-1.0	0.2	2.33	27.414	-5.0	-0.4	0.0	69.247	27.346	-15.821	0.4	1.701	33.614	-4.02	1.225	0.0	66.202	20.88	0.0	0.2	1.927	0.194	-4.7	0.163	0.0	67.256	11.654	-1.0	0.0	1.198	103.748	-4.66
-1.0	-2.525	161.643	0.0	24.731	-12.712	0.0	2.062	72.846	-5.88	-3.15	155.262	69.573	32.432	-7.294	0.0	3.101	93.673	-1.0	-1.4	0.0	0.0	23.35	-20.492	0.0	2.363	40.879	-4.23	1.1	0.0	65.177	0.0	-7.748	0.0	2.422	56.088	-4.92	-0.713	0.0	71.815	3.59	-1.0	27.2	1.86	62.19	-5.7	-1.275	0.0	68.558	0.0	0.0	0.0	2.372	43.01	-4.3	0.787	178.126	69.334	5.987	-1.0	0.2	2.296	33.226	-4.82	-0.275	0.0	69.182	27.637	-12.889	0.4	1.852	26.252	-4.42	0.475	0.0	65.142	20.299	0.0	0.2	2.07	7.362	-4.76	0.662	0.0	65.832	11.944	-24.562	0.0	1.575	93.576	-4.69
-1.0	-2.462	156.326	0.0	24.295	-12.838	0.0	1.894	56.475	-5.48	-2.65	156.858	69.752	32.65	-7.33	0.0	2.916	69.068	-1.0	-1.587	0.0	0.0	22.842	-20.644	0.0	2.598	50.372	-4.14	0.912	0.0	66.076	0.0	-7.699	0.0	2.388	45.335	-5.26	-0.65	0.0	70.688	3.662	-1.0	27.6	1.743	57.638	-5.94	-1.525	0.0	68.963	0.0	0.0	0.0	2.246	46.401	-4.64	0.287	164.302	68.613	6.132	-1.0	0.2	2.481	29.255	-4.7	-0.525	0.0	70.479	27.637	-12.46	0.4	1.207	47.66	-4.58	0.1	0.0	64.931	20.735	0.0	0.2	2.045	9.978	-4.57	0.35	0.0	66.666	11.944	-1.0	0.0	1.492	100.841	-4.46
-1.0	-2.587	148.882	0.0	24.658	-12.878	0.0	1.55	80.983	-5.72	-2.837	146.223	69.006	31.705	-7.336	0.0	2.665	90.961	-1.0	-1.587	0.0	0.0	22.987	-20.345	0.0	2.087	48.047	-4.44	0.537	0.0	66.613	0.0	-7.703	0.0	2.489	55.894	-4.96	-0.838	0.0	72.975	3.299	-1.0	27.6	1.408	62.772	-5.72	-1.087	0.0	69.505	0.0	0.0	0.0	2.162	35.164	-4.64	0.163	156.858	68.132	5.769	-1.0	0.2	2.036	30.805	-4.98	-0.775	0.0	69.1	27.346	-12.316	0.4	1.844	36.132	-4.35	0.163	0.0	65.623	20.735	0.0	0.2	2.12	13.271	-4.48	0.412	0.0	67.067	11.799	-1.0	0.0	1.282	84.858	-4.6
-1.0	-2.775	140.374	0.0	24.731	-12.732	0.0	1.458	52.213	-5.8	-3.15	139.311	69.837	32.795	-7.302	0.0	2.573	90.283	-1.0	-1.4	0.0	0.0	23.205	-20.592	0.0	2.464	53.085	-4.08	0.975	0.0	67.092	0.0	-7.736	0.0	2.053	48.919	-5.14	-0.963	0.0	71.279	3.227	-1.0	27.6	1.986	58.703	-5.92	-1.337	0.0	69.166	0.0	0.0	0.0	2.305	47.369	-4.76	-0.212	153.135	68.287	5.842	-1.0	0.2	2.279	23.539	-4.88	-0.463	0.0	69.521	27.491	-12.008	0.4	1.358	30.611	-4.24	-0.212	0.0	66.032	20.662	0.0	0.2	1.751	0.097	-4.57	0.35	0.0	66.666	11.872	-1.0	0.0	1.274	95.126	-4.46
-1.0	-2.775	129.208	0.0	24.367	-12.674	0.0	1.726	83.114	-5.74	-3.275	128.145	69.227	32.214	-7.284	0.0	2.346	108.397	-1.0	-1.587	0.0	0.0	23.278	-20.245	0.0	1.735	55.022	-4.3	0.287	0.0	67.23	0.0	-7.687	0.0	2.413	50.663	-5.12	-1.025	0.0	72.189	3.735	-1.0	27.6	0.0	66.937	-5.98	-1.275	0.0	68.93	0.0	0.0	0.0	1.592	51.535	-4.72	-0.338	154.731	69.101	5.987	-1.0	0.2	2.598	35.939	-4.9	-0.65	0.0	69.991	27.564	-12.029	0.4	1.341	28.48	-4.43	-0.4	0.0	65.53	20.88	0.0	0.2	2.179	356.578	-4.82	0.163	0.0	67.666	12.38	-1.0	0.0	0.0	103.554	-4.6
-1.0	-2.775	136.12	0.0	24.15	-12.674	0.0	1.291	74.299	-5.8	-3.025	136.12	69.165	32.359	-7.305	0.0	2.254	87.086	-1.0	-1.525	0.0	0.0	23.35	-20.161	0.0	1.886	60.737	-4.31	2.163	0.0	67.534	0.0	-8.285	0.0	2.631	69.843	-5.04	-0.838	0.0	73.249	2.863	-1.0	27.6	1.651	62.093	-5.85	-1.15	0.0	70.026	0.0	0.0	0.0	1.894	45.141	-4.9	0.037	199.395	68.411	5.915	-1.0	0.2	2.841	33.904	-4.94	-0.15	0.0	70.108	27.201	-11.909	0.4	1.986	36.617	-4.18	0.163	0.0	66.404	20.662	0.0	0.2	2.204	0.0	-4.8	0.475	0.0	68.96	11.799	-1.0	0.0	1.399	91.058	-4.68
-1.0	-3.025	150.477	0.0	24.803	-12.752	0.0	2.129	47.66	-5.5	-2.837	151.009	69.748	32.432	-7.329	0.0	2.447	67.131	-1.0	-1.337	0.0	0.0	23.568	-20.809	0.0	2.698	66.84	-4.45	1.163	0.0	67.073	0.0	-7.762	0.0	3.059	58.897	-5.25	-1.025	0.0	72.769	3.009	-1.0	27.6	2.02	61.512	-5.91	-1.15	0.0	69.716	0.0	0.0	0.0	2.615	53.181	-4.4	1.35	312.652	68.457	5.551	-1.0	0.2	2.757	27.705	-4.88	-0.275	0.0	70.418	27.491	-11.751	0.4	1.844	32.451	-3.7	2.413	0.0	66.132	20.662	0.0	0.2	2.17	6.297	-4.48	3.163	0.0	67.144	11.872	-1.0	0.0	1.659	95.514	-4.84
-1.0	-3.087	129.208	0.0	24.585	-12.743	0.0	1.978	69.843	-5.7	-2.962	129.208	69.559	32.214	-7.279	0.0	2.388	83.889	-1.0	-1.587	0.0	0.0	23.278	-20.744	0.0	2.631	61.222	-4.48	-0.025	0.0	67.757	0.0	-7.673	0.0	3.059	45.626	-5.38	-1.587	0.0	72.33	3.372	-1.0	27.6	1.751	84.761	-5.94	-1.4	0.0	69.412	0.0	0.0	0.0	2.791	41.848	-4.96	-0.525	129.74	68.702	6.205	-1.0	0.2	2.95	27.608	-4.94	-0.963	0.0	70.306	27.346	-11.607	0.4	2.103	29.448	-4.22	-0.087	0.0	65.725	20.372	0.0	0.2	2.254	3.487	-4.56	0.85	0.0	66.359	11.799	-1.0	0.0	1.416	109.172	-4.43
-1.0	-3.775	113.256	0.0	24.295	-12.355	0.0	1.835	70.328	-5.86	-3.525	112.193	70.098	32.359	-7.232	0.0	2.539	79.918	-1.0	-2.025	0.0	0.0	22.479	-20.434	0.0	3.059	39.523	-4.65	-0.212	0.0	67.953	0.0	-7.648	0.0	2.615	49.985	-5.22	-1.337	0.0	72.363	3.372	-1.0	27.6	2.33	66.065	-5.98	-1.9	0.0	70.074	0.0	0.0	0.0	2.782	38.264	-4.82	-0.4	143.033	69.982	6.205	-1.0	0.2	2.724	25.186	-5.01	-0.838	0.0	70.639	27.491	-11.716	0.4	2.036	26.542	-4.52	-0.338	0.0	65.644	20.59	0.0	0.2	2.045	1.162	-4.81	-0.525	0.0	68.049	11.726	-1.0	0.0	2.02	90.573	-4.79
-1.0	-3.337	135.589	0.0	24.44	-12.42	0.0	2.74	60.35	-5.78	-3.337	130.803	69.244	32.432	-7.286	0.0	2.992	64.225	-1.0	-2.087	0.0	0.0	23.133	-19.526	0.0	2.522	45.916	-4.59	0.225	0.0	67.761	0.0	-7.673	0.0	2.891	50.76	-5.26	-1.087	0.0	72.961	3.372	-1.0	27.6	2.103	62.384	-5.96	-2.087	0.0	69.408	0.0	0.0	0.0	2.388	48.919	-4.62	0.1	174.936	69.872	6.132	-1.0	0.2	2.732	28.577	-5.0	-0.963	0.0	70.641	27.491	-12.184	0.4	2.112	31.386	-4.38	0.35	0.0	66.958	20.009	0.0	0.2	2.103	14.046	-4.62	-0.212	0.0	68.162	11.654	-1.0	0.0	1.416	90.476	-4.9
-1.0	-2.9	149.945	0.0	24.367	-12.485	0.0	2.455	58.606	-5.94	-3.15	148.882	70.181	31.778	-7.332	0.0	2.606	80.111	-1.0	-1.712	0.0	0.0	23.06	-20.413	0.0	2.983	43.204	-4.43	0.85	0.0	67.562	0.0	-8.125	0.0	2.623	52.213	-5.22	-1.212	0.0	72.679	3.372	-1.0	27.6	2.346	60.156	-5.92	-1.15	0.0	70.309	0.0	0.0	0.0	2.715	45.529	-4.84	0.287	190.888	68.675	6.132	-1.0	0.2	2.631	26.155	-4.92	-0.525	0.0	70.657	27.637	-12.249	0.4	2.02	36.52	-4.42	0.725	0.0	65.195	20.59	0.0	0.2	1.986	2.422	-4.46	1.538	0.0	68.597	11.726	-1.0	0.0	1.701	101.713	-4.64
-1.0	-2.525	155.262	0.0	24.513	-12.77	0.0	2.263	24.314	-5.79	-3.087	154.199	70.236	32.577	-7.307	0.0	3.042	69.552	-1.0	-1.15	0.0	0.0	23.205	-20.355	0.0	2.346	49.21	-4.31	2.475	0.0	66.38	0.0	-7.76	0.0	2.598	55.506	-5.19	-0.838	0.0	73.338	3.517	-1.0	27.6	1.743	66.84	-5.66	-1.4	0.0	70.657	0.0	0.0	0.0	2.229	40.104	-4.74	1.788	336.047	68.493	6.132	-1.0	0.2	2.346	31.289	-5.1	0.287	0.0	69.077	27.419	-12.478	0.4	1.936	41.267	-4.14	2.475	0.0	64.855	20.444	0.0	0.2	2.053	0.484	-4.52	2.538	0.0	67.188	11.944	-1.0	0.0	1.341	97.935	-4.8
-1.0	-2.775	166.428	0.0	24.367	-12.79	0.0	1.634	57.444	-5.94	-3.275	165.365	70.032	32.359	0.0	0.0	2.464	91.833	-1.0	-0.275	0.0	0.0	23.496	-20.681	0.0	2.38	47.563	-4.18	3.35	0.0	66.636	0.0	-7.978	0.0	2.497	56.475	-5.13	-1.025	0.0	73.206	3.735	-1.0	27.6	2.062	57.347	-5.9	-0.588	0.0	69.395	0.0	0.0	0.0	2.413	45.819	-4.79	1.788	338.706	67.799	5.842	-1.0	0.2	2.363	33.13	-4.96	0.725	0.0	68.576	27.346	-12.764	0.4	1.676	39.91	-3.99	3.163	0.0	64.987	20.227	0.0	0.2	1.86	3.681	-4.28	3.413	0.0	67.514	11.726	-1.0	0.0	1.399	85.439	-4.67
-1.0	-2.212	167.492	0.0	23.932	-12.76	0.0	2.212	82.436	-5.72	-2.962	164.302	69.878	32.286	-7.333	0.0	2.941	87.958	-1.0	-0.463	0.0	0.0	23.423	-20.43	0.0	2.38	53.666	-4.07	3.35	0.0	65.545	0.0	-7.945	0.0	2.581	51.05	-5.15	-0.65	0.0	73.153	3.081	-1.0	27.8	1.919	53.86	-5.77	-0.212	0.0	69.445	0.0	0.0	0.0	2.229	38.36	-4.7	2.038	325.413	67.383	6.132	-1.0	0.2	2.43	28.189	-4.94	0.6	0.0	68.605	28.145	-12.913	0.4	1.844	26.445	-4.04	2.85	0.0	63.109	20.88	0.0	0.2	2.07	4.553	-4.32	4.037	0.0	68.296	11.944	-1.0	0.0	1.517	99.873	-4.44
-1.0	-2.587	161.111	0.0	24.367	-12.76	0.0	1.86	59.187	-5.72	-2.9	156.858	70.076	32.504	-7.346	0.0	2.983	75.074	-1.0	-0.963	0.0	0.0	22.915	-20.403	0.0	2.464	49.404	-4.18	3.163	0.0	65.239	0.0	-7.894	0.0	2.506	45.626	-5.13	-0.525	0.0	72.673	3.444	-1.0	27.8	1.927	58.413	-5.48	-0.212	0.0	69.403	0.0	0.0	0.0	2.355	43.107	-4.52	1.725	258.948	67.494	6.06	-1.0	0.2	2.313	26.252	-4.72	0.725	0.0	68.37	27.273	-12.493	0.4	1.819	22.958	-4.03	2.475	0.0	63.191	20.081	0.0	0.2	1.919	1.55	-4.28	3.663	0.0	65.973	11.799	-1.0	0.0	1.567	94.157	-4.75
-1.0	-2.65	166.428	0.0	24.295	-12.809	0.0	2.103	68.971	-5.85	-3.15	164.302	69.529	32.65	-7.302	0.0	2.866	91.833	-1.0	-0.588	0.0	0.0	22.987	-20.398	0.0	2.397	47.466	-4.12	3.35	0.0	64.701	0.0	-7.962	0.0	2.204	54.538	-5.3	-0.838	0.0	71.345	3.59	-1.0	27.8	2.212	58.219	-5.68	-0.15	0.0	68.386	0.0	0.0	0.0	2.212	41.557	-4.5	1.788	299.89	66.653	6.132	-1.0	0.2	2.095	34.873	-4.76	0.85	0.0	68.337	27.273	-12.254	0.4	1.751	27.802	-3.9	2.913	0.0	63.531	19.936	0.0	0.2	1.835	0.581	-4.44	3.475	0.0	65.191	11.726	-1.0	0.0	1.475	97.064	-4.4
-1.0	-2.462	151.009	0.0	24.44	-12.78	0.0	1.592	81.855	-5.84	-3.15	152.072	69.829	32.432	-7.271	0.0	2.573	71.49	-1.0	-0.525	0.0	0.0	22.842	-20.11	0.0	2.187	47.079	-4.02	2.538	0.0	64.037	0.0	-7.888	0.0	1.919	52.988	-5.18	-0.588	0.0	71.369	3.735	-1.0	27.8	1.441	59.478	-5.88	-0.338	0.0	68.423	0.0	0.0	0.0	1.978	49.985	-4.57	1.725	271.709	66.769	5.769	-1.0	0.2	2.07	39.62	-4.92	0.725	0.0	67.189	27.564	-11.991	0.4	1.265	35.551	-4.08	2.1	0.0	62.491	20.735	0.0	0.2	1.886	0.484	-4.44	3.538	0.0	65.762	11.799	-1.0	0.0	1.391	102.585	-4.3
-1.0	-2.587	147.287	0.0	24.585	-12.998	0.0	1.165	69.552	-6.0	-3.337	145.691	69.175	32.504	-7.286	0.0	1.944	93.576	-1.0	-0.713	0.0	0.0	23.133	-22.756	0.0	1.584	54.441	-4.1	2.288	0.0	64.469	0.0	-7.807	0.0	2.246	49.791	-5.29	-0.713	0.0	70.978	3.081	-1.0	27.8	1.358	70.812	-5.92	-0.338	0.0	67.734	0.0	0.0	0.0	1.726	44.366	-4.98	0.975	269.051	65.662	5.769	-1.0	0.2	2.397	30.708	-4.82	0.35	0.0	67.768	26.983	-11.751	0.4	1.475	24.992	-4.21	1.913	0.0	61.908	20.227	0.0	0.2	2.313	5.522	-4.46	2.913	0.0	66.326	12.09	-1.0	0.0	1.265	97.16	-4.52
