-1.0	18.1	383.37	0.0	25.53	-10.092	26.0	1.324	285.378	12.21	15.725	411.02	62.917	35.265	-15.564	11.2	0.0	283.15	11.95	14.787	0.0	62.447	27.273	-9.935	31.2	0.0	232.294	13.03	18.413	0.0	59.392	33.158	-6.107	26.2	0.0	226.966	12.34	14.912	0.0	62.169	12.961	-9.244	3.0	2.137	217.86	12.4	14.287	0.0	59.322	0.0	0.0	24.8	2.103	200.23	13.44	16.288	384.966	58.959	11.581	-18.359	46.6	0.0	171.556	12.77	15.225	0.0	61.063	27.201	-26.345	18.4	2.103	246.146	13.26	16.663	0.0	58.373	26.765	-1.0	24.8	1.039	180.468	12.91	18.475	0.0	61.489	18.483	-12.23	35.8	2.036	248.277
-1.0	17.975	362.102	0.0	25.239	-10.072	26.0	1.123	271.526	12.52	16.288	388.688	62.285	34.829	-15.632	11.2	1.844	286.25	12.06	15.1	0.0	62.009	27.056	-9.918	31.2	1.819	230.066	13.44	19.538	0.0	59.574	32.65	-6.492	26.2	0.0	185.118	12.63	14.725	0.0	59.096	12.961	-9.199	3.0	1.358	210.304	12.38	14.162	0.0	59.173	0.0	0.0	24.8	1.341	185.99	12.66	16.163	362.102	65.782	12.09	-18.607	46.6	1.224	30.417	13.1	15.787	0.0	62.438	26.91	-25.933	18.4	0.0	293.612	12.26	15.662	0.0	64.001	26.474	-30.337	24.8	1.458	5.134	12.8	18.538	0.0	62.017	18.483	-12.035	35.8	1.073	304.462
-1.0	17.038	297.232	53.654	25.603	-9.918	26.0	1.307	227.353	12.44	15.475	318.501	58.041	34.902	-15.851	11.2	1.978	234.231	11.98	14.85	0.0	60.733	27.201	-9.881	31.2	1.751	230.453	12.7	17.85	0.0	63.652	32.722	-5.914	26.2	1.207	56.959	12.86	14.725	0.0	60.557	12.744	-9.209	3.0	0.0	200.424	12.74	14.662	0.0	59.463	0.0	0.0	24.8	0.0	187.249	11.83	14.85	311.056	66.468	12.09	-18.328	46.6	0.0	30.514	12.49	15.225	0.0	60.815	27.056	-24.682	18.4	0.0	41.267	11.82	15.1	0.0	65.746	26.692	-1.0	24.8	2.036	12.109	13.13	19.475	0.0	58.088	18.265	-12.216	35.8	0.0	228.032
-1.0	16.35	272.241	52.904	25.82	-9.787	26.0	1.24	276.563	12.43	15.225	279.685	60.632	34.684	-15.861	11.2	1.567	280.051	12.06	14.6	0.0	61.034	26.838	-9.829	31.2	1.031	267.264	12.09	16.788	0.0	67.48	32.867	-5.551	26.2	1.953	44.366	12.68	14.1	0.0	60.557	13.034	-9.153	3.0	1.886	207.979	11.54	13.725	0.0	64.58	0.0	0.0	24.8	0.0	49.694	11.62	14.6	278.622	67.45	11.799	-18.544	46.6	0.0	33.711	11.33	14.412	0.0	64.907	26.765	-24.373	18.4	1.676	23.636	11.4	14.537	0.0	65.171	26.329	-1.0	24.8	1.819	10.365	12.69	17.163	0.0	58.725	18.41	-11.737	35.8	1.307	211.37
-1.0	17.038	262.67	44.285	25.312	-9.909	26.0	0.0	272.204	12.3	15.037	269.582	60.583	35.192	-15.816	11.2	1.249	263.68	11.38	13.975	0.0	66.305	26.765	-9.723	31.2	0.0	61.125	11.84	15.912	0.0	66.387	32.795	-5.295	26.2	1.659	45.432	12.83	14.725	0.0	58.776	12.816	-9.199	3.0	0.0	208.27	10.98	13.1	0.0	66.84	0.0	0.0	24.8	1.718	35.551	11.51	14.412	263.202	67.732	11.508	-18.587	46.6	2.02	41.363	11.33	14.412	0.0	67.343	27.346	-24.122	18.4	1.123	36.907	11.52	14.912	0.0	65.998	26.765	-1.0	24.8	0.0	6.587	12.6	17.475	0.0	58.271	18.338	-11.858	35.8	0.0	209.917
-1.0	16.6	261.606	56.474	25.82	-9.816	26.0	0.0	228.806	12.1	14.537	265.328	64.621	34.902	-15.985	11.2	1.349	263.389	10.7	13.162	0.0	67.639	27.201	-9.578	31.2	1.668	50.179	11.58	16.288	0.0	66.921	33.158	-5.424	26.2	1.55	51.147	11.3	13.85	0.0	65.237	12.744	-9.081	3.0	1.265	52.213	10.83	12.975	0.0	68.642	0.0	0.0	24.8	1.45	38.845	11.44	14.912	254.694	66.344	11.799	-18.252	46.6	1.291	37.004	11.14	14.287	0.0	67.937	27.201	-24.076	18.4	0.0	47.176	11.46	15.162	0.0	64.482	26.256	-1.0	24.8	0.0	2.131	12.04	16.475	0.0	66.146	18.483	-11.763	35.8	0.0	92.608
-1.0	15.725	251.504	0.0	26.184	-9.669	26.0	0.0	71.781	12.35	15.475	256.821	63.847	35.12	-16.518	11.2	1.307	245.177	10.65	13.225	0.0	69.929	27.056	-9.571	31.2	1.534	40.007	11.55	16.6	0.0	66.363	32.867	-5.487	26.2	0.972	51.341	11.27	13.787	0.0	65.482	12.961	-9.111	3.0	1.408	44.27	10.26	12.537	0.0	65.913	0.0	0.0	24.8	1.249	33.226	11.47	15.1	244.06	67.697	11.872	-18.304	46.6	0.0	36.714	10.97	14.225	0.0	66.343	27.201	-22.822	18.4	0.0	47.176	11.37	15.1	0.0	64.186	26.111	-1.0	24.8	0.0	12.303	11.55	16.163	0.0	69.182	18.12	-11.558	35.8	0.922	77.302
-1.0	15.35	235.02	0.0	25.675	-9.632	26.0	0.972	50.663	12.28	15.475	238.742	62.787	35.41	-16.067	11.2	0.0	253.218	10.36	12.85	0.0	68.933	26.983	-9.534	31.2	1.643	44.463	11.54	16.1	0.0	65.028	32.504	-5.626	26.2	0.0	51.341	11.28	13.787	0.0	66.839	12.816	-9.15	3.0	0.0	44.366	10.3	12.537	0.0	65.837	0.0	0.0	24.8	0.0	33.323	11.64	14.975	229.172	67.207	12.09	-18.65	46.6	0.0	37.198	10.89	14.287	0.0	66.301	27.346	-23.455	18.4	0.0	47.176	11.64	14.912	0.0	65.547	26.983	-1.0	24.8	0.0	12.303	11.36	15.475	0.0	67.348	18.192	-11.418	35.8	0.0	76.624
-1.0	15.537	214.283	0.0	26.184	-9.677	26.0	0.0	51.341	11.8	15.287	219.601	65.324	35.556	-16.02	11.2	0.0	144.433	10.4	13.475	0.0	68.751	26.838	-9.621	31.2	1.106	42.913	11.43	15.912	0.0	66.287	33.158	-5.605	26.2	0.0	51.244	11.12	13.787	0.0	66.865	12.961	-9.131	3.0	1.014	44.463	10.3	12.725	0.0	65.837	0.0	0.0	24.8	0.0	32.645	11.41	14.412	210.561	65.951	11.872	-17.929	46.6	0.913	37.489	10.82	14.162	0.0	66.344	27.419	-23.287	18.4	0.0	47.466	11.42	14.6	0.0	64.839	27.128	-1.0	24.8	0.0	0.194	11.35	14.412	0.0	67.044	18.628	-11.142	35.8	0.0	33.517
-1.0	15.85	197.268	48.891	26.329	-9.722	26.0	0.0	51.244	11.74	15.162	202.585	65.314	35.047	-15.99	11.2	0.0	125.737	10.46	13.35	0.0	69.947	26.91	-9.635	31.2	0.0	43.01	11.27	15.662	0.0	68.967	32.65	-5.561	26.2	0.0	51.825	10.95	13.475	0.0	65.925	12.889	-9.136	3.0	0.997	47.079	10.36	12.6	0.0	67.249	0.0	0.0	24.8	0.0	34.001	11.36	14.6	194.61	67.129	11.508	-18.165	46.6	0.0	37.101	10.87	14.1	0.0	67.205	26.692	-23.021	18.4	0.0	47.176	11.28	14.412	0.0	64.619	26.402	-1.0	24.8	0.0	0.0	11.42	14.225	0.0	67.578	18.265	-11.149	35.8	0.0	54.538
-1.0	14.975	178.658	39.201	25.82	-9.63	26.0	0.0	51.341	11.74	14.787	184.507	66.397	35.047	-15.827	11.2	0.0	125.931	10.46	13.037	0.0	69.947	27.346	-9.606	31.2	0.0	46.401	11.39	15.287	0.0	67.134	33.086	-5.386	26.2	0.0	51.147	10.86	13.787	0.0	65.992	13.18	-9.252	3.0	0.0	47.563	10.28	12.537	0.0	65.806	0.0	0.0	24.8	0.0	33.42	11.38	13.912	178.126	66.664	11.581	-17.977	46.6	0.0	37.101	10.91	13.912	0.0	69.062	27.201	-22.592	18.4	0.0	47.854	11.3	14.1	0.0	67.419	26.329	-1.0	24.8	0.0	0.194	11.07	14.1	0.0	68.333	18.41	-11.073	35.8	0.0	72.943
-1.0	14.287	166.96	0.0	25.82	-9.472	26.0	0.0	321.123	12.02	13.85	167.492	64.101	34.974	-15.129	11.2	0.0	270.267	10.46	12.975	0.0	69.571	26.62	-9.59	31.2	0.0	45.626	11.52	15.037	0.0	66.606	32.722	-5.514	26.2	0.0	52.019	10.92	13.725	0.0	65.67	12.961	-9.225	3.0	0.0	48.047	10.32	12.537	0.0	66.061	0.0	0.0	24.8	0.0	33.226	11.24	13.912	164.833	66.059	11.799	-17.977	46.6	0.0	37.489	10.84	13.725	0.0	67.144	27.491	-22.768	18.4	0.0	46.498	11.38	14.287	0.0	66.499	26.91	-1.0	24.8	0.0	0.194	11.23	14.412	0.0	69.23	18.338	-11.036	35.8	0.0	72.846
-1.0	13.412	170.151	0.0	25.966	-9.394	26.0	1.039	216.891	11.76	12.912	168.024	64.898	35.12	-15.747	11.2	2.036	266.586	10.5	13.287	0.0	68.689	26.765	-9.649	31.2	0.0	45.335	11.57	15.35	0.0	66.367	32.795	-5.668	26.2	0.0	51.632	11.22	13.537	0.0	66.111	12.744	-9.126	3.0	0.0	48.241	10.38	12.537	0.0	65.27	0.0	0.0	24.8	0.0	33.226	11.38	13.975	165.365	66.94	11.872	-18.087	46.6	0.0	37.101	10.93	13.537	0.0	68.226	27.056	-22.584	18.4	0.0	47.369	11.26	14.1	0.0	65.007	26.91	-1.0	24.8	0.0	0.194	11.49	14.225	0.0	65.937	18.338	-10.955	35.8	0.0	214.373
-1.0	12.975	161.643	0.0	26.184	-9.449	26.0	0.0	208.658	11.54	12.412	165.897	64.356	34.611	-15.632	11.2	0.0	271.526	10.56	12.85	0.0	67.804	26.838	-9.596	31.2	0.0	244.209	11.4	14.85	0.0	66.419	32.795	-5.576	26.2	0.0	51.244	11.76	12.975	0.0	63.408	13.18	-9.014	3.0	1.835	225.319	10.67	12.725	0.0	64.792	0.0	0.0	24.8	0.0	33.42	11.37	13.912	157.389	67.377	11.436	-17.885	46.6	0.0	37.101	10.88	13.412	0.0	67.234	26.692	-22.541	18.4	0.0	47.079	11.24	13.912	0.0	65.087	26.402	-1.0	24.8	0.0	0.0	11.7	14.037	0.0	65.752	18.41	-10.941	35.8	1.433	226.966
-1.0	12.412	142.501	0.0	25.675	-9.292	26.0	0.0	237.331	11.42	12.225	143.033	63.576	35.047	-15.446	11.2	0.0	281.116	11.34	12.662	0.0	64.909	26.765	-9.57	31.2	0.0	233.941	11.27	14.662	0.0	67.167	32.795	-5.593	26.2	0.0	51.341	11.72	12.787	0.0	63.965	12.526	-8.98	3.0	0.0	227.644	10.78	12.787	0.0	66.612	0.0	0.0	24.8	0.0	33.323	11.37	13.537	144.096	67.185	11.872	-17.785	46.6	0.0	37.198	11.03	13.412	0.0	66.519	26.838	-22.184	18.4	0.0	47.66	11.16	13.787	0.0	64.29	26.256	-1.0	24.8	0.0	0.097	11.88	13.287	0.0	66.034	18.338	-10.757	35.8	1.927	223.866
-1.0	12.6	137.716	0.0	25.893	-9.382	26.0	0.0	200.327	11.42	12.162	136.12	65.202	34.902	-16.822	11.2	0.0	261.936	11.15	12.287	0.0	64.205	26.838	-9.526	31.2	1.978	242.368	11.6	14.225	0.0	67.556	33.303	-5.226	26.2	0.0	193.158	11.7	12.6	0.0	63.567	12.816	-8.928	3.0	0.0	225.997	11.34	12.287	0.0	65.216	0.0	0.0	24.8	1.022	205.461	11.3	13.412	139.842	67.939	11.654	-17.843	46.6	0.0	37.876	11.0	13.225	0.0	66.789	26.838	-22.239	18.4	0.0	107.525	11.26	13.725	0.0	65.313	26.547	-1.0	24.8	0.0	0.484	11.86	13.162	0.0	66.28	18.265	-10.753	35.8	1.936	212.92
-1.0	12.537	142.501	0.0	25.603	-9.301	26.0	0.0	229.969	11.32	12.162	137.716	67.724	34.902	-14.758	11.2	0.0	278.404	11.26	12.162	0.0	66.118	27.201	-9.561	31.2	1.073	224.254	12.06	14.1	0.0	64.586	33.158	-5.14	26.2	1.55	191.512	11.73	12.85	0.0	64.697	12.816	-8.931	3.0	0.0	223.091	11.49	11.975	0.0	62.994	0.0	0.0	24.8	0.0	211.37	11.24	13.35	140.374	66.804	12.235	-17.826	46.6	0.0	37.198	11.52	13.037	0.0	66.247	27.346	-22.652	18.4	0.939	249.73	11.12	13.6	0.0	65.761	27.056	-1.0	24.8	0.0	0.0	11.6	12.85	0.0	64.982	18.41	-10.673	35.8	1.726	232.003
-1.0	12.35	153.135	0.0	26.256	-9.243	26.0	0.939	222.994	11.34	12.162	147.287	67.344	35.12	-15.794	11.2	0.0	280.051	11.12	12.225	0.0	67.058	27.346	-9.54	31.2	0.0	239.753	12.09	14.037	0.0	64.956	32.722	-4.907	26.2	0.0	197.905	11.6	12.537	0.0	65.178	13.107	-8.9	3.0	0.0	197.033	11.4	11.662	0.0	64.584	0.0	0.0	24.8	0.0	189.284	11.34	13.537	148.882	68.682	12.162	-17.968	46.6	0.0	37.779	11.66	12.85	0.0	66.244	27.346	-22.351	18.4	0.0	244.402	11.05	13.725	0.0	65.665	26.474	-29.535	24.8	0.0	0.291	11.41	12.912	0.0	66.587	18.338	-10.698	35.8	0.0	233.359
-1.0	12.287	158.453	0.0	25.312	-9.175	26.0	1.123	226.191	11.31	12.037	156.858	66.514	35.192	-17.665	11.2	0.972	253.605	11.2	12.162	0.0	67.429	27.346	-9.501	31.2	1.207	219.604	12.24	14.475	0.0	65.401	32.867	-4.931	26.2	1.936	211.079	11.84	12.662	0.0	64.912	12.744	-8.926	3.0	0.0	185.506	11.5	11.912	0.0	65.606	0.0	0.0	24.8	0.913	193.255	11.17	13.475	156.858	68.052	12.162	-17.86	46.6	0.0	37.198	11.73	13.037	0.0	67.47	26.983	-22.893	18.4	0.0	229.194	11.03	13.662	0.0	66.546	26.402	-1.0	24.8	0.0	0.097	11.61	13.475	0.0	66.871	18.338	-10.755	35.8	1.819	222.704
-1.0	12.6	145.691	0.0	26.184	-9.217	26.0	0.0	206.333	11.44	12.35	151.54	66.261	35.12	-16.377	11.2	0.0	267.942	11.23	12.037	0.0	65.78	27.056	-9.484	31.2	1.215	230.356	11.95	14.1	0.0	65.768	33.376	-4.971	26.2	0.0	82.436	11.78	12.537	0.0	64.902	13.325	-8.929	3.0	0.0	224.157	11.5	11.975	0.0	64.937	0.0	0.0	24.8	1.777	200.23	11.14	13.412	146.755	68.264	11.508	-17.843	46.6	0.0	37.295	11.79	12.975	0.0	66.406	27.346	-22.631	18.4	1.626	255.446	11.2	13.787	0.0	69.333	26.62	-29.235	24.8	0.0	1.55	11.69	13.162	0.0	67.627	18.265	-10.706	35.8	1.676	218.248
-1.0	12.162	133.462	0.0	25.603	-9.167	26.0	0.0	186.668	11.58	12.35	134.525	65.898	35.12	-15.195	11.2	1.802	278.501	11.33	12.037	0.0	67.37	26.983	-9.529	31.2	0.947	209.432	12.2	13.85	0.0	66.34	33.086	-4.883	26.2	0.997	186.474	11.94	12.287	0.0	66.377	12.744	-8.84	3.0	0.0	194.418	11.48	11.787	0.0	64.85	0.0	0.0	24.8	0.0	192.287	11.23	13.35	131.867	68.96	11.944	-17.034	46.6	0.0	37.101	11.84	12.725	0.0	65.331	27.273	-23.268	18.4	1.626	232.003	11.17	13.35	0.0	67.259	25.966	-29.148	24.8	0.0	0.097	11.58	12.725	0.0	66.534	18.338	-10.608	35.8	2.062	220.766
-1.0	12.037	130.803	0.0	25.82	-9.117	26.0	0.0	225.319	11.48	12.162	128.145	64.261	34.902	-15.019	11.2	2.003	284.216	11.32	11.787	0.0	65.407	26.983	-9.473	31.2	0.0	211.079	12.22	13.912	0.0	65.062	32.577	-4.651	26.2	1.064	223.382	11.8	12.537	0.0	64.765	13.034	-8.872	3.0	0.0	209.529	11.62	12.037	0.0	64.734	0.0	0.0	24.8	1.617	180.662	11.18	13.162	129.208	69.329	11.291	-17.868	46.6	0.0	37.101	11.82	12.975	0.0	67.046	27.346	-22.992	18.4	1.416	223.091	10.99	13.287	0.0	67.089	26.547	-29.12	24.8	0.0	0.194	11.6	12.6	0.0	66.178	18.483	-10.589	35.8	0.0	221.832
-1.0	11.787	130.272	0.0	25.893	-9.085	26.0	0.0	241.496	11.43	11.912	130.272	64.337	35.047	-15.099	11.2	0.0	249.827	11.3	11.85	0.0	64.623	26.91	-9.451	31.2	0.0	237.815	12.3	14.225	0.0	65.16	32.577	-4.716	26.2	1.081	195.774	11.82	12.287	0.0	63.333	12.816	-9.053	3.0	0.0	219.604	11.56	11.85	0.0	64.472	0.0	0.0	24.8	1.802	203.717	11.24	13.287	133.462	68.147	11.799	-17.81	46.6	0.0	37.101	11.78	12.6	0.0	64.397	26.91	-22.983	18.4	1.668	212.435	10.94	13.35	0.0	67.162	26.256	-28.817	24.8	0.0	0.194	11.59	12.6	0.0	64.869	18.483	-10.697	35.8	1.911	230.066
-1.0	12.475	161.111	0.0	25.385	-9.095	26.0	0.0	205.073	11.46	12.037	148.35	64.314	34.902	-14.992	11.2	0.0	251.474	11.4	11.787	0.0	63.516	26.838	-9.443	31.2	1.19	252.152	12.28	14.225	0.0	64.484	33.231	-4.545	26.2	0.0	135.811	12.08	12.412	0.0	62.895	12.744	-8.856	3.0	0.0	212.048	11.58	11.787	0.0	61.157	0.0	0.0	24.8	0.0	202.167	11.1	13.162	160.048	67.684	11.508	-17.777	46.6	0.0	36.907	11.77	12.6	0.0	63.325	26.692	-23.103	18.4	0.0	230.066	11.0	13.662	0.0	65.684	27.056	-29.068	24.8	0.0	0.581	11.86	13.037	0.0	61.231	18.556	-10.798	35.8	2.045	300.49
-1.0	13.475	230.767	0.0	25.239	-9.29	26.0	0.0	213.792	11.54	12.662	204.712	63.568	35.12	-14.931	11.2	2.12	244.693	11.4	12.225	0.0	63.742	27.056	-9.51	31.2	0.0	216.795	11.76	15.412	0.0	65.484	32.286	-4.992	26.2	0.0	118.472	11.89	12.85	0.0	62.579	12.816	-8.892	3.0	0.0	195.871	11.93	12.287	0.0	58.197	0.0	0.0	24.8	1.534	206.817	11.26	13.912	233.425	68.585	11.581	-21.072	46.6	0.0	37.101	11.42	13.1	0.0	65.98	27.419	-22.554	18.4	1.073	296.228	11.12	14.287	0.0	67.879	27.056	-29.239	24.8	0.0	0.387	11.94	14.225	0.0	61.96	18.192	-10.955	35.8	0.98	266.489
-1.0	14.725	285.534	0.0	25.167	-9.472	26.0	0.0	235.394	11.63	13.912	277.558	62.905	35.265	-14.949	11.2	0.0	264.164	11.34	12.662	0.0	62.26	26.838	-9.585	31.2	0.955	226.869	11.34	16.663	0.0	66.353	33.376	-5.418	26.2	0.0	90.767	11.9	13.225	0.0	62.011	12.816	-8.96	3.0	0.0	203.33	10.94	12.85	0.0	63.579	0.0	0.0	24.8	0.0	221.444	11.41	14.6	280.748	68.532	12.09	-18.448	46.6	0.0	37.101	11.33	13.6	0.0	67.754	27.419	-23.947	18.4	0.0	324.223	11.4	14.85	0.0	66.475	26.91	-29.267	24.8	0.0	0.097	12.33	15.85	0.0	63.193	18.338	-11.312	35.8	0.0	213.695
-1.0	16.038	312.652	0.0	25.53	-9.651	26.0	0.0	256.414	11.84	14.537	291.915	63.053	34.902	-15.353	11.2	1.835	259.902	11.54	13.287	0.0	63.991	27.273	-9.68	31.2	0.0	200.23	11.58	17.913	0.0	66.119	33.158	-5.565	26.2	0.0	91.154	11.92	13.662	0.0	61.871	13.107	-9.047	3.0	1.927	223.479	11.06	13.225	0.0	63.402	0.0	0.0	24.8	0.0	221.057	11.67	15.662	313.183	66.826	11.363	-18.751	46.6	0.0	37.392	11.4	13.912	0.0	67.383	26.91	-23.814	18.4	0.0	324.223	11.34	15.225	0.0	66.27	26.91	-29.673	24.8	0.0	12.399	12.0	16.163	0.0	60.158	18.192	-11.518	35.8	1.601	206.623
-1.0	16.413	337.642	0.0	25.239	-9.724	26.0	1.684	242.853	11.63	15.225	360.506	60.359	34.902	-15.72	11.2	0.0	257.092	11.51	13.725	0.0	62.373	27.273	-9.765	31.2	0.0	218.441	12.04	18.225	0.0	64.947	32.795	-6.089	26.2	0.0	91.154	12.18	13.975	0.0	61.398	12.526	-9.098	3.0	1.408	210.595	11.23	13.912	0.0	65.53	0.0	0.0	24.8	0.0	221.541	11.63	15.975	340.301	67.89	11.581	-18.94	46.6	0.0	37.004	11.44	14.6	0.0	67.992	27.273	-24.948	18.4	0.0	324.223	11.48	15.975	0.0	65.574	26.184	-29.795	24.8	0.0	12.399	12.29	17.475	0.0	60.812	18.338	-11.579	35.8	1.441	217.57
-1.0	17.538	351.999	0.0	25.457	-9.856	26.0	1.056	288.478	12.08	15.162	371.673	58.893	35.192	-14.559	11.2	2.028	249.73	11.88	14.1	0.0	60.918	27.056	-9.85	31.2	1.643	237.331	12.16	17.225	0.0	65.917	33.013	-5.883	26.2	0.0	53.085	12.56	14.412	0.0	57.971	12.816	-9.117	3.0	1.668	271.526	11.93	14.1	0.0	61.328	0.0	0.0	24.8	0.0	197.033	11.61	15.225	303.081	67.503	11.872	-19.218	46.6	0.0	36.907	11.56	14.537	0.0	64.864	27.419	-23.919	18.4	0.0	324.514	11.64	15.85	0.0	65.352	26.91	-29.735	24.8	0.0	12.303	12.12	16.85	0.0	58.226	18.556	-11.45	35.8	1.659	262.614
-1.0	20.475	553.521	0.0	26.111	-10.424	26.0	1.483	233.456	12.22	17.788	603.503	60.454	35.047	-16.214	11.2	1.651	266.876	11.94	15.6	0.0	59.337	26.983	-10.064	31.2	1.911	265.326	12.21	20.475	0.0	65.34	32.795	-7.297	26.2	1.131	45.432	13.09	16.163	0.0	57.048	13.034	-9.449	3.0	0.0	270.17	11.12	13.787	0.0	64.787	0.0	0.0	24.8	0.0	197.13	11.7	17.413	626.898	67.052	12.308	-19.679	46.6	0.0	36.907	11.24	15.037	0.0	66.391	27.056	-25.246	18.4	0.0	351.734	12.11	17.85	0.0	68.388	26.765	-30.718	24.8	0.0	12.399	12.78	19.1	0.0	56.734	18.192	-11.937	35.8	0.0	309.886
