8.26	6.162	22.332	78.452	24.658	-13.401	34.8	1.064	52.697	7.0	6.162	21.8	78.57	32.795	-8.057	28.8	1.14	90.186	6.63	6.912	0.0	85.434	23.786	-13.771	0.0	1.064	46.304	7.38	7.912	0.0	85.019	30.833	-2.29	35.0	1.048	41.073	7.64	9.6	0.0	83.151	10.855	-9.435	0.0	0.0	55.216	6.95	6.787	0.0	86.735	0.0	0.0	0.2	1.492	37.586	7.6	7.6	21.8	84.471	9.111	-1.0	0.0	0.0	27.123	6.76	8.412	0.0	84.249	26.256	-10.469	31.6	0.0	30.514	7.4	7.6	0.0	85.711	20.808	-10.022	0.0	0.0	353.284	7.69	7.287	0.0	82.975	9.256	-1.0	37.2	0.0	94.835
8.14	6.35	28.181	80.911	25.167	-13.211	34.8	1.207	52.116	6.8	6.287	27.649	80.273	32.722	-2.621	28.8	1.198	89.411	6.51	6.975	0.0	86.492	24.077	-13.783	0.0	1.115	48.532	7.59	7.725	0.0	84.515	31.124	-1.858	35.0	0.0	42.623	7.49	9.412	0.0	83.538	11.073	-9.419	0.0	0.0	55.216	7.0	6.725	0.0	86.612	0.0	0.0	0.2	0.0	37.682	7.6	7.725	25.523	84.518	8.821	-1.0	0.0	0.0	27.608	6.7	8.475	0.0	84.442	26.256	-10.439	31.6	0.0	30.708	7.34	7.6	0.0	85.788	21.171	-9.991	0.0	0.0	352.897	7.49	7.35	0.0	83.234	8.748	-1.0	37.2	0.0	90.767
8.12	6.162	26.586	80.666	24.876	-13.344	34.8	0.0	52.407	6.55	6.412	26.054	81.886	32.65	-8.02	28.8	1.148	90.283	6.52	6.912	0.0	86.674	24.295	-13.771	0.0	0.0	48.338	7.43	7.6	0.0	85.123	30.761	-2.148	35.0	0.0	42.332	7.38	9.475	0.0	83.652	11.291	-9.427	0.0	0.0	55.119	6.96	6.787	0.0	86.805	0.0	0.0	0.2	0.0	37.586	7.58	7.6	22.332	84.652	9.111	-1.0	0.0	0.0	27.123	6.7	8.225	0.0	84.672	26.547	-10.403	31.6	0.0	30.514	7.3	7.537	0.0	85.961	20.662	-9.895	0.0	0.0	352.897	7.49	7.1	0.0	83.234	8.893	-1.0	37.2	0.0	88.927
8.16	5.6	17.547	80.626	24.44	-13.59	34.8	0.0	59.091	6.44	6.162	18.61	82.308	32.722	-1.913	28.8	1.265	90.476	6.53	6.662	0.0	86.609	24.367	-13.725	0.0	0.0	66.162	7.36	7.35	0.0	85.083	31.124	-2.028	35.0	0.0	43.204	7.38	9.35	0.0	84.048	11.0	-9.403	0.0	0.0	55.119	6.98	6.537	0.0	86.653	0.0	0.0	0.2	0.0	37.489	7.46	7.35	17.547	84.9	8.603	-1.0	0.0	0.0	27.027	6.7	8.225	0.0	84.58	26.765	-11.191	31.6	0.0	30.708	7.16	7.1	0.0	86.245	20.88	-9.81	0.0	0.0	352.509	7.26	6.85	0.0	83.273	9.111	-1.0	37.2	0.0	89.217
7.87	4.662	12.23	81.378	24.731	-13.082	34.8	0.0	59.381	6.39	5.975	13.293	82.555	32.94	-7.965	28.8	1.349	89.798	6.52	6.1	0.0	86.539	24.367	-13.113	0.0	0.0	66.259	7.28	6.725	0.0	85.545	30.18	-1.675	35.0	0.0	43.01	7.46	9.1	0.0	83.554	11.218	-9.409	0.0	0.0	55.313	6.9	6.475	0.0	86.768	0.0	0.0	0.2	0.0	37.682	7.42	6.975	13.293	85.075	8.966	-1.0	0.0	0.0	27.22	6.66	7.975	0.0	84.478	26.62	-10.33	31.6	0.0	30.32	7.12	6.787	0.0	86.484	20.59	-9.898	0.0	0.0	352.8	7.2	6.287	0.0	83.283	8.675	-1.0	37.2	0.0	89.023
7.76	3.913	10.634	81.664	24.949	-12.955	34.8	0.0	59.381	6.44	5.6	9.571	82.049	32.65	-7.935	28.8	0.0	90.283	6.42	5.787	0.0	86.919	24.513	-13.391	0.0	0.0	83.986	7.21	6.537	0.0	85.688	31.051	-1.649	35.0	0.0	43.01	7.44	8.975	0.0	83.736	10.564	-9.393	0.0	0.0	55.506	6.78	5.975	0.0	87.21	0.0	0.0	0.2	0.0	37.779	7.29	6.475	9.039	85.227	9.474	-1.0	0.0	0.0	27.22	6.63	7.787	0.0	84.747	26.329	-10.213	31.6	0.0	30.611	7.07	6.725	0.0	86.584	20.59	-10.418	0.0	0.0	352.509	7.2	5.787	0.0	83.306	8.603	-1.0	37.2	0.0	88.83
7.87	3.038	6.912	81.091	24.513	-12.809	34.8	0.0	59.381	6.49	5.35	7.444	82.013	32.867	-7.918	28.8	0.0	89.798	6.43	5.6	0.0	86.45	24.15	-13.357	0.0	0.0	84.083	7.11	5.787	0.0	85.687	31.124	-1.364	35.0	0.0	42.72	7.21	9.037	0.0	84.286	10.637	-9.44	0.0	0.0	55.216	6.69	5.6	0.0	87.455	0.0	0.0	0.2	0.0	37.779	7.21	6.412	2.659	85.162	8.675	-1.0	0.0	0.0	27.123	6.54	7.6	0.0	84.726	26.62	-10.278	31.6	0.0	30.611	7.05	6.225	0.0	86.557	20.662	-9.723	0.0	0.0	352.509	7.02	5.662	0.0	83.217	8.748	-1.0	37.2	0.0	88.248
7.8	3.725	0.0	72.41	25.385	-13.033	34.8	1.24	205.267	6.52	4.725	0.532	72.13	32.65	-1.658	28.8	1.383	230.356	7.2	4.85	0.0	72.731	23.714	-12.69	0.0	1.324	236.072	7.9	5.662	0.0	72.663	30.979	-1.358	35.0	0.0	199.842	7.66	7.412	0.0	73.287	10.637	-9.211	0.0	1.743	227.16	7.74	5.537	0.0	72.606	0.0	0.0	0.2	0.0	208.561	8.0	5.6	0.532	73.715	8.675	-26.232	0.0	1.508	172.138	6.9	6.225	0.0	74.131	26.547	-10.704	31.6	0.0	219.41	7.62	5.412	0.0	73.381	21.026	-9.662	0.0	0.0	151.407	7.21	4.787	0.0	74.525	8.603	-25.847	37.2	1.735	233.941
7.75	3.913	0.532	72.815	24.876	-13.121	34.8	1.215	224.06	6.48	4.85	1.595	72.484	33.086	-7.884	28.8	1.617	247.115	7.02	4.6	0.0	73.875	23.859	-12.451	0.0	2.078	236.944	7.73	5.475	0.0	73.301	30.252	-1.296	35.0	0.0	193.643	7.58	6.975	0.0	73.168	10.709	-9.157	0.0	1.567	229.678	7.68	5.162	0.0	73.291	0.0	0.0	0.2	0.0	206.236	7.66	5.412	12.761	75.125	8.53	-1.0	0.0	0.0	165.744	7.05	6.1	0.0	73.19	26.692	-10.513	31.6	1.718	201.974	7.68	5.162	0.0	72.878	20.662	-9.673	0.0	0.0	164.001	7.24	4.537	0.0	75.165	9.402	-25.376	37.2	0.0	234.328
7.79	3.6	1.063	72.46	24.803	-14.174	34.8	1.115	259.127	6.5	4.475	0.532	72.333	32.65	-7.855	28.8	1.55	261.742	6.81	4.475	0.0	74.29	24.44	-12.242	0.0	1.643	221.444	7.64	5.037	0.0	74.511	31.415	-0.978	35.0	1.55	219.119	7.54	7.1	0.0	73.108	11.0	-9.203	0.0	1.852	218.054	7.52	4.85	0.0	74.155	0.0	0.0	0.2	1.508	193.643	7.77	5.412	0.532	74.691	8.603	-1.0	0.0	1.71	179.79	6.94	6.225	0.0	73.833	26.62	-10.578	31.6	1.299	214.179	7.76	5.225	0.0	72.661	20.88	-9.726	0.0	0.0	149.858	7.21	4.725	0.0	75.259	8.821	-25.825	37.2	1.123	266.392
7.77	3.663	1.063	72.793	24.876	-13.078	34.8	1.307	213.017	6.5	4.6	0.0	72.565	32.65	-7.877	28.8	1.71	260.192	6.93	4.287	0.0	73.933	23.932	-12.751	0.0	1.835	229.581	7.74	5.037	0.0	72.916	31.051	-1.15	35.0	1.743	197.033	7.52	7.037	0.0	73.156	11.073	-9.165	0.0	1.249	213.695	7.68	5.037	0.0	72.542	0.0	0.0	0.2	1.961	211.37	8.1	5.725	0.0	73.349	8.53	-1.0	0.0	1.785	187.734	6.88	6.1	0.0	73.872	26.329	-10.61	31.6	1.207	169.135	7.46	4.975	0.0	74.322	20.444	-9.664	0.0	0.0	148.211	7.12	4.787	0.0	75.266	8.748	-25.752	37.2	0.0	233.553
7.45	3.35	0.0	73.937	25.021	-13.082	34.8	1.617	186.959	6.42	4.225	0.0	72.986	32.795	-7.83	28.8	1.793	265.714	6.92	4.35	0.0	74.109	23.568	-12.411	0.0	1.634	231.906	7.56	4.537	0.0	74.163	30.615	-1.052	35.0	1.215	200.327	7.37	6.725	0.0	74.278	10.492	-9.18	0.0	1.953	214.857	7.49	4.412	0.0	74.608	0.0	0.0	0.2	0.0	187.831	7.8	5.225	1.063	74.187	9.474	-26.097	0.0	1.332	151.795	6.73	5.85	0.0	74.502	26.256	-10.319	31.6	0.0	202.845	7.45	5.225	0.0	74.243	20.662	-9.741	0.0	0.0	129.224	7.2	4.975	0.0	75.66	9.111	-25.23	37.2	1.215	232.003
7.72	3.288	0.0	72.834	24.367	-12.905	34.8	1.198	163.032	6.26	3.6	0.532	73.21	32.65	-7.759	28.8	0.0	186.668	6.8	4.662	0.0	74.846	23.714	-12.318	0.0	0.0	222.51	7.7	5.225	0.0	73.834	30.47	-1.558	35.0	2.045	212.242	7.38	6.975	0.0	74.788	11.145	-9.251	0.0	1.726	207.398	7.39	4.787	0.0	75.624	0.0	0.0	0.2	1.165	200.133	7.66	4.85	0.532	74.922	9.184	-1.0	0.0	0.0	150.826	6.8	5.912	0.0	74.517	26.256	-10.487	31.6	0.0	228.128	7.66	5.225	0.0	73.184	20.59	-9.711	0.0	0.0	133.971	7.11	4.287	0.0	75.415	9.038	-1.0	37.2	1.416	256.802
7.56	1.35	0.532	73.344	24.513	-12.753	34.8	0.0	162.354	6.19	3.1	0.0	73.451	32.432	-7.719	28.8	0.0	186.862	6.64	4.225	0.0	75.015	24.222	-12.342	0.0	1.559	211.854	7.6	5.225	0.0	73.993	30.325	-1.316	35.0	0.0	194.418	7.44	6.975	0.0	73.781	10.709	-9.251	0.0	0.0	207.398	7.54	4.975	0.0	73.904	0.0	0.0	0.2	0.0	208.27	7.32	5.162	4.254	76.713	8.893	-1.0	0.0	1.827	172.138	6.67	5.725	0.0	75.046	26.547	-10.414	31.6	1.534	203.33	7.4	5.1	0.0	74.029	20.808	-9.741	0.0	0.0	145.983	7.02	3.975	0.0	75.899	8.966	-25.471	37.2	0.972	190.833
7.59	2.663	0.0	73.324	24.731	-12.911	34.8	0.0	199.358	6.22	4.037	0.0	73.406	32.65	-7.872	28.8	1.131	167.294	6.64	4.225	0.0	74.964	24.077	-12.39	0.0	0.0	212.145	7.54	5.037	0.0	74.108	31.051	-1.013	35.0	1.919	192.48	7.3	6.85	0.0	74.059	10.709	-9.203	0.0	0.0	194.224	7.46	4.725	0.0	73.836	0.0	0.0	0.2	1.45	207.883	7.2	4.725	0.0	76.911	9.111	-1.0	0.0	1.835	173.203	6.62	5.975	0.0	74.784	26.474	-10.191	31.6	1.291	178.144	7.21	5.225	0.0	75.183	20.372	-9.757	0.0	0.0	107.332	6.96	3.975	0.0	76.237	9.184	-24.99	37.2	0.0	197.518
7.46	2.913	0.0	73.708	24.658	-13.065	34.8	0.0	172.719	6.12	3.288	0.0	73.819	32.722	-1.446	28.8	0.0	231.228	6.51	4.037	0.0	74.786	24.004	-12.219	0.0	0.0	182.696	7.5	5.162	0.0	73.46	31.342	-1.433	35.0	2.087	169.425	7.21	6.912	0.0	75.31	11.218	-9.31	0.0	0.0	194.418	7.46	4.725	0.0	73.375	0.0	0.0	0.2	1.433	195.968	7.11	5.037	0.532	77.314	8.53	-26.03	0.0	1.584	186.668	6.86	5.912	0.0	73.177	26.474	-10.285	31.6	1.014	149.373	7.22	5.225	0.0	74.705	21.098	-9.711	0.0	0.0	126.803	6.9	4.1	0.0	76.573	9.111	-25.608	37.2	0.0	219.991
7.64	3.975	1.063	73.231	25.53	-13.075	34.8	2.103	202.264	6.08	2.725	1.595	73.836	32.577	-7.674	28.8	0.0	153.151	6.5	4.475	0.0	75.414	24.077	-12.288	0.0	1.76	195.193	7.26	5.037	0.0	75.118	31.124	-1.116	35.0	2.12	172.719	7.3	6.912	0.0	74.34	10.709	-9.336	0.0	1.735	196.743	7.06	4.475	0.0	75.152	0.0	0.0	0.2	1.433	169.232	7.33	5.35	1.063	76.09	8.748	-1.0	0.0	2.12	183.181	6.92	6.1	0.0	73.317	26.765	-10.443	31.6	1.55	198.292	7.44	5.412	0.0	73.858	20.953	-9.72	0.0	0.0	143.658	6.92	4.037	0.0	76.603	8.893	-1.0	37.2	0.922	214.082
7.77	4.225	0.532	72.275	25.239	-13.118	34.8	2.103	157.22	6.1	3.725	1.063	73.56	32.577	-7.841	28.8	1.081	169.232	6.52	4.287	0.0	75.669	24.077	-12.4	0.0	1.332	188.799	7.41	5.162	0.0	74.642	30.397	-1.536	35.0	1.609	152.764	7.32	6.912	0.0	73.961	11.073	-9.243	0.0	0.0	203.62	7.1	4.662	0.0	75.388	0.0	0.0	0.2	1.651	155.573	7.76	5.787	0.532	74.892	8.821	-1.0	0.0	0.0	193.158	7.03	5.912	0.0	72.671	26.329	-10.264	31.6	1.425	201.199	7.48	5.1	0.0	73.456	20.517	-9.651	0.0	0.0	140.074	6.92	4.412	0.0	76.528	9.474	-1.0	37.2	1.467	211.467
7.7	4.225	0.532	72.779	25.021	-13.062	34.8	1.483	226.772	6.26	4.162	0.0	73.184	32.94	-7.85	28.8	1.215	216.02	6.71	4.475	0.0	74.549	24.077	-14.07	0.0	1.341	159.545	7.31	4.975	0.0	74.951	30.906	-1.438	35.0	1.131	153.151	7.46	6.662	0.0	73.913	11.073	-9.279	0.0	0.0	216.504	7.06	4.412	0.0	75.405	0.0	0.0	0.2	0.0	144.82	7.9	5.475	0.0	74.079	8.893	-26.187	0.0	0.0	194.321	6.99	6.037	0.0	72.817	26.765	-10.323	31.6	1.106	173.881	7.57	5.225	0.0	73.448	20.808	-9.711	0.0	0.0	166.81	6.96	3.663	0.0	75.786	9.474	-24.982	37.2	1.098	253.315
7.62	2.975	0.532	73.047	24.731	-13.019	34.8	0.0	318.798	6.29	3.413	1.063	73.011	32.795	-7.749	28.8	0.0	242.078	6.77	4.1	0.0	74.561	23.859	-12.419	0.0	0.0	230.841	7.35	4.85	0.0	74.528	31.415	-1.122	35.0	1.182	161.094	7.48	6.725	0.0	73.096	10.419	-9.435	0.0	1.936	248.568	7.21	4.35	0.0	74.347	0.0	0.0	0.2	0.0	135.521	8.34	6.162	1.063	72.283	8.603	-1.0	0.0	0.0	208.367	7.0	6.037	0.0	73.103	26.474	-10.199	31.6	1.265	161.191	7.6	5.225	0.0	73.711	21.171	-9.696	0.0	0.0	139.396	7.2	5.037	0.0	75.055	9.547	-26.03	37.2	1.986	244.015
7.33	2.413	0.0	74.091	24.222	-13.038	34.8	0.0	295.065	6.22	3.35	0.0	73.508	32.504	-7.734	28.8	0.0	242.078	6.81	4.475	0.0	74.341	24.15	-12.431	0.0	0.0	95.804	7.42	5.225	0.0	74.16	30.325	-1.282	35.0	0.0	209.142	7.36	6.725	0.0	74.886	10.855	-9.253	0.0	0.0	231.809	7.21	4.287	0.0	74.728	0.0	0.0	0.2	0.0	121.184	8.16	5.35	0.532	72.715	8.603	-26.142	0.0	0.0	196.743	6.87	5.725	0.0	73.691	26.474	-10.239	31.6	0.922	192.48	7.56	5.225	0.0	73.78	20.953	-9.726	0.0	0.0	126.803	6.92	4.412	0.0	76.378	9.474	-25.526	37.2	0.955	247.502
7.56	3.1	0.532	73.369	24.731	-13.04	34.8	1.24	221.541	6.3	4.037	0.532	73.013	32.65	-1.746	28.8	1.525	257.189	6.64	4.287	0.0	74.889	24.222	-12.699	0.0	0.0	233.069	7.32	4.537	0.0	74.751	30.325	-1.222	35.0	0.0	171.169	7.3	6.912	0.0	73.983	10.782	-9.259	0.0	1.458	225.319	7.16	4.037	0.0	74.946	0.0	0.0	0.2	0.0	141.333	8.1	5.725	0.0	73.117	9.111	-1.0	0.0	0.0	206.042	6.8	5.475	0.0	74.059	26.765	-10.205	31.6	0.0	185.506	7.48	5.35	0.0	73.968	20.59	-9.773	0.0	0.0	148.695	7.0	3.913	0.0	75.945	9.329	-25.449	37.2	1.366	208.367
7.47	3.1	0.0	73.762	25.094	-12.984	34.8	1.106	222.219	6.19	3.913	0.0	73.63	32.577	-7.851	28.8	1.592	287.025	6.56	4.1	0.0	75.627	23.205	-12.467	0.0	1.517	225.803	7.11	4.162	0.0	76.118	30.397	-7.885	35.0	0.0	52.988	7.31	6.6	0.0	73.908	10.782	-9.289	0.0	1.534	223.188	7.15	3.725	0.0	74.918	0.0	0.0	0.2	0.0	30.32	8.08	5.475	0.0	73.603	8.675	-26.187	0.0	1.408	206.042	6.64	5.725	0.0	74.661	26.474	-10.197	31.6	0.0	161.385	7.44	5.1	0.0	74.648	21.098	-9.567	0.0	0.0	139.686	7.08	4.35	0.0	76.112	8.675	-25.694	37.2	1.316	233.553
7.52	2.288	0.0	73.772	24.731	-12.905	34.8	0.0	245.468	6.16	3.35	0.0	73.929	32.359	-7.743	28.8	0.0	280.729	6.78	4.1	0.0	74.867	24.295	-12.37	0.0	0.0	222.704	7.38	4.912	0.0	74.915	30.833	-1.349	35.0	1.441	182.406	7.48	6.6	0.0	73.661	11.073	-9.205	0.0	0.0	216.795	7.2	3.975	0.0	75.534	0.0	0.0	0.2	0.0	207.204	7.94	5.225	0.0	73.729	8.821	-1.0	0.0	1.835	168.747	6.64	5.6	0.0	74.636	26.329	-10.307	31.6	0.0	162.16	7.36	5.162	0.0	74.784	20.59	-9.602	0.0	0.0	165.26	6.89	4.537	0.0	76.347	9.329	-25.76	37.2	1.567	233.166
7.36	2.163	0.0	74.377	24.44	-13.112	34.8	0.0	214.76	6.09	3.663	0.0	74.016	32.867	-7.73	28.8	0.0	244.887	6.71	4.287	0.0	74.878	24.44	-12.648	0.0	0.0	182.212	7.5	5.412	0.0	74.432	30.761	-1.656	35.0	0.0	205.848	7.27	6.475	0.0	74.689	10.637	-9.19	0.0	0.964	214.567	7.42	5.225	0.0	74.135	0.0	0.0	0.2	0.0	225.707	7.85	5.225	0.532	74.35	8.385	-1.0	0.0	1.626	214.373	6.74	5.6	0.0	74.504	26.474	-11.199	31.6	0.0	212.92	7.44	5.1	0.0	74.547	20.517	-9.68	0.0	0.0	159.157	6.82	3.663	0.0	76.706	9.402	-25.27	37.2	1.148	223.575
7.48	3.538	1.595	73.507	25.457	-12.892	34.8	0.0	192.093	6.08	4.037	0.0	74.065	32.722	-1.779	28.8	0.0	167.197	6.52	3.975	0.0	76.219	23.568	-12.597	0.0	1.743	231.228	7.08	4.662	0.0	77.01	30.47	-1.4	35.0	1.584	202.167	7.17	6.412	0.0	75.327	10.709	-9.127	0.0	0.0	224.932	7.16	4.6	0.0	75.148	0.0	0.0	0.2	1.651	181.05	7.8	5.225	2.659	74.34	8.675	-25.417	0.0	1.936	178.919	6.64	5.6	0.0	74.813	26.474	-10.307	31.6	1.5	184.731	7.3	5.412	0.0	74.848	20.517	-9.765	0.0	0.0	121.862	6.79	4.662	0.0	77.468	8.893	-25.898	37.2	1.031	278.307
7.42	3.038	0.0	73.803	25.239	-12.918	34.8	1.24	194.321	6.07	2.913	0.0	73.987	32.722	-7.657	28.8	0.0	245.952	6.42	4.287	0.0	75.873	23.714	-12.648	0.0	0.0	199.164	7.42	5.412	0.0	74.974	31.124	-1.656	35.0	0.0	194.03	7.21	6.35	0.0	74.779	11.218	-9.127	0.0	0.0	220.766	7.23	4.975	0.0	75.289	0.0	0.0	0.2	1.953	231.906	7.5	4.662	0.0	75.698	8.893	-25.613	0.0	2.053	172.719	6.57	5.6	0.0	75.051	26.402	-10.329	31.6	0.972	217.957	7.19	4.662	0.0	75.834	20.953	-9.959	0.0	0.0	159.06	7.0	4.975	0.0	76.694	9.402	-25.818	37.2	0.0	225.803
7.33	2.725	0.0	74.549	25.094	-12.977	34.8	1.291	184.053	5.96	2.663	0.0	74.471	32.577	-7.65	28.8	0.0	246.631	6.46	4.225	0.0	75.932	24.367	-12.248	0.0	0.0	204.492	7.34	5.475	0.0	75.412	30.833	-1.539	35.0	0.997	195.871	7.21	6.412	0.0	74.652	10.927	-9.096	0.0	0.0	191.899	7.05	4.6	0.0	76.63	0.0	0.0	0.2	0.0	193.643	7.2	4.912	1.063	76.712	8.893	-1.0	0.0	0.0	174.656	6.44	5.475	0.0	75.552	26.62	-10.226	31.6	1.81	191.996	7.24	4.537	0.0	75.089	20.808	-9.639	0.0	0.0	147.145	6.91	4.6	0.0	76.849	9.256	-25.875	37.2	1.835	229.194
7.34	2.413	4.785	73.965	24.513	-12.982	34.8	0.0	184.246	5.81	2.788	0.0	75.169	32.722	-1.109	28.8	0.0	210.982	6.52	4.162	0.0	75.141	23.568	-12.577	0.0	0.0	217.279	7.36	5.162	0.0	74.403	30.833	-1.226	35.0	0.0	179.693	7.21	6.412	0.0	75.158	10.855	-9.081	0.0	1.81	222.122	7.1	4.662	0.0	75.614	0.0	0.0	0.2	0.0	209.336	7.21	5.037	0.532	76.639	8.893	-25.936	0.0	0.0	166.325	6.66	5.6	0.0	74.589	26.474	-10.467	31.6	2.07	185.699	7.2	4.912	0.0	75.232	20.662	-9.717	0.0	0.0	143.658	6.78	3.725	0.0	77.49	9.402	-25.196	37.2	1.24	193.546
7.2	1.85	0.0	74.472	24.731	-12.309	34.8	0.0	183.859	5.9	1.475	0.0	74.205	32.577	-0.859	28.8	0.0	212.242	6.34	4.1	0.0	75.681	23.641	-12.567	0.0	1.617	180.856	7.02	4.787	0.0	76.249	30.979	-1.306	35.0	2.129	168.263	7.19	5.85	0.0	75.002	10.782	-9.044	0.0	0.0	231.228	6.8	4.162	0.0	76.552	0.0	0.0	0.2	1.701	165.647	7.14	4.662	0.532	76.425	8.748	-25.803	0.0	1.994	174.172	6.52	5.537	0.0	74.788	26.547	-10.435	31.6	1.098	176.497	7.4	5.162	0.0	73.645	21.026	-9.703	0.0	0.0	139.008	6.8	3.288	0.0	76.801	8.675	-1.0	37.2	1.064	208.948
