0.0	6.037	0.0	0.0	26.765	-8.39	22.0	2.137	198.68	6.49	6.287	0.0	87.65	34.393	-13.538	7.8	1.634	216.117	6.39	6.162	0.0	89.776	26.256	-2.264	27.0	0.0	179.015	6.83	7.1	0.0	91.565	32.577	-8.211	21.8	1.969	198.292	6.46	6.537	0.0	88.351	25.239	-9.462	49.4	1.986	199.455	6.57	5.975	0.0	84.249	0.0	0.0	20.4	0.0	189.768	7.48	6.725	0.532	88.609	15.65	-23.467	42.4	0.0	189.38	7.06	6.475	0.0	83.647	27.564	-1.0	14.2	0.964	226.191	7.76	6.912	0.0	81.162	26.547	-26.017	21.0	0.0	185.893	6.3	6.85	0.0	93.54	27.637	-23.284	31.4	0.0	232.003	7.68
0.0	5.787	0.0	0.0	26.62	-8.274	22.0	1.76	198.874	6.66	6.287	0.0	87.023	34.466	-13.597	7.8	1.525	218.732	6.28	6.037	0.0	90.266	26.184	-1.835	27.0	1.433	178.531	6.78	7.162	0.0	91.933	32.722	-8.128	21.8	1.877	181.534	6.29	6.6	0.0	89.054	25.385	-9.691	49.4	1.743	197.324	6.38	6.162	0.0	84.985	0.0	0.0	20.4	1.416	178.24	7.32	6.725	1.063	89.841	16.158	-22.907	42.4	0.0	196.452	7.09	6.6	0.0	83.234	26.983	-1.0	14.2	1.098	219.894	7.44	6.787	0.0	83.105	25.893	-26.174	21.0	0.0	184.246	6.53	6.975	0.0	93.395	27.491	-24.876	31.4	0.0	232.197	7.42
0.0	6.1	0.0	0.0	26.692	-8.332	22.0	1.073	198.874	6.81	6.35	0.0	86.521	34.538	-13.848	7.8	1.123	226.966	6.46	6.1	0.0	89.663	26.91	-1.751	27.0	0.0	174.947	7.17	7.225	0.0	89.998	32.577	-8.116	21.8	1.617	202.942	6.22	6.6	0.0	89.645	25.312	-9.502	49.4	0.0	197.518	6.82	6.037	0.0	84.031	0.0	0.0	20.4	1.492	169.91	7.38	6.725	5.849	89.857	16.013	-22.235	42.4	0.0	222.316	6.82	6.475	0.0	84.609	27.056	-1.0	14.2	1.575	214.179	7.64	6.662	0.0	82.278	27.056	-26.229	21.0	0.0	170.781	6.87	6.975	0.0	91.32	27.491	-23.884	31.4	0.0	234.909	7.46
-1.0	6.037	0.0	0.0	26.983	-8.413	22.0	0.947	199.067	6.91	6.412	0.0	85.638	34.611	-13.86	7.8	1.031	195.096	6.59	6.037	0.0	89.087	26.91	-1.73	27.0	0.0	175.044	6.98	7.35	0.0	91.242	32.504	-3.004	21.8	1.349	211.854	6.2	6.412	0.0	88.571	25.167	-9.436	49.4	1.165	197.518	6.62	6.225	0.0	84.492	0.0	0.0	20.4	0.0	178.531	8.16	6.975	0.0	85.964	15.504	-23.099	42.4	1.986	212.242	7.37	6.725	0.0	82.24	27.346	-1.0	14.2	1.123	218.732	7.71	6.6	0.0	82.223	27.128	-26.305	21.0	1.684	156.057	6.69	7.037	0.0	92.29	27.564	-23.344	31.4	0.0	235.006	7.82
-1.0	5.975	0.532	0.0	26.692	-8.414	22.0	0.0	198.777	7.21	6.412	0.0	84.425	35.556	-14.046	7.8	1.006	259.514	6.6	6.162	0.0	89.264	27.128	-1.737	27.0	0.0	188.993	6.84	7.037	0.0	91.312	32.577	-8.096	21.8	1.676	203.33	6.24	6.537	0.0	88.735	25.312	-9.608	49.4	0.0	197.711	6.59	5.975	0.0	84.715	0.0	0.0	20.4	0.0	210.014	7.48	6.725	0.0	89.116	15.722	-21.788	42.4	1.751	178.337	7.18	6.475	0.0	83.838	26.765	-1.0	14.2	0.0	218.829	7.48	6.787	0.0	82.808	27.346	-25.971	21.0	1.793	180.372	6.68	6.975	0.0	91.695	27.346	-22.762	31.4	0.0	235.103	7.77
-1.0	6.162	1.063	0.0	26.765	-8.489	22.0	0.0	199.358	7.15	6.35	0.0	85.308	34.902	-14.098	7.8	1.508	230.744	6.67	6.1	0.0	89.282	26.692	-1.821	27.0	0.0	189.187	6.96	7.162	0.0	91.621	32.286	-8.109	21.8	1.291	200.908	6.2	6.537	0.0	88.812	25.385	-9.584	49.4	0.905	197.518	6.24	5.912	0.0	86.11	0.0	0.0	20.4	0.0	210.304	7.26	6.537	0.0	90.217	15.577	-21.4	42.4	2.003	193.546	7.15	6.412	0.0	83.505	27.637	-1.0	14.2	0.0	177.756	7.68	6.85	0.0	82.169	26.62	-26.297	21.0	1.76	173.881	6.9	7.037	0.0	91.328	27.273	-23.905	31.4	0.0	244.015	7.58
-1.0	6.162	0.0	0.0	26.765	-8.443	22.0	1.961	232.681	7.21	6.537	0.0	84.517	34.684	-14.461	7.8	1.508	258.158	6.7	6.1	0.0	88.478	26.838	-1.786	27.0	1.006	173.3	6.86	7.225	0.0	92.272	32.359	-2.959	21.8	1.014	200.908	6.6	6.35	0.0	87.989	25.167	-9.573	49.4	0.0	197.518	6.16	5.912	0.0	86.72	0.0	0.0	20.4	0.0	195.58	7.21	6.6	0.0	90.636	15.214	-21.418	42.4	1.743	200.52	7.05	6.35	0.0	84.202	26.91	-1.0	14.2	0.0	177.756	7.64	6.85	0.0	82.326	26.838	-25.994	21.0	0.0	173.881	7.06	7.037	0.0	89.905	27.346	-23.905	31.4	1.358	227.741	7.53
-1.0	6.225	0.0	0.0	26.474	-8.504	22.0	1.131	237.331	7.34	6.6	0.532	84.085	34.538	-14.889	7.8	2.07	274.142	6.9	6.037	0.0	88.064	26.329	-1.624	27.0	0.0	215.245	6.94	7.162	0.0	91.976	32.432	-8.091	21.8	0.0	195.968	7.32	6.662	0.0	84.912	24.731	-9.468	49.4	1.182	217.279	6.18	5.85	0.0	86.949	0.0	0.0	20.4	0.0	195.677	8.14	6.85	0.0	86.643	15.94	-21.16	42.4	1.844	286.541	6.98	6.287	0.0	84.416	27.419	-1.0	14.2	0.0	177.562	7.81	6.662	0.0	81.985	26.402	-26.328	21.0	1.073	154.41	7.3	6.975	0.0	88.519	27.273	-23.884	31.4	1.726	220.282	7.4
7.67	6.162	0.532	81.452	26.91	-8.404	22.0	1.777	295.453	7.28	6.6	0.0	84.372	34.611	-15.253	7.8	0.0	304.462	6.73	6.287	0.0	88.991	27.419	-1.743	27.0	1.148	233.747	7.24	7.35	0.0	89.515	32.359	-8.148	21.8	0.955	161.385	7.58	6.912	0.0	83.043	23.06	-9.531	49.4	2.07	243.24	6.45	5.725	0.0	85.845	0.0	0.0	20.4	0.0	165.938	7.66	6.6	0.0	88.477	16.158	-21.862	42.4	0.0	171.46	6.94	6.475	0.0	84.73	27.491	-1.0	14.2	0.0	178.144	7.82	6.912	0.0	81.773	27.346	-26.22	21.0	1.575	178.628	7.24	7.037	0.0	88.725	27.128	-24.239	31.4	1.961	242.659	7.59
6.56	6.412	1.063	81.841	26.474	-8.471	22.0	1.584	282.375	7.29	6.6	2.127	84.305	34.393	-15.253	7.8	0.0	278.113	7.06	6.1	0.0	87.212	26.62	-1.645	27.0	1.617	260.386	7.36	7.35	0.0	89.458	32.432	-8.12	21.8	1.115	229.291	7.51	6.975	0.0	83.846	23.133	-9.466	49.4	0.0	318.798	6.68	6.162	0.0	85.034	0.0	0.0	20.4	0.0	187.831	7.8	6.662	2.127	87.844	16.158	-21.326	42.4	1.215	176.787	7.21	6.6	0.0	83.496	26.765	-1.0	14.2	0.0	146.467	8.14	6.787	0.0	80.283	25.893	-25.766	21.0	1.961	157.22	7.38	7.037	0.0	88.914	27.273	-23.232	31.4	1.106	283.441	7.77
114.32	5.975	0.0	0.0	26.474	-8.406	22.0	1.249	232.003	7.21	6.725	1.063	84.932	34.756	-14.986	7.8	2.112	281.988	7.1	6.1	0.0	87.222	27.056	-1.609	27.0	1.374	227.257	7.47	7.35	0.0	89.267	32.867	-8.12	21.8	1.081	169.91	7.38	7.162	0.0	84.234	22.987	-9.451	49.4	1.257	229.678	7.06	6.162	0.0	83.18	0.0	0.0	20.4	0.0	174.269	8.08	6.787	0.532	86.378	15.504	-21.032	42.4	0.0	160.998	7.44	6.537	0.0	82.232	26.91	-1.0	14.2	0.0	156.057	8.16	6.912	0.0	79.924	25.748	-26.017	21.0	1.659	176.691	7.26	6.975	0.0	88.42	27.056	-23.549	31.4	0.0	244.79	8.26
119.59	6.162	0.532	0.0	26.547	-8.435	22.0	0.0	226.578	7.21	6.662	11.698	84.886	34.538	-14.901	7.8	1.358	282.279	6.83	6.225	0.0	88.179	26.402	-1.687	27.0	0.0	216.02	7.66	7.35	0.0	88.388	32.504	-8.111	21.8	1.14	201.78	6.93	6.975	0.0	86.166	22.624	-9.417	49.4	1.961	190.446	7.11	6.225	0.0	83.379	0.0	0.0	20.4	0.0	207.979	7.68	6.787	1.063	88.659	15.867	-21.363	42.4	1.257	171.556	7.38	6.6	0.0	82.644	27.564	-1.0	14.2	0.0	174.463	7.96	6.85	0.0	81.039	26.983	-25.994	21.0	1.777	166.713	7.18	7.037	0.0	89.412	27.056	-23.793	31.6	2.02	227.741	8.28
45.97	6.162	0.532	93.699	26.62	-8.435	22.0	1.953	241.884	7.04	6.537	0.0	85.373	34.466	-14.806	7.8	1.961	275.788	6.62	6.1	0.0	89.4	26.62	-1.751	27.0	0.0	197.421	7.05	7.537	0.0	91.708	32.286	-8.15	21.8	0.0	188.605	6.88	6.537	0.0	86.402	22.697	-9.363	49.4	0.0	196.549	6.73	5.975	0.0	84.472	0.0	0.0	20.4	1.827	175.334	7.59	6.6	0.0	88.946	15.577	-20.651	42.4	1.601	176.981	7.06	6.412	0.0	84.32	27.564	-1.0	14.2	0.0	196.355	7.91	7.037	0.0	81.196	27.201	-26.366	21.0	1.71	171.169	6.85	6.912	0.0	91.251	27.056	-24.086	31.6	1.601	253.702	7.94
22.09	6.162	0.0	87.404	26.91	-8.435	22.0	2.087	215.342	6.99	6.412	0.0	85.566	34.829	-14.711	7.8	0.0	247.115	6.68	6.037	0.0	88.847	26.184	-1.659	27.0	0.0	224.254	7.22	7.225	0.0	90.618	32.286	-8.107	21.8	0.0	184.731	6.96	6.662	0.0	85.741	22.842	-9.35	49.4	0.0	199.067	6.62	5.85	0.0	85.226	0.0	0.0	20.4	0.0	190.833	7.44	6.475	0.0	89.062	15.504	-20.833	42.4	0.0	168.36	6.84	6.475	0.0	84.798	26.983	-1.0	14.2	1.76	193.933	7.42	6.6	0.0	83.053	26.329	-25.595	21.0	0.0	157.607	7.21	7.037	0.0	88.981	26.91	-24.016	31.6	0.0	234.328	7.64
122.17	5.912	1.063	0.0	26.765	-8.36	22.0	1.383	235.49	6.99	6.35	0.532	85.566	34.684	-14.629	7.8	0.0	249.343	6.63	6.1	0.0	89.162	27.346	-1.432	27.0	0.0	215.923	7.21	7.35	0.0	90.895	32.577	-8.111	21.8	2.036	192.093	6.92	6.725	0.0	86.389	22.842	-9.349	49.4	0.989	210.595	6.71	6.6	0.0	84.629	0.0	0.0	20.4	0.0	174.656	7.63	6.725	0.0	88.136	15.722	-20.905	42.4	0.0	177.562	6.79	6.412	0.0	85.015	27.128	-1.0	14.2	1.567	197.711	7.6	6.912	0.0	82.364	27.491	-25.811	21.0	0.0	171.847	7.01	6.787	0.0	89.849	27.056	-23.933	31.6	1.869	249.343	7.77
0.0	6.225	0.0	0.0	26.692	-8.379	22.0	0.0	239.946	6.64	6.412	2.659	86.973	34.756	-14.437	7.8	1.433	283.732	6.76	6.1	0.0	88.889	26.256	-1.786	27.0	1.978	238.59	7.67	7.662	0.0	89.054	32.286	-8.145	22.0	0.0	191.705	7.36	6.287	0.0	84.183	22.697	-9.4	49.6	0.0	237.04	6.86	6.412	0.0	84.94	0.0	0.0	20.4	0.0	193.74	7.76	6.787	0.0	87.655	16.013	-19.951	42.4	0.0	153.732	6.76	6.6	0.0	85.488	26.765	-1.0	14.2	1.483	223.866	7.54	6.787	0.0	82.916	27.273	-25.971	21.2	0.0	168.263	7.19	6.975	0.0	89.633	26.765	-24.438	31.6	0.0	221.541	7.74
-1.0	6.225	0.0	0.0	26.765	-8.673	22.0	2.036	279.566	7.46	6.475	0.0	84.206	34.829	-14.449	7.8	1.341	294.678	6.44	6.1	0.0	90.005	26.329	-1.68	27.0	0.0	210.595	7.52	7.35	0.0	89.412	32.432	-8.111	22.0	0.0	201.586	7.11	6.6	0.0	86.278	22.697	-9.343	49.6	1.475	208.27	7.02	6.287	0.0	83.147	0.0	0.0	20.4	0.0	200.036	7.64	6.725	0.0	88.472	15.722	-20.686	42.4	0.0	176.884	6.81	6.412	0.0	85.454	27.346	-1.0	14.2	1.634	196.355	7.42	6.787	0.0	83.404	25.893	-25.241	21.2	1.827	158.479	7.06	6.975	0.0	90.576	26.62	-24.107	31.6	1.852	270.364	8.11
-1.0	6.1	1.063	0.0	26.62	-8.365	22.0	1.55	214.857	6.77	6.537	0.0	86.217	34.829	-14.198	8.0	0.0	270.945	6.52	6.162	0.0	89.722	26.256	-1.666	27.0	1.081	219.216	7.74	7.412	0.0	88.341	32.94	-8.136	22.0	1.927	218.829	7.21	6.912	0.0	84.978	22.551	-9.382	49.6	0.0	221.154	6.8	5.975	0.0	84.834	0.0	0.0	20.4	1.332	180.081	7.34	6.85	0.0	90.194	15.94	-20.722	42.4	0.0	183.665	6.83	6.537	0.0	85.345	27.419	-1.0	14.2	1.911	207.979	7.5	6.725	0.0	83.376	26.474	-26.351	21.2	1.651	177.95	7.36	7.1	0.0	89.458	26.692	-24.26	31.8	1.433	324.223	7.58
-1.0	6.162	0.532	0.0	26.692	-8.38	22.2	1.617	202.167	6.6	6.35	0.0	87.254	34.248	-14.035	8.0	0.0	297.584	6.43	6.225	0.0	89.764	26.983	-1.828	27.0	1.391	204.783	7.22	7.225	0.0	90.466	32.286	-2.852	22.0	1.953	229.678	7.38	6.85	0.0	84.442	22.261	-9.534	49.8	0.0	256.027	6.75	6.287	0.0	84.177	0.0	0.0	20.6	1.416	187.831	7.64	6.85	1.595	88.958	15.577	-20.397	42.4	1.927	182.406	6.82	6.537	0.0	85.548	26.983	-1.0	14.2	1.274	165.454	7.74	6.912	0.0	82.538	26.547	-26.617	21.2	0.0	174.656	7.1	6.975	0.0	89.741	26.474	-24.328	31.8	1.894	229.194	7.72
-1.0	6.1	1.063	0.0	26.692	-8.365	22.2	0.0	0.0	7.0	6.35	0.0	86.069	34.611	-14.035	8.0	0.0	290.125	6.74	6.287	0.0	89.256	26.402	-1.743	27.2	0.0	174.559	7.61	7.287	0.0	88.287	32.432	-2.91	22.0	0.0	192.674	7.5	7.1	0.0	83.68	22.624	-9.492	49.8	1.156	281.6	7.21	6.662	0.0	82.51	0.0	0.0	20.6	1.022	234.909	7.78	6.725	0.532	88.151	15.722	-20.686	42.4	0.0	196.355	6.8	6.662	0.0	85.52	26.765	-1.0	14.4	1.919	216.02	7.51	6.85	0.0	83.003	27.056	-26.197	21.2	0.0	159.157	7.37	6.912	0.0	88.448	26.402	-24.527	31.8	0.0	335.073	7.76
-1.0	5.787	0.532	0.0	26.547	-8.354	22.2	0.0	193.255	6.13	6.162	0.0	88.575	34.321	-14.731	8.0	1.953	206.042	7.21	6.6	0.0	86.799	26.983	-1.92	27.2	1.106	159.641	7.78	7.35	0.0	87.255	32.141	-8.111	22.0	0.0	218.441	6.34	6.35	0.0	88.782	22.043	-9.408	49.8	1.668	214.082	7.21	6.475	0.0	82.934	0.0	0.0	20.6	1.701	228.419	7.74	6.662	0.532	87.918	15.432	-20.56	42.6	0.0	180.372	6.77	6.412	0.0	85.741	27.564	-1.0	14.4	1.844	152.57	7.21	6.787	0.0	84.008	26.983	-26.274	21.2	0.0	151.02	6.44	6.725	0.0	91.949	26.329	-24.244	31.8	0.98	125.64	8.15
-1.0	5.787	0.532	0.0	27.056	-8.323	22.2	0.0	189.38	5.91	5.975	0.0	89.803	34.611	-13.779	8.0	1.827	243.628	6.15	6.037	0.0	91.173	26.765	-1.835	27.2	1.735	187.152	6.64	6.912	0.0	93.051	32.214	-2.811	22.0	0.0	201.005	6.17	6.6	0.0	89.632	22.333	-9.47	49.8	1.039	207.786	6.34	6.1	0.0	85.727	0.0	0.0	20.6	1.785	192.48	7.62	6.725	0.0	88.422	15.432	-20.47	42.6	1.961	179.015	6.94	6.662	0.0	84.822	26.62	-1.0	14.4	1.048	194.224	7.4	6.6	0.0	84.053	26.038	-26.005	21.2	0.0	191.124	5.9	6.537	0.0	95.124	26.692	-24.29	31.8	0.0	224.544	8.0
-1.0	5.912	1.063	0.0	26.62	-8.336	22.2	0.0	209.336	6.14	6.1	0.0	89.19	34.175	-14.115	8.0	0.0	242.368	6.08	6.1	0.0	91.324	27.056	-1.751	27.2	0.0	222.994	6.42	7.287	0.0	93.862	32.432	-8.104	22.2	0.0	189.38	6.16	6.475	0.0	89.889	22.406	-9.444	49.8	0.0	190.155	6.0	5.85	0.0	87.483	0.0	0.0	20.6	0.0	187.734	6.92	6.412	0.532	91.652	16.013	-20.706	42.6	1.014	192.48	6.4	6.287	0.0	87.093	27.564	-1.0	14.4	0.0	216.988	6.96	6.412	0.0	85.262	27.056	-1.0	21.2	0.0	197.033	5.95	6.6	0.0	95.66	26.256	-24.311	31.8	1.86	239.365	7.16
5.44	5.787	0.0	85.824	26.692	-8.339	22.4	0.0	216.795	6.3	6.037	0.0	88.531	34.684	-15.751	8.2	0.0	239.365	5.93	5.912	0.0	91.792	26.91	-1.652	27.2	0.0	196.549	6.44	6.912	0.0	93.599	31.705	-8.082	22.2	1.844	167.488	6.24	6.475	0.0	89.78	22.333	-9.365	49.8	0.0	196.646	6.02	6.162	0.0	87.644	0.0	0.0	20.8	1.953	175.819	7.04	6.6	0.0	91.535	15.432	-21.418	42.8	0.0	175.819	6.3	6.287	0.0	87.913	27.273	-1.0	14.6	1.919	188.993	7.14	6.537	0.0	84.708	26.111	-26.38	21.4	0.98	169.91	6.76	6.662	0.0	92.686	26.111	-24.332	31.8	1.643	315.989	7.14
6.14	5.787	0.532	87.118	26.62	-8.354	22.4	0.0	201.392	6.23	6.1	3.19	88.82	34.393	-14.511	8.2	0.0	238.493	5.91	5.912	0.0	92.123	27.201	-1.687	27.2	0.0	206.042	6.44	6.85	0.0	93.392	32.432	-8.057	22.2	2.045	158.285	6.26	6.412	0.0	89.525	21.752	-9.357	50.0	0.905	196.355	5.93	5.85	0.0	87.82	0.0	0.0	20.8	1.844	157.22	7.05	6.537	0.532	91.046	15.65	-21.18	42.8	0.0	166.519	6.18	6.287	0.0	88.258	27.128	-1.0	14.6	1.835	174.559	7.04	6.662	0.0	85.006	25.893	-26.229	21.4	0.0	154.507	6.88	6.85	0.0	91.727	25.748	-24.506	32.0	0.0	247.405	7.08
45.62	5.85	1.063	98.037	26.184	-8.329	22.4	0.0	200.036	6.16	6.037	0.0	88.977	34.321	-14.991	8.2	1.902	231.616	5.92	6.037	0.0	92.0	26.838	-1.659	27.4	1.944	147.339	6.66	7.037	0.0	92.91	31.996	-8.077	22.2	0.0	102.876	6.25	6.537	0.0	89.869	21.752	-9.683	50.0	2.07	195.096	6.04	5.975	0.0	87.538	0.0	0.0	20.8	1.743	154.217	7.2	6.725	6.381	90.591	16.013	-21.455	42.8	1.089	177.369	6.44	6.475	0.0	87.058	27.782	-1.0	14.6	2.078	177.756	7.21	6.662	0.0	84.748	26.038	-26.128	21.4	0.98	179.5	6.06	6.6	0.0	94.845	25.603	-24.421	32.0	1.869	226.578	7.21
0.0	5.85	2.659	0.0	26.692	-8.408	22.4	1.894	202.167	6.07	5.975	0.0	89.585	34.756	-14.907	8.2	1.182	256.027	6.04	6.037	0.0	91.8	26.474	-1.624	27.4	0.0	174.463	7.01	7.1	0.0	91.143	32.722	-8.093	22.2	0.0	190.446	6.04	6.225	0.0	90.461	22.188	-9.287	50.0	1.19	186.862	6.57	6.1	0.0	85.738	0.0	0.0	20.8	0.0	196.646	8.26	6.787	0.0	86.011	15.94	-22.142	42.8	0.0	224.544	6.81	6.475	0.0	86.204	27.491	-1.0	14.6	1.299	180.759	7.71	6.787	0.0	83.144	27.273	-26.571	21.4	0.0	174.85	6.0	6.662	0.0	94.95	25.385	-24.876	32.0	1.165	207.204	8.03
-1.0	5.725	0.0	0.0	26.91	-8.316	22.4	1.299	184.634	6.31	6.037	0.0	89.015	34.393	-15.064	8.2	1.056	220.379	6.15	6.037	0.0	91.045	27.128	-1.624	27.4	1.307	176.206	6.73	7.1	0.0	92.342	32.504	-8.102	22.2	1.844	182.987	6.04	6.287	0.0	90.418	22.406	-9.286	50.0	1.182	190.155	6.3	5.975	0.0	86.485	0.0	0.0	20.8	1.131	176.981	8.09	6.912	0.532	86.517	15.65	-21.845	42.8	0.0	200.036	6.75	6.537	0.0	86.076	26.91	-1.0	14.6	0.0	273.27	7.9	6.912	0.0	82.196	25.748	-25.811	21.4	0.0	181.631	6.01	6.475	0.0	94.872	25.312	-24.704	32.0	1.324	207.204	8.02
5.36	5.912	0.0	86.164	26.765	-8.376	22.4	0.0	173.688	6.48	6.225	0.532	88.224	34.611	-15.326	8.2	0.0	140.752	6.41	6.1	0.0	90.9	26.474	-1.715	27.4	0.0	181.825	6.7	6.912	0.0	92.628	32.359	-8.082	22.2	0.989	175.431	6.43	6.6	0.0	89.395	21.825	-9.271	50.0	0.0	189.768	6.22	5.912	0.0	86.713	0.0	0.0	20.8	0.0	174.656	7.25	6.662	0.532	90.517	15.286	-22.328	42.8	0.0	190.059	6.78	6.412	0.0	86.106	27.564	-1.0	14.6	1.291	196.355	7.63	6.85	0.0	83.29	26.111	-26.297	21.4	0.0	180.081	6.08	6.475	0.0	94.607	25.167	-23.719	32.0	0.0	157.995	7.26
5.56	5.725	0.0	85.831	26.765	-8.292	22.4	0.0	173.494	6.56	6.287	1.595	87.579	34.756	-15.804	8.2	0.0	264.164	6.52	6.162	0.0	90.069	25.966	-1.666	27.4	0.0	129.612	7.02	7.1	0.0	91.551	32.722	-8.102	22.4	0.955	171.556	6.81	6.662	0.0	87.775	21.389	-9.279	50.0	0.0	211.757	6.42	5.975	0.0	86.56	0.0	0.0	20.8	0.0	170.007	7.58	6.6	0.0	89.558	15.795	-22.197	42.8	1.919	175.819	6.86	6.475	0.0	85.808	27.201	-1.0	14.6	0.0	196.743	7.8	6.85	0.0	82.576	26.765	-26.594	21.4	1.994	193.062	6.39	6.787	0.0	93.564	25.094	-23.71	32.0	0.0	260.967	7.54
