-1.0	18.038	467.382	3.536	25.675	-14.491	0.4	1.659	192.674	11.11	11.412	480.144	48.892	34.393	-1.0	40.6	0.93	220.669	10.12	8.162	0.0	48.824	25.603	-2.857	11.2	1.718	182.406	11.56	20.663	0.0	48.299	30.906	-10.307	0.0	1.718	167.294	10.76	13.6	0.0	49.71	11.944	-10.342	24.8	1.542	195.58	9.54	11.412	0.0	50.434	0.0	0.0	0.0	1.793	165.647	10.24	6.537	316.905	52.262	10.419	-24.94	19.0	1.827	172.234	10.13	9.85	0.0	50.819	26.91	-25.459	46.2	1.475	176.012	10.13	5.6	0.0	48.733	26.111	-1.0	0.0	0.905	146.08	13.28	21.288	0.0	40.765	12.09	-29.542	8.6	0.0	258.255
-1.0	17.975	490.778	0.0	24.876	-14.914	0.4	1.668	169.038	11.2	11.1	515.769	49.059	34.03	-1.0	40.6	2.011	235.394	10.51	9.162	0.0	47.012	25.094	-3.394	11.2	1.819	208.367	11.85	22.1	0.0	49.824	31.996	-10.481	0.0	1.567	181.243	11.0	13.787	0.0	51.335	11.363	-10.392	24.8	1.483	197.518	9.86	12.037	0.0	50.142	0.0	0.0	0.0	1.559	175.237	11.05	7.162	485.461	46.391	10.927	-24.503	19.0	0.0	184.537	10.56	10.225	0.0	49.314	27.056	-25.714	46.2	0.0	203.523	10.65	5.787	0.0	46.247	26.765	-1.0	0.0	0.0	127.19	12.74	22.913	0.0	43.228	11.654	-29.518	8.6	0.93	239.656
-1.0	19.975	475.89	0.0	25.53	-14.895	0.4	0.0	187.831	11.85	11.725	524.276	48.492	34.248	-1.0	40.6	0.939	312.986	10.56	9.537	0.0	46.8	25.312	-3.527	11.2	1.835	198.292	12.72	21.288	0.0	47.855	31.124	-10.403	0.0	0.0	197.324	10.41	14.1	0.0	53.671	11.581	-10.297	24.8	1.383	190.833	10.89	12.412	0.0	47.933	0.0	0.0	0.0	1.894	204.395	10.5	7.162	478.548	52.237	10.782	-24.392	19.0	1.978	168.747	10.35	10.162	0.0	51.944	27.056	-25.69	46.2	1.559	190.543	10.2	5.6	0.0	50.004	25.893	-1.0	0.0	0.947	154.701	12.53	22.6	0.0	42.979	11.654	-29.794	8.6	1.751	194.03
-1.0	19.788	477.485	8.625	24.731	-14.903	0.4	0.0	227.741	11.46	10.975	513.642	47.32	33.739	-1.0	40.6	1.777	302.234	10.9	10.35	0.0	46.216	25.53	-3.968	11.2	1.349	236.653	12.52	22.663	0.0	48.641	30.906	-10.665	0.0	1.575	184.149	11.1	14.537	0.0	49.508	11.944	-10.373	24.8	0.0	189.38	10.28	12.412	0.0	49.984	0.0	0.0	0.0	1.793	173.494	11.54	8.6	487.588	45.696	10.782	-25.23	19.0	2.103	178.434	10.44	10.412	0.0	49.667	27.273	-25.784	46.2	1.031	204.008	10.04	5.6	0.0	50.563	26.692	-1.0	0.0	1.676	163.226	12.72	22.725	0.0	42.421	12.017	-29.713	8.6	1.123	215.148
-1.0	19.1	484.397	30.373	25.021	-14.738	0.4	0.0	293.031	11.8	11.85	527.998	49.539	34.03	-1.0	40.6	1.5	314.827	11.06	10.725	0.0	46.078	24.731	-4.063	11.2	1.056	196.355	12.61	20.975	0.0	42.473	30.833	-10.391	0.0	0.0	213.792	11.22	14.475	0.0	48.472	11.291	-10.316	24.8	0.0	190.155	10.51	12.162	0.0	47.106	0.0	0.0	0.0	1.919	165.55	11.43	10.225	493.437	48.127	10.855	-25.25	19.0	1.45	162.451	10.86	10.787	0.0	48.55	27.056	-25.927	46.2	0.0	228.903	10.45	5.85	0.0	48.868	26.474	-1.0	0.0	1.115	130.871	13.08	23.913	0.0	42.591	12.162	-30.953	8.6	0.0	202.845
-1.0	19.538	502.476	28.483	24.949	-14.79	0.4	0.0	221.832	11.79	11.537	533.316	48.546	33.885	-1.0	40.6	0.0	273.851	10.7	10.35	0.0	46.598	25.457	-4.007	11.2	1.048	154.41	12.08	21.6	0.0	48.397	30.906	-10.508	0.0	1.869	135.521	10.68	14.412	0.0	51.99	11.872	-10.27	24.8	0.0	160.707	10.19	11.912	0.0	48.957	0.0	0.0	0.0	1.726	137.749	11.4	11.225	507.793	49.394	11.073	-26.095	19.0	1.366	171.169	11.12	10.975	0.0	48.18	27.201	-25.999	46.2	0.0	179.693	10.57	5.85	0.0	47.985	25.893	-1.0	0.0	1.207	150.051	12.84	22.975	0.0	45.094	11.872	-30.287	8.6	0.0	274.529
-1.0	19.538	512.578	29.844	25.021	-14.897	0.4	1.961	276.757	11.29	10.662	551.926	47.423	33.957	-1.0	40.6	0.0	295.162	10.28	10.537	0.0	48.536	25.312	-8.482	11.2	1.777	164.194	12.09	22.1	0.0	49.206	31.487	-10.606	0.0	1.701	159.932	10.48	14.412	0.0	52.114	11.581	-10.279	24.8	1.374	194.999	10.25	12.537	0.0	49.119	0.0	0.0	0.0	1.467	156.057	10.97	11.662	523.213	51.818	11.0	-26.383	19.0	1.45	182.212	11.15	11.287	0.0	46.372	26.692	-26.119	46.2	0.0	170.588	10.73	5.787	0.0	47.102	25.893	-1.0	0.0	0.0	152.182	12.52	22.475	0.0	43.523	12.235	-30.309	8.6	1.324	227.547
-1.0	21.225	507.793	32.211	25.53	-15.151	0.4	0.0	321.898	11.73	11.787	546.077	47.103	34.175	-1.0	40.6	1.994	244.015	9.96	10.475	0.0	50.186	24.803	-8.513	11.2	1.961	156.057	12.1	22.475	0.0	50.443	30.979	-10.652	0.0	1.399	169.038	10.22	14.412	0.0	52.501	11.872	-10.234	24.8	1.743	179.984	10.03	12.662	0.0	50.379	0.0	0.0	0.0	1.316	165.744	10.96	11.975	517.896	51.846	10.419	-26.86	19.0	0.989	172.428	10.91	11.35	0.0	50.252	26.765	-26.378	46.2	0.0	275.788	10.71	6.1	0.0	48.096	26.111	-1.0	0.0	0.0	162.354	13.42	24.163	0.0	42.727	12.235	-31.095	8.6	0.0	247.502
-1.0	20.038	495.032	30.241	25.312	-14.805	0.4	1.349	206.43	11.46	11.287	537.569	46.662	33.885	-1.0	40.6	1.5	245.952	10.04	10.787	0.0	49.122	25.312	-8.598	11.2	1.71	157.607	11.88	22.475	0.0	49.735	30.979	-10.693	0.0	1.735	172.719	10.65	14.725	0.0	51.682	11.654	-10.273	24.8	1.182	181.534	10.23	12.787	0.0	50.925	0.0	0.0	0.0	1.366	165.357	11.56	12.162	503.539	47.707	10.637	-1.0	19.0	1.651	165.744	11.36	11.662	0.0	47.245	26.692	-26.383	46.2	0.0	275.401	11.1	6.225	0.0	46.335	26.838	-1.0	0.0	1.332	168.844	14.38	24.475	0.0	41.994	12.017	-31.876	8.6	0.0	204.008
-1.0	19.538	504.071	30.571	25.167	-14.633	0.4	0.0	162.935	12.02	12.6	529.594	47.297	35.192	-1.0	40.6	0.0	194.418	11.0	11.787	0.0	45.378	25.021	-8.671	11.2	1.316	192.48	12.04	22.288	0.0	48.952	31.269	-10.598	0.0	1.575	167.875	11.04	15.35	0.0	50.024	11.436	-10.379	24.8	1.349	186.668	10.21	12.85	0.0	48.713	0.0	0.0	0.0	1.45	176.206	11.76	12.725	510.452	46.794	10.492	-26.808	19.0	0.0	165.647	10.99	11.662	0.0	49.525	27.056	-25.91	46.2	0.0	172.816	11.07	6.225	0.0	45.765	27.056	-1.0	0.0	0.0	140.558	14.04	23.788	0.0	39.702	11.872	-31.181	8.6	0.922	183.471
-1.0	19.725	511.515	34.55	24.949	-14.782	0.4	1.089	222.316	11.5	11.975	544.482	45.502	33.885	-1.0	40.6	1.349	229.291	11.19	11.1	0.0	44.673	25.603	-8.664	11.2	1.324	157.317	11.78	21.975	0.0	48.109	31.415	-10.694	0.0	1.416	159.448	10.53	14.6	0.0	53.448	11.363	-10.299	24.8	1.291	180.081	10.64	13.1	0.0	47.963	0.0	0.0	0.0	1.559	161.385	11.74	12.725	505.666	46.665	11.0	-26.928	19.0	1.115	161.676	10.83	11.162	0.0	50.303	26.765	-26.42	46.2	1.056	159.738	10.67	5.912	0.0	49.328	26.184	-1.0	0.0	0.0	137.846	13.02	23.1	0.0	42.165	11.944	-30.796	8.6	1.609	216.02
-1.0	21.35	503.539	25.091	24.803	-15.348	0.4	0.0	199.455	12.04	12.912	546.077	46.923	34.538	-1.0	40.6	0.0	203.427	10.62	11.037	0.0	46.212	25.385	-8.609	11.2	0.0	184.149	11.37	21.538	0.0	48.771	31.56	-10.497	0.0	0.0	176.206	10.34	14.975	0.0	52.819	11.508	-10.554	24.8	1.249	172.719	9.66	11.975	0.0	50.42	0.0	0.0	0.0	0.0	176.787	11.35	12.725	516.832	50.587	10.564	-27.284	19.0	1.391	167.004	10.84	11.412	0.0	47.802	26.692	-25.932	46.2	1.106	228.806	10.56	6.037	0.0	48.697	26.474	-1.0	0.0	0.0	153.829	12.94	23.288	0.0	44.628	11.944	-30.9	8.6	1.684	179.112
-1.0	20.538	516.301	38.887	24.876	-15.033	0.4	0.0	183.762	11.24	11.975	545.545	51.581	33.739	-1.0	40.6	1.508	257.964	10.84	11.787	0.0	45.736	25.239	-8.71	11.2	1.902	186.959	11.51	22.663	0.0	47.981	31.051	-10.768	0.0	0.0	178.531	10.23	14.537	0.0	53.945	11.581	-10.289	24.8	1.827	179.112	9.74	11.787	0.0	49.359	0.0	0.0	0.0	0.0	166.81	11.24	12.162	532.784	48.661	11.0	-26.818	19.0	0.0	163.807	10.84	11.475	0.0	48.454	26.765	-26.192	46.2	1.332	194.321	10.16	6.225	0.0	50.824	26.983	-1.0	0.0	1.601	152.957	13.4	23.913	0.0	42.983	11.872	-31.401	8.6	1.198	189.38
-1.0	19.288	519.491	39.641	24.876	-14.677	0.4	1.575	200.424	11.48	12.6	556.18	49.188	34.248	-1.0	40.6	1.198	249.537	11.03	11.537	0.0	47.577	25.312	-8.66	11.2	1.743	154.314	11.95	23.1	0.0	52.166	31.415	-10.712	0.0	1.76	165.938	10.26	14.85	0.0	54.785	11.436	-10.412	24.8	1.684	165.744	10.3	12.725	0.0	50.507	0.0	0.0	0.0	1.651	176.497	11.19	12.725	533.316	49.952	10.492	-26.928	19.0	1.86	162.741	10.88	11.725	0.0	48.367	27.201	-26.525	46.2	1.098	187.831	10.41	6.162	0.0	48.801	26.111	-1.0	0.0	1.106	150.051	12.58	22.975	0.0	45.823	12.017	-30.581	8.6	1.927	189.38
-1.0	19.475	514.174	34.032	25.312	-14.722	0.4	1.676	169.232	12.39	12.6	547.14	51.525	34.321	-1.0	40.6	0.0	171.556	11.02	11.412	0.0	47.763	25.239	-8.616	11.2	0.0	196.355	11.94	22.475	0.0	51.096	31.124	-10.621	0.0	0.0	182.696	10.34	14.725	0.0	54.498	11.436	-10.383	24.8	2.028	179.112	9.9	12.662	0.0	52.305	0.0	0.0	0.0	2.103	174.269	11.08	12.6	526.403	52.136	10.274	-26.996	19.0	2.095	181.147	10.37	11.225	0.0	51.37	27.346	-25.742	46.2	1.224	170.588	10.66	6.412	0.0	49.758	26.765	-1.0	0.0	1.743	164.194	11.85	22.85	0.0	46.993	11.799	-30.512	8.6	2.078	188.605
-1.0	21.288	509.92	40.424	25.53	-15.221	0.4	0.0	170.007	12.56	13.037	557.775	50.072	34.393	-1.0	40.6	0.0	172.138	11.12	11.787	0.0	46.682	24.876	-8.671	11.2	1.911	190.64	11.79	22.663	0.0	50.493	31.124	-10.644	0.0	0.0	175.044	10.39	14.787	0.0	55.665	12.235	-10.432	24.8	1.693	200.811	10.38	12.6	0.0	51.128	0.0	0.0	0.0	0.0	189.38	11.12	12.537	517.364	50.77	11.0	-26.852	19.0	0.0	163.129	10.46	11.662	0.0	51.504	26.91	-25.431	46.2	1.559	198.583	10.47	7.1	0.0	48.87	26.038	-1.0	0.0	1.684	154.507	12.02	23.85	0.0	48.389	11.726	-31.661	8.6	1.601	207.108
-1.0	21.35	543.95	32.603	25.53	-15.237	0.4	0.0	171.169	12.26	13.1	555.648	48.265	34.466	-1.0	40.6	0.0	188.993	11.3	11.725	0.0	45.919	25.312	-8.664	11.2	1.684	177.272	12.11	23.788	0.0	48.805	31.487	-10.849	0.0	1.886	177.369	10.82	15.85	0.0	53.61	11.872	-10.541	24.8	0.0	185.796	10.48	13.162	0.0	50.562	0.0	0.0	0.0	1.919	176.884	11.36	13.1	539.696	50.589	10.564	-27.082	19.0	1.919	164.291	10.67	11.662	0.0	51.411	26.765	-25.91	46.2	1.282	204.105	10.83	9.475	0.0	49.349	26.474	-1.0	0.0	1.048	134.165	12.91	24.1	0.0	44.113	11.799	-30.609	8.6	0.972	190.543
-1.0	21.1	529.062	38.824	25.603	-15.12	0.4	0.98	139.783	12.47	13.037	560.965	47.102	34.03	-1.0	40.6	0.0	190.446	10.28	10.725	0.0	48.938	25.675	-8.571	11.2	2.07	152.667	12.06	23.038	0.0	49.759	30.979	-10.711	0.0	0.0	176.109	10.05	15.037	0.0	53.619	11.872	-10.348	24.8	1.165	178.725	10.44	13.1	0.0	49.421	0.0	0.0	0.0	1.869	186.862	11.86	14.225	532.784	46.869	10.782	-27.799	19.0	1.19	156.251	11.21	12.35	0.0	48.657	26.692	-26.057	46.2	0.905	205.267	10.8	11.162	0.0	49.315	26.111	-1.0	0.0	0.0	136.877	12.86	23.975	0.0	45.414	12.017	-30.689	8.6	1.559	180.275
-1.0	21.6	558.306	43.182	25.53	-15.356	0.4	1.123	187.056	12.39	12.975	577.448	48.437	33.957	-1.0	40.6	0.0	185.796	10.2	10.662	0.0	49.082	25.312	-8.564	11.2	0.0	165.744	11.72	23.163	0.0	48.32	31.56	-10.745	0.0	0.0	177.659	10.11	15.475	0.0	53.388	11.363	-10.363	24.8	1.584	171.072	10.12	12.725	0.0	50.023	0.0	0.0	0.0	0.0	162.257	11.99	14.475	563.092	47.387	10.782	-27.785	19.0	0.0	156.251	11.14	12.162	0.0	49.637	26.765	-25.984	46.2	0.0	183.568	11.61	12.662	0.0	45.325	26.62	-1.0	0.0	1.156	137.846	12.78	22.975	0.0	45.341	11.944	-29.993	8.6	2.095	175.044
-1.0	21.1	538.101	44.285	24.876	-15.174	0.4	1.458	188.605	12.11	13.662	581.17	49.085	34.248	-1.0	40.6	0.0	224.641	10.1	10.85	0.0	49.591	25.094	-8.548	11.2	0.0	145.983	12.18	23.725	0.0	49.775	31.415	-10.816	0.0	0.0	174.269	10.64	16.1	0.0	53.764	11.944	-10.435	24.8	0.0	174.947	10.26	12.787	0.0	49.274	0.0	0.0	0.0	2.137	157.898	11.86	14.412	551.394	50.041	10.637	-28.001	19.0	1.207	165.938	11.02	12.287	0.0	49.652	26.547	-25.912	46.2	1.148	172.331	11.38	13.6	0.0	47.341	26.402	-1.0	0.0	0.0	195.386	12.99	24.975	0.0	46.19	11.872	-30.492	8.6	1.684	172.719
-1.0	21.6	530.657	43.059	24.949	-15.246	0.4	0.0	217.86	12.03	12.85	576.385	47.235	34.103	-1.0	40.6	1.299	227.935	10.53	11.787	0.0	48.94	24.949	-8.739	11.2	1.374	181.243	12.58	24.788	0.0	49.208	30.906	-11.006	0.0	1.299	175.237	11.32	16.475	0.0	50.338	11.508	-10.512	24.8	0.0	174.947	10.93	13.85	0.0	48.031	0.0	0.0	0.0	0.964	160.707	11.78	14.1	553.521	48.234	10.709	-27.745	19.0	1.45	171.944	11.21	12.6	0.0	48.285	26.91	-25.913	46.2	0.0	226.578	11.47	13.1	0.0	48.412	26.547	-1.0	0.0	0.913	134.262	13.44	25.538	0.0	43.02	11.872	-31.278	8.6	1.131	172.719
-1.0	21.038	528.53	46.679	25.021	-15.05	0.4	0.0	124.381	12.58	13.537	571.068	45.823	34.03	-1.0	40.6	0.0	223.479	11.49	13.287	0.0	45.658	25.603	-8.89	11.2	0.0	215.245	12.84	24.35	0.0	46.424	31.56	-10.933	0.0	0.0	178.144	11.1	16.225	0.0	52.866	11.799	-10.446	24.8	0.0	164.872	11.1	13.912	0.0	48.612	0.0	0.0	0.0	0.0	160.223	11.96	14.725	546.077	48.413	10.564	-28.501	19.0	0.0	171.75	11.58	13.037	0.0	48.674	27.201	-26.695	46.2	0.0	226.772	12.03	13.287	0.0	46.324	26.256	-1.0	0.0	0.0	118.762	13.52	24.475	0.0	44.537	11.944	-30.213	8.6	1.165	172.816
-1.0	19.35	511.515	46.197	25.167	-14.745	0.4	1.056	128.062	12.95	14.037	569.473	45.615	34.103	-1.0	40.6	0.0	223.479	10.92	11.537	0.0	48.123	25.385	-8.67	11.2	1.106	136.586	12.56	24.1	0.0	46.39	30.979	-10.886	0.0	0.0	171.556	11.16	15.787	0.0	52.693	11.799	-10.318	24.8	0.905	169.619	11.14	13.912	0.0	48.183	0.0	0.0	0.0	0.0	162.257	12.4	14.537	536.506	45.611	10.637	-28.656	19.0	0.0	171.847	12.14	13.35	0.0	44.533	27.056	-26.333	46.2	0.0	196.258	12.26	13.975	0.0	43.685	26.474	-1.0	0.0	0.0	118.666	13.12	23.975	0.0	44.17	11.944	-30.689	8.6	1.969	170.297
-1.0	20.163	514.174	48.266	24.949	-14.941	0.4	1.567	185.893	12.6	12.912	541.823	50.386	34.321	-1.0	40.6	0.0	180.856	10.26	10.912	0.0	50.195	25.53	-8.555	11.2	1.927	143.27	11.88	22.225	0.0	50.597	31.124	-10.438	0.0	2.045	125.834	11.16	16.1	0.0	51.143	11.508	-10.461	24.8	0.0	169.135	11.19	13.662	0.0	48.22	0.0	0.0	0.0	0.93	159.448	12.89	14.975	546.077	47.124	11.073	-29.325	19.0	0.0	169.619	11.77	12.412	0.0	47.859	27.201	-26.082	46.2	0.0	173.494	13.0	14.85	0.0	43.451	26.111	-1.0	0.0	0.0	118.956	12.53	23.975	0.0	45.532	12.162	-30.389	8.6	1.793	180.662
-1.0	19.538	522.681	47.729	25.239	-14.951	0.4	1.827	148.017	13.52	13.6	566.814	50.51	33.957	-1.0	40.6	0.0	152.182	10.24	11.162	0.0	50.987	25.167	-8.624	11.2	2.137	181.825	12.35	23.85	0.0	48.619	31.051	-10.829	0.0	1.224	167.875	10.44	15.6	0.0	54.573	11.872	-10.365	24.8	1.383	193.933	11.06	13.725	0.0	48.916	0.0	0.0	0.0	0.0	151.795	12.39	14.787	556.18	51.586	11.0	-28.409	19.0	0.0	177.659	11.32	12.787	0.0	47.739	27.128	-26.351	46.2	1.19	177.272	12.62	14.912	0.0	47.027	26.184	-1.0	0.0	0.0	162.16	12.91	25.038	0.0	45.038	12.09	-30.681	8.6	1.425	180.081
-1.0	18.788	554.584	46.529	24.803	-15.656	0.4	2.02	135.327	13.06	13.725	585.956	47.522	34.03	-1.0	40.6	0.0	131.452	10.55	11.787	0.0	49.897	25.239	-8.71	11.2	1.643	173.494	12.05	23.475	0.0	48.953	30.833	-10.748	0.0	1.86	177.369	10.47	16.1	0.0	55.529	11.436	-10.479	24.8	1.626	192.771	10.65	13.1	0.0	50.431	0.0	0.0	0.0	1.475	173.881	11.82	14.412	576.917	50.313	10.709	-28.951	19.0	1.383	170.975	10.98	12.85	0.0	51.667	27.056	-26.859	46.2	1.081	186.668	11.86	14.475	0.0	47.87	26.111	-1.0	0.0	0.0	150.923	12.03	23.6	0.0	46.639	11.944	-30.63	8.6	2.078	173.881
-1.0	20.975	550.331	45.774	25.312	-15.657	0.4	1.249	160.61	13.45	14.1	594.995	47.948	34.248	-1.0	40.6	0.0	131.549	11.48	11.975	0.0	47.26	24.949	-4.628	11.2	1.517	181.243	12.42	24.288	0.0	50.578	30.979	-10.855	0.0	1.978	175.722	10.65	15.975	0.0	55.05	11.508	-10.486	24.8	1.55	175.625	10.8	13.412	0.0	51.338	0.0	0.0	0.0	2.02	163.032	11.96	14.85	570.536	51.068	10.782	-29.267	19.0	1.383	168.069	10.91	12.912	0.0	51.078	26.692	-26.765	46.2	1.391	214.954	11.5	13.787	0.0	49.531	26.91	-1.0	0.0	0.955	152.57	11.78	24.725	0.0	49.444	12.017	-30.199	8.6	2.087	190.737
-1.0	22.663	543.95	42.935	24.949	-15.306	0.4	0.0	219.894	12.26	13.225	592.868	47.107	33.957	-1.0	40.6	1.391	212.339	11.72	12.412	0.0	46.506	25.385	-8.798	11.2	2.07	194.224	12.92	23.975	0.0	46.245	31.051	-10.884	0.0	2.137	178.531	11.06	16.663	0.0	53.102	11.291	-10.634	24.8	0.0	173.784	11.18	13.1	0.0	49.21	0.0	0.0	0.0	1.793	200.617	12.02	14.85	579.044	50.892	10.855	-29.612	19.0	1.534	164.582	10.98	12.725	0.0	50.904	26.765	-26.205	46.2	1.584	208.173	11.5	13.787	0.0	49.561	26.62	-1.0	0.0	0.955	123.993	12.58	25.6	0.0	47.868	11.872	-31.004	8.6	1.525	185.699
-1.0	22.413	523.213	45.623	25.457	-15.512	0.4	0.0	155.573	13.09	14.225	585.956	45.251	34.393	-1.0	40.6	0.0	211.079	12.06	13.537	0.0	44.873	25.385	-8.902	11.2	0.0	158.77	13.15	23.6	0.0	44.94	31.415	-10.771	0.0	2.078	205.945	10.43	16.225	0.0	53.644	11.872	-10.591	24.8	1.156	180.565	11.61	14.037	0.0	48.181	0.0	0.0	0.0	1.601	189.38	12.31	15.037	559.902	49.359	10.855	-29.585	19.0	1.224	113.241	11.14	12.912	0.0	50.896	26.765	-27.124	46.2	0.0	258.352	12.06	13.725	0.0	45.855	26.474	-1.0	0.0	1.492	101.035	13.02	25.163	0.0	46.257	11.944	-30.598	8.6	1.232	179.984
-1.0	18.725	505.666	43.12	25.312	-14.545	0.4	1.592	147.048	13.3	13.912	532.784	45.911	33.521	-1.0	40.6	0.0	126.028	11.4	11.975	0.0	48.496	25.53	-8.645	11.2	0.0	160.804	13.12	24.725	0.0	42.757	31.342	-10.994	0.0	1.291	197.421	10.76	15.975	0.0	53.841	11.944	-10.477	24.8	1.391	168.844	12.0	13.912	0.0	44.452	0.0	0.0	0.0	0.0	218.248	12.94	14.912	535.443	46.594	11.291	-29.978	19.0	1.014	182.793	11.66	13.475	0.0	49.273	27.056	-27.598	46.2	1.048	239.365	12.14	13.912	0.0	46.527	26.547	-1.0	0.0	0.0	121.087	12.28	23.288	0.0	46.418	11.944	-31.047	8.6	2.045	194.611
