-0.18	-0.588	0.532	90.947	25.021	-14.108	35.2	0.0	68.39	-1.4	-0.025	5.317	56.806	33.013	-7.433	29.0	0.0	90.186	-0.96	0.225	0.0	69.659	24.077	-11.386	0.8	0.0	44.56	-0.62	1.538	0.0	59.053	31.269	-0.484	36.0	0.0	46.304	-0.81	0.662	0.0	94.112	11.363	-8.694	1.6	0.0	71.974	-0.3	0.85	0.0	98.192	0.0	0.0	1.2	0.0	46.788	-0.32	0.975	0.0	90.131	9.256	-23.447	1.0	0.0	43.495	-0.94	1.725	0.0	71.206	26.983	-10.749	32.6	0.0	45.141	-0.25	1.413	0.0	38.652	20.808	-12.709	1.0	0.0	348.634	-0.92	0.6	0.0	29.851	8.748	-1.0	38.2	0.0	79.143
-0.22	-0.65	0.0	90.936	24.731	-14.028	35.2	0.0	68.39	-1.4	-0.087	5.849	56.722	33.013	-7.411	29.0	0.0	89.605	-0.96	0.037	0.0	69.659	24.004	-11.278	0.8	0.0	44.56	-0.6	1.663	0.0	58.945	31.197	-0.651	36.0	0.0	45.432	-0.8	0.787	0.0	94.115	10.782	-8.744	1.6	0.0	71.974	-0.27	0.975	0.0	98.183	0.0	0.0	1.2	0.0	46.691	-0.28	1.163	0.532	90.183	10.274	-23.504	1.0	0.0	42.526	-0.94	1.725	0.0	71.181	26.692	-10.95	32.6	0.0	46.207	1.1	1.475	0.0	38.353	20.299	-12.719	1.0	0.0	348.634	-0.92	0.475	0.0	29.851	9.111	-1.0	38.2	0.0	79.53
-0.17	-0.65	1.063	90.949	24.367	-13.37	35.2	0.0	68.39	-1.4	-0.275	0.0	56.89	33.086	-7.394	29.0	0.0	89.895	-0.96	-0.025	0.0	69.659	24.367	-11.393	0.8	0.0	44.076	-0.58	1.725	0.0	58.865	30.979	-0.765	36.0	0.0	44.851	-0.75	0.6	0.0	94.129	10.492	-8.724	1.6	0.0	72.071	-0.22	0.787	0.0	98.198	0.0	0.0	1.2	0.0	46.304	-0.3	1.288	0.532	90.178	9.983	-23.246	1.0	0.0	42.526	-1.0	1.725	0.0	71.144	26.474	-10.916	32.6	0.0	46.207	29.85	1.288	0.0	41.56	21.171	-12.634	1.0	0.0	348.925	-0.92	0.537	0.0	29.851	8.821	-1.0	38.2	0.0	79.53
-0.14	-0.4	2.127	90.957	24.658	-13.8	35.2	0.0	68.39	-1.38	-0.212	0.0	56.584	33.231	-7.408	29.0	0.0	90.379	-0.96	0.163	0.0	69.659	24.077	-11.336	0.8	0.0	44.56	-0.63	1.475	0.0	59.466	30.833	-0.738	36.0	0.0	45.044	-0.8	0.912	0.0	94.115	11.291	-8.739	1.6	0.0	72.168	-0.23	0.662	0.0	98.231	0.0	0.0	1.2	0.0	46.982	-0.39	1.1	12.761	90.113	9.329	-22.283	1.0	0.0	43.591	-1.09	1.475	0.0	71.025	26.474	-10.56	32.6	0.0	46.013	6.82	1.288	0.0	38.899	21.389	-12.634	1.0	0.0	348.925	-0.92	0.475	0.0	29.851	8.821	-1.0	38.2	0.0	79.724
-0.18	-0.588	0.0	90.947	25.021	-13.318	35.2	0.0	68.39	-1.37	-0.212	0.532	56.557	32.94	-7.408	29.0	0.0	90.089	-0.96	-0.025	0.0	69.659	23.714	-11.477	0.8	0.0	44.754	-0.66	1.663	0.0	59.655	30.688	-0.589	36.0	0.0	45.238	-0.78	0.912	0.0	94.12	10.927	-8.776	1.6	0.0	72.168	-0.21	0.725	0.0	98.237	0.0	0.0	1.2	0.0	46.594	-0.36	1.163	0.532	90.121	9.983	-23.307	1.0	0.0	43.107	-1.05	1.788	0.0	71.083	27.201	-10.79	32.6	0.0	46.11	43.6	1.413	0.0	42.892	20.299	-12.341	1.0	0.0	349.022	-0.92	0.537	0.0	29.851	8.893	-1.0	38.2	0.0	79.433
-0.16	-0.4	0.0	90.952	25.167	-15.176	35.2	0.0	68.487	-1.4	0.037	0.0	57.031	32.795	-0.314	29.0	0.0	90.089	-0.95	-0.025	0.0	69.686	23.496	-11.393	0.8	0.0	44.366	-0.64	1.475	0.0	59.52	31.633	-0.554	36.0	0.0	45.141	-0.78	0.787	0.0	94.12	10.709	-8.763	1.6	0.0	71.974	-0.18	0.85	0.0	98.283	0.0	0.0	1.2	0.0	46.885	-0.36	1.225	4.785	90.121	9.329	-22.928	1.0	0.0	42.72	-1.03	1.725	0.0	71.112	26.765	-10.686	32.6	0.0	45.722	31.5	1.413	0.0	41.737	20.808	-12.548	1.0	0.0	348.925	-0.95	0.475	0.0	29.849	8.966	-1.0	38.2	0.0	79.53
-0.25	-0.838	3.19	90.907	24.949	-13.66	35.2	0.0	68.487	-1.46	-0.212	0.532	58.139	32.867	-0.253	29.0	0.0	89.895	-0.96	-0.087	0.0	69.684	24.44	-11.343	0.8	0.0	44.173	-0.68	1.475	0.0	60.175	30.979	-0.677	36.0	0.0	45.238	-0.85	1.038	0.0	94.081	11.0	-8.848	1.6	0.0	71.877	0.01	1.1	0.0	98.449	0.0	0.0	1.2	0.0	46.691	-0.38	0.912	1.063	89.661	9.402	-22.433	1.0	0.0	42.913	-1.08	1.725	0.0	71.102	26.474	-10.782	32.6	0.0	46.207	-1.0	1.475	0.0	0.0	21.462	-12.664	1.0	0.0	349.022	-1.03	0.35	0.0	29.776	8.748	-1.0	38.2	0.0	79.724
-0.24	-0.713	0.532	90.89	24.731	-13.487	35.2	0.0	68.487	-1.44	-0.212	1.063	58.17	32.94	-7.408	29.0	0.0	89.992	-0.94	-0.212	0.0	69.688	23.786	-11.325	0.8	0.0	44.657	-0.66	1.413	0.0	60.013	31.124	-0.533	36.0	0.0	44.948	-0.84	0.6	0.0	94.103	11.073	-8.841	1.6	0.0	71.974	-0.04	0.662	0.0	98.434	0.0	0.0	1.2	0.0	46.788	-0.32	1.038	0.532	89.677	9.62	-22.367	1.0	0.0	42.72	-1.08	1.663	0.0	71.102	26.91	-11.012	32.6	0.0	45.916	-1.0	1.225	0.0	11.094	21.244	-12.518	1.0	0.0	348.634	-1.0	0.475	0.0	29.778	8.53	-1.0	38.2	0.0	79.24
-0.22	-0.713	3.722	90.895	25.094	-13.681	35.2	0.0	68.487	-1.45	-0.4	0.532	58.335	32.795	-7.408	29.0	0.0	89.992	-0.96	0.1	0.0	69.71	24.15	-11.168	0.8	0.0	44.657	-0.56	1.663	0.0	58.172	31.124	-0.62	36.0	0.0	45.044	-0.84	0.537	0.0	94.103	11.218	-8.814	1.6	0.0	71.974	0.04	0.975	0.0	98.458	0.0	0.0	1.2	0.0	47.369	-0.32	0.912	1.063	89.636	9.038	-22.23	1.0	0.0	42.429	-1.03	1.725	0.0	71.163	26.402	-11.357	32.6	0.0	45.916	-1.0	1.288	0.0	0.0	20.517	-12.634	1.0	0.0	349.022	-1.04	0.475	0.0	29.775	8.893	-1.0	38.2	0.0	80.208
-0.16	-0.4	0.0	90.931	24.949	-13.475	35.2	0.0	68.487	-1.44	-0.4	0.0	58.281	32.795	-7.391	29.0	0.0	89.798	-0.92	-0.025	0.0	69.692	24.15	-10.962	0.8	0.0	44.754	-0.64	1.475	0.0	59.105	31.124	-0.798	36.0	0.0	45.529	-0.82	0.85	0.0	94.109	11.073	-8.9	1.6	0.0	71.974	0.06	1.038	0.0	98.446	0.0	0.0	1.2	0.0	46.401	-0.3	1.225	0.0	89.641	9.474	-22.625	1.0	0.0	42.913	-1.04	1.725	0.0	71.135	26.547	-10.882	32.6	0.0	45.916	-1.0	1.35	0.0	0.0	20.808	-12.591	1.0	0.0	348.634	-0.96	0.475	0.0	29.815	8.603	-1.0	38.2	0.0	79.724
-0.17	-0.65	1.063	90.949	24.44	-13.562	35.2	0.0	68.584	-1.43	-0.15	0.532	58.171	32.94	-7.463	29.0	0.0	89.508	-0.94	0.1	0.0	69.714	23.35	-11.168	0.8	0.0	44.173	-0.6	1.475	0.0	58.5	31.487	-0.554	36.0	0.0	45.044	-0.84	1.225	0.0	94.103	11.0	-8.953	1.6	0.0	72.362	-0.02	0.725	0.0	98.422	0.0	0.0	1.2	0.0	46.691	-0.33	1.038	2.127	89.633	9.983	-22.972	1.0	0.0	42.72	-1.02	1.725	0.0	71.19	25.893	-10.882	32.6	0.0	46.013	-1.0	1.225	0.0	0.0	21.825	-12.571	1.0	0.0	349.022	-0.96	0.475	0.0	29.848	8.893	-1.0	38.2	0.0	79.918
-0.18	-0.65	0.0	90.947	25.167	-13.562	35.2	0.0	68.487	-1.4	-0.338	0.0	58.148	33.086	-7.414	29.0	0.0	90.186	-0.94	0.037	0.0	69.714	23.641	-10.862	0.8	0.0	44.657	-0.63	1.475	0.0	59.134	31.342	-0.554	36.0	0.0	45.238	-0.78	0.975	0.0	94.12	11.145	-8.893	1.6	0.0	72.265	8.64	0.912	0.0	0.0	0.0	0.0	1.2	0.0	46.788	-0.35	1.225	0.532	89.587	9.838	-22.625	1.0	0.0	42.429	-1.02	1.725	0.0	71.215	26.256	-11.02	32.6	0.0	45.722	-1.0	1.475	0.0	0.0	21.244	-13.859	1.0	0.0	348.925	-0.93	0.35	0.0	29.917	8.966	-1.0	38.2	0.0	79.53
-0.22	-0.4	0.0	90.936	24.44	-13.539	35.2	0.0	68.487	-1.41	-0.15	0.532	58.202	33.376	-7.439	29.0	0.0	90.186	-0.94	-0.212	0.0	69.714	23.932	-11.164	0.8	0.0	44.657	-0.66	1.475	0.0	59.517	30.688	-0.585	36.0	0.0	45.819	-0.8	0.85	0.0	94.115	11.218	-8.911	1.6	0.0	71.684	7.2	0.725	0.0	0.0	0.0	0.0	1.2	0.0	46.498	-0.39	0.975	0.0	89.535	9.329	-22.552	1.0	0.0	42.816	-1.06	1.663	0.0	71.132	26.474	-10.907	32.6	0.0	46.11	-1.0	1.475	0.0	0.0	20.444	-12.611	1.0	0.0	349.022	-0.98	0.35	0.0	29.846	8.966	-1.0	38.2	0.0	79.433
-0.19	-0.463	0.532	90.923	25.021	-13.723	35.2	0.0	68.584	-1.43	-0.275	0.532	58.477	33.013	-7.436	29.0	0.0	89.895	-0.94	0.1	0.0	69.714	23.568	-11.581	0.8	0.0	44.463	-0.61	1.538	0.0	58.665	30.906	-0.607	36.0	0.0	45.141	-0.83	0.912	0.0	94.145	10.709	-8.886	1.6	0.0	72.168	-0.06	0.662	0.0	98.41	0.0	0.0	1.2	0.0	46.788	-0.34	1.038	1.063	89.548	9.111	-22.57	1.0	0.0	42.913	-1.06	1.725	0.0	71.132	26.402	-10.749	32.6	0.0	46.013	-1.0	1.475	0.0	0.461	20.227	-12.611	1.0	0.0	348.634	-1.0	0.537	0.0	29.844	8.966	-1.0	38.2	0.0	79.24
-0.14	-0.525	0.0	90.957	24.367	-13.518	35.2	0.0	68.584	-1.4	-0.212	0.0	58.343	32.795	-7.441	29.0	0.0	89.798	-0.95	0.037	0.0	69.712	24.004	-11.16	0.8	0.0	44.657	-0.55	1.475	0.0	57.698	30.979	-0.462	36.0	0.0	45.335	-0.82	0.787	0.0	94.148	10.782	-8.915	1.6	0.0	71.877	0.24	0.787	0.0	98.481	0.0	0.0	1.2	0.0	46.788	-0.27	1.225	1.063	89.608	9.91	-22.625	1.0	0.0	42.72	-1.04	1.475	0.0	71.186	26.184	-10.781	32.6	0.0	45.916	-1.0	1.475	0.0	0.0	20.372	-12.611	1.0	0.0	348.247	-0.98	0.475	0.0	29.846	8.748	-1.0	38.2	0.0	79.046
-0.2	-0.65	1.063	90.941	24.44	-13.497	35.2	0.0	68.1	-1.4	-0.212	0.0	58.287	33.449	-7.441	29.0	0.0	89.605	-0.94	-0.025	0.0	69.714	23.932	-10.681	0.8	0.0	44.754	-0.62	1.475	0.0	58.413	30.979	-0.462	36.0	0.0	45.044	-0.78	0.787	0.0	94.159	10.709	-8.883	1.6	0.0	71.974	-0.06	0.662	0.0	98.391	0.0	0.0	1.2	0.0	46.594	-0.32	1.163	1.595	89.553	9.62	-22.708	1.0	0.0	42.816	-1.06	1.663	0.0	71.207	26.765	-10.873	32.6	0.0	46.11	-1.0	1.225	0.0	0.0	20.88	-12.571	1.0	0.0	348.925	-1.0	0.412	0.0	29.844	8.966	-1.0	38.2	0.0	79.627
-0.15	-0.525	0.532	90.955	25.385	-13.846	35.2	0.0	68.39	-1.38	-0.025	0.0	58.235	32.65	-7.483	29.0	0.0	89.895	-0.95	0.163	0.0	69.712	23.786	-11.1	0.8	0.0	44.076	-0.63	1.663	0.0	58.384	31.124	-0.743	36.0	0.0	45.335	-0.84	0.912	0.0	94.142	10.855	-8.855	1.6	0.0	71.974	-0.04	0.787	0.0	98.397	0.0	0.0	1.2	0.0	46.594	-0.34	1.225	0.0	89.527	9.838	-22.625	1.0	0.0	43.107	-0.98	1.725	0.0	71.298	26.983	-10.882	32.6	0.0	45.916	-1.0	1.225	0.0	23.595	21.026	-12.625	1.0	0.0	349.312	-0.98	0.287	0.0	29.846	8.748	-1.0	38.2	0.0	79.627
-0.16	-0.9	0.532	90.952	25.094	-13.716	35.2	0.0	68.39	-1.41	-0.15	4.254	58.453	33.013	-7.414	29.0	0.0	89.992	-0.94	0.037	0.0	69.714	23.786	-11.083	0.8	0.0	44.076	-0.62	1.725	0.0	58.19	31.269	-0.58	36.0	0.0	45.141	-0.8	0.725	0.0	94.134	10.709	-8.855	1.6	0.0	71.974	-0.18	0.537	0.0	98.374	0.0	0.0	1.2	0.0	46.788	-0.33	0.975	0.532	89.509	10.056	-22.247	1.0	0.0	42.623	-1.07	1.725	0.0	71.18	26.692	-10.882	32.6	0.0	46.013	-1.0	1.413	0.0	0.0	20.444	-12.709	1.0	0.0	349.022	-0.94	0.537	0.0	29.916	8.748	-1.0	38.2	0.0	79.433
-0.2	-0.463	0.532	90.941	24.949	-13.723	35.2	0.0	68.487	-1.4	-0.212	0.0	58.51	33.158	-7.375	29.0	0.0	89.798	-0.95	-0.087	0.0	69.712	23.786	-11.028	0.8	0.0	44.754	-0.66	1.538	0.0	58.796	31.342	-0.546	36.0	0.0	45.238	-0.84	0.787	0.0	94.142	10.709	-8.862	1.6	0.0	72.071	-0.1	0.475	0.0	98.379	0.0	0.0	1.2	0.0	46.885	-0.35	1.163	1.063	89.462	10.056	-22.505	1.0	0.0	42.72	-1.02	1.725	0.0	71.265	27.201	-10.95	32.6	0.0	46.013	-1.0	1.35	0.0	30.307	21.244	-12.485	1.0	0.0	348.925	-0.94	0.412	0.0	29.916	8.53	-1.0	38.2	0.0	79.918
-0.22	-0.775	1.595	90.936	24.658	-14.724	35.2	0.0	68.681	-1.38	-0.4	0.0	58.541	32.795	-7.391	29.0	0.0	90.089	-0.96	-0.025	0.0	69.71	23.859	-11.036	0.8	0.0	44.851	-0.68	1.475	0.0	58.987	31.269	-0.339	36.0	0.0	45.335	-0.88	0.787	0.0	94.131	10.564	-8.862	1.6	0.0	72.168	-0.3	0.787	0.0	98.32	0.0	0.0	1.2	0.0	46.691	-0.38	0.912	0.0	89.413	9.256	-22.935	1.0	0.0	42.72	-1.12	1.663	0.0	71.094	26.62	-10.741	32.6	0.0	46.013	-1.0	1.288	0.0	36.858	20.735	-12.581	1.0	0.0	349.022	-1.01	0.475	0.0	29.843	8.748	-1.0	38.2	0.0	78.755
-0.2	-0.9	0.0	90.941	24.876	-13.585	35.2	0.0	68.584	-1.42	-0.275	0.532	58.784	32.795	-7.452	29.0	0.0	89.895	-0.97	-0.15	0.0	69.708	24.077	-10.982	0.8	0.0	44.463	-0.66	1.663	0.0	58.546	31.051	-0.497	36.0	0.0	45.044	-0.84	0.725	0.0	94.142	10.927	-8.887	1.6	0.0	71.781	-0.37	0.787	0.0	98.299	0.0	0.0	1.2	0.0	46.691	-0.38	1.038	0.532	89.371	10.128	-22.265	1.0	0.0	42.913	-1.1	1.35	0.0	71.124	26.91	-10.899	32.6	0.0	45.916	-1.0	1.225	0.0	36.858	20.88	-12.571	1.0	0.0	349.022	-1.03	0.35	0.0	29.842	8.966	-1.0	38.2	0.0	79.53
-0.14	-0.9	0.0	90.957	25.094	-13.456	35.2	0.0	68.293	-1.44	-0.212	0.0	58.864	33.376	-7.392	29.0	0.0	89.895	-0.96	-0.025	0.0	69.71	24.004	-11.074	0.8	0.0	44.463	-0.66	1.663	0.0	58.824	31.269	-0.404	36.0	0.0	45.626	-0.88	0.475	0.0	94.131	11.073	-8.807	1.6	0.0	72.265	-0.42	0.6	0.0	98.284	0.0	0.0	1.2	0.0	46.788	-0.4	0.975	0.0	89.283	9.983	-23.152	1.0	0.0	43.591	-1.14	1.663	0.0	71.065	26.983	-10.873	32.6	0.0	45.819	-1.0	1.35	0.0	36.858	21.098	-12.753	1.0	0.0	348.634	-0.99	0.35	0.0	29.845	8.385	-1.0	38.2	0.0	79.24
-0.2	-0.65	0.0	90.941	24.367	-13.825	35.2	0.0	68.39	-1.44	-0.212	1.063	58.891	32.867	-7.458	29.0	0.0	89.895	-0.98	-0.212	0.0	69.706	24.004	-10.937	0.8	0.0	44.463	-0.66	1.725	0.0	58.769	30.979	-0.58	36.0	0.0	45.238	-0.88	0.85	0.0	94.131	10.927	-8.848	1.6	0.0	72.071	-0.32	0.725	0.0	98.314	0.0	0.0	1.2	0.0	46.788	-0.42	1.163	1.063	89.236	9.184	-22.607	1.0	0.0	42.72	-1.15	1.538	0.0	71.063	26.838	-10.822	32.6	0.0	45.916	-1.0	1.225	0.0	35.836	20.808	-12.625	1.0	0.0	348.634	-1.01	0.475	0.0	29.843	8.748	-1.0	38.2	0.0	79.724
-0.2	-0.65	0.532	90.941	24.731	-13.692	35.2	0.0	68.487	-1.39	-0.087	1.595	58.789	32.577	-7.419	29.0	0.0	89.895	-0.96	-0.212	0.0	69.71	23.714	-10.937	0.8	0.0	44.27	-0.65	1.725	0.0	58.631	30.833	-7.544	36.0	0.0	45.432	-0.88	1.038	0.0	94.131	11.218	-8.868	1.6	0.0	71.877	-0.4	0.537	0.0	98.29	0.0	0.0	1.2	0.0	46.788	-0.38	0.912	2.127	89.205	9.838	-22.23	1.0	0.0	42.816	-1.14	1.663	0.0	71.09	26.838	-10.873	32.6	0.0	45.819	-1.0	1.225	0.0	32.733	21.171	-12.571	1.0	0.0	348.634	-1.06	0.412	0.0	29.773	8.893	-1.0	38.2	0.0	79.53
-0.24	-0.713	0.0	90.93	24.731	-13.681	35.2	0.0	68.681	-1.43	-0.212	0.0	59.004	32.867	-7.408	29.0	0.0	90.089	-0.99	-0.087	0.0	69.729	23.859	-10.99	0.8	0.0	44.851	-0.73	1.35	0.0	59.09	30.979	-0.296	36.0	0.0	45.044	-0.9	0.725	0.0	94.125	11.363	-8.844	1.6	0.0	71.974	-0.28	0.662	0.0	98.326	0.0	0.0	1.2	0.0	46.788	-0.42	1.038	2.127	89.132	9.547	-22.367	1.0	0.0	42.913	-1.08	1.725	0.0	71.127	26.62	-11.056	32.6	0.0	45.916	-1.0	1.35	0.0	36.858	20.299	-12.591	1.0	0.0	349.022	-1.04	0.475	0.0	29.841	8.893	-1.0	38.2	0.0	79.821
-0.18	-0.525	1.595	90.947	24.513	-13.391	35.2	0.0	68.584	-1.46	-0.212	0.532	59.192	33.231	-7.433	29.0	0.0	89.895	-1.02	-0.087	0.0	69.724	24.295	-11.028	0.8	0.0	44.173	-0.69	1.413	0.0	59.014	30.979	-0.349	36.0	0.0	45.238	-0.91	0.6	0.0	94.122	10.855	-8.831	1.6	0.0	71.587	-0.4	0.475	0.0	98.29	0.0	0.0	1.2	0.0	46.401	-0.46	0.912	0.0	88.85	9.474	-22.635	1.0	0.0	43.107	-1.15	1.475	0.0	71.063	26.91	-10.916	32.6	0.0	45.819	-1.0	1.225	0.0	0.0	21.171	-12.518	1.0	0.0	348.634	-1.06	0.475	0.0	29.773	8.603	-1.0	38.2	0.0	79.53
-0.38	-0.9	0.0	90.852	24.658	-13.456	35.2	0.0	68.39	-1.58	-0.275	0.532	60.354	32.867	-7.419	29.0	0.0	90.089	-1.14	-0.15	0.0	69.675	23.786	-10.732	0.8	0.0	44.56	-0.88	1.225	0.0	61.727	30.833	-0.253	36.0	0.0	45.044	-1.01	0.662	0.0	94.055	11.218	-8.807	1.6	0.0	71.684	-0.36	0.537	0.0	98.265	0.0	0.0	1.2	0.0	46.788	-0.54	1.038	1.063	87.417	9.765	-22.57	1.0	0.0	43.107	-1.36	1.288	0.0	70.871	26.765	-10.596	32.6	0.0	45.722	-1.0	1.288	0.0	0.0	20.662	-12.424	1.0	0.0	348.828	-1.18	0.35	0.0	29.597	8.385	-1.0	38.2	0.0	78.852
-0.33	-0.775	0.532	90.865	25.385	-13.605	35.2	0.0	69.262	-1.61	-0.525	1.063	60.65	33.013	-7.355	29.0	0.0	90.186	-1.15	-0.338	0.0	69.673	23.423	-10.812	0.8	0.0	44.463	-0.83	1.475	0.0	61.409	31.415	-0.339	36.0	0.0	45.238	-1.04	0.537	0.0	94.047	11.363	-8.755	1.6	0.0	71.974	-0.46	0.85	0.0	98.235	0.0	0.0	1.2	0.0	46.691	-0.58	0.912	1.063	87.216	9.111	-22.635	1.0	0.0	43.01	-1.32	1.35	0.0	70.879	26.91	-10.604	32.6	0.0	45.529	-1.0	1.225	0.0	0.0	20.444	-12.466	1.0	0.0	348.538	-1.17	0.35	0.0	29.631	8.385	-1.0	38.2	0.0	79.53
-0.4	-0.9	1.595	90.847	25.021	-13.585	35.2	0.0	68.293	-1.62	-0.463	0.0	60.703	33.013	-7.386	29.0	0.0	90.089	-1.17	-0.588	0.0	69.669	23.786	-10.744	0.8	0.0	43.688	-0.89	1.35	0.0	62.267	31.124	-0.266	36.0	0.0	45.141	-1.08	0.725	0.0	94.035	10.709	-8.775	1.6	0.0	72.265	-0.52	0.412	0.0	98.217	0.0	0.0	1.2	0.0	46.498	-0.64	0.85	0.0	86.88	9.329	-22.212	1.0	0.0	43.01	-1.4	1.413	0.0	70.837	26.692	-10.213	32.6	0.0	45.916	-1.0	1.163	0.0	0.0	20.517	-12.404	1.0	0.0	349.022	-1.19	0.287	0.0	29.563	8.53	-1.0	38.2	0.0	78.949
-0.46	-0.9	0.0	90.831	25.021	-13.329	35.2	0.0	68.874	-1.64	-0.525	0.0	60.89	32.867	-7.413	29.0	0.0	90.186	-1.15	-0.212	0.0	69.647	23.786	-10.793	0.8	0.0	44.657	-0.89	1.35	0.0	62.24	31.705	-0.266	36.0	0.0	45.529	-1.07	0.662	0.0	94.038	10.492	-8.778	1.6	0.0	71.877	-0.54	1.038	0.0	98.211	0.0	0.0	1.2	0.0	46.691	-0.63	0.975	1.063	86.561	9.474	-21.941	1.0	0.0	43.01	-1.4	1.288	0.0	70.837	26.547	-10.535	32.6	0.0	46.013	-1.0	1.288	0.0	0.0	20.59	-13.569	1.0	0.0	349.022	-1.2	0.225	0.0	29.562	8.748	-1.0	38.2	0.0	79.336
