-1.6	-2.4	42.538	90.077	24.658	-12.789	35.2	0.0	69.262	-2.88	-1.587	56.894	67.884	32.722	-7.399	29.0	0.0	90.283	-2.26	-1.4	0.0	69.253	24.004	-11.591	0.8	0.0	44.851	-2.2	0.037	0.0	72.445	30.47	0.0	36.0	0.0	45.238	-2.44	-1.025	0.0	93.575	10.855	-8.742	1.6	0.0	71.974	-1.53	-0.775	0.0	97.515	0.0	0.0	1.2	0.0	46.788	-1.84	0.037	41.474	72.395	9.402	-22.68	1.0	0.0	42.72	-2.54	-0.15	0.0	76.984	26.256	-11.459	32.6	0.0	46.11	-1.0	0.412	0.0	0.0	20.081	-12.138	1.0	0.0	349.409	-2.44	-1.025	0.0	28.96	8.457	-1.0	38.2	0.0	79.627	-2.18
-1.62	-2.275	54.236	90.072	25.021	-12.635	35.2	0.0	68.293	-2.82	-1.587	49.45	67.921	32.867	-7.327	29.0	0.0	89.798	-2.2	-1.337	0.0	69.29	23.714	-11.978	0.8	0.0	44.173	-2.26	0.037	0.0	72.359	31.269	-0.022	36.0	0.0	44.948	-2.44	-0.588	0.0	93.575	10.782	-9.068	1.6	0.0	71.974	-1.48	-0.775	0.0	97.53	0.0	0.0	1.2	0.0	46.788	-1.86	0.163	51.577	72.416	10.201	-23.01	1.0	0.0	42.526	-2.49	0.037	0.0	76.995	26.474	-18.259	32.6	0.0	45.626	-1.62	0.537	0.0	38.945	20.299	-11.823	1.0	0.0	348.925	-2.42	-0.9	0.0	28.995	8.53	-1.0	38.2	0.0	79.53	-2.1
-1.62	-2.212	55.299	90.072	24.44	-14.997	35.2	0.0	68.293	-2.86	-1.65	47.323	67.887	32.867	-7.378	29.0	0.0	89.411	-2.23	-1.462	0.0	69.284	23.786	-11.582	0.8	0.0	44.56	-2.24	0.163	0.0	72.437	30.543	-0.036	36.0	0.0	45.529	-2.54	-0.212	0.0	93.546	11.0	-8.986	1.6	0.0	71.781	-1.56	-0.525	0.0	97.506	0.0	0.0	1.2	0.0	46.788	-1.88	-0.087	37.22	72.412	10.201	-22.742	1.0	0.0	42.72	-2.52	-0.15	0.0	77.082	26.038	-11.459	32.6	0.0	45.916	-1.45	0.225	0.0	39.026	21.026	-12.16	1.0	0.0	349.022	-2.44	-1.15	0.0	28.994	8.966	-1.0	38.2	0.0	79.336	-2.24
-1.6	-1.962	90.392	90.077	25.021	-12.683	35.2	0.0	68.39	-2.86	-1.65	61.68	67.887	33.158	-7.346	29.0	0.0	89.798	-2.34	-1.4	0.0	69.212	23.786	-12.274	0.8	0.0	44.366	-2.23	0.037	0.0	72.439	30.906	0.0	36.0	0.0	45.044	-2.5	-0.588	0.0	93.558	10.637	-8.998	1.6	0.0	72.071	-1.7	-0.65	0.0	97.464	0.0	0.0	1.2	0.0	46.594	-1.86	-0.025	45.728	72.416	9.91	-23.339	1.0	0.0	42.816	-2.51	-0.025	0.0	77.014	25.82	-11.393	32.6	0.0	45.916	-1.46	0.225	0.0	39.057	20.662	-12.11	1.0	0.0	348.634	-2.44	-1.15	0.0	28.994	8.748	-1.0	38.2	0.0	79.627	-2.18
-1.56	-2.15	61.148	90.088	24.731	-12.887	35.2	0.0	68.293	-2.82	-1.525	63.275	67.844	32.795	-7.475	29.0	0.0	89.701	-2.24	-1.275	0.0	69.282	23.641	-11.987	0.8	0.0	44.657	-2.19	0.1	0.0	72.373	31.487	-0.132	36.0	0.0	45.238	-2.44	-0.775	0.0	93.594	10.927	-8.925	1.6	0.0	71.587	-1.74	-1.087	0.0	97.452	0.0	0.0	1.2	0.0	46.788	-1.83	0.1	76.568	72.422	9.547	-22.894	1.0	0.0	42.913	-2.54	0.1	0.0	77.148	26.62	-11.287	32.6	0.0	46.013	-1.0	0.537	0.0	0.0	20.227	-12.059	1.0	0.0	349.022	-2.4	-0.963	0.0	28.997	8.748	-1.0	38.2	0.0	79.433	-2.18
-1.54	-2.025	87.202	90.093	25.167	-12.673	35.2	0.0	68.681	-2.82	-1.525	54.767	67.844	32.867	-7.436	29.0	0.0	89.701	-2.14	-1.15	0.0	69.327	23.932	-12.005	0.8	0.0	44.463	-2.16	0.412	0.0	72.033	31.197	-0.212	36.0	0.0	45.335	-2.34	-0.65	0.0	93.641	10.709	-8.913	1.6	0.0	71.974	-1.48	-0.212	0.0	97.53	0.0	0.0	1.2	0.0	46.594	-1.79	-0.025	71.251	72.48	10.274	-22.858	1.0	0.0	43.495	-2.41	0.037	0.0	77.106	26.329	-10.558	32.6	0.0	45.819	-1.58	0.662	0.0	38.918	20.59	-12.127	1.0	0.0	349.312	-2.38	-0.838	0.0	28.999	8.603	-1.0	38.2	0.0	79.627	-2.13
23.38	19.788	654.548	60.123	25.603	-12.991	0.4	0.922	157.995	12.0	7.1	199.395	57.591	34.03	-1.0	40.6	0.0	129.224	11.0	13.787	0.0	57.026	25.457	-5.029	11.2	1.173	156.735	13.09	24.538	0.0	50.699	32.432	-10.858	0.0	1.307	162.548	12.42	19.163	0.0	56.65	11.726	-10.727	24.8	0.0	189.284	-1.0	12.725	0.0	0.0	0.0	0.0	17.8	2.045	173.397	12.96	17.788	736.433	53.734	11.291	-24.01	19.0	0.0	189.671	11.82	14.162	0.0	57.769	27.201	-26.788	46.2	1.098	183.956	-1.0	20.663	0.0	0.0	22.915	-1.0	19.0	0.0	124.671	12.36	16.788	0.0	53.528	12.09	-21.797	8.6	1.508	164.388	12.62
16.29	14.662	147.818	55.728	25.675	-12.054	0.4	0.955	243.918	11.78	8.1	581.702	58.144	33.594	-26.663	40.6	0.0	266.876	11.51	16.975	0.0	57.133	25.53	-5.796	11.2	1.492	237.718	13.53	22.475	0.0	53.604	31.778	-10.525	0.0	0.964	198.292	12.56	16.913	0.0	54.762	12.38	-10.34	24.8	0.0	198.292	-1.0	16.475	0.0	0.0	0.0	0.0	17.8	0.0	175.431	13.88	20.788	726.862	50.062	11.145	-24.567	19.0	1.098	188.993	12.76	17.538	0.0	53.312	26.983	-28.265	46.2	0.0	180.468	-1.0	21.413	0.0	0.0	22.406	-1.0	19.0	0.0	113.822	13.2	24.788	0.0	52.919	12.526	-24.426	8.6	0.0	199.842	13.52
12.4	18.975	651.889	55.875	25.675	-12.916	0.4	0.0	271.332	11.61	8.1	682.197	57.148	33.885	-1.0	40.6	0.0	263.389	11.1	15.787	0.0	56.274	25.603	-5.429	11.2	1.844	233.747	14.14	23.1	0.0	49.163	31.996	-10.615	0.0	0.0	200.52	12.44	18.663	0.0	55.761	12.09	-10.576	24.8	0.0	210.886	-1.0	13.6	0.0	0.0	0.0	0.0	17.8	0.0	185.893	14.16	19.35	743.345	51.583	10.927	-24.241	19.0	1.115	190.64	12.35	16.1	0.0	56.373	26.983	-27.488	46.2	1.852	220.379	-1.0	21.6	0.0	3.982	22.333	-1.0	19.0	0.0	178.144	12.53	23.538	0.0	53.219	12.744	-24.277	8.6	0.0	236.265	13.65
30.15	21.1	670.499	55.553	25.021	-13.37	0.4	1.819	252.733	11.86	8.85	672.095	55.616	34.175	-26.847	40.6	0.0	268.717	11.29	16.788	0.0	53.947	25.53	-5.551	11.2	1.232	241.884	13.72	19.538	0.0	49.264	31.56	-10.082	0.0	0.0	203.717	12.67	19.913	0.0	52.54	11.944	-10.78	24.8	1.693	223.091	-1.0	15.85	0.0	0.0	0.0	0.0	17.8	0.0	185.021	14.11	20.725	738.56	49.658	11.0	-24.807	19.0	2.028	177.369	12.62	16.538	0.0	52.046	26.765	-28.454	46.2	0.0	233.553	-1.0	21.6	0.0	0.0	22.115	-1.0	19.0	0.0	169.232	12.6	26.1	0.0	51.431	12.38	-25.713	8.6	1.793	230.744	13.76
19.03	22.913	629.557	51.999	25.457	-13.923	0.4	0.93	221.541	12.3	10.287	651.358	55.8	33.739	-1.0	40.6	1.475	283.925	11.92	16.975	0.0	55.654	25.893	-5.479	11.2	0.0	280.438	13.63	22.038	0.0	51.172	31.996	-10.595	0.0	1.131	223.091	13.6	21.038	0.0	50.304	11.799	-10.928	24.8	0.0	255.833	-1.0	14.412	0.0	0.0	0.0	0.0	17.8	0.0	249.052	13.49	17.6	714.101	51.123	11.073	-23.18	19.0	0.0	188.218	12.87	16.538	0.0	55.885	26.547	-29.086	46.2	0.0	250.99	-1.0	19.663	0.0	0.0	22.624	-1.0	19.0	0.0	174.656	13.39	26.6	0.0	49.252	12.453	-25.533	8.6	0.0	242.756	13.76
19.34	16.475	121.764	52.664	25.239	-12.451	0.4	0.0	248.665	12.58	8.412	160.048	54.193	33.449	-1.0	40.6	1.232	244.596	11.76	16.663	0.0	55.601	25.603	-5.146	11.2	1.098	245.177	13.07	17.038	0.0	50.326	31.415	-9.762	0.0	1.886	204.105	13.3	17.163	0.0	53.753	11.944	-10.266	24.8	0.0	207.786	-1.0	14.912	0.0	0.0	0.0	0.0	18.0	2.12	225.319	13.45	15.912	146.223	50.624	11.0	-22.809	19.0	0.0	207.398	12.62	17.225	0.0	53.323	26.91	-29.157	46.2	0.0	237.718	-1.0	16.975	0.0	0.0	22.043	-1.0	19.0	0.0	148.114	13.47	21.788	0.0	49.013	12.235	-23.546	8.6	0.0	243.628	13.72
12.77	19.1	630.089	58.004	25.094	-12.91	0.4	1.257	133.971	12.3	9.975	632.216	56.038	33.667	-1.0	40.6	0.0	131.646	11.04	12.975	0.0	56.354	25.603	-4.245	11.2	0.0	183.375	12.12	17.225	0.0	57.078	31.923	-9.752	0.0	1.316	123.122	12.57	18.663	0.0	54.643	12.09	-10.476	24.8	0.0	154.507	12.06	12.537	0.0	54.269	0.0	0.0	0.0	0.0	133.487	13.12	14.162	240.869	55.503	11.145	-21.845	19.0	1.048	197.808	12.17	14.162	0.0	55.87	27.346	-27.283	46.2	0.0	139.88	-1.0	15.787	0.0	45.35	22.406	-1.0	19.0	0.0	174.463	12.92	21.538	0.0	54.091	12.09	-22.574	8.6	0.0	141.333	12.94
-1.0	14.037	168.555	0.0	25.094	-12.062	0.4	0.905	171.46	12.28	7.6	186.102	55.38	34.248	-1.0	40.6	0.0	131.355	10.66	12.412	0.0	58.204	25.385	-4.217	11.2	0.0	168.069	11.96	15.475	0.0	56.936	31.487	-9.514	0.0	1.467	176.884	11.89	15.225	0.0	56.689	11.872	-10.031	24.8	1.743	172.719	11.26	12.225	0.0	55.08	0.0	0.0	0.0	0.955	180.759	13.64	14.662	163.238	52.584	11.508	-22.251	19.0	0.0	197.905	12.34	14.6	0.0	54.82	27.273	-26.72	46.2	0.0	123.896	-1.0	15.475	0.0	28.583	22.479	-1.0	19.0	0.0	195.58	12.77	16.975	0.0	53.586	11.872	-20.606	8.6	1.684	191.996	13.15
0.0	15.287	589.678	54.117	25.748	-12.416	0.4	0.0	209.917	11.55	6.6	155.262	57.698	34.03	-1.0	40.6	0.0	269.104	11.2	12.787	0.0	56.496	25.312	-4.717	11.2	0.0	215.342	13.13	20.1	0.0	51.994	31.269	-10.303	0.0	0.0	208.754	12.23	16.6	0.0	55.581	11.872	-10.089	24.8	0.0	220.088	12.4	13.037	0.0	53.956	0.0	0.0	0.0	1.349	190.543	13.59	17.6	690.173	52.791	11.145	-23.055	19.0	0.0	181.534	12.24	14.662	0.0	56.564	27.128	-26.114	46.2	0.0	195.774	-1.0	19.6	0.0	27.649	21.97	-1.0	19.0	0.0	131.452	12.58	16.85	0.0	52.497	12.598	-20.239	8.6	1.927	244.402	13.37
-1.0	19.663	609.352	0.0	25.239	-13.366	0.4	1.031	215.826	11.53	8.537	615.732	57.107	34.393	-1.0	40.6	1.718	254.186	11.76	16.475	0.0	58.375	25.53	-5.623	11.2	1.852	225.803	13.27	20.975	0.0	50.97	31.487	-10.46	0.0	0.0	201.392	12.34	18.85	0.0	56.223	12.017	-10.457	24.8	1.5	202.748	12.18	14.225	0.0	52.836	0.0	0.0	0.0	0.0	200.52	13.79	18.288	686.983	53.519	11.726	-23.693	19.0	0.0	182.018	12.5	14.725	0.0	54.242	27.128	-26.139	46.2	1.911	226.869	-1.0	19.725	0.0	25.869	22.043	-1.0	19.0	0.0	178.531	13.1	22.538	0.0	52.173	12.526	-22.477	8.6	1.274	191.996	13.24
-1.0	12.725	111.661	0.0	25.603	-11.923	0.4	1.374	175.819	11.94	7.162	105.812	56.637	33.667	-1.0	40.6	0.0	225.319	11.24	12.662	0.0	57.269	25.603	-4.18	11.2	1.165	174.947	12.15	14.912	0.0	54.972	31.633	-9.507	0.0	1.651	160.998	12.26	14.912	0.0	56.062	11.726	-9.843	24.8	1.341	177.756	11.6	12.35	0.0	53.601	0.0	0.0	0.0	1.626	174.269	13.2	13.912	132.93	52.919	11.581	-21.997	19.0	1.358	186.668	12.7	14.725	0.0	56.366	26.91	-25.504	46.2	0.0	213.017	-1.0	16.913	0.0	23.014	22.697	-1.0	19.0	0.0	178.531	12.73	16.163	0.0	53.157	12.308	-20.563	8.6	1.626	231.616	13.57
11.49	10.725	96.773	57.659	24.658	-11.839	0.4	0.0	154.12	11.36	5.912	93.051	58.196	33.594	-1.0	40.6	0.0	136.683	10.59	10.662	0.0	57.96	25.748	-2.979	11.2	0.0	154.992	12.18	13.787	0.0	54.946	31.923	-9.412	0.0	0.0	177.369	12.3	13.787	0.0	56.543	11.944	-9.681	24.8	0.0	174.463	11.55	11.287	0.0	55.033	0.0	0.0	0.0	0.0	169.232	12.76	12.6	102.622	53.555	11.508	-22.863	19.0	1.039	187.734	11.82	13.1	0.0	55.431	27.346	-27.44	46.2	0.0	202.07	12.71	13.85	0.0	52.119	24.15	-1.0	0.0	0.0	0.484	12.2	12.912	0.0	54.919	12.09	-19.672	8.6	1.207	186.087	12.66
12.26	11.037	97.837	56.537	25.094	-11.925	0.4	0.0	154.023	11.1	5.85	99.432	58.331	34.103	-1.0	40.6	0.0	136.586	10.58	10.412	0.0	58.483	25.385	-1.643	11.2	0.0	154.507	12.16	13.412	0.0	57.291	31.051	-9.343	0.0	0.0	177.659	12.18	13.662	0.0	55.215	11.581	-9.648	24.8	0.0	174.269	11.42	11.162	0.0	53.093	0.0	0.0	0.0	0.0	169.232	12.84	12.537	97.837	55.163	11.0	-21.662	19.0	0.0	187.734	11.69	12.912	0.0	54.815	27.273	-25.791	46.2	0.0	88.055	12.13	13.037	0.0	53.344	24.15	-1.0	0.0	0.0	0.0	11.99	12.975	0.0	55.068	12.598	-19.796	8.6	0.0	164.776	13.0
23.08	10.787	85.607	61.218	25.966	-11.784	0.4	0.0	154.12	11.37	6.162	93.051	57.435	34.175	-1.0	40.6	0.0	136.586	10.51	10.037	0.0	57.304	25.675	-2.772	11.2	0.0	147.533	11.88	12.975	0.0	55.916	31.923	-9.258	0.0	0.0	176.4	11.71	13.225	0.0	57.429	11.872	-9.617	24.8	0.0	179.306	11.14	10.787	0.0	55.598	0.0	0.0	0.0	0.0	167.972	12.66	12.35	89.329	53.813	10.927	-22.184	19.0	0.0	187.734	11.46	12.475	0.0	57.801	27.056	-25.864	46.2	0.0	89.023	12.08	13.037	0.0	52.883	24.15	-1.0	0.0	0.0	0.097	11.64	12.725	0.0	56.71	11.944	-19.829	8.6	0.0	166.325	13.03
18.65	10.537	141.438	58.94	25.966	-11.679	0.4	0.0	176.691	11.26	6.1	103.685	57.477	33.667	-1.0	40.6	0.0	248.859	10.36	9.912	0.0	58.536	25.603	-2.808	11.2	0.0	121.184	11.75	14.975	0.0	57.14	31.85	-9.462	0.0	0.913	174.269	11.24	13.1	0.0	58.498	11.508	-9.615	24.8	0.0	189.768	10.84	10.6	0.0	57.295	0.0	0.0	0.0	0.0	161.773	12.58	12.162	121.232	56.852	10.927	-21.773	19.0	0.0	187.831	11.14	12.162	0.0	60.74	27.128	-25.743	46.2	0.0	161.966	12.11	12.725	0.0	52.341	23.278	-1.0	0.0	0.0	0.194	11.48	12.475	0.0	57.775	12.526	-19.441	8.6	0.0	166.422	12.56
16.78	14.162	353.594	58.83	25.893	-12.242	0.4	0.0	176.497	11.49	7.662	364.76	59.062	33.739	-1.0	40.6	0.0	136.296	10.36	12.162	0.0	59.058	25.603	-3.763	11.2	2.062	125.737	12.56	17.85	0.0	55.749	31.124	-9.885	0.0	0.0	155.573	12.0	15.85	0.0	55.994	12.017	-10.015	24.8	0.0	141.333	11.2	13.1	0.0	55.993	0.0	0.0	0.0	0.0	146.37	13.04	16.35	540.228	53.776	11.436	-27.856	19.0	0.0	187.734	11.5	14.037	0.0	57.896	26.983	-26.736	46.2	0.0	162.16	12.06	15.35	0.0	52.668	24.004	-1.0	0.0	0.0	0.291	12.18	18.413	0.0	56.969	12.38	-21.544	8.6	1.743	189.284	12.47
17.87	12.037	123.359	58.012	25.53	-11.836	0.4	1.617	167.294	11.21	6.975	188.229	56.94	33.739	-1.0	40.6	1.106	128.352	10.69	12.662	0.0	57.888	25.53	-3.973	11.2	1.039	154.895	12.54	15.662	0.0	56.223	31.633	-9.522	0.0	0.0	156.445	11.3	14.1	0.0	58.945	11.726	-9.757	24.8	1.299	209.917	11.45	13.225	0.0	56.327	0.0	0.0	0.0	0.0	148.598	13.12	14.037	292.978	55.324	11.291	-22.395	19.0	0.0	180.468	11.84	13.537	0.0	55.643	27.346	-26.161	46.2	0.947	168.844	12.94	15.1	0.0	51.998	23.714	-1.0	0.0	0.0	0.194	11.9	15.6	0.0	56.127	12.816	-20.493	8.6	1.408	189.284	12.68
41.02	15.225	406.766	59.29	25.603	-12.608	0.4	0.0	167.004	11.18	6.85	197.268	56.936	33.885	-1.0	40.6	1.014	127.771	10.81	12.975	0.0	56.879	25.457	-4.783	11.2	0.0	154.314	12.07	14.662	0.0	55.677	31.051	-9.594	0.0	1.173	140.946	11.95	15.662	0.0	57.524	12.38	-9.987	24.8	0.0	210.111	11.46	11.787	0.0	52.917	0.0	0.0	0.0	0.0	160.804	12.78	12.35	120.169	55.513	11.508	-22.067	19.0	1.358	186.959	11.84	13.225	0.0	57.006	27.056	-26.527	46.2	0.0	163.226	13.22	15.1	0.0	50.408	24.222	-1.0	0.0	0.0	0.097	11.66	14.475	0.0	56.417	11.944	-20.034	8.6	1.182	189.768	12.95
47.91	11.912	152.072	61.769	25.312	-11.784	0.4	0.0	166.907	11.44	6.662	100.495	56.296	34.03	-1.0	40.6	0.0	127.965	10.64	10.912	0.0	57.47	25.603	-3.38	11.2	0.0	144.239	11.75	12.787	0.0	55.599	31.124	-9.118	0.0	0.955	177.175	11.7	13.725	0.0	56.186	12.017	-9.788	24.8	0.0	210.304	11.58	11.662	0.0	54.559	0.0	0.0	0.0	0.0	157.22	12.52	11.662	92.519	55.833	11.291	-21.843	19.0	0.964	186.571	12.01	13.1	0.0	57.357	26.983	-26.355	46.2	0.0	148.695	12.42	13.1	0.0	51.957	23.714	-1.0	0.0	0.0	0.0	11.94	13.537	0.0	55.24	12.38	-19.751	8.6	0.0	189.768	12.64
90.27	11.35	110.598	64.251	26.038	-11.879	0.4	0.0	240.528	11.44	6.1	97.837	58.325	33.957	-1.0	40.6	1.391	247.115	10.9	10.662	0.0	56.981	25.457	-3.177	11.2	0.0	187.927	11.84	12.85	0.0	57.713	31.415	-9.118	0.0	0.0	158.77	12.16	13.475	0.0	55.242	11.654	-9.66	24.8	0.0	209.917	11.23	10.85	0.0	54.628	0.0	0.0	0.0	0.0	155.67	12.46	12.162	113.256	56.478	10.927	-21.773	19.0	0.0	186.862	11.52	12.287	0.0	57.576	27.056	-26.513	46.2	0.0	176.497	11.91	12.412	0.0	54.877	24.15	-1.0	0.0	0.0	0.097	11.86	13.225	0.0	54.78	12.017	-19.554	8.6	0.0	214.857	12.15
0.0	11.787	134.525	60.695	25.457	-11.763	0.4	0.0	246.243	11.38	6.35	132.93	58.928	34.175	-1.0	40.6	2.062	264.261	10.82	10.6	0.0	58.346	25.53	-3.195	11.2	1.232	270.364	11.84	13.537	0.0	58.153	31.269	-9.209	0.0	0.0	165.744	11.63	13.287	0.0	58.004	11.799	-9.626	24.8	1.282	205.655	11.38	10.787	0.0	55.515	0.0	0.0	0.0	0.0	171.169	12.72	12.912	136.652	57.642	11.218	-21.667	19.0	0.0	186.862	11.46	12.537	0.0	57.332	27.273	-26.493	46.2	0.0	219.991	11.93	13.6	0.0	55.447	23.568	-1.0	0.0	0.0	0.0	12.06	14.787	0.0	56.211	11.944	-20.238	8.6	0.0	232.778	12.31
0.0	11.537	138.779	59.156	25.312	-11.721	0.4	1.433	233.553	11.47	6.162	136.12	58.884	34.248	-1.0	40.6	0.0	236.556	10.76	10.35	0.0	58.656	25.312	-3.151	11.2	1.978	233.553	12.06	13.412	0.0	58.802	31.778	-9.174	0.0	1.986	176.594	11.28	12.85	0.0	59.087	11.799	-9.565	24.8	1.617	189.671	11.2	10.85	0.0	57.145	0.0	0.0	0.0	1.508	169.813	12.68	12.787	179.19	55.349	11.218	-21.976	19.0	0.0	185.893	11.48	12.162	0.0	57.98	26.983	-26.104	46.2	1.048	232.197	12.22	13.1	0.0	52.356	23.568	-1.0	0.0	0.0	0.0	12.28	14.1	0.0	56.065	12.162	-20.027	8.6	0.0	220.573	12.58
0.0	10.725	97.837	10.054	25.675	-11.556	0.4	0.0	149.373	11.5	6.412	157.389	59.412	34.466	-1.0	40.6	0.0	206.042	10.26	11.662	0.0	60.769	25.675	-3.634	11.2	1.324	179.209	11.68	12.975	0.0	57.247	31.705	-9.088	0.0	1.458	164.582	10.9	12.725	0.0	60.385	11.944	-9.556	24.8	1.659	197.905	11.06	11.287	0.0	56.031	0.0	0.0	0.0	1.358	167.294	12.61	11.975	105.281	57.743	11.291	-22.651	19.0	1.374	175.044	11.3	13.162	0.0	58.945	27.273	-25.765	46.2	0.0	201.683	12.28	13.85	0.0	53.819	24.004	-1.0	0.0	0.0	0.0	11.96	14.85	0.0	55.332	12.308	-20.042	8.6	1.148	197.421	12.14
0.0	11.725	244.06	0.0	25.893	-11.783	0.4	1.592	161.773	11.18	6.037	183.444	58.635	33.739	-1.0	40.6	0.0	141.721	10.46	10.475	0.0	59.363	26.184	-3.272	11.2	0.0	152.861	12.14	14.6	0.0	56.786	31.342	-9.298	0.0	0.0	163.419	10.62	12.975	0.0	60.225	11.944	-9.613	24.8	1.601	198.68	11.23	10.912	0.0	55.82	0.0	0.0	0.0	0.0	153.151	12.43	13.287	341.365	58.479	11.654	-22.379	19.0	1.123	175.334	11.62	12.225	0.0	57.474	27.128	-25.767	46.2	0.0	198.389	12.19	12.6	0.0	54.318	24.367	-1.0	0.0	0.0	0.194	11.44	12.975	0.0	58.384	11.654	-19.691	8.6	1.693	199.067	12.28
