0.0	9.225	50.513	0.0	26.62	-8.79	26.0	0.0	189.768	8.8	9.475	47.855	89.915	34.611	-14.716	11.2	0.0	275.207	8.64	9.6	0.0	91.742	26.838	-3.205	31.2	0.0	213.307	9.56	10.6	0.0	90.087	32.577	-3.98	26.2	2.028	200.424	9.04	9.725	0.0	89.491	16.013	-8.75	3.0	1.425	233.941	8.9	8.975	0.0	86.395	0.0	0.0	24.8	1.659	203.136	10.36	10.35	50.513	84.776	13.543	-12.782	46.6	1.24	182.6	9.14	10.475	0.0	87.184	27.273	-27.808	18.4	1.492	223.769	9.74	10.1	0.0	82.786	27.128	-26.796	24.8	0.0	192.771	8.99	10.1	0.0	91.942	21.026	-20.134	35.8	0.0	238.009	10.32
0.0	9.35	46.791	0.0	26.547	-8.805	26.0	1.819	206.817	8.84	9.6	49.45	90.232	35.12	-15.154	11.2	1.441	265.714	8.6	9.6	0.0	91.989	27.056	-2.974	31.2	1.944	224.544	9.34	10.537	0.0	92.741	32.795	-3.568	26.2	1.953	200.52	8.94	9.725	0.0	89.906	15.65	-8.75	3.0	1.031	213.695	8.95	8.85	0.0	87.77	0.0	0.0	24.8	0.0	199.067	9.82	10.162	52.109	90.988	13.325	-13.026	46.6	0.0	183.859	9.05	10.412	0.0	88.043	27.273	-1.0	18.4	0.0	224.835	9.46	10.1	0.0	85.379	26.256	-26.238	24.8	1.349	178.144	8.79	9.975	0.0	95.027	21.026	-19.884	35.8	0.0	226.094	9.87
0.0	9.412	45.728	0.0	26.474	-8.812	26.0	1.777	201.489	8.8	9.475	46.791	89.871	34.902	-15.271	11.2	1.274	242.368	8.6	9.475	0.0	92.032	26.765	-3.162	31.2	1.299	211.467	9.35	10.475	0.0	92.701	33.013	-3.742	26.2	1.483	202.555	8.94	9.35	0.0	90.082	16.013	-8.696	3.0	0.0	202.07	8.82	8.85	0.0	88.053	0.0	0.0	24.8	1.458	212.048	9.75	10.162	49.45	91.036	13.47	-12.932	46.6	2.12	194.611	9.0	10.412	0.0	88.502	26.91	-1.0	18.4	1.718	210.982	9.4	9.975	0.0	85.735	26.983	-25.963	24.8	1.567	200.133	8.78	10.037	0.0	94.859	21.171	-19.795	35.8	2.028	220.669	9.81
0.0	9.287	48.387	0.0	25.893	-8.838	26.0	0.0	201.78	8.8	9.6	46.26	90.397	34.611	-15.014	11.2	0.0	222.897	8.6	9.475	0.0	91.603	26.91	-2.97	31.2	1.358	214.567	9.31	10.475	0.0	92.946	32.577	-3.586	26.2	1.911	201.295	8.92	9.6	0.0	90.45	15.867	-8.726	3.0	0.0	204.783	8.68	8.975	0.0	88.287	0.0	0.0	24.8	1.232	202.167	9.72	10.1	46.26	92.07	13.688	-12.92	46.6	1.911	180.081	8.92	10.225	0.0	88.37	27.346	-1.0	18.4	1.483	223.866	9.42	10.287	0.0	86.453	26.184	-1.0	24.8	1.316	182.696	8.66	9.85	0.0	95.197	21.244	-19.323	35.8	0.0	214.47	9.82
0.0	9.475	56.894	0.0	26.62	-8.82	26.0	1.684	211.854	8.8	9.6	52.64	90.572	34.974	-15.154	11.2	0.0	246.727	8.56	9.662	0.0	91.074	27.273	-3.073	31.2	1.064	209.045	9.44	10.6	0.0	93.321	32.65	-3.156	26.2	1.659	198.971	8.89	9.475	0.0	90.464	15.65	-8.711	3.0	0.0	193.546	8.7	8.975	0.0	88.337	0.0	0.0	24.8	1.475	204.105	9.79	10.225	57.426	91.308	13.325	-12.99	46.6	1.877	187.637	9.0	10.475	0.0	85.754	27.419	-1.0	18.4	1.961	221.735	9.54	10.162	0.0	83.995	26.184	-1.0	24.8	1.299	184.343	8.64	9.912	0.0	95.027	21.316	-20.08	35.8	1.852	234.037	9.76
0.0	9.6	74.441	0.0	26.547	-8.843	26.0	1.433	221.735	8.82	9.537	66.997	90.402	34.902	-16.528	11.2	0.955	286.831	8.67	9.725	0.0	91.879	26.765	-2.823	31.2	0.0	223.866	9.49	10.787	0.0	92.61	32.795	-3.338	26.2	1.307	211.079	8.96	9.662	0.0	90.285	15.65	-8.768	3.0	0.0	208.27	8.68	9.162	0.0	88.421	0.0	0.0	24.8	1.299	186.668	9.82	10.225	69.124	91.49	13.107	-12.76	46.6	2.103	179.597	9.0	10.412	0.0	87.873	27.637	-1.0	18.4	1.349	219.991	9.48	10.35	0.0	84.825	26.038	-26.447	24.8	1.006	185.699	8.78	10.1	0.0	95.106	21.171	-20.242	35.8	1.919	228.128	9.84
0.0	9.725	76.036	0.0	26.474	-8.826	26.0	1.919	230.066	8.82	9.725	75.504	89.435	34.902	-15.181	11.2	1.844	258.546	8.62	9.85	0.0	91.608	26.983	-3.021	31.2	0.0	213.404	9.55	10.787	0.0	91.049	31.923	-3.179	26.2	1.525	200.036	8.98	9.6	0.0	88.787	15.795	-8.735	3.0	0.0	202.167	8.82	9.225	0.0	87.941	0.0	0.0	24.8	1.098	200.617	9.88	10.537	77.1	91.331	13.47	-13.095	46.6	1.559	197.033	9.08	10.537	0.0	87.396	27.346	-1.0	18.4	1.299	210.982	9.68	10.475	0.0	82.198	26.983	-26.268	24.8	0.0	182.793	8.82	10.287	0.0	94.184	21.389	-21.071	35.8	1.701	227.257	9.85
0.0	9.85	74.441	0.0	26.474	-8.833	26.0	1.425	217.279	8.84	9.85	74.441	88.863	34.611	-15.498	11.2	1.819	229.291	8.62	9.85	0.0	90.699	26.983	-3.484	31.2	1.366	214.857	9.62	10.662	0.0	91.372	32.577	-8.525	26.2	1.567	198.292	9.02	9.975	0.0	88.013	16.085	-8.78	3.0	0.0	204.88	8.78	9.1	0.0	86.891	0.0	0.0	24.8	1.433	197.13	9.95	10.475	73.909	90.121	13.107	-13.132	46.6	1.768	185.021	9.08	10.537	0.0	88.163	27.419	-28.145	18.4	1.073	205.267	9.56	10.475	0.0	85.124	25.82	-26.721	24.8	1.006	185.118	8.81	10.287	0.0	93.742	20.953	-21.071	35.8	1.886	213.792	9.94
0.0	9.725	71.782	0.0	26.111	-8.883	26.0	1.592	204.88	8.84	9.85	70.719	87.314	34.466	-15.279	11.2	1.525	240.043	8.7	9.725	0.0	89.977	27.128	-2.823	31.2	0.0	224.641	9.82	10.6	0.0	84.061	32.795	-3.472	26.2	1.684	212.145	9.06	9.85	0.0	87.3	15.504	-8.866	3.0	1.994	202.942	8.74	9.1	0.0	83.408	0.0	0.0	24.8	1.391	225.513	10.36	10.412	70.719	79.453	13.18	-13.024	46.6	0.0	184.343	9.1	10.787	0.0	85.037	27.491	-28.249	18.4	1.592	225.803	10.04	10.162	0.0	74.437	27.201	-26.262	24.8	1.064	181.243	9.06	10.6	0.0	92.453	21.244	-21.507	35.8	1.291	252.83	9.95
0.0	9.475	68.06	0.0	26.111	-8.804	26.0	1.785	188.121	9.12	9.975	70.187	83.189	33.885	-15.024	11.2	0.0	121.668	8.96	9.85	0.0	86.043	27.346	-2.904	31.2	1.224	236.556	9.86	10.662	0.0	81.347	32.94	-3.533	26.2	1.559	208.561	9.1	9.85	0.0	87.287	15.722	-8.756	3.0	2.12	212.823	9.1	9.1	0.0	84.665	0.0	0.0	24.8	1.098	207.786	10.32	10.412	70.187	84.084	13.397	-13.121	46.6	1.433	187.637	9.31	10.537	0.0	81.657	27.201	-1.0	18.4	1.123	227.547	9.94	10.35	0.0	76.941	27.201	-26.334	24.8	1.022	209.723	8.91	10.35	0.0	92.328	21.098	-21.543	35.8	1.467	214.082	10.36
0.0	9.537	69.124	0.0	26.62	-8.795	26.0	2.12	194.03	9.02	9.85	68.592	87.81	34.902	-14.793	11.2	1.299	200.327	9.25	9.725	0.0	79.431	26.983	-2.823	31.2	1.064	254.671	10.12	10.6	0.0	77.784	32.722	-3.55	26.2	1.584	222.994	9.46	9.537	0.0	81.595	15.65	-8.719	3.0	1.902	219.604	9.3	9.162	0.0	77.933	0.0	0.0	24.8	1.089	211.854	10.62	10.412	72.846	77.463	13.397	-13.689	46.6	1.274	187.831	9.54	10.787	0.0	77.835	27.201	-28.249	18.4	1.508	242.078	10.08	10.162	0.0	75.063	25.603	-26.148	24.8	0.0	152.957	9.21	10.287	0.0	87.564	21.026	-21.071	35.8	1.483	242.368	10.46
0.0	9.412	63.806	0.0	25.603	-8.704	26.0	1.332	211.757	9.14	9.85	64.338	84.277	34.974	-15.351	11.2	1.634	218.829	9.34	9.662	0.0	80.161	26.765	-2.88	31.2	1.693	227.353	9.94	10.662	0.0	81.655	32.722	-3.533	26.2	1.718	201.78	9.58	9.85	0.0	78.664	15.722	-8.773	3.0	1.064	209.82	9.53	9.1	0.0	74.847	0.0	0.0	24.8	1.416	207.979	10.61	10.412	66.997	76.5	13.543	-13.219	46.6	1.55	171.169	9.64	10.475	0.0	76.271	27.564	-1.0	18.4	1.215	237.815	10.1	10.162	0.0	74.553	25.53	-26.375	24.8	0.0	177.659	9.2	10.1	0.0	84.805	20.88	-21.693	35.8	0.0	214.857	10.61
-1.0	9.1	62.743	0.0	26.111	-8.7	26.0	1.215	245.952	9.28	9.412	61.148	81.867	34.538	-15.257	11.2	0.0	238.203	9.2	9.6	0.0	81.512	26.692	-2.743	31.2	0.0	248.18	10.01	10.412	0.0	81.526	32.504	-3.603	26.2	0.0	222.704	9.61	9.85	0.0	77.65	15.867	-8.791	3.0	1.617	211.854	9.48	8.975	0.0	78.469	0.0	0.0	24.8	1.844	204.105	10.52	10.225	64.338	80.079	13.107	-13.135	46.6	1.341	181.437	9.58	10.537	0.0	77.418	27.056	-1.0	18.4	1.089	239.946	10.06	10.037	0.0	75.876	27.128	-26.326	24.8	0.0	209.529	9.34	9.912	0.0	83.925	20.953	-21.749	35.8	0.0	244.79	10.41
-1.0	9.037	62.743	0.0	25.966	-8.767	26.0	1.668	230.356	9.28	9.162	61.68	79.339	34.611	-14.992	11.2	1.936	248.18	9.25	9.225	0.0	81.499	27.056	-2.732	31.2	1.55	245.177	9.98	10.35	0.0	80.132	33.086	-3.542	26.2	0.0	205.848	9.7	9.85	0.0	78.043	15.65	-8.816	3.0	0.0	206.042	9.54	8.912	0.0	74.798	0.0	0.0	24.8	0.0	205.655	10.52	10.1	64.87	79.017	13.979	-13.211	46.6	1.492	186.474	9.6	10.162	0.0	76.136	27.709	-1.0	18.4	0.939	235.006	10.04	10.037	0.0	74.746	25.82	-26.326	24.8	1.525	188.412	9.3	9.725	0.0	81.799	20.88	-20.901	35.8	1.257	283.828	10.57
-1.0	8.912	64.338	0.0	25.966	-8.736	26.0	0.0	274.432	9.22	9.162	59.021	79.375	34.756	-15.276	11.2	0.0	230.066	9.12	9.412	0.0	81.662	27.201	-2.642	31.2	0.905	241.109	9.8	10.162	0.0	81.334	32.795	-3.593	26.2	0.0	214.857	9.52	9.85	0.0	79.416	15.722	-8.799	3.0	1.224	209.142	9.36	8.787	0.0	76.743	0.0	0.0	24.8	2.12	203.523	10.44	10.162	61.68	79.124	13.397	-13.427	46.6	0.0	160.707	9.55	10.287	0.0	78.011	27.273	-1.0	18.4	0.0	253.702	9.95	9.912	0.0	75.343	25.748	-26.166	24.8	0.0	223.866	9.32	9.662	0.0	83.967	21.316	-20.551	35.8	0.955	260.192	10.52
-1.0	8.725	53.704	0.0	26.474	-8.689	26.0	0.0	249.44	9.09	8.975	51.577	83.56	34.829	-15.164	11.2	1.726	283.15	8.98	9.35	0.0	84.333	27.056	-2.429	31.2	1.458	232.681	9.75	10.225	0.0	82.907	32.867	-3.615	26.2	1.793	204.105	9.32	9.85	0.0	81.563	15.432	-8.782	3.0	1.609	213.792	9.32	8.787	0.0	77.937	0.0	0.0	24.8	1.902	204.105	10.32	9.975	57.426	80.011	13.325	-13.187	46.6	1.366	178.144	9.4	10.1	0.0	79.538	27.273	-1.0	18.4	0.0	250.408	9.89	9.6	0.0	76.577	26.184	-26.159	24.8	1.601	202.555	9.14	9.6	0.0	86.362	21.244	-20.643	35.8	1.131	248.665	10.34
-1.0	8.85	48.387	0.0	25.603	-8.745	26.0	1.76	238.881	9.08	8.975	48.918	82.753	34.829	-15.309	11.2	1.601	271.235	8.74	9.412	0.0	87.628	27.346	-2.449	31.2	1.659	252.733	9.64	10.1	0.0	83.476	32.722	-3.417	26.2	0.0	200.908	9.3	9.725	0.0	82.946	15.65	-8.826	3.0	0.0	211.757	9.17	8.537	0.0	78.178	0.0	0.0	24.8	1.877	202.555	10.23	9.912	53.172	80.31	13.906	-13.176	46.6	1.341	178.144	9.28	10.225	0.0	80.44	27.346	-27.706	18.4	2.07	247.115	9.72	9.85	0.0	78.222	26.474	-25.802	24.8	1.081	157.995	9.02	9.475	0.0	84.762	21.098	-19.955	35.8	1.115	284.119	10.29
-1.0	8.725	48.387	0.0	26.256	-8.762	26.0	0.0	245.565	9.06	8.85	48.387	83.27	34.829	-15.282	11.2	1.575	301.362	8.92	9.412	0.0	85.596	27.273	-2.526	31.2	0.0	242.853	9.66	10.162	0.0	85.797	32.722	-3.244	26.2	1.718	208.367	9.28	9.537	0.0	82.656	15.65	-8.744	3.0	0.0	207.883	9.16	8.787	0.0	79.313	0.0	0.0	24.8	1.81	204.395	10.19	9.85	56.362	81.639	13.761	-12.969	46.6	0.0	171.944	9.28	10.1	0.0	80.27	26.765	-27.862	18.4	1.827	253.508	9.76	9.975	0.0	78.131	26.402	-25.849	24.8	0.93	192.868	9.1	9.537	0.0	87.401	20.662	-19.76	35.8	0.0	242.465	10.29
-1.0	8.725	54.767	0.0	26.184	-8.722	26.0	0.0	252.927	8.98	9.037	53.704	84.66	34.466	-15.106	11.2	0.0	259.127	8.91	9.35	0.0	85.548	26.765	-2.313	31.2	0.0	232.778	9.6	10.287	0.0	84.009	32.577	-3.831	26.2	1.793	197.905	9.3	9.6	0.0	82.66	15.94	-8.794	3.0	0.0	220.282	9.06	8.725	0.0	80.245	0.0	0.0	24.8	1.969	228.032	10.1	9.85	71.782	82.51	13.906	-13.214	46.6	1.827	185.506	9.22	10.162	0.0	82.093	26.983	-27.887	18.4	0.0	242.368	9.66	9.975	0.0	79.889	27.128	-25.505	24.8	1.031	161.773	9.01	9.662	0.0	87.084	21.171	-20.008	35.8	0.0	265.326	10.12
-1.0	9.037	61.148	0.0	26.692	-8.759	26.0	0.0	201.392	9.07	8.975	59.021	83.626	34.611	-14.953	11.2	1.986	277.435	8.79	9.475	0.0	86.552	26.692	-2.47	31.2	0.0	240.431	9.63	10.35	0.0	85.744	32.432	-3.853	26.2	0.964	218.248	9.14	9.6	0.0	82.957	15.65	-8.769	3.0	1.366	182.793	9.1	8.787	0.0	81.103	0.0	0.0	24.8	0.0	187.056	10.15	10.225	77.631	82.689	13.47	-13.439	46.6	0.0	176.594	9.19	10.35	0.0	81.918	27.855	-27.861	18.4	0.0	243.24	9.61	10.037	0.0	79.927	25.603	-25.987	24.8	0.0	161.773	9.02	9.725	0.0	88.997	20.953	-19.497	35.8	0.972	264.164	10.18
-1.0	8.662	62.743	0.0	26.256	-8.706	26.0	1.341	254.864	8.68	9.1	61.148	87.342	34.611	-15.119	11.2	1.425	289.253	8.68	9.412	0.0	88.22	26.765	-2.603	31.2	0.0	235.103	9.52	10.162	0.0	86.133	33.158	-3.477	26.2	1.751	212.242	9.1	9.35	0.0	85.339	15.795	-8.739	3.0	1.098	214.082	9.03	8.662	0.0	82.836	0.0	0.0	24.8	1.291	202.555	10.13	10.1	79.226	83.566	13.325	-13.363	46.6	1.785	159.932	9.22	10.287	0.0	83.117	27.782	-1.0	18.4	1.24	231.906	9.69	9.85	0.0	79.994	27.128	-25.802	24.8	1.249	181.631	8.91	9.6	0.0	90.118	21.244	-19.358	35.8	0.0	265.52	10.12
-1.0	8.787	67.528	0.0	26.402	-8.737	26.0	0.0	226.482	8.75	8.912	64.87	86.267	34.974	-14.802	11.2	0.997	299.812	8.6	9.287	0.0	88.29	26.765	-2.792	31.2	1.156	228.516	9.46	10.1	0.0	87.648	32.722	-3.533	26.2	1.584	207.204	9.13	9.412	0.0	83.993	15.65	-8.746	3.0	1.978	207.398	8.94	8.85	0.0	81.861	0.0	0.0	24.8	1.768	203.717	9.99	10.1	85.075	85.11	13.325	-13.684	46.6	1.399	170.491	9.12	10.162	0.0	82.952	27.273	-1.0	18.4	1.542	239.172	9.55	10.037	0.0	80.744	25.82	-26.55	24.8	0.0	185.021	8.84	9.475	0.0	90.604	20.953	-19.532	35.8	0.0	265.326	10.08
-1.0	8.787	69.655	0.0	26.256	-8.705	26.0	0.93	219.507	8.88	8.975	71.782	85.656	35.047	-15.093	11.2	0.0	282.86	8.73	9.412	0.0	86.537	27.056	-2.719	31.2	0.98	229.097	9.39	10.037	0.0	86.744	32.577	-3.742	26.2	0.0	216.117	9.24	9.412	0.0	81.713	15.795	-8.738	3.0	0.0	245.759	8.86	8.85	0.0	82.464	0.0	0.0	24.8	1.819	209.626	10.03	10.162	86.67	84.416	13.688	-13.48	46.6	2.137	188.218	9.04	10.1	0.0	83.925	27.056	-27.445	18.4	1.961	217.86	9.54	9.912	0.0	81.009	26.765	-26.053	24.8	1.014	198.099	8.88	9.6	0.0	88.472	20.808	-18.847	35.8	0.922	257.771	10.02
-1.0	8.912	67.528	0.0	26.402	-8.736	26.0	1.76	287.994	8.86	8.912	48.387	84.351	35.556	-14.092	11.2	2.103	272.495	8.76	9.475	0.0	86.453	26.692	-2.74	31.2	0.0	259.127	9.52	10.037	0.0	85.021	32.867	-3.588	26.2	0.0	212.435	9.24	9.287	0.0	83.264	15.722	-8.731	3.0	0.0	217.666	9.0	8.725	0.0	80.524	0.0	0.0	24.8	1.76	214.954	10.08	10.1	84.012	83.767	13.325	-13.468	46.6	1.559	186.571	9.06	10.1	0.0	83.293	27.056	-27.759	18.4	0.0	250.215	9.52	10.037	0.0	81.149	27.056	-26.101	24.8	0.0	183.956	8.91	9.475	0.0	87.941	20.88	-18.814	35.8	0.0	263.68	10.06
-1.0	8.787	71.782	0.0	26.547	-8.817	26.0	1.55	266.392	8.75	8.912	70.719	84.768	34.829	-15.009	11.2	0.0	266.876	8.69	9.475	0.0	87.48	26.765	-2.585	31.2	0.0	244.693	9.45	10.162	0.0	85.191	32.867	-3.786	26.2	0.0	199.358	9.11	9.35	0.0	83.706	15.795	-8.696	3.0	0.0	210.498	8.94	8.725	0.0	80.801	0.0	0.0	24.8	1.777	222.122	10.06	9.975	87.734	84.212	13.615	-13.392	46.6	1.693	188.218	9.03	10.162	0.0	83.168	27.056	-1.0	18.4	0.0	220.96	9.54	10.1	0.0	80.498	25.893	-26.238	24.8	1.265	204.88	8.87	9.537	0.0	88.245	21.098	-18.73	35.8	0.0	257.964	10.02
-1.0	8.412	57.426	0.0	26.038	-8.693	26.0	0.939	294.775	8.88	8.85	44.664	84.192	34.902	-14.654	11.2	0.0	291.287	8.71	9.475	0.0	86.349	27.056	-2.701	31.2	0.0	269.104	9.35	10.162	0.0	87.417	33.158	-3.94	26.2	0.0	252.927	9.08	9.1	0.0	84.333	15.722	-8.649	3.0	0.0	228.322	8.93	8.912	0.0	81.571	0.0	0.0	24.8	0.0	211.661	9.99	10.037	78.695	84.899	13.107	-13.456	46.6	1.123	214.954	9.06	10.162	0.0	82.7	27.782	-27.784	18.4	0.0	247.115	9.52	10.287	0.0	81.101	27.128	-26.196	24.8	0.98	221.154	8.86	9.662	0.0	89.356	21.026	-19.272	35.8	0.972	240.334	10.05
-1.0	8.475	55.299	0.0	26.547	-8.724	26.0	1.802	227.353	8.82	8.85	54.236	85.225	34.684	-14.266	11.2	0.0	300.781	8.57	9.6	0.0	87.901	27.346	-2.511	31.2	0.0	237.04	9.45	10.412	0.0	87.691	32.795	-4.068	26.2	0.0	209.432	8.96	9.475	0.0	84.934	15.577	-8.711	3.0	1.207	216.407	8.92	8.85	0.0	82.024	0.0	0.0	24.8	0.972	207.979	9.98	9.975	68.592	84.287	13.325	-13.715	46.6	0.0	174.172	9.09	10.35	0.0	82.302	27.637	-28.067	18.4	1.534	247.502	9.5	10.287	0.0	80.733	25.603	-24.45	24.8	0.0	200.617	8.72	9.475	0.0	90.507	21.171	-19.22	35.8	1.14	240.915	10.06
-1.0	8.6	60.084	0.0	26.402	-8.682	26.0	1.969	283.15	8.72	8.662	55.299	84.248	36.645	-15.315	11.2	1.19	299.909	8.42	9.35	0.0	88.043	27.056	-2.505	31.2	1.994	244.693	9.21	10.037	0.0	87.586	33.086	-3.742	26.2	0.0	216.117	8.86	9.1	0.0	84.023	15.65	-8.675	3.0	0.0	221.154	8.72	8.787	0.0	82.859	0.0	0.0	24.8	1.751	205.945	9.94	10.037	67.528	85.772	13.325	-13.563	46.6	0.997	184.44	8.96	10.287	0.0	83.671	27.273	-27.835	18.4	0.0	238.881	9.54	10.162	0.0	80.693	26.111	-25.92	24.8	0.905	185.118	8.71	9.537	0.0	89.716	21.026	-19.654	35.8	1.483	271.429	9.88
0.0	8.975	82.417	0.0	26.402	-8.784	26.0	1.433	197.518	8.54	8.85	77.1	87.036	34.684	-15.138	11.2	0.0	242.853	8.46	9.412	0.0	88.5	26.765	-2.603	31.2	1.324	248.471	9.38	10.412	0.0	86.627	32.359	-3.991	26.2	1.886	267.651	8.9	9.287	0.0	85.96	15.504	-8.706	3.0	0.0	226.482	8.75	9.037	0.0	83.386	0.0	0.0	24.8	0.0	203.62	9.94	10.225	89.329	83.971	13.761	-13.545	46.6	2.112	170.2	8.94	10.225	0.0	83.902	26.474	-27.81	18.4	0.0	243.531	9.41	10.225	0.0	81.246	26.692	-26.172	24.8	1.567	209.82	8.59	9.537	0.0	90.539	21.026	-19.654	35.8	1.408	271.72	9.8
0.0	8.975	87.734	0.0	26.256	-8.76	26.0	1.927	242.078	8.56	9.037	87.734	86.061	34.902	-14.24	11.2	1.5	267.264	8.53	9.6	0.0	88.807	26.765	-2.704	31.2	0.0	262.227	9.41	10.35	0.0	86.703	33.013	-3.968	26.2	1.793	226.578	8.9	9.412	0.0	85.891	15.504	-8.721	3.0	2.078	242.756	8.76	8.975	0.0	81.868	0.0	0.0	24.8	1.601	208.561	9.86	10.225	113.256	85.614	13.615	-13.708	46.6	1.55	198.099	8.99	10.412	0.0	83.89	26.983	-27.782	18.4	0.0	262.517	9.4	10.35	0.0	81.629	26.256	-1.0	24.8	1.048	232.003	8.6	9.662	0.0	90.433	21.026	-20.116	35.8	1.022	289.35	9.87
