-1.0	-6.275	15.952	0.0	24.295	-11.948	0.0	3.989	85.633	-3.92	-5.713	11.698	66.169	32.286	-7.424	0.0	6.268	103.069	-3.63	-4.463	0.0	65.574	23.496	-18.685	0.0	2.464	79.24	-2.87	-3.4	0.0	66.234	0.0	-7.258	0.0	1.81	60.737	-3.46	-3.337	0.0	69.398	10.709	-9.499	29.2	1.676	76.043	-3.98	-4.15	0.0	67.546	0.0	0.0	0.0	2.145	59.769	-2.9	-2.712	11.698	67.572	7.731	-1.0	0.2	2.548	57.25	-3.08	-2.587	0.0	66.998	27.855	-19.015	0.2	1.71	53.763	-3.1	-3.087	0.0	65.645	21.026	0.0	0.2	2.489	0.291	-3.42	-3.587	0.0	66.08	12.235	-1.0	0.0	1.726	108.397	-2.95
-1.0	-6.213	11.698	0.0	24.44	-12.064	0.0	3.922	71.006	-3.65	-5.65	10.634	64.577	32.432	-7.528	0.0	6.889	98.904	-3.68	-4.588	0.0	66.627	23.641	-18.848	0.0	2.422	88.442	-3.0	-3.337	0.0	68.601	0.0	-7.293	0.0	2.372	54.635	-3.62	-3.4	0.0	71.018	9.838	-9.562	29.2	1.358	82.339	-4.05	-4.15	0.0	68.449	0.0	0.0	0.0	1.852	68.487	-3.08	-2.712	11.698	69.7	7.513	-1.0	0.2	2.74	42.526	-3.22	-2.837	0.0	68.914	27.782	-18.57	0.2	1.575	59.187	-3.22	-3.15	0.0	66.273	20.662	0.0	0.2	2.279	37.586	-3.6	-3.712	0.0	67.106	12.235	-1.0	0.0	2.221	117.116	-2.96
-1.0	-6.025	11.698	0.0	24.367	-12.036	0.0	4.55	86.311	-3.6	-5.4	9.571	63.691	32.504	-7.526	0.0	6.771	90.379	-3.85	-4.838	0.0	67.979	23.205	-18.792	0.0	2.447	76.624	-3.08	-3.65	0.0	69.22	0.0	-7.229	0.0	2.02	51.922	-3.68	-3.587	0.0	72.338	10.419	-9.339	29.2	0.98	80.692	-4.22	-4.275	0.0	69.801	0.0	0.0	0.0	2.33	61.997	-3.01	-2.775	11.166	68.98	7.949	-1.0	0.2	2.958	39.232	-3.25	-2.712	0.0	69.06	27.491	-18.889	0.2	1.634	39.717	-3.26	-3.275	0.0	67.144	20.953	0.0	0.2	2.698	7.846	-3.6	-3.837	0.0	68.587	11.726	-23.216	0.0	2.087	109.366	-3.1
-1.0	-6.15	10.634	0.0	24.44	-12.072	0.0	3.888	106.654	-3.74	-5.4	9.039	65.554	32.504	-7.526	0.0	7.358	107.235	-3.8	-4.65	0.0	67.785	23.786	-21.587	0.0	2.472	92.801	-3.08	-3.4	0.0	69.169	0.0	-7.092	0.0	2.321	61.416	-3.78	-3.65	0.0	73.051	9.91	-9.332	29.2	0.93	92.026	-4.32	-4.338	0.0	71.347	0.0	0.0	0.0	1.819	50.082	-3.16	-2.775	9.571	70.712	7.44	-1.0	0.2	2.925	41.557	-3.28	-3.025	0.0	69.635	27.855	-18.817	0.2	1.668	64.709	-3.3	-3.4	0.0	67.547	20.953	0.0	0.2	2.933	355.609	-3.62	-3.962	0.0	69.266	12.162	-1.0	0.0	1.86	120.022	-3.06
-1.0	-6.275	11.698	0.0	24.513	-12.001	0.0	5.078	91.154	-3.96	-5.588	9.571	68.289	32.504	-7.522	0.0	8.171	102.876	-3.98	-4.588	0.0	69.874	23.568	-18.372	0.0	3.754	57.444	-3.2	-3.65	0.0	70.254	0.0	-7.198	0.0	2.221	57.153	-3.9	-3.4	0.0	75.194	10.419	-9.359	29.2	2.413	92.704	-4.26	-4.338	0.0	70.914	0.0	0.0	0.0	2.556	61.416	-3.21	-2.837	10.103	72.164	7.949	-1.0	0.2	3.025	41.848	-3.41	-2.837	0.0	71.828	27.564	-18.093	0.2	1.953	53.278	-3.48	-3.525	0.0	69.696	20.081	0.0	0.2	2.539	22.764	-3.68	-3.837	0.0	69.883	11.799	-1.0	0.0	2.011	112.078	-3.18
-1.0	-5.838	11.166	0.0	24.585	-12.008	0.0	4.793	64.806	-3.84	-5.65	10.634	66.983	32.722	-7.528	0.0	7.567	97.645	-3.96	-4.588	0.0	69.3	23.35	-18.278	0.0	3.034	85.439	-3.21	-3.4	0.0	71.621	0.0	-7.211	0.0	2.346	62.772	-3.82	-2.9	0.0	73.794	10.564	-9.525	29.2	1.86	80.402	-4.38	-4.4	0.0	71.95	0.0	0.0	0.0	1.994	64.225	-3.26	-3.087	10.634	72.203	7.368	-1.0	0.2	2.589	43.688	-3.46	-2.962	0.0	72.236	27.927	-18.929	0.2	1.601	61.125	-3.52	-3.462	0.0	69.109	20.808	0.0	0.2	2.145	16.08	-3.62	-3.712	0.0	70.545	11.944	-1.0	0.0	2.33	79.433	-3.3
-1.0	-6.65	16.483	0.0	24.367	-12.003	0.0	3.972	91.639	-4.04	-5.463	7.976	69.486	32.504	-7.676	0.0	6.612	100.26	-4.08	-4.65	0.0	71.198	22.915	-18.076	0.0	3.008	65.581	-3.36	-3.712	0.0	72.306	0.0	-7.193	0.0	2.539	53.666	-3.88	-2.9	0.0	76.477	10.274	-9.458	29.4	1.659	84.955	-4.42	-4.213	0.0	72.431	0.0	0.0	0.0	1.927	55.894	-3.4	-3.087	9.571	74.028	8.094	-1.0	0.2	2.179	45.529	-3.45	-3.15	0.0	71.573	27.709	-21.031	0.2	1.768	42.332	-3.66	-3.4	0.0	71.258	20.88	0.0	0.2	2.514	27.608	-3.96	-3.9	0.0	71.765	12.235	-1.0	0.0	2.045	113.531	-3.2
-1.0	-6.088	9.039	0.0	24.513	-11.973	0.0	4.961	71.199	-4.0	-5.4	10.103	69.343	32.432	-7.519	0.0	7.886	115.275	-4.09	-4.713	0.0	71.935	23.496	-17.875	0.0	3.101	109.947	-3.52	-3.65	0.0	72.518	0.0	-7.198	0.0	2.346	61.9	-3.98	-3.4	0.0	76.455	9.838	-9.492	29.4	1.341	78.658	-4.5	-4.213	0.0	73.868	0.0	0.0	0.0	2.363	63.256	-3.44	-3.15	9.039	73.923	8.021	-1.0	0.2	1.508	41.363	-3.56	-3.15	0.0	72.706	27.927	-18.789	0.2	1.106	107.429	-3.68	-3.712	0.0	71.08	20.444	0.0	0.2	2.221	9.784	-3.93	-4.4	0.0	73.117	12.235	-1.0	0.0	1.751	115.275	-3.42
-1.0	-6.213	10.634	0.0	24.658	-13.661	0.0	5.372	91.542	-4.07	-5.4	19.142	70.356	32.432	-7.482	0.0	8.539	102.101	-4.14	-4.838	0.0	72.659	23.133	-18.412	0.0	3.754	93.576	-3.28	-4.025	0.0	73.835	0.0	-7.167	0.0	1.383	47.563	-3.93	-3.4	0.0	75.639	10.274	-9.492	29.4	2.087	79.724	-4.52	-4.275	0.0	73.816	0.0	0.0	0.0	2.137	57.541	-3.36	-3.212	9.571	74.012	8.021	-1.0	0.2	2.103	48.629	-3.63	-3.087	0.0	73.447	27.855	-18.803	0.2	1.156	91.542	-3.66	-3.587	0.0	71.654	21.534	0.0	0.2	2.137	199.842	-3.86	-4.025	0.0	72.766	12.235	-1.0	0.0	1.148	102.101	-3.41
-1.0	-6.088	10.103	0.0	24.513	-11.973	0.0	4.056	114.694	-4.1	-5.4	10.634	70.897	32.504	-7.482	0.0	7.701	107.816	-4.18	-4.713	0.0	74.08	23.496	-18.629	0.0	2.69	68.1	-3.44	-3.65	0.0	74.261	0.0	-7.198	0.0	2.43	74.59	-3.99	-3.337	0.0	77.133	9.765	-9.593	29.4	1.265	68.1	-4.58	-4.588	0.0	74.308	0.0	0.0	0.0	1.425	66.356	-3.44	-3.4	8.508	74.91	7.44	-1.0	0.2	2.221	35.261	-3.66	-3.212	0.0	74.479	28.145	-18.871	0.2	1.986	63.062	-3.66	-3.462	0.0	71.802	21.026	0.0	0.2	1.894	342.047	-4.02	-4.15	0.0	74.547	12.235	-1.0	0.0	2.062	89.023	-3.42
-1.0	-6.275	9.571	0.0	24.513	-11.895	0.0	5.38	77.108	-4.16	-5.775	6.381	71.577	32.504	-7.463	0.0	8.355	92.317	-4.14	-4.65	0.0	72.635	23.496	-18.076	0.0	3.193	90.767	-3.35	-3.712	0.0	74.401	0.0	-7.169	0.0	2.271	73.524	-3.98	-3.212	0.0	77.392	10.201	-9.49	29.4	1.433	82.63	-4.57	-4.713	0.0	75.168	0.0	0.0	0.0	2.481	65.775	-3.56	-3.212	7.976	75.933	7.368	-1.0	0.2	1.517	43.688	-3.7	-3.212	0.0	74.423	27.927	-18.678	0.2	1.081	82.243	-3.84	-3.587	0.0	73.354	20.662	0.0	0.2	1.886	27.123	-3.92	-4.275	0.0	73.338	12.308	-1.0	0.0	1.886	111.691	-3.41
-1.0	-6.4	9.039	0.0	24.44	-11.878	0.0	4.819	86.892	-4.12	-5.4	5.317	70.942	32.504	-7.432	0.0	8.137	104.038	-4.14	-4.713	0.0	72.684	23.641	-18.345	0.0	2.967	115.178	-3.5	-3.837	0.0	75.946	0.0	-7.151	0.0	1.877	72.168	-3.95	-3.587	0.0	76.391	10.419	-9.426	29.4	1.835	113.822	-4.5	-4.4	0.0	73.531	0.0	0.0	0.0	1.81	86.602	-3.44	-3.212	6.912	74.982	7.368	-1.0	0.2	1.634	45.335	-3.77	-3.337	0.0	75.317	27.782	-18.843	0.2	0.922	89.023	-3.66	-3.712	0.0	71.9	20.59	0.0	0.2	1.978	9.009	-3.8	-4.275	0.0	73.557	11.581	-1.0	0.0	1.433	111.207	-3.6
-1.0	-5.713	9.039	0.0	24.658	-11.764	0.0	5.615	105.104	-4.0	-5.588	2.127	69.97	32.286	-7.473	0.0	8.472	99.582	-4.22	-4.65	0.0	73.323	23.133	-18.548	0.0	3.377	83.211	-3.26	-3.275	0.0	72.006	0.0	-7.206	0.0	3.486	73.427	-3.94	-3.087	0.0	76.816	9.256	-9.597	29.4	1.676	68.293	-4.67	-4.525	0.0	75.597	0.0	0.0	0.0	1.274	83.792	-3.2	-3.025	6.912	71.871	7.658	-1.0	0.2	2.413	50.857	-3.5	-3.212	0.0	72.743	28.0	-18.871	0.2	2.69	29.352	-3.44	-3.4	0.0	69.729	20.444	0.0	0.2	2.598	349.312	-4.0	-4.025	0.0	73.926	12.308	-1.0	0.0	2.212	98.614	-3.44
-1.0	-6.275	8.508	0.0	24.367	-11.895	0.0	6.218	84.664	-4.12	-5.713	8.508	70.57	32.068	-7.443	0.0	9.369	101.81	-3.94	-4.525	0.0	70.68	23.35	-18.291	0.0	4.45	75.268	-3.22	-3.775	0.0	71.965	0.0	-7.164	0.0	2.363	62.772	-3.86	-3.4	0.0	75.63	10.274	-9.424	29.4	2.548	66.453	-4.24	-4.213	0.0	70.521	0.0	0.0	0.0	3.553	62.868	-3.24	-3.212	5.317	73.187	7.368	-1.0	0.2	2.397	30.805	-3.48	-3.087	0.0	72.722	27.927	-19.191	0.2	1.81	57.734	-3.53	-3.525	0.0	70.213	20.88	0.0	0.2	3.076	35.551	-3.8	-3.9	0.0	71.23	12.09	-1.0	0.0	2.657	110.044	-3.22
-1.0	-6.213	6.912	0.0	24.44	-11.647	0.0	5.43	81.564	-4.04	-5.4	5.849	69.586	32.432	-7.489	0.0	8.296	108.882	-4.08	-4.775	0.0	72.867	23.205	-18.71	0.0	2.221	91.542	-3.35	-3.837	0.0	72.48	0.0	-7.228	0.0	2.12	85.924	-3.86	-3.4	0.0	75.369	10.492	-9.381	29.6	1.994	80.886	-4.4	-4.338	0.0	72.459	0.0	0.0	0.0	2.497	63.353	-3.34	-3.275	9.039	73.871	7.658	-1.0	0.2	1.207	10.849	-3.6	-3.087	0.0	72.942	27.491	-18.803	0.4	0.0	66.162	-3.66	-3.712	0.0	72.441	20.517	0.0	0.2	1.944	331.585	-3.92	-4.275	0.0	71.995	12.162	-1.0	0.0	2.187	121.281	-3.3
-1.0	-6.463	6.912	0.0	24.803	-11.663	0.0	5.171	92.414	-4.13	-5.463	4.254	70.965	32.432	-7.508	0.0	7.366	101.229	-4.13	-4.588	0.0	73.172	23.205	-18.752	0.0	3.243	86.311	-3.36	-3.775	0.0	73.673	0.0	-7.172	0.0	2.615	46.11	-3.96	-3.587	0.0	76.812	9.983	-9.426	30.4	1.726	92.414	-4.4	-4.4	0.0	72.337	0.0	0.0	0.0	1.793	74.977	-3.42	-3.212	5.849	74.145	7.876	-1.0	0.2	1.45	54.828	-3.58	-3.275	0.0	72.8	27.927	-19.051	0.4	1.098	38.942	-3.66	-3.775	0.0	71.505	20.517	0.0	0.2	2.103	356.287	-3.92	-4.213	0.0	73.967	12.235	-1.0	0.0	2.296	107.913	-3.42
-1.0	-6.65	6.912	0.0	24.367	-12.003	0.0	4.576	75.849	-4.02	-5.713	3.722	69.841	32.359	-7.456	0.0	7.685	105.685	-4.26	-4.713	0.0	73.63	23.205	-18.724	0.0	2.992	77.69	-3.4	-3.962	0.0	72.959	0.0	-7.117	0.0	2.581	60.447	-4.08	-3.712	0.0	77.788	10.637	-9.368	13.4	1.71	89.798	-4.54	-4.213	0.0	74.292	0.0	0.0	0.0	2.564	62.675	-3.34	-3.212	8.508	72.996	7.44	-1.0	0.2	2.372	23.152	-3.63	-3.212	0.0	73.033	27.927	-18.871	0.4	1.961	29.739	-3.71	-3.525	0.0	71.693	19.5	0.0	0.2	1.852	1.744	-4.06	-4.4	0.0	74.226	11.944	-1.0	0.0	1.391	114.984	-3.48
-1.0	-6.588	6.381	0.0	24.585	-11.8	0.0	3.813	106.072	-4.14	-5.463	3.19	70.69	32.504	-7.439	0.0	7.5	118.762	-4.14	-4.713	0.0	72.586	23.205	-18.82	0.0	3.235	81.661	-3.53	-4.15	0.0	73.443	0.0	-7.141	0.0	1.793	80.208	-4.06	-3.837	0.0	77.56	9.62	-9.354	15.8	1.073	73.33	-4.52	-4.525	0.0	74.008	0.0	0.0	0.0	2.087	60.641	-3.39	-3.4	6.381	73.691	7.368	-1.0	0.2	1.802	49.791	-3.7	-3.275	0.0	74.23	27.709	-18.281	0.4	1.835	61.125	-3.78	-3.775	0.0	72.318	20.517	0.0	0.2	1.978	5.037	-3.96	-4.4	0.0	73.789	12.235	-1.0	0.0	1.877	103.748	-3.41
-1.0	-6.275	5.317	0.0	24.731	-12.001	0.0	5.078	105.685	-4.18	-5.275	3.19	71.499	32.504	-7.455	0.0	8.908	112.369	-4.19	-4.838	0.0	73.402	22.987	-18.507	0.0	2.43	106.847	-3.36	-3.712	0.0	72.747	0.0	-7.154	0.0	2.548	64.903	-4.06	-3.65	0.0	77.653	10.492	-9.397	17.6	1.156	113.725	-4.59	-4.275	0.0	74.545	0.0	0.0	0.0	1.911	64.709	-3.32	-3.212	5.317	73.56	8.167	-1.0	0.2	1.073	41.073	-3.68	-3.15	0.0	73.485	27.564	-18.692	0.4	0.0	42.429	-3.6	-3.712	0.0	71.096	20.081	0.0	0.2	2.204	348.634	-4.19	-4.838	0.0	74.821	12.09	-1.0	0.0	1.684	151.601	-3.38
-1.0	-6.15	6.381	0.0	23.786	-12.182	0.0	5.078	79.724	-4.28	-5.713	2.659	72.019	32.504	-7.437	0.0	7.366	94.061	-4.14	-4.588	0.0	72.219	23.205	-18.752	0.0	3.796	61.997	-3.44	-3.962	0.0	73.121	0.0	-7.172	0.0	2.765	68.681	-3.91	-3.4	0.0	75.833	9.91	-9.402	18.6	2.238	73.04	-4.31	-4.525	0.0	71.767	0.0	0.0	0.0	2.447	61.803	-3.46	-3.4	4.785	74.738	7.44	-1.0	0.2	2.296	39.232	-3.66	-3.15	0.0	73.683	27.855	-18.404	0.4	1.441	53.569	-3.77	-3.962	0.0	72.173	21.244	0.0	0.2	2.011	353.962	-3.75	-4.275	0.0	73.13	12.235	-1.0	0.0	1.467	106.072	-3.37
-1.0	-6.588	4.785	0.0	24.367	-12.403	0.0	5.397	83.308	-4.22	-5.4	4.785	71.515	33.231	-7.438	0.0	7.467	96.87	-4.18	-4.775	0.0	72.162	23.133	-17.677	0.0	2.749	96.192	-3.46	-4.15	0.0	73.798	0.0	-7.125	0.0	2.045	57.734	-3.98	-3.462	0.0	76.549	10.637	-9.754	19.8	2.321	80.111	-4.42	-4.4	0.0	72.626	0.0	0.0	0.0	2.481	59.865	-3.44	-3.275	4.254	74.478	7.44	-1.0	0.2	2.372	36.617	-3.72	-3.275	0.0	74.226	28.0	-18.472	0.4	1.433	45.432	-3.8	-3.712	0.0	71.921	20.372	0.0	0.2	2.372	16.371	-3.87	-4.463	0.0	74.025	11.872	-1.0	0.0	1.911	127.771	-3.55
-1.0	-6.275	5.317	0.0	24.513	-11.948	0.0	4.567	111.885	-4.21	-5.588	0.0	71.763	32.722	-7.41	0.0	7.626	110.528	-4.32	-4.963	0.0	74.051	24.004	-18.009	0.0	2.154	100.357	-3.57	-4.338	0.0	74.738	0.0	-7.071	0.0	1.534	56.475	-4.1	-3.587	0.0	77.691	10.492	-9.36	22.0	1.408	100.357	-4.62	-4.775	0.0	74.467	0.0	0.0	0.0	1.961	62.772	-3.54	-3.525	3.722	75.557	7.949	-1.0	0.2	2.33	37.489	-3.74	-3.212	0.0	74.029	27.782	-18.871	0.4	1.71	56.281	-3.82	-3.837	0.0	72.212	21.244	0.0	0.2	2.346	311.824	-4.08	-4.588	0.0	74.821	12.235	-1.0	0.0	2.045	102.295	-3.54
-1.0	-6.025	3.19	0.0	24.731	-12.255	0.0	4.902	102.876	-4.18	-5.65	1.595	71.499	33.303	-7.43	0.0	8.246	134.552	-4.29	-4.963	0.0	73.647	23.423	-18.197	0.0	1.911	94.448	-3.54	-3.775	0.0	73.514	0.0	-7.156	0.0	2.413	52.116	-4.15	-3.587	0.0	76.653	10.056	-9.36	23.4	0.0	112.95	-4.68	-5.025	0.0	74.931	0.0	0.0	0.0	1.073	57.444	-3.46	-3.4	2.659	74.281	7.44	-1.0	0.2	1.358	41.751	-3.72	-3.212	0.0	73.888	27.927	-18.678	0.4	1.601	39.717	-3.9	-3.837	0.0	72.587	20.662	0.0	0.2	1.492	15.402	-4.18	-4.838	0.0	74.273	12.308	-1.0	0.0	1.433	161.869	-3.64
-1.0	-6.463	2.127	0.0	24.658	-11.817	0.0	4.475	110.819	-4.26	-5.713	2.127	71.974	32.359	-7.424	0.0	8.062	109.947	-4.34	-4.9	0.0	74.598	22.915	-18.116	0.0	3.076	67.518	-3.54	-4.15	0.0	74.264	0.0	-7.125	0.0	2.045	53.375	-4.12	-3.587	0.0	77.593	10.201	-9.276	27.6	1.55	75.558	-4.56	-4.463	0.0	73.856	0.0	0.0	0.0	2.724	57.928	-3.62	-3.525	4.785	76.062	7.585	-1.0	0.2	1.684	48.822	-3.78	-3.212	0.0	74.117	28.218	-18.968	0.4	1.525	34.389	-3.88	-3.837	0.0	72.64	21.171	0.0	0.2	2.43	4.553	-4.13	-4.588	0.0	74.379	12.308	-1.0	0.0	0.0	115.178	-3.49
-1.0	-6.463	3.19	0.0	24.658	-11.765	0.0	4.609	81.468	-4.62	-6.025	0.532	74.323	32.577	-7.398	0.0	8.137	92.995	-4.42	-4.9	0.0	74.677	23.714	-18.873	0.0	3.612	59.865	-3.58	-3.775	0.0	73.384	0.0	-7.148	0.0	3.076	73.33	-4.14	-3.712	0.0	77.96	9.838	-9.48	33.6	2.296	59.769	-4.6	-4.4	0.0	74.088	0.0	0.0	0.0	2.321	57.734	-3.46	-3.4	7.444	74.377	7.368	-1.0	0.2	1.819	52.116	-3.83	-3.4	0.0	74.587	27.637	-19.216	0.4	1.324	46.207	-3.82	-3.837	0.0	72.138	20.444	0.0	0.2	1.676	0.0	-3.98	-4.463	0.0	74.89	11.799	-1.0	0.0	2.028	101.326	-3.69
-1.0	-6.525	2.659	0.0	24.44	-12.412	0.0	5.07	102.295	-4.36	-5.713	0.0	72.638	32.286	-7.412	0.0	8.028	119.634	-4.3	-4.838	0.0	73.621	23.06	-18.036	0.0	3.645	75.849	-3.64	-4.15	0.0	75.059	0.0	-7.102	0.0	2.564	72.846	-4.18	-3.65	0.0	78.066	10.201	-9.332	35.4	1.986	82.436	-4.5	-4.15	0.0	73.168	0.0	0.0	0.0	2.774	54.925	-3.6	-3.587	5.849	76.09	7.803	-1.0	0.2	2.238	34.97	-3.78	-3.275	0.0	74.044	27.782	-18.857	0.4	1.383	79.627	-3.94	-3.775	0.0	73.527	20.154	0.0	0.2	2.757	10.365	-4.16	-4.65	0.0	74.036	12.308	-1.0	0.0	1.785	123.025	-3.5
-1.0	-6.463	2.659	0.0	24.585	-11.922	0.0	5.615	97.16	-4.24	-5.65	0.0	71.585	32.286	-7.423	0.0	8.682	122.443	-4.42	-4.775	0.0	74.605	23.568	-18.426	0.0	3.151	93.189	-3.68	-4.025	0.0	76.12	0.0	-7.128	0.0	2.087	50.372	-4.28	-3.65	0.0	78.964	10.346	-9.151	36.6	1.366	83.405	-4.66	-4.338	0.0	74.314	0.0	0.0	0.0	2.145	76.237	-3.34	-3.525	0.0	72.996	7.803	-1.0	0.2	3.327	41.557	-3.9	-3.4	0.0	75.432	27.782	-18.444	0.4	1.676	77.108	-3.84	-3.712	0.0	71.937	20.808	0.0	0.2	3.059	11.624	-4.14	-4.838	0.0	75.57	12.162	-1.0	0.0	1.894	96.87	-3.7
-1.0	-6.4	1.595	0.0	24.44	-12.147	0.0	4.793	102.973	-4.31	-5.588	0.532	72.282	32.577	-7.403	0.0	8.891	105.394	-4.42	-4.838	0.0	74.318	23.133	-18.412	0.0	3.687	72.071	-3.56	-4.025	0.0	74.884	0.0	-7.143	0.0	3.226	67.518	-4.28	-3.525	0.0	78.367	9.91	-9.223	37.0	1.399	38.264	-4.76	-4.65	0.0	75.601	0.0	0.0	0.0	2.112	61.706	-3.52	-3.4	1.595	75.084	8.167	-1.0	0.2	3.93	10.849	-3.73	-3.275	0.0	73.305	27.927	-19.051	0.4	2.38	59.575	-3.86	-3.837	0.0	72.717	21.244	0.0	0.2	3.679	5.231	-4.17	-4.525	0.0	75.966	12.235	-1.0	0.0	2.145	83.017	-3.48
-1.0	-6.9	1.063	0.0	24.513	-11.863	0.0	5.296	79.627	-4.46	-5.713	2.127	73.515	32.432	-7.405	0.0	8.64	108.3	-4.44	-4.9	0.0	74.744	23.205	-21.431	0.0	4.115	70.037	-3.72	-3.9	0.0	75.945	0.0	-7.305	0.0	3.151	66.743	-4.28	-3.9	0.0	78.918	10.419	-9.105	38.8	2.38	62.481	-4.72	-4.713	0.0	75.255	0.0	0.0	0.0	3.277	53.472	-3.61	-3.462	1.063	75.78	7.44	-1.0	0.2	3.025	33.711	-3.93	-3.337	0.0	75.805	27.709	-18.939	0.4	2.062	19.18	-4.02	-3.837	0.0	74.09	20.372	0.0	0.2	2.514	23.152	-4.28	-5.088	0.0	76.06	12.308	-1.0	0.0	1.542	108.01	-3.62
-1.0	-6.588	2.127	0.0	24.222	-11.402	0.0	5.171	139.783	-4.35	-5.463	0.0	71.858	32.432	-7.496	0.0	7.4	98.904	-4.38	-4.775	0.0	74.014	23.641	-18.426	0.0	3.603	86.795	-3.75	-4.15	0.0	75.891	0.0	-7.125	0.0	2.657	60.641	-4.18	-3.837	0.0	77.184	10.346	-9.376	40.8	2.397	73.815	-4.73	-3.962	0.0	75.039	0.0	0.0	0.0	2.715	59.575	-3.52	-3.587	1.063	74.749	7.368	-1.0	0.2	3.084	41.848	-3.94	-3.337	0.0	75.85	27.782	-18.458	0.4	1.508	55.216	-3.88	-3.962	0.0	72.175	20.081	0.0	0.2	2.397	17.824	-4.24	-4.775	0.0	74.954	12.162	-1.0	0.0	1.45	110.528	-3.74
