-0.66	-1.15	0.0	90.634	24.731	-13.74	35.2	0.0	68.293	-1.88	-0.463	0.532	63.251	32.94	-7.411	29.0	0.0	89.701	-1.3	-0.463	0.0	69.567	23.641	-10.94	0.8	0.0	44.463	-1.18	1.1	0.0	66.887	31.051	0.0	36.0	0.0	45.626	-1.34	0.412	0.0	93.924	10.637	-8.741	1.6	0.0	71.877	-0.5	0.225	0.0	98.114	0.0	0.0	1.2	0.0	47.66	-0.92	0.787	0.532	78.707	9.692	-21.683	1.0	0.0	43.01	-1.58	0.85	0.0	70.776	26.547	-10.539	32.6	0.0	45.916	-1.0	0.787	0.0	24.752	21.098	-12.886	1.0	0.0	349.022	-1.52	-0.15	0.0	29.138	8.675	-1.0	38.2	0.0	79.53	-1.2
-0.66	-1.337	1.063	90.634	25.094	-13.979	35.2	0.0	68.778	-1.86	-0.463	2.127	63.281	32.867	-7.394	29.0	0.0	90.186	-1.32	-0.463	0.0	69.563	23.859	-11.015	0.8	0.0	44.27	-1.2	0.725	0.0	67.039	31.197	0.0	36.0	0.0	45.238	-1.36	0.287	0.0	93.957	11.073	-8.728	1.6	0.0	71.781	-0.54	-0.025	0.0	98.102	0.0	0.0	1.2	0.0	46.691	-0.9	0.725	0.0	78.265	9.91	-21.254	1.0	0.0	42.623	-1.58	0.912	0.0	70.776	26.983	-10.578	32.6	0.0	46.401	-1.0	0.975	0.0	28.183	21.026	-12.748	1.0	0.0	348.634	-1.54	-0.212	0.0	29.103	8.748	-1.0	38.2	0.0	79.53	-1.25
-0.68	-1.15	1.595	90.609	24.731	-13.543	35.2	0.0	68.681	-1.86	-0.588	0.0	63.254	33.086	-7.342	29.0	0.0	89.992	-1.31	-0.4	0.0	69.565	23.859	-11.1	0.8	0.0	44.463	-1.21	0.787	0.0	67.168	31.124	0.0	36.0	0.0	45.626	-1.36	-0.15	0.0	93.957	10.927	-8.681	1.6	0.0	72.749	-0.52	0.225	0.0	98.108	0.0	0.0	1.2	0.0	46.885	-0.93	0.537	0.532	77.976	9.329	-21.92	1.0	0.0	43.591	-1.6	0.912	0.0	70.798	26.256	-10.312	32.6	0.0	45.916	-0.9	0.975	0.0	37.949	21.244	-12.804	1.0	0.0	349.022	-1.48	-0.212	0.0	29.141	8.675	-1.0	38.2	0.0	79.53	-1.14
-0.68	-1.275	0.0	90.609	24.585	-14.414	35.2	0.0	68.39	-1.86	-0.65	0.0	63.281	32.94	-7.369	29.0	0.0	89.895	-1.34	-0.463	0.0	69.559	23.496	-11.015	0.8	0.0	44.657	-1.24	0.975	0.0	67.318	31.487	0.0	36.0	0.0	45.044	-1.42	0.037	0.0	93.92	10.782	-8.701	1.6	0.0	71.877	-0.52	0.225	0.0	98.108	0.0	0.0	1.2	0.0	46.788	-0.94	0.725	1.063	77.738	9.547	-22.278	1.0	0.0	42.429	-1.66	1.1	0.0	70.735	26.256	-10.48	32.6	0.0	46.013	-1.08	0.85	0.0	38.183	20.953	-12.619	1.0	0.0	349.312	-1.47	-0.15	0.0	29.142	8.675	-1.0	38.2	0.0	79.336	-1.14
-0.72	-1.337	1.063	90.598	24.658	-13.709	35.2	0.0	68.874	-1.86	-0.775	0.0	63.415	33.086	-7.35	29.0	0.0	89.992	-1.36	-0.4	0.0	69.53	23.859	-11.299	0.8	0.0	44.851	-1.2	0.975	0.0	67.247	31.342	0.0	36.0	0.0	45.238	-1.41	0.1	0.0	93.904	10.855	-8.68	1.6	0.0	71.781	-0.54	0.225	0.0	98.102	0.0	0.0	1.2	0.0	46.885	-0.98	0.6	0.0	77.564	9.256	-21.835	1.0	0.0	42.72	-1.62	1.038	0.0	70.769	26.692	-10.722	32.6	0.0	46.11	3.06	0.475	0.0	38.37	20.808	-12.507	1.0	0.0	349.022	-1.58	-0.212	0.0	29.066	8.748	-1.0	38.2	0.0	79.433	-1.14
-0.7	-1.15	0.0	90.603	25.167	-13.74	35.2	0.0	68.584	-1.88	-0.838	0.0	63.491	32.722	-7.319	29.0	0.0	90.379	-1.36	-0.463	0.0	69.555	23.859	-11.091	0.8	0.0	44.56	-1.29	0.85	0.0	67.852	31.56	-0.034	36.0	0.0	45.238	-1.44	0.1	0.0	93.895	11.145	-8.689	1.6	0.0	71.974	-0.57	0.225	0.0	98.093	0.0	0.0	1.2	0.0	46.498	-0.98	0.6	1.063	77.303	9.838	-22.039	1.0	0.0	42.913	-1.68	0.725	0.0	70.757	26.765	-10.522	32.6	0.0	45.819	-1.0	0.725	0.0	0.0	20.662	-12.6	1.0	0.0	349.022	-1.58	-0.212	0.0	29.066	8.675	-1.0	38.2	0.0	79.336	-1.14
-0.76	-1.025	1.595	90.587	24.513	-14.033	35.2	0.0	68.293	-1.94	-0.588	0.532	63.614	32.94	-7.375	29.0	0.0	89.895	-1.42	-0.588	0.0	69.518	23.859	-11.192	0.8	0.0	44.366	-1.34	0.85	0.0	68.152	31.269	0.0	36.0	0.0	45.529	-1.5	0.225	0.0	93.878	10.709	-8.702	1.6	0.0	71.974	-0.54	0.225	0.0	98.102	0.0	0.0	1.2	0.0	46.691	-1.04	0.412	3.19	77.052	9.474	-22.088	1.0	0.0	42.526	-1.72	0.85	0.0	70.698	26.91	-10.539	32.6	0.0	45.722	-1.0	0.725	0.0	17.994	20.953	-12.44	1.0	0.0	349.022	-1.6	-0.275	0.0	29.031	8.748	-1.0	38.2	0.0	79.433	-1.19
-0.77	-1.337	0.0	90.584	24.585	-14.331	35.2	0.0	68.971	-1.97	-0.838	0.532	63.768	33.231	-7.361	29.0	0.0	90.089	-1.42	-0.588	0.0	69.518	24.077	-11.192	0.8	0.0	44.366	-1.3	0.787	0.0	68.108	31.269	-0.133	36.0	0.0	45.626	-1.5	-0.025	0.0	93.878	10.709	-8.604	1.6	0.0	71.781	-0.6	-0.15	0.0	98.048	0.0	0.0	1.2	0.0	46.691	-1.02	0.537	1.063	76.843	9.91	-21.818	1.0	0.0	42.913	-1.72	0.787	0.0	70.698	26.111	-10.5	32.6	0.0	45.819	121.75	0.725	0.0	4.377	20.88	-12.44	1.0	0.0	349.409	-1.66	-0.338	0.0	28.993	8.893	-1.0	38.2	0.0	79.627	-1.26
-0.72	-1.15	4.785	90.598	24.949	-13.943	35.2	0.0	68.39	-1.96	-0.838	0.0	63.85	32.65	-7.377	29.0	0.0	89.798	-1.4	-0.525	0.0	69.497	23.641	-11.006	0.8	0.0	44.463	-1.32	0.975	0.0	68.335	31.342	-0.046	36.0	0.0	45.529	-1.52	0.037	0.0	93.873	11.073	-8.701	1.6	0.0	72.265	-0.62	0.1	0.0	98.042	0.0	0.0	1.2	0.0	46.401	-1.04	0.537	0.0	76.648	10.128	-22.123	1.0	0.0	42.526	-1.74	0.662	0.0	70.694	26.983	-10.424	32.6	0.0	46.691	48.32	0.537	0.0	43.361	21.171	-12.411	1.0	0.0	349.312	-1.68	-0.212	0.0	28.991	8.457	-1.0	38.2	0.0	79.724	-1.24
-0.8	-1.4	0.532	90.536	24.585	-13.698	35.2	0.0	68.003	-1.98	-0.588	0.0	63.9	32.94	-7.408	29.0	0.0	89.992	-1.42	-0.588	0.0	69.493	23.932	-11.074	0.8	0.0	44.56	-1.34	0.912	0.0	68.46	31.56	0.0	36.0	0.0	45.044	-1.52	0.225	0.0	93.853	10.709	-8.693	1.6	0.0	71.974	-0.64	-0.025	0.0	98.036	0.0	0.0	1.2	0.0	46.788	-1.04	0.662	1.063	76.528	9.547	-21.853	1.0	0.0	43.204	-1.78	0.912	0.0	70.661	26.838	-10.547	32.6	0.0	45.916	-1.0	0.725	0.0	0.0	21.026	-12.286	1.0	0.0	349.022	-1.6	-0.463	0.0	29.065	8.748	-1.0	38.2	0.0	79.53	-1.24
-0.82	-1.275	5.849	90.53	25.021	-13.653	35.2	0.0	68.487	-1.98	-0.713	0.0	63.979	32.795	-7.38	29.0	0.0	89.895	-1.42	-0.525	0.0	69.493	23.859	-11.323	0.8	0.0	43.785	-1.32	0.725	0.0	68.438	31.051	0.0	36.0	0.0	45.722	-1.48	-0.087	0.0	93.884	10.855	-8.651	1.6	0.0	72.071	-0.66	0.163	0.0	98.03	0.0	0.0	1.2	0.0	46.788	-1.04	0.35	1.063	76.385	10.056	-1.0	1.0	0.0	42.816	-1.77	0.662	0.0	70.688	26.838	-10.608	32.6	0.0	45.916	-1.0	0.475	0.0	28.317	21.026	-12.402	1.0	0.0	349.022	-1.6	-0.275	0.0	29.065	8.603	-1.0	38.2	0.0	79.53	-1.24
-0.8	-1.15	1.063	90.536	24.222	-13.674	35.2	0.0	68.487	-2.0	-0.9	0.0	64.029	33.013	-7.396	29.0	0.0	89.992	-1.42	-0.838	0.0	69.493	23.641	-11.28	0.8	0.0	44.657	-1.34	0.787	0.0	68.614	30.979	0.0	36.0	0.0	45.141	-1.51	0.225	0.0	93.876	10.709	-8.684	1.6	0.0	71.877	-0.61	0.037	0.0	98.045	0.0	0.0	1.2	0.0	46.885	-1.05	0.537	0.532	76.239	9.329	-22.426	1.0	0.0	42.623	-1.79	0.537	0.0	70.659	26.256	-10.498	32.6	0.0	46.013	0.0	0.662	0.0	35.442	20.59	-12.431	1.0	0.0	349.022	-1.65	-0.338	0.0	28.994	8.966	-1.0	38.2	0.0	79.046	-1.38
-0.78	-1.337	0.0	90.541	25.167	-13.709	35.2	0.0	68.39	-2.0	-0.9	2.659	64.055	32.577	-7.372	29.0	0.0	89.895	-1.44	-0.525	0.0	69.489	23.714	-13.024	0.8	0.0	44.463	-1.4	0.725	0.0	68.987	30.906	0.0	36.0	0.0	46.013	-1.49	0.1	0.0	93.881	11.291	-8.661	1.6	0.0	72.362	-0.64	0.163	0.0	98.036	0.0	0.0	1.2	0.0	46.401	-1.06	0.35	8.508	76.093	9.838	-22.372	1.0	0.0	42.332	-1.78	0.85	0.0	70.686	27.128	-10.508	32.6	0.0	45.626	0.0	0.475	0.0	36.84	20.372	-11.86	1.0	0.0	349.409	-1.68	-0.212	0.0	28.991	8.821	-1.0	38.2	0.0	79.336	-1.38
-0.82	-1.275	0.0	90.53	24.44	-14.129	35.2	0.0	68.681	-2.01	-0.713	0.0	64.107	32.795	-7.388	29.0	0.0	89.992	-1.41	-0.463	0.0	69.495	23.641	-11.21	0.8	0.0	44.463	-1.32	0.662	0.0	68.592	31.342	0.0	36.0	0.0	45.044	-1.52	-0.087	0.0	93.873	11.073	-8.974	1.6	0.0	71.974	-0.73	-0.087	0.0	98.009	0.0	0.0	1.2	0.0	46.691	-1.05	0.475	0.0	75.975	9.474	-21.8	1.0	0.0	42.913	-1.76	0.787	0.0	70.69	26.692	-10.44	32.6	0.0	46.691	-1.0	0.537	0.0	0.0	20.59	-12.308	1.0	0.0	349.022	-1.66	-0.275	0.0	28.993	8.675	-1.0	38.2	0.0	79.336	-1.36
-0.82	-1.462	1.063	90.53	24.949	-13.754	35.2	0.0	68.487	-2.02	-0.713	0.0	64.131	33.086	-7.388	29.0	0.0	89.798	-1.41	-0.588	0.0	69.495	23.568	-11.153	0.8	0.0	44.463	-1.28	0.725	0.0	68.369	31.197	0.0	36.0	0.0	45.529	-1.52	-0.087	0.0	93.853	11.0	-8.678	1.6	0.0	72.071	-0.64	0.287	0.0	97.999	0.0	0.0	1.2	0.0	46.885	-1.01	0.412	5.317	75.863	9.547	-21.986	1.0	0.0	42.816	-1.75	0.537	0.0	70.718	26.474	-10.467	32.6	0.0	45.819	-1.0	0.6	0.0	0.0	20.517	-12.421	1.0	0.0	349.022	-1.68	-0.275	0.0	28.991	8.457	-1.0	38.2	0.0	79.433	-1.24
-0.82	-0.9	4.254	90.53	24.585	-13.65	35.2	0.0	68.487	-2.0	-0.775	1.063	64.135	33.086	-7.415	29.0	0.0	89.605	-1.4	-0.463	0.0	69.497	23.859	-11.29	0.8	0.0	44.657	-1.34	0.725	0.0	68.793	31.633	0.0	36.0	0.0	45.141	-1.54	0.037	0.0	93.848	11.581	-8.611	1.6	0.0	72.071	-0.61	0.037	0.0	98.008	0.0	0.0	1.2	0.0	46.498	-1.02	0.35	0.0	75.741	9.329	-22.372	1.0	0.0	42.429	-1.74	0.725	0.0	70.745	26.329	-10.492	32.6	0.0	45.916	-1.0	0.6	0.0	0.0	20.59	-12.473	1.0	0.0	349.797	-1.64	-0.275	0.0	28.995	8.748	-1.0	38.2	0.0	79.433	-1.36
-0.8	-1.337	1.063	90.536	24.513	-13.775	35.2	0.0	68.293	-2.0	-0.713	0.0	64.135	33.086	-7.396	29.0	0.0	89.701	-1.42	-0.713	0.0	69.493	23.859	-11.297	0.8	0.0	44.173	-1.38	0.85	0.0	69.144	31.124	0.0	36.0	0.0	45.432	-1.49	-0.15	0.0	93.862	11.363	-8.617	1.6	0.0	71.974	-0.62	-0.15	0.0	98.005	0.0	0.0	1.2	0.0	46.788	-1.06	0.412	1.063	75.636	9.692	-22.088	1.0	0.0	43.301	-1.71	0.725	0.0	70.776	26.91	-10.522	32.6	0.0	46.013	52.92	0.725	0.0	44.103	20.59	-12.44	1.0	0.0	349.022	-1.66	-0.275	0.0	28.993	8.748	-1.0	38.2	0.0	79.143	-1.4
-0.81	-1.4	2.659	90.533	24.949	-13.567	35.2	0.0	68.003	-1.99	-0.775	0.0	64.163	32.867	-7.415	29.0	0.0	90.089	-1.42	-0.65	0.0	69.493	23.423	-11.265	0.8	0.0	44.56	-1.41	0.662	0.0	69.291	31.124	0.0	36.0	0.0	45.238	-1.5	0.037	0.0	93.878	10.709	-8.646	1.6	0.0	72.071	-0.66	0.1	0.0	97.993	0.0	0.0	1.2	0.0	47.079	-1.02	0.287	1.063	75.548	9.256	-21.647	1.0	0.0	42.526	-1.74	0.787	0.0	70.745	26.402	-10.593	32.6	0.0	46.013	48.88	0.475	0.0	43.67	20.88	-12.098	1.0	0.0	349.022	-1.68	-0.4	0.0	28.991	8.821	-1.0	38.2	0.0	79.627	-1.37
-0.82	-1.15	1.595	90.53	25.021	-13.674	35.2	0.0	69.359	-2.03	-0.713	0.0	64.289	32.867	-7.413	29.0	0.0	89.12	-1.4	-0.588	0.0	69.497	24.222	-11.398	0.8	0.0	44.27	-1.42	0.6	0.0	69.391	31.051	0.0	36.0	0.0	45.819	-1.5	-0.463	0.0	93.859	10.782	-8.611	1.6	0.0	71.974	-0.65	0.1	0.0	97.996	0.0	0.0	1.2	0.0	46.498	-1.03	0.537	0.0	75.425	9.91	-22.123	1.0	0.0	42.72	-1.79	0.475	0.0	70.71	26.692	-10.552	32.6	0.0	45.432	-1.0	0.475	0.0	0.0	21.171	-12.298	1.0	0.0	349.7	-1.66	-0.212	0.0	28.993	8.53	-1.0	38.2	0.0	80.596	-1.36
-0.82	-1.4	0.532	90.53	25.094	-13.698	35.2	0.0	68.39	-2.04	-1.025	0.0	64.366	33.086	-7.417	29.0	0.0	89.701	-1.43	-0.525	0.0	69.491	23.714	-11.241	0.8	0.0	44.851	-1.38	0.6	0.0	69.399	31.415	0.0	36.0	0.0	45.238	-1.53	-0.025	0.0	93.85	11.291	-8.613	1.6	0.0	71.877	-0.64	0.287	0.0	97.999	0.0	0.0	1.2	0.0	46.691	-1.06	0.537	4.254	75.274	9.91	-22.123	1.0	0.0	42.913	-1.74	0.725	0.0	70.745	26.474	-10.616	32.6	0.0	46.013	-1.0	0.475	0.0	0.0	20.808	-12.248	1.0	0.0	349.312	-1.74	-0.212	0.0	28.92	8.748	-1.0	38.2	0.0	79.24	-1.44
-0.83	-1.275	0.532	90.528	25.094	-13.458	35.2	0.0	68.487	-2.06	-0.838	3.19	64.469	32.795	-7.521	29.0	0.0	89.992	-1.43	-0.463	0.0	69.491	23.786	-11.373	0.8	0.0	44.56	-1.44	0.662	0.0	69.667	31.124	0.0	36.0	0.0	45.335	-1.56	0.225	0.0	93.842	11.073	-8.588	1.6	0.0	71.877	-0.68	-0.025	0.0	97.987	0.0	0.0	1.2	0.0	46.788	-1.07	0.6	0.0	75.151	9.402	-21.835	1.0	0.0	43.591	-1.79	0.725	0.0	70.71	26.111	-10.616	32.6	0.0	45.335	-1.0	0.35	0.0	36.476	20.88	-13.796	1.0	0.0	349.022	-1.72	-0.338	0.0	28.955	8.893	-1.0	38.2	0.0	79.821	-1.41
-0.82	-1.337	0.0	90.53	24.803	-13.775	35.2	0.0	68.487	-2.08	-0.775	0.532	64.544	33.086	-7.511	29.0	0.0	89.798	-1.42	-0.588	0.0	69.467	23.714	-11.398	0.8	0.0	44.754	-1.45	0.537	0.0	69.817	30.688	0.0	36.0	0.0	44.851	-1.58	-0.025	0.0	93.836	11.073	-8.621	1.6	0.0	72.362	-0.7	-0.087	0.0	97.981	0.0	0.0	1.2	0.0	46.788	-1.09	0.475	5.849	75.025	9.62	-22.105	1.0	0.0	42.72	-1.78	0.6	0.0	70.737	26.983	-10.6	32.6	0.0	45.529	-1.0	0.35	0.0	3.536	20.517	-12.279	1.0	0.0	349.022	-1.76	-0.338	0.0	28.918	8.675	-1.0	38.2	0.0	80.208	-1.41
-0.84	-1.462	0.0	90.525	24.949	-13.622	35.2	0.0	68.293	-2.08	-0.9	0.0	64.518	32.795	-7.515	29.0	0.0	89.895	-1.46	-0.525	0.0	69.485	23.859	-11.282	0.8	0.0	44.754	-1.44	0.537	0.0	69.743	30.979	0.0	36.0	0.0	45.335	-1.57	0.163	0.0	93.82	10.782	-8.65	1.6	0.0	71.974	-0.71	-0.15	0.0	97.978	0.0	0.0	1.2	0.0	46.788	-1.08	0.287	0.0	74.93	9.038	-21.748	1.0	0.0	43.107	-1.8	0.537	0.0	70.708	26.692	-10.467	32.6	0.0	45.916	-1.0	0.225	0.0	36.858	20.59	-12.468	1.0	0.0	349.022	-1.72	-0.4	0.0	28.922	8.893	-1.0	38.2	0.0	79.24	-1.46
-0.83	-1.462	0.0	90.528	24.876	-13.556	35.2	0.0	68.487	-2.08	-0.9	0.0	64.571	32.94	-7.5	29.0	0.0	89.701	-1.43	-0.588	0.0	69.465	23.568	-11.273	0.8	0.0	44.56	-1.38	0.662	0.0	69.551	30.833	0.0	36.0	0.0	45.238	-1.54	0.037	0.0	93.828	10.927	-8.646	1.6	0.0	72.168	-0.7	-0.275	0.0	97.981	0.0	0.0	1.2	0.0	46.885	-1.08	0.287	3.722	74.785	10.492	-22.052	1.0	0.0	42.526	-1.76	0.475	0.0	70.766	26.692	-10.583	32.6	0.0	46.013	-1.0	0.287	0.0	36.284	20.88	-12.531	1.0	0.0	349.022	-1.74	-0.338	0.0	28.92	8.893	-1.0	38.2	0.0	79.53	-1.46
-0.86	-1.275	0.532	90.519	25.167	-13.587	35.2	0.0	68.293	-2.06	-1.025	0.0	64.574	32.867	-7.488	29.0	0.0	89.895	-1.44	-0.713	0.0	69.489	23.932	-11.339	0.8	0.0	44.463	-1.42	0.6	0.0	69.899	30.979	-0.009	36.0	0.0	45.335	-1.57	0.037	0.0	93.82	11.581	-8.673	1.6	0.0	71.877	-0.67	-0.025	0.0	97.99	0.0	0.0	1.2	0.0	46.691	-1.08	0.475	1.595	74.493	9.765	-22.206	1.0	0.0	42.913	-1.78	0.662	0.0	70.762	27.056	-10.64	32.6	0.0	45.819	-1.0	0.35	0.0	36.731	20.227	-12.595	1.0	0.0	349.022	-1.74	-0.525	0.0	28.92	8.966	-1.0	38.2	0.0	79.724	-1.44
-0.86	-1.087	0.532	90.519	25.094	-13.489	35.2	0.0	68.487	-2.08	-0.9	0.0	64.624	32.795	-7.436	29.0	0.0	89.701	-1.45	-0.463	0.0	69.487	23.859	-11.416	0.8	0.0	44.076	-1.43	0.6	0.0	69.973	30.833	0.0	36.0	0.0	44.754	-1.59	-0.087	0.0	93.814	11.363	-8.651	1.6	0.0	71.974	-0.7	0.163	0.0	97.981	0.0	0.0	1.2	0.0	46.885	-1.08	0.287	0.0	74.444	9.983	-21.951	1.0	0.0	42.526	-1.77	0.6	0.0	70.789	26.402	-10.6	32.6	0.0	45.916	-1.0	0.412	0.0	33.059	20.662	-12.605	1.0	0.0	349.022	-1.74	-0.338	0.0	28.92	8.675	-1.0	38.2	0.0	79.627	-1.44
-0.86	-1.4	0.0	90.519	25.167	-13.632	35.2	0.0	68.39	-2.06	-0.838	0.0	64.601	32.867	-7.466	29.0	0.0	89.895	-1.5	-0.525	0.0	69.452	23.859	-11.492	0.8	0.0	44.463	-1.42	0.787	0.0	70.001	31.415	0.0	36.0	0.0	45.238	-1.6	0.163	0.0	93.811	11.218	-8.668	1.6	0.0	71.974	-0.67	0.037	0.0	97.99	0.0	0.0	1.2	0.0	46.788	-1.09	0.412	1.595	74.369	9.402	-21.477	1.0	0.0	42.72	-1.78	0.287	0.0	70.787	26.402	-10.466	32.6	0.0	46.207	-1.0	0.6	0.0	36.284	21.098	-12.069	1.0	0.0	349.022	-1.74	-0.4	0.0	28.92	8.821	-1.0	38.2	0.0	79.918	-1.5
-0.87	-1.4	1.063	90.517	24.949	-13.632	35.2	0.0	68.487	-2.08	-0.775	0.532	64.624	33.231	-7.479	29.0	0.0	89.895	-1.52	-0.65	0.0	69.422	24.077	-11.144	0.8	0.0	44.56	-1.46	0.6	0.0	70.22	31.342	0.0	36.0	0.0	45.335	-1.62	0.037	0.0	93.806	10.782	-8.664	1.6	0.0	72.071	-0.68	0.163	0.0	97.987	0.0	0.0	1.2	0.0	46.982	-1.12	0.35	0.0	74.289	9.402	-21.867	1.0	0.0	42.816	-1.83	0.475	0.0	70.727	27.056	-10.713	32.6	0.0	46.013	-1.0	0.412	0.0	36.858	21.389	-12.392	1.0	0.0	349.022	-1.76	-0.525	0.0	28.918	8.675	-1.0	38.2	0.0	79.24	-1.52
-0.88	-1.337	1.595	90.514	24.44	-14.403	35.2	0.0	69.165	-2.1	-0.963	0.532	64.699	33.158	-7.439	29.0	0.0	90.476	-1.52	-0.463	0.0	69.448	23.786	-11.373	0.8	0.0	44.27	-1.5	0.662	0.0	70.44	31.197	0.0	36.0	0.0	45.335	-1.63	-0.15	0.0	93.803	10.927	-8.608	1.6	0.0	71.781	-0.7	-0.212	0.0	97.981	0.0	0.0	1.2	0.0	47.176	-1.13	0.287	1.595	74.214	9.547	-21.85	1.0	0.0	42.72	-1.81	0.412	0.0	70.731	27.056	-10.639	32.6	0.0	45.722	-1.0	0.662	0.0	36.858	21.316	-12.536	1.0	0.0	349.022	-1.79	-0.525	0.0	28.916	8.966	-1.0	38.2	0.0	80.014	-1.51
-0.88	-1.337	0.0	90.514	25.021	-13.577	35.2	0.0	68.293	-2.11	-1.087	0.0	64.777	32.867	-7.42	29.0	0.0	89.798	-1.56	-0.775	0.0	69.415	23.859	-11.415	0.8	0.0	44.366	-1.46	0.6	0.0	70.271	31.415	0.0	36.0	0.0	44.754	-1.65	0.037	0.0	93.797	11.654	-8.637	1.6	0.0	71.781	-0.76	-0.212	0.0	97.963	0.0	0.0	1.2	0.0	46.788	-1.14	0.287	3.722	74.138	9.474	-21.748	1.0	0.0	42.913	-1.85	0.6	0.0	70.698	26.474	-10.697	32.6	0.0	46.207	-1.0	0.787	0.0	36.858	20.808	-12.719	1.0	0.0	349.022	-1.78	-0.525	0.0	28.917	8.457	-1.0	38.2	0.0	79.627	-1.53
