5.85	6.1	0.0	85.517	26.692	-8.557	24.0	1.718	213.21	6.64	6.537	0.0	88.308	34.248	-16.018	9.4	1.123	231.422	6.44	5.975	0.0	88.808	26.838	-1.426	29.0	0.0	215.729	7.08	7.35	0.0	92.982	32.795	-8.13	23.8	1.651	209.82	6.79	7.037	0.0	89.531	21.897	-9.195	0.6	0.939	213.017	6.33	5.975	0.0	86.56	0.0	0.0	22.4	1.475	192.868	7.21	6.725	0.0	90.895	16.231	-18.597	44.4	1.751	188.993	6.68	6.412	0.0	84.068	27.346	-1.0	16.2	0.0	193.158	7.3	6.6	0.0	83.4	26.765	-26.403	22.8	1.483	167.294	6.62	6.787	0.0	94.142	23.641	-22.03	33.4	1.542	259.805	7.34
5.77	6.1	0.532	86.781	26.692	-8.444	24.0	1.534	213.792	6.64	6.537	1.063	88.924	34.393	-15.621	9.6	1.14	249.827	6.56	6.1	0.0	90.79	27.201	-1.397	29.0	1.785	216.698	7.22	7.35	0.0	91.796	32.795	-8.139	24.0	1.592	202.167	6.76	6.85	0.0	89.567	21.462	-9.157	0.6	1.483	213.404	6.24	6.1	0.0	87.543	0.0	0.0	22.4	1.048	190.155	7.21	6.537	0.532	90.507	16.158	-18.649	44.4	1.785	176.206	6.65	6.537	0.0	85.187	26.983	-1.0	16.2	1.123	206.333	7.2	6.6	0.0	83.819	26.184	-26.403	22.8	1.534	163.71	6.72	6.787	0.0	93.302	23.786	-21.696	33.4	1.048	237.622	7.3
5.82	6.162	0.532	86.77	26.692	-8.404	24.0	1.341	213.792	6.74	6.537	0.0	88.642	34.538	-15.857	9.6	1.274	254.089	6.37	6.037	0.0	91.316	27.419	-1.341	29.0	1.575	195.871	7.06	7.225	0.0	92.934	32.577	-8.143	24.0	1.584	190.155	6.63	6.662	0.0	89.62	21.389	-9.165	0.6	1.282	213.307	6.24	5.85	0.0	88.251	0.0	0.0	22.4	1.299	191.124	7.22	6.537	0.0	91.497	15.577	-18.353	44.4	1.894	176.012	6.68	6.475	0.0	87.497	26.765	-1.0	16.2	1.374	204.008	7.14	6.475	0.0	83.759	26.983	-25.447	22.8	1.659	166.325	6.69	6.85	0.0	93.501	23.859	-21.715	33.4	1.131	232.391	7.36
5.76	5.975	0.0	86.621	26.765	-8.367	24.0	1.433	213.695	6.66	6.6	0.0	88.929	34.466	-14.407	9.6	0.913	252.152	6.24	6.1	0.0	91.409	26.329	-1.362	29.0	1.399	190.155	6.76	7.287	0.0	93.769	32.577	-8.123	24.0	1.307	181.243	6.52	6.85	0.0	89.896	21.97	-9.149	0.6	1.224	213.404	6.31	5.975	0.0	88.048	0.0	0.0	22.6	1.291	181.534	7.21	6.662	1.063	91.324	16.303	-18.781	44.4	1.844	173.881	6.52	6.475	0.0	87.48	27.128	-1.0	16.2	1.081	198.68	7.1	6.725	0.0	84.352	27.273	-25.846	22.8	1.525	156.057	6.65	6.787	0.0	94.151	23.714	-21.696	33.4	0.0	232.681	7.42
5.79	6.162	1.595	86.696	26.474	-8.323	24.2	1.592	208.561	6.64	6.537	1.595	88.837	34.538	-15.315	9.6	1.048	229.581	6.36	6.225	0.0	90.243	27.201	-1.509	29.2	1.098	189.187	6.74	6.975	0.0	92.807	32.577	-8.125	24.0	1.282	187.443	6.52	6.787	0.0	90.134	21.389	-9.142	0.6	1.349	213.307	6.34	6.037	0.0	87.078	0.0	0.0	22.6	1.475	176.594	7.21	6.787	0.0	91.238	16.303	-19.118	44.4	1.768	178.144	6.58	6.35	0.0	86.171	27.273	-1.0	16.2	0.0	210.886	7.21	6.35	0.0	83.961	25.893	-25.506	23.0	1.224	170.394	6.55	6.912	0.0	94.818	23.714	-21.622	33.6	0.0	234.909	7.32
5.76	5.975	0.532	87.001	26.62	-8.375	24.4	1.307	207.689	6.56	6.537	0.0	88.992	34.902	-14.666	9.6	1.006	237.04	6.44	6.225	0.0	91.334	27.128	-1.367	29.2	1.307	209.82	6.7	7.1	0.0	93.69	32.432	-8.121	24.2	1.232	189.38	6.46	6.537	0.0	90.183	21.389	-9.134	0.8	1.332	213.017	6.3	5.912	0.0	86.912	0.0	0.0	22.8	0.964	180.275	7.11	6.6	0.0	92.085	16.013	-18.467	44.6	1.416	180.081	6.73	6.287	0.0	86.094	26.983	-1.0	16.4	1.207	210.692	7.14	6.475	0.0	84.107	26.038	-25.858	23.0	1.408	162.257	6.62	6.912	0.0	94.552	23.496	-21.289	33.8	0.0	237.718	7.44
5.93	5.975	0.532	86.215	26.765	-8.438	24.6	0.0	207.979	6.64	6.6	0.0	89.099	34.393	-16.878	9.8	0.905	237.04	6.38	6.1	0.0	90.592	26.547	-1.326	29.4	0.939	189.38	6.7	7.1	0.0	93.669	32.359	-8.166	24.4	1.307	186.668	6.26	6.412	0.0	89.177	21.68	-9.158	1.0	0.0	213.307	6.38	6.1	0.0	86.775	0.0	0.0	23.0	1.19	178.047	7.04	6.787	1.063	92.066	15.722	-19.22	44.8	1.383	178.047	6.5	6.287	0.0	86.759	26.765	-1.0	16.6	0.997	205.267	7.12	6.6	0.0	84.588	26.91	-25.904	23.2	1.366	147.823	6.72	6.787	0.0	94.865	23.568	-21.474	33.8	0.0	237.718	7.27
5.96	5.912	0.532	85.657	26.547	-8.352	24.6	0.0	208.173	6.73	6.537	0.0	88.419	34.538	-15.092	9.8	0.0	236.556	6.34	6.1	0.0	90.324	27.128	-1.432	29.4	0.0	193.933	6.7	7.287	0.0	93.213	31.996	-8.187	24.4	1.399	199.842	6.2	6.475	0.0	87.977	21.607	-9.173	1.0	0.997	212.823	6.3	5.787	0.0	86.283	0.0	0.0	23.0	1.173	173.3	7.21	6.412	0.0	90.117	15.65	-19.224	44.8	1.483	178.24	6.44	6.412	0.0	85.501	27.056	-1.0	16.6	0.0	205.267	7.14	6.412	0.0	83.456	25.82	-25.937	23.2	1.626	169.038	6.42	6.787	0.0	95.188	23.568	-21.696	34.0	0.0	237.815	7.39
5.96	5.787	1.063	83.666	26.62	-8.417	24.6	0.0	208.173	6.69	6.412	1.063	86.13	34.248	-14.922	10.0	0.0	237.04	6.54	6.037	0.0	87.15	26.329	-2.011	29.6	0.0	159.351	6.86	7.287	0.0	93.381	32.577	-8.258	24.4	1.575	210.304	6.28	6.475	0.0	87.242	22.043	-9.19	1.2	0.0	213.404	6.01	5.85	0.0	87.264	0.0	0.0	23.2	0.0	179.984	7.01	6.412	0.0	90.928	15.867	-19.639	44.8	1.173	178.144	6.72	6.225	0.0	84.031	27.273	-1.0	16.8	1.064	204.88	6.93	6.412	0.0	84.474	26.765	-25.32	23.4	1.24	169.425	6.46	6.725	0.0	95.199	23.568	-21.677	34.0	0.0	238.203	7.28
5.99	5.912	0.532	83.973	26.62	-8.392	24.8	0.0	207.883	6.81	6.225	0.532	85.203	34.538	-14.957	10.0	0.0	178.434	6.85	6.1	0.0	85.441	27.346	-1.468	29.6	0.0	158.188	6.8	7.037	0.0	91.557	32.722	-8.132	24.4	1.349	215.729	6.32	6.537	0.0	87.341	21.68	-9.308	1.2	0.0	213.017	6.06	5.6	0.0	86.584	0.0	0.0	23.2	0.0	179.693	7.03	6.537	0.532	91.255	15.94	-19.568	45.0	1.274	185.893	6.84	6.35	0.0	83.035	27.201	-1.0	16.8	0.0	204.88	6.88	6.475	0.0	84.6	27.201	-25.756	23.4	1.081	168.844	6.64	6.85	0.0	93.55	23.568	-22.049	34.2	0.0	237.718	7.1
5.96	5.787	0.0	85.838	26.692	-8.432	24.8	0.0	207.301	6.65	6.475	0.0	87.957	34.829	-14.723	10.0	0.0	177.95	6.66	5.975	0.0	86.439	27.491	-1.426	29.6	0.0	157.995	6.77	6.85	0.0	91.101	32.286	-8.094	24.6	1.115	210.692	6.31	6.412	0.0	88.269	21.607	-9.215	1.4	0.0	213.21	6.03	5.6	0.0	86.284	0.0	0.0	23.2	0.0	179.693	7.15	6.537	1.063	90.145	15.867	-19.154	45.0	1.198	185.796	6.66	6.475	0.0	84.547	27.637	-1.0	16.8	0.0	204.492	7.04	6.6	0.0	83.386	26.474	-25.904	23.4	1.282	184.343	6.6	6.662	0.0	92.811	23.568	-21.881	34.2	0.0	237.622	7.26
6.06	5.912	0.0	85.205	26.547	-8.431	24.8	0.0	207.786	6.62	6.35	0.0	87.705	34.248	-14.698	10.0	0.0	178.047	6.54	6.037	0.0	86.747	26.474	-1.447	29.8	0.0	158.188	6.86	6.787	0.0	90.718	32.795	-8.087	24.6	0.0	210.595	6.33	6.287	0.0	87.521	21.389	-9.216	1.4	0.0	213.307	6.17	5.6	0.0	84.98	0.0	0.0	23.2	0.0	179.693	7.04	6.412	0.0	90.678	15.94	-19.327	45.0	0.0	185.506	6.74	6.412	0.0	83.502	27.056	-1.0	17.0	0.0	204.686	7.05	6.537	0.0	83.668	25.53	-26.282	23.6	0.0	181.243	6.6	6.537	0.0	92.853	23.568	-21.955	34.2	0.0	237.718	7.39
6.25	5.912	1.063	84.794	26.402	-8.431	24.8	0.0	207.979	6.85	6.35	0.0	87.205	34.611	-14.698	10.0	0.0	206.43	6.34	5.975	0.0	88.497	26.765	-1.391	29.8	0.0	158.188	6.74	7.037	0.0	92.24	32.286	-8.123	24.6	0.0	209.917	6.14	6.537	0.0	88.841	22.188	-9.23	1.4	0.0	213.21	6.06	5.85	0.0	85.409	0.0	0.0	23.2	0.0	179.5	7.12	6.475	0.532	89.833	16.231	-19.972	45.2	0.0	185.506	6.7	6.225	0.0	84.902	27.201	-1.0	17.0	0.0	204.589	7.1	6.475	0.0	83.586	26.474	-25.858	23.6	0.0	181.243	6.68	6.85	0.0	93.457	23.714	-22.386	34.2	0.0	238.106	7.32
6.29	6.037	1.063	84.62	26.547	-8.452	24.8	0.0	207.979	7.2	6.6	0.0	85.823	34.829	-14.748	10.0	0.0	294.581	6.38	6.037	0.0	88.243	26.547	-1.518	29.8	0.0	158.382	6.68	7.1	0.0	91.61	32.432	-8.157	24.6	0.93	195.58	6.15	6.6	0.0	88.756	21.825	-9.205	1.4	0.0	213.017	5.99	5.662	0.0	86.004	0.0	0.0	23.2	0.0	179.79	7.18	6.287	0.532	89.259	15.795	-20.671	45.2	1.131	186.281	6.67	6.225	0.0	84.019	27.201	-1.0	17.0	0.0	204.686	7.04	6.287	0.0	83.805	26.692	-25.484	23.6	0.0	161.482	6.77	6.787	0.0	93.107	23.641	-21.032	34.2	0.0	237.815	7.06
6.6	5.975	1.063	82.885	26.474	-8.391	24.8	0.0	207.883	7.21	6.537	0.0	85.391	34.684	-14.666	10.0	0.0	294.678	6.6	6.037	0.0	87.411	27.128	-1.659	29.8	0.0	153.926	6.78	6.85	0.0	90.804	32.577	-8.103	24.8	1.207	197.518	6.1	6.287	0.0	89.114	21.244	-9.112	1.4	0.0	213.404	6.25	6.287	0.0	85.251	0.0	0.0	23.2	0.0	179.5	6.98	6.412	0.532	90.792	15.94	-19.955	45.2	0.0	185.506	6.67	6.537	0.0	84.435	27.273	-1.0	17.0	0.0	201.683	7.1	6.537	0.0	83.912	27.346	-25.779	23.6	0.0	147.145	6.68	6.662	0.0	92.832	23.568	-22.104	34.2	0.0	238.203	7.32
6.57	6.037	0.0	82.738	26.765	-8.452	24.8	0.0	207.786	7.14	6.6	0.0	85.053	34.756	-14.748	10.2	0.0	21.408	6.92	6.225	0.0	86.48	27.128	-1.616	29.8	0.0	154.12	6.72	6.85	0.0	91.451	32.432	-8.094	24.8	0.0	197.518	6.11	6.287	0.0	89.008	21.462	-9.089	1.4	0.0	213.307	6.46	5.662	0.0	84.615	0.0	0.0	23.2	0.0	176.206	7.01	6.412	2.659	91.164	15.94	-19.327	45.2	0.0	185.506	6.64	6.287	0.0	84.796	27.346	-1.0	17.0	0.0	201.392	6.94	6.475	0.0	84.799	27.273	-25.858	23.6	0.0	147.145	6.43	6.412	0.0	91.671	23.932	-21.584	34.2	0.0	237.718	7.4
6.52	5.85	0.532	84.145	26.62	-8.439	25.0	0.0	207.979	7.08	6.475	0.0	85.085	34.756	-15.377	10.2	0.0	31.676	6.74	6.162	0.0	87.824	27.564	-1.524	29.8	0.0	154.314	6.81	7.037	0.0	91.432	32.214	-8.114	24.8	0.0	197.518	6.21	6.35	0.0	88.771	21.534	-9.089	1.4	0.0	213.21	6.2	6.1	0.0	85.557	0.0	0.0	23.4	0.0	176.594	7.02	6.412	2.659	91.423	15.867	-18.818	45.2	0.0	185.893	6.8	6.475	0.0	84.189	27.056	-1.0	17.0	0.0	201.392	6.92	6.537	0.0	84.863	26.62	-26.083	23.6	0.0	147.339	6.49	6.475	0.0	90.277	23.568	-22.27	34.2	0.0	237.815	7.34
6.48	5.912	1.595	84.872	26.692	-8.392	25.0	0.0	207.979	7.06	6.475	0.0	85.538	35.12	-14.723	10.2	0.0	31.095	6.53	6.037	0.0	87.927	26.765	-1.447	30.0	0.939	149.373	6.83	7.1	0.0	91.756	32.722	-2.843	24.8	0.0	197.518	6.18	6.35	0.0	88.72	22.115	-9.074	1.6	0.0	213.404	6.32	6.037	0.0	84.948	0.0	0.0	23.4	0.0	183.181	7.0	6.412	0.0	91.503	16.521	-19.224	45.2	0.0	185.506	6.63	6.1	0.0	85.114	27.346	-1.0	17.0	0.0	201.683	6.93	6.537	0.0	84.497	26.329	-26.083	23.6	0.0	147.048	6.58	6.662	0.0	90.73	23.496	-21.992	34.4	0.0	237.718	7.21
6.71	5.85	0.532	82.535	26.765	-8.401	25.0	0.0	207.786	7.0	6.537	0.0	85.203	34.248	-14.735	10.2	0.0	40.879	6.4	6.1	0.0	88.688	26.474	-1.079	30.0	0.0	148.889	6.75	6.975	0.0	91.203	32.577	-8.135	24.8	0.0	197.518	6.12	6.475	0.0	89.576	21.68	-9.052	1.6	0.0	213.017	6.32	6.162	0.0	85.039	0.0	0.0	23.4	0.0	183.568	7.0	6.6	1.063	91.354	15.94	-18.566	45.2	0.0	185.312	6.8	5.975	0.0	84.742	26.765	-1.0	17.2	0.0	201.392	7.11	6.412	0.0	84.031	25.893	-26.137	23.6	0.0	147.145	6.55	6.6	0.0	91.512	23.568	-22.197	34.4	0.0	238.106	7.21
6.76	5.912	0.532	82.876	26.765	-8.423	25.2	0.0	156.057	6.94	6.35	0.0	85.349	34.466	-15.128	10.4	1.249	51.147	6.52	6.162	0.0	88.63	26.111	-1.737	30.0	0.0	137.458	6.7	6.975	0.0	92.25	32.577	-8.144	25.0	0.0	197.711	6.12	6.475	0.0	89.446	21.97	-9.059	1.6	0.0	213.307	6.24	5.85	0.0	85.657	0.0	0.0	23.6	0.0	183.084	6.92	6.537	1.063	92.393	15.867	-17.966	45.4	0.0	185.506	6.9	6.287	0.0	84.513	27.491	-1.0	17.2	0.0	201.392	7.06	6.475	0.0	84.804	25.966	-25.858	23.8	0.0	147.145	6.3	6.475	0.0	91.785	23.496	-22.828	34.6	0.0	237.718	7.32
7.06	5.787	0.532	81.955	26.91	-8.401	25.2	0.0	156.251	6.91	6.35	0.0	84.86	34.684	-15.054	10.4	0.947	57.734	6.74	6.037	0.0	87.244	26.547	-1.341	30.0	0.0	137.361	6.68	6.912	0.0	92.581	32.577	-8.119	25.0	0.0	197.518	6.07	6.412	0.0	89.041	21.97	-9.052	1.6	0.0	213.307	6.26	5.912	0.0	86.295	0.0	0.0	23.6	0.0	183.375	6.9	6.475	1.063	93.267	16.013	-17.95	45.4	0.0	185.506	6.78	6.225	0.0	84.507	26.765	-1.0	17.2	0.0	201.78	7.06	6.6	0.0	85.309	25.893	-26.005	23.8	0.0	147.533	6.18	6.412	0.0	93.156	23.641	-22.028	34.6	0.0	237.718	7.36
6.98	5.85	1.063	82.927	26.765	-8.393	25.2	0.0	156.057	6.98	6.475	0.0	84.301	34.829	-15.007	10.4	1.173	57.831	6.74	6.037	0.0	87.668	26.692	-1.73	30.0	0.0	132.421	6.74	7.1	0.0	92.681	32.286	-2.878	25.0	0.0	197.711	6.2	6.475	0.0	89.249	21.534	-9.037	1.6	0.0	213.21	6.24	5.85	0.0	85.884	0.0	0.0	23.6	0.0	183.278	6.96	6.412	0.0	92.53	16.085	-18.322	45.4	0.0	185.506	6.7	6.412	0.0	85.405	27.273	-1.0	17.2	0.0	201.586	6.96	6.537	0.0	86.105	25.893	-25.779	23.8	0.0	147.436	6.28	6.412	0.0	92.306	23.568	-22.92	34.6	0.0	237.718	7.48
7.04	5.725	1.063	83.269	26.692	-8.395	25.2	0.0	156.348	6.96	6.287	1.595	84.504	34.393	-14.756	10.4	0.0	57.928	6.66	6.1	0.0	88.666	26.62	-1.751	30.0	0.0	58.413	6.7	6.787	0.0	93.752	32.504	-8.087	25.0	0.0	199.261	6.27	6.412	0.0	89.528	21.462	-9.03	1.8	0.0	213.307	6.26	5.912	0.0	86.385	0.0	0.0	23.6	0.0	183.181	7.09	6.475	0.0	93.026	16.376	-17.573	45.4	0.0	185.603	6.67	6.287	0.0	85.58	27.346	-1.0	17.2	0.0	201.683	6.8	6.475	0.0	87.08	27.056	-25.756	23.8	0.0	147.242	6.34	6.725	0.0	92.49	23.786	-22.571	34.6	0.0	237.622	7.24
6.97	5.85	0.0	84.875	26.765	-8.424	25.2	0.0	156.057	6.8	6.287	0.0	85.246	34.902	-14.756	10.4	0.0	57.928	6.28	5.85	0.0	90.502	27.273	-1.561	30.2	0.0	58.606	6.68	7.037	0.0	94.405	32.286	-8.132	25.2	0.0	199.358	6.18	6.412	0.0	89.916	21.897	-9.023	1.8	0.0	213.017	6.21	5.85	0.0	87.58	0.0	0.0	23.6	0.0	77.786	7.03	6.6	0.532	93.966	16.376	-17.326	45.6	0.0	185.506	6.4	6.475	0.0	88.556	26.765	-1.0	17.4	0.0	201.392	6.72	6.287	0.0	87.797	27.056	-25.892	24.0	0.0	147.339	6.43	6.725	0.0	93.223	24.367	-22.571	34.6	0.0	238.106	7.24
6.86	5.787	3.19	86.465	26.184	-8.447	25.2	0.0	155.476	6.66	6.225	0.0	87.225	34.974	-15.176	10.4	0.0	57.928	6.15	5.975	0.0	92.229	26.62	-1.744	30.2	0.0	48.241	6.64	7.1	0.0	94.721	32.795	-2.843	25.2	0.0	198.874	6.2	6.412	0.0	90.46	21.825	-9.052	2.0	0.0	213.21	6.14	5.975	0.0	88.292	0.0	0.0	23.8	0.0	78.271	7.04	6.725	1.063	94.196	15.94	-17.727	45.6	0.0	185.506	6.34	6.35	0.0	89.285	26.765	-1.0	17.4	0.0	201.392	6.66	6.537	0.0	88.313	26.91	-25.982	24.0	0.0	146.37	6.43	6.787	0.0	94.541	25.312	-22.366	34.6	0.0	237.815	7.26
6.56	5.725	0.532	86.166	26.838	-8.425	25.2	0.0	138.621	6.53	6.35	0.0	88.148	34.756	-15.276	10.6	0.0	57.541	5.93	5.975	0.0	92.714	26.692	-1.708	30.2	0.0	94.157	6.48	6.975	0.0	95.164	32.722	-8.125	25.2	0.0	199.358	6.08	6.412	0.0	91.069	21.825	-9.089	2.0	0.0	213.404	6.06	5.85	0.0	88.689	0.0	0.0	23.8	0.0	77.883	6.92	6.662	2.659	94.389	15.94	-17.618	45.6	0.0	185.506	6.23	6.287	0.0	89.561	27.419	-1.0	17.4	0.0	201.974	6.52	6.225	0.0	88.762	27.273	-25.87	24.0	0.0	147.145	6.32	6.662	0.0	95.362	25.966	-22.328	34.8	0.0	237.718	7.24
6.7	5.85	0.0	87.703	26.62	-8.439	25.4	0.0	136.586	6.18	6.287	0.0	89.57	34.902	-15.414	10.6	1.358	57.831	6.0	5.662	0.0	92.524	27.419	-1.672	30.4	0.964	96.87	6.47	7.037	0.0	95.404	32.577	-8.15	25.2	0.0	199.261	6.0	6.537	0.0	91.43	21.825	-9.119	2.0	0.0	213.21	6.03	5.85	0.0	88.966	0.0	0.0	23.8	0.0	77.786	6.87	6.475	1.063	94.457	16.449	-17.667	45.8	0.0	185.506	6.18	6.412	0.0	89.678	26.692	-1.0	17.4	0.0	201.392	6.49	6.35	0.0	88.93	27.201	-25.712	24.0	0.0	146.951	6.29	6.725	0.0	95.936	26.402	-22.795	34.8	0.0	237.428	7.08
6.34	5.85	0.0	87.234	26.329	-8.401	25.4	0.0	137.361	6.17	6.225	0.0	89.935	34.611	-15.478	10.6	0.0	57.928	6.11	5.85	0.0	91.966	26.838	-1.771	30.4	0.0	96.676	6.4	7.1	0.0	95.586	32.359	-8.157	25.2	0.0	199.358	5.98	6.537	0.0	91.763	21.97	-9.127	2.0	0.0	213.404	5.96	5.975	0.0	89.122	0.0	0.0	23.8	0.0	77.786	6.85	6.412	1.595	94.103	16.594	-17.558	45.8	0.0	185.506	6.2	6.35	0.0	89.423	27.346	-1.0	17.6	0.0	202.07	6.43	6.412	0.0	88.915	26.402	-25.631	24.0	0.0	147.533	6.28	6.662	0.0	95.953	26.474	-21.77	34.8	0.0	237.525	7.05
6.19	5.725	1.063	87.553	26.474	-8.448	25.4	0.0	136.683	6.2	6.162	0.0	89.553	34.248	-15.465	10.6	0.0	58.219	6.11	5.912	0.0	91.608	26.765	-1.687	30.4	0.0	97.064	6.44	7.037	0.0	95.537	32.286	-8.123	25.2	0.0	199.261	6.09	6.287	0.0	91.961	21.316	-9.104	2.0	0.0	213.21	5.96	5.787	0.0	88.751	0.0	0.0	23.8	0.0	77.69	6.68	6.475	0.0	94.323	16.158	-17.573	45.8	0.0	185.603	6.27	6.412	0.0	89.441	27.273	-1.0	17.6	0.0	201.683	6.6	6.475	0.0	88.563	26.256	-25.756	24.0	0.0	147.339	6.14	6.537	0.0	95.794	27.201	-22.625	34.8	0.0	237.718	7.03
6.25	5.787	0.0	87.546	26.765	-8.432	25.4	0.0	136.683	6.2	6.412	0.0	89.878	34.684	-15.831	10.6	0.0	57.928	6.09	5.912	0.0	91.982	27.346	-1.687	30.4	0.0	141.527	6.54	7.162	0.0	95.161	32.65	-8.155	25.4	0.913	199.261	6.18	6.6	0.0	91.69	22.043	-9.157	2.2	0.0	213.307	6.02	5.912	0.0	89.05	0.0	0.0	24.0	0.0	176.303	6.69	6.537	0.532	94.469	16.594	-17.776	45.8	0.0	186.571	6.26	6.35	0.0	89.046	26.765	-1.0	17.6	0.0	201.586	6.72	6.6	0.0	88.284	25.966	-26.106	24.2	0.0	147.533	6.04	6.912	0.0	96.005	27.273	-22.855	35.0	0.0	237.525	6.83
