-1.0	11.35	165.365	0.0	26.329	-9.216	26.0	0.0	184.343	8.79	9.662	166.428	81.635	34.902	-16.811	11.2	0.0	78.174	8.07	9.225	0.0	86.467	27.491	-2.923	31.2	0.0	174.656	8.6	11.537	0.0	91.732	32.65	-8.65	26.2	0.0	207.592	8.12	8.412	0.0	87.564	19.5	-9.039	3.0	0.0	122.25	8.12	8.412	0.0	83.404	0.0	0.0	24.8	0.0	166.81	8.92	9.6	156.858	89.371	15.432	-16.295	46.6	0.0	188.993	8.33	9.35	0.0	83.829	26.692	-1.0	18.4	0.0	178.919	8.92	9.725	0.0	81.014	26.983	-27.082	24.8	0.989	177.756	8.5	11.787	0.0	91.145	26.62	-28.674	35.8	0.0	237.04	9.24
-1.0	11.225	180.253	0.0	26.111	-9.176	26.0	0.0	183.956	9.06	9.85	175.468	80.148	34.175	-16.435	11.2	0.0	80.305	8.46	9.287	0.0	83.083	26.765	-2.907	31.2	0.0	173.784	8.84	12.35	0.0	91.58	32.722	-8.751	26.2	0.0	207.495	8.34	8.85	0.0	85.526	19.427	-9.114	3.0	0.0	122.443	8.11	8.412	0.0	83.8	0.0	0.0	24.8	0.0	166.907	9.25	9.85	168.555	87.709	15.867	-16.191	46.6	1.224	188.993	8.62	9.537	0.0	84.434	27.273	-1.0	18.4	0.0	179.015	9.09	9.85	0.0	79.763	26.184	-27.238	24.8	1.257	161.385	8.78	12.037	0.0	91.758	26.62	-28.355	35.8	0.0	237.815	9.42
-1.0	10.412	220.664	0.0	26.692	-9.088	26.0	0.0	167.972	9.12	9.475	204.181	78.885	35.047	-15.416	11.2	1.374	182.793	8.66	9.35	0.0	83.483	26.765	-3.043	31.2	1.374	201.78	9.32	12.6	0.0	88.604	32.577	-4.853	26.2	1.601	189.38	9.05	8.85	0.0	81.55	19.427	-9.171	3.0	1.584	210.304	8.51	8.475	0.0	82.145	0.0	0.0	24.8	0.0	188.896	9.43	10.1	178.126	87.528	15.432	-17.356	46.6	1.022	188.315	8.91	9.662	0.0	81.758	26.91	-1.0	18.4	0.0	194.321	9.36	9.725	0.0	77.746	25.82	-26.65	24.8	1.182	156.251	8.62	11.85	0.0	87.936	26.474	-27.837	35.8	0.0	218.054	9.66
-1.0	10.725	196.205	0.0	26.547	-9.104	26.0	1.634	181.921	9.36	10.162	211.093	78.468	34.321	-16.508	11.2	1.207	265.326	8.89	9.537	0.0	80.838	27.564	-3.299	31.2	1.039	205.17	9.56	12.6	0.0	86.739	32.65	-8.763	26.2	1.483	197.033	9.42	8.85	0.0	79.861	19.209	-9.1	3.0	1.006	218.829	8.78	8.787	0.0	81.633	0.0	0.0	24.8	1.433	181.437	9.71	10.162	182.38	87.551	15.068	-17.829	46.6	1.651	186.862	9.16	9.662	0.0	79.901	28.145	-1.0	18.4	1.291	203.62	9.65	10.1	0.0	76.425	27.056	-26.906	24.8	1.441	165.454	9.12	11.85	0.0	86.151	26.547	-27.947	35.8	1.676	232.391	9.95
-1.0	11.037	199.395	0.0	26.329	-9.144	26.0	1.006	214.47	9.04	9.975	219.069	79.655	34.466	-15.982	11.2	0.0	260.289	8.94	9.975	0.0	83.713	27.201	-3.257	31.2	0.0	205.461	9.88	13.225	0.0	87.092	32.577	-8.902	26.2	0.0	197.324	9.72	8.725	0.0	77.523	19.209	-9.113	3.0	1.022	218.732	9.01	9.037	0.0	79.255	0.0	0.0	24.8	0.0	180.662	10.06	10.537	185.57	80.174	14.996	-16.935	46.6	0.93	186.959	9.35	9.975	0.0	77.193	26.91	-1.0	18.4	0.0	203.33	9.77	10.35	0.0	77.056	26.402	-27.223	24.8	0.0	165.55	9.29	11.975	0.0	82.825	26.256	-28.437	35.8	0.989	243.531	10.28
-1.0	10.725	205.244	0.0	26.402	-9.064	26.0	2.07	183.956	9.07	10.037	214.815	79.906	34.829	-17.074	11.2	0.0	272.301	9.04	9.475	0.0	82.004	26.692	-3.124	31.2	1.668	216.698	10.1	12.537	0.0	82.294	32.722	-8.833	26.2	1.936	192.383	9.31	9.412	0.0	80.884	19.137	-9.286	3.0	0.0	198.68	9.32	9.225	0.0	78.36	0.0	0.0	24.8	1.182	201.683	10.28	10.662	190.888	83.053	14.85	-16.965	46.6	1.332	186.281	9.51	9.85	0.0	79.119	27.346	-1.0	18.4	0.0	203.33	9.97	10.287	0.0	74.835	26.038	-27.306	24.8	1.433	169.425	9.39	11.412	0.0	82.824	26.329	-28.198	35.8	1.86	255.93	10.44
-1.0	10.537	190.356	0.0	26.402	-9.008	26.0	1.684	188.799	9.12	9.85	204.712	79.746	34.393	-15.572	11.2	1.668	227.353	8.53	9.6	0.0	84.576	27.056	-3.167	31.2	0.0	203.62	9.65	12.037	0.0	84.303	32.795	-8.865	26.2	0.0	186.571	9.0	9.162	0.0	82.258	19.064	-9.211	3.0	0.0	185.893	8.98	8.725	0.0	78.608	0.0	0.0	24.8	0.0	194.321	10.4	10.412	190.888	80.396	15.068	-17.433	46.6	0.0	182.406	9.5	9.912	0.0	79.461	26.838	-1.0	18.4	1.844	209.529	9.91	10.162	0.0	76.302	26.402	-27.256	24.8	2.036	186.668	9.01	11.787	0.0	86.651	26.256	-27.921	35.8	1.735	202.942	10.44
-1.0	9.662	155.262	0.0	26.184	-8.859	26.0	0.0	225.029	8.9	9.475	171.214	79.035	34.974	-15.947	11.2	0.0	269.879	8.76	9.537	0.0	81.988	26.91	-3.069	31.2	0.0	204.88	9.44	11.412	0.0	85.975	32.504	-8.768	26.2	0.0	186.862	9.04	9.287	0.0	80.799	19.137	-9.27	3.0	0.0	197.905	8.86	8.6	0.0	80.152	0.0	0.0	24.8	1.894	195.871	10.04	10.287	162.706	84.113	15.504	-17.048	46.6	0.0	171.072	9.01	9.725	0.0	80.962	26.765	-1.0	18.4	1.81	206.042	9.55	10.162	0.0	78.93	25.966	-27.256	24.8	1.634	183.084	8.93	11.225	0.0	86.768	25.748	-27.796	35.8	1.517	236.944	10.01
-1.0	9.412	118.574	0.0	26.62	-8.901	26.0	1.106	238.687	8.8	9.162	133.462	80.576	34.756	-17.039	11.2	0.922	265.326	8.71	9.35	0.0	82.667	26.765	-3.157	31.2	1.014	230.066	9.54	10.725	0.0	83.948	32.65	-8.757	26.2	0.0	198.971	9.04	9.287	0.0	80.338	18.991	-9.198	3.0	1.408	208.367	8.85	8.225	0.0	79.417	0.0	0.0	24.8	0.0	199.067	10.03	10.1	127.081	83.281	15.286	-16.66	46.6	0.0	173.784	9.08	9.537	0.0	80.711	27.056	-1.0	18.4	2.011	210.304	9.55	10.037	0.0	78.061	26.474	-27.206	24.8	1.894	184.343	8.9	10.162	0.0	85.407	26.038	-27.148	35.8	2.045	252.927	10.04
-1.0	9.162	110.066	0.0	26.62	-8.87	26.0	0.0	191.705	8.86	8.85	112.725	80.006	34.393	-16.705	11.2	1.131	228.128	8.63	9.1	0.0	83.688	27.346	-2.995	31.2	1.835	218.441	9.56	10.412	0.0	83.006	32.577	-8.764	26.2	0.98	210.595	9.02	8.85	0.0	81.206	19.209	-9.136	3.0	0.922	195.386	8.86	8.35	0.0	79.859	0.0	0.0	24.8	0.0	209.82	10.18	9.725	112.193	81.274	15.286	-17.353	46.6	0.0	177.95	9.03	9.35	0.0	80.991	27.128	-1.0	18.4	0.0	222.607	9.7	9.6	0.0	76.461	27.056	-1.0	24.8	0.0	184.149	8.86	9.85	0.0	84.817	25.893	-27.132	35.8	0.0	244.402	10.1
-1.0	9.412	109.003	0.0	26.62	-8.853	26.0	2.028	183.956	8.99	8.787	122.296	79.276	35.192	-19.137	11.2	0.0	236.847	8.64	9.162	0.0	83.125	26.91	-2.94	31.2	0.0	198.583	9.4	10.85	0.0	86.677	32.432	-8.727	26.2	0.0	190.93	9.02	8.787	0.0	80.916	18.919	-9.085	3.0	0.0	210.304	8.8	8.412	0.0	80.673	0.0	0.0	24.8	0.0	182.6	10.1	9.85	113.256	82.198	15.432	-16.272	46.6	0.0	185.506	9.02	9.475	0.0	80.163	27.346	-1.0	18.4	2.07	203.717	9.55	9.662	0.0	78.161	26.62	-27.375	24.8	0.0	164.582	9.15	9.912	0.0	82.578	25.748	-27.157	35.8	0.0	264.455	10.23
-1.0	9.35	124.423	0.0	26.184	-8.837	26.0	0.0	180.468	9.22	8.787	118.042	77.516	34.611	-17.578	11.2	0.0	244.402	8.64	9.1	0.0	83.455	26.838	-2.728	31.2	0.989	203.717	9.5	10.85	0.0	84.9	32.722	-8.528	26.2	0.0	198.971	8.92	8.725	0.0	81.785	19.427	-9.077	3.0	0.0	190.543	8.68	8.1	0.0	81.634	0.0	0.0	24.8	0.0	190.833	9.92	9.85	119.637	83.042	14.56	-15.954	46.6	0.0	169.522	8.98	9.475	0.0	79.249	27.491	-1.0	18.4	0.0	207.979	9.5	9.6	0.0	77.676	26.038	-27.14	24.8	0.0	185.118	9.17	9.85	0.0	82.797	25.603	-27.238	35.8	0.0	242.853	9.88
-1.0	9.475	165.897	0.0	26.547	-8.804	26.0	0.0	175.722	9.26	9.537	150.477	78.595	35.41	-16.612	11.2	1.383	254.961	8.9	9.162	0.0	80.889	27.273	-8.312	31.2	1.131	204.783	9.42	11.225	0.0	86.109	32.577	-8.764	26.2	0.0	190.93	8.88	8.85	0.0	82.564	18.773	-9.049	3.0	0.0	194.418	8.72	8.412	0.0	80.679	0.0	0.0	24.8	0.0	192.383	9.92	10.037	150.477	84.32	15.286	-16.075	46.6	0.0	177.756	9.04	9.475	0.0	78.967	26.983	-1.0	18.4	0.0	208.27	9.63	9.912	0.0	77.228	26.402	-27.683	24.8	0.0	175.722	8.86	10.287	0.0	86.088	25.675	-27.198	35.8	1.684	214.76	9.92
-1.0	9.85	194.61	0.0	26.62	-8.915	26.0	0.0	182.406	9.19	10.287	187.697	80.76	34.756	-16.961	11.2	0.0	212.726	9.06	9.412	0.0	79.732	27.201	-2.949	31.2	0.0	202.652	9.42	11.412	0.0	85.555	32.577	-8.664	26.2	0.0	194.708	9.06	8.912	0.0	80.586	19.064	-9.258	3.0	0.0	207.592	8.86	8.537	0.0	79.517	0.0	0.0	24.8	0.0	197.518	10.06	10.412	185.57	82.333	14.923	-15.925	46.6	1.969	189.38	9.24	9.6	0.0	77.87	27.056	-1.0	18.4	0.0	210.207	9.75	10.537	0.0	77.579	25.748	-27.407	24.8	1.785	228.032	8.76	10.6	0.0	88.083	25.53	-27.214	35.8	1.559	213.307	10.08
-1.0	10.975	188.761	77.772	26.402	-9.039	26.0	1.081	190.93	9.3	10.662	197.268	78.776	34.902	-16.543	11.2	0.0	265.811	9.06	9.912	0.0	79.119	27.273	-3.274	31.2	0.0	219.216	9.48	12.037	0.0	85.499	32.504	-8.789	26.2	1.785	194.03	9.38	9.35	0.0	78.025	18.991	-9.097	3.0	1.701	199.455	8.8	8.412	0.0	80.382	0.0	0.0	24.8	1.894	200.23	7.88	9.85	174.404	91.906	14.996	-16.191	46.6	1.224	34.486	9.36	9.912	0.0	78.443	27.273	-1.0	18.4	1.936	214.179	7.68	9.537	0.0	85.985	26.402	-26.794	24.8	1.45	355.996	8.89	11.412	0.0	86.986	25.021	-27.32	35.8	1.525	215.148	10.22
-1.0	10.662	205.776	0.0	26.692	-9.024	26.0	1.408	231.906	9.35	10.225	199.395	78.192	34.902	-16.69	11.2	1.567	251.765	9.25	10.1	0.0	78.642	26.474	-3.183	31.2	1.634	211.467	7.63	11.1	0.0	93.548	32.432	-8.654	26.2	1.559	43.882	9.5	9.6	0.0	77.601	19.209	-9.158	3.0	1.383	217.666	7.3	8.537	0.0	87.137	0.0	0.0	24.8	1.425	15.402	7.49	9.85	187.166	94.874	14.923	-17.117	46.6	1.433	20.924	7.38	9.475	0.0	87.65	27.273	-1.0	18.4	1.224	38.07	7.42	9.662	0.0	88.15	25.748	-27.058	24.8	2.011	11.915	9.09	11.787	0.0	86.921	25.021	-27.36	35.8	1.031	249.44	7.73
-1.0	11.1	201.522	77.559	26.765	-9.055	26.0	0.0	231.906	9.44	10.725	209.498	77.162	34.321	-16.725	11.2	1.148	255.446	6.5	8.912	0.0	92.7	26.838	-2.892	31.2	0.0	55.506	7.36	11.1	0.0	94.961	32.65	-8.558	26.2	1.886	56.184	7.8	9.475	0.0	88.689	19.137	-9.12	3.0	0.0	75.462	6.8	8.225	0.0	90.228	0.0	0.0	24.8	2.137	46.304	7.28	9.725	188.761	95.346	14.778	-17.626	46.6	0.0	38.554	6.7	9.412	0.0	90.547	27.637	-1.0	18.4	0.0	53.278	7.36	9.85	0.0	88.799	26.62	-27.344	24.8	1.408	0.0	8.72	11.412	0.0	88.23	25.021	-27.433	35.8	0.0	99.873	7.42
-1.0	10.225	174.936	98.832	26.256	-8.904	26.0	1.777	43.688	8.14	10.975	179.19	85.546	34.902	-16.617	11.2	0.0	36.907	6.2	8.725	0.0	93.513	27.564	-2.941	31.2	0.0	72.749	7.38	11.35	0.0	95.252	32.867	-8.656	26.2	1.525	54.247	7.14	8.475	0.0	91.689	19.064	-9.06	3.0	2.02	56.184	6.74	7.975	0.0	90.708	0.0	0.0	24.8	1.651	52.891	7.43	10.287	178.126	95.631	14.923	-17.135	46.6	1.089	41.557	6.82	9.6	0.0	91.434	27.273	-1.0	18.4	1.299	40.395	7.21	10.037	0.0	89.025	26.111	-27.419	24.8	0.0	12.787	7.24	10.6	0.0	95.335	24.44	-26.882	35.8	1.508	83.211	7.5
-1.0	10.287	189.824	0.0	26.692	-8.928	26.0	1.006	43.979	7.36	10.225	182.912	90.87	35.265	-16.86	11.2	1.433	49.791	6.32	9.475	0.0	93.69	27.056	-3.162	31.2	1.198	72.265	7.22	11.787	0.0	95.248	32.577	-8.7	26.2	0.0	55.216	7.07	8.475	0.0	92.053	19.282	-9.01	3.0	0.0	56.378	6.76	8.537	0.0	90.906	0.0	0.0	24.8	0.0	47.854	7.55	10.162	172.277	95.705	14.778	-17.017	46.6	0.0	40.685	6.74	9.662	0.0	91.456	27.346	-1.0	18.4	0.0	40.492	7.44	10.35	0.0	89.128	25.893	-27.439	24.8	0.0	12.496	6.89	10.725	0.0	96.205	24.513	-26.706	35.8	0.0	89.508	7.88
6.86	11.6	260.011	86.578	26.256	-9.128	26.0	0.0	44.366	7.24	10.35	235.552	91.075	34.538	-16.635	11.2	0.905	50.082	6.29	9.537	0.0	93.723	27.056	-3.375	31.2	0.939	57.831	7.52	12.35	0.0	95.454	32.722	-8.722	26.2	0.0	54.828	7.1	8.787	0.0	92.272	18.846	-9.113	3.0	0.0	56.378	6.52	8.412	0.0	90.95	0.0	0.0	24.8	0.0	47.854	7.47	10.287	205.776	95.703	15.286	-16.621	46.6	0.0	40.976	6.74	9.85	0.0	91.371	27.346	-1.0	18.4	0.0	40.492	7.2	10.537	0.0	89.177	26.983	-27.833	24.8	0.0	12.69	6.98	11.725	0.0	96.43	24.585	-27.106	35.8	0.0	89.701	7.7
67.3	13.225	315.31	0.0	26.692	-9.41	26.0	0.0	44.366	7.33	11.537	370.609	91.012	34.538	-16.922	11.2	0.0	51.05	6.64	10.475	0.0	93.695	27.056	-3.897	31.2	0.0	58.025	7.66	14.1	0.0	95.33	32.577	-8.956	26.2	0.0	54.925	7.1	8.537	0.0	92.145	18.556	-9.054	3.0	0.0	56.572	6.77	9.287	0.0	91.037	0.0	0.0	24.8	0.0	47.951	7.52	11.35	250.44	95.413	15.214	-16.625	46.6	0.0	41.267	6.9	10.662	0.0	91.285	27.056	-28.197	18.4	0.0	40.492	7.38	11.287	0.0	89.156	25.603	-28.038	24.8	0.0	12.981	7.14	14.412	0.0	96.396	24.658	-28.951	35.8	0.0	89.701	7.84
32.48	12.6	238.742	93.854	26.62	-9.225	26.0	0.0	44.56	7.8	11.725	257.353	91.049	34.756	-17.404	11.2	0.0	50.179	6.82	10.787	0.0	93.578	27.128	-4.125	31.2	0.0	57.347	7.68	13.662	0.0	95.049	32.504	-8.868	26.2	0.0	54.828	7.34	8.787	0.0	92.019	18.338	-9.106	3.0	0.0	56.281	6.76	9.537	0.0	91.034	0.0	0.0	24.8	0.0	48.144	7.8	11.412	219.601	95.45	14.705	-16.234	46.6	0.0	41.267	7.13	10.85	0.0	91.495	27.201	-1.0	18.4	0.0	40.395	7.64	11.412	0.0	88.958	26.983	-27.983	24.8	0.0	12.206	7.42	14.412	0.0	96.214	24.367	-28.6	35.8	0.0	89.798	8.04
22.1	12.475	235.552	92.253	26.474	-9.209	26.0	0.0	44.463	7.44	11.85	254.694	90.718	34.756	-16.663	11.2	0.0	49.888	6.92	10.725	0.0	93.439	26.474	-4.025	31.2	0.0	58.413	7.69	13.225	0.0	94.929	32.577	-8.842	26.2	0.0	54.635	7.22	8.85	0.0	91.753	19.064	-9.193	3.0	0.0	56.281	6.7	9.1	0.0	91.019	0.0	0.0	24.8	0.0	47.951	7.85	11.412	211.093	95.321	15.504	-16.0	46.6	0.0	41.17	7.18	10.912	0.0	91.359	26.765	-1.0	18.4	0.0	40.395	7.52	11.162	0.0	89.016	26.91	-27.986	24.8	0.0	12.303	7.34	13.412	0.0	96.211	24.295	-28.391	35.8	0.0	89.798	8.21
15.7	12.162	210.561	90.319	26.547	-9.193	26.0	0.0	44.366	7.58	11.85	226.513	90.948	34.684	-16.999	11.2	0.0	50.179	6.76	10.287	0.0	93.479	27.273	-4.023	31.2	0.0	58.413	7.5	13.162	0.0	94.322	32.867	-8.903	26.2	0.0	54.731	7.14	8.662	0.0	91.902	18.556	-9.119	3.0	0.0	56.088	6.76	9.475	0.0	91.077	0.0	0.0	24.8	0.0	47.757	7.76	11.35	195.673	95.357	15.214	-15.833	46.6	0.0	41.267	7.16	10.787	0.0	91.054	27.346	-1.0	18.4	0.0	40.588	7.66	11.162	0.0	89.074	25.893	-27.986	24.8	0.0	12.593	7.36	13.162	0.0	96.217	24.077	-28.845	35.8	0.0	89.314	8.32
44.16	12.287	211.625	97.769	26.765	-9.209	26.0	0.0	44.173	7.61	11.787	214.815	90.827	34.538	-17.42	11.2	0.0	50.082	6.88	10.6	0.0	93.553	26.62	-4.135	31.2	0.0	58.413	7.8	13.1	0.0	94.135	32.577	-8.836	26.2	0.0	54.731	7.26	8.85	0.0	92.061	18.773	-9.093	3.0	0.0	56.281	6.84	9.475	0.0	91.055	0.0	0.0	24.8	0.0	47.854	7.75	11.225	195.141	94.823	14.996	-15.957	46.6	0.0	41.17	7.24	10.787	0.0	90.299	26.91	-1.0	18.4	0.0	40.492	7.56	11.662	0.0	88.806	26.329	-28.088	24.8	0.0	12.69	7.34	12.725	0.0	96.131	24.367	-28.543	35.8	0.0	89.701	8.41
59.89	12.787	211.625	0.0	26.474	-9.326	26.0	0.0	44.27	7.8	11.787	216.942	90.617	34.538	-16.647	11.2	0.0	49.888	7.15	10.912	0.0	93.21	26.91	-4.013	31.2	0.0	58.316	7.88	13.537	0.0	94.322	33.158	-8.932	26.2	0.0	55.119	7.57	8.975	0.0	91.718	18.773	-9.065	3.0	0.0	56.378	7.16	9.475	0.0	91.032	0.0	0.0	24.8	0.0	47.854	7.98	11.35	194.078	94.35	14.342	-15.986	46.6	0.0	41.17	7.54	10.85	0.0	90.419	26.91	-1.0	18.4	0.0	40.492	7.84	11.412	0.0	88.876	26.765	-28.198	24.8	0.0	12.206	7.51	13.35	0.0	95.876	24.222	-29.257	35.8	0.0	89.798	8.38
0.0	12.85	193.015	0.0	26.692	-9.351	26.0	0.0	44.463	7.83	11.412	211.625	90.125	34.611	-16.891	11.2	0.0	49.888	7.21	10.912	0.0	92.681	26.474	-3.934	31.2	0.0	57.734	7.77	13.412	0.0	94.189	32.504	-8.906	26.2	0.0	54.925	7.72	9.162	0.0	91.071	18.338	-9.11	3.0	0.0	56.475	7.24	9.475	0.0	90.946	0.0	0.0	24.8	0.0	47.66	7.92	11.35	198.863	93.376	14.996	-16.38	46.6	0.0	41.267	7.6	10.912	0.0	89.782	27.128	-1.0	18.4	0.0	40.395	7.66	11.537	0.0	88.61	26.983	-28.035	24.8	0.0	12.787	7.76	13.412	0.0	95.215	24.077	-1.0	35.8	0.0	89.411	8.65
0.0	11.912	174.936	0.0	26.547	-9.29	26.0	0.0	214.179	8.1	11.1	177.063	89.031	34.611	-16.986	11.2	0.0	49.888	7.14	10.85	0.0	92.893	26.474	-4.03	31.2	0.0	50.953	7.89	12.912	0.0	94.635	32.577	-8.861	26.2	0.0	163.322	7.81	9.162	0.0	90.663	18.483	-9.037	3.0	0.0	56.281	7.18	9.35	0.0	90.456	0.0	0.0	24.8	0.0	47.951	8.11	11.287	174.404	93.72	14.633	-16.692	46.6	0.0	40.879	7.66	10.912	0.0	89.25	26.983	-28.093	18.4	0.0	40.588	8.06	11.35	0.0	88.466	26.038	-28.064	24.8	0.0	12.69	7.94	13.225	0.0	94.957	24.15	-1.0	35.8	0.0	89.605	8.68
0.0	11.1	165.897	0.0	26.474	-9.23	26.0	2.078	204.008	9.08	10.537	171.214	84.403	34.393	-17.109	11.2	1.274	263.001	7.21	10.725	0.0	93.059	26.692	-3.712	31.2	0.0	39.232	8.05	12.35	0.0	94.987	32.65	-8.731	26.2	1.349	198.486	7.72	9.225	0.0	90.379	18.556	-9.052	3.0	0.0	56.088	7.09	8.975	0.0	90.086	0.0	0.0	24.8	0.0	179.79	8.24	11.225	166.428	94.068	14.85	-16.931	46.6	0.0	181.147	7.52	10.662	0.0	89.236	27.419	-27.99	18.4	0.0	40.492	7.9	11.225	0.0	88.204	26.111	-28.224	24.8	0.0	12.69	8.2	12.412	0.0	93.681	24.004	-1.0	35.8	0.0	215.535	8.73
-1.0	9.85	147.287	0.0	26.329	-9.017	26.0	1.886	211.757	8.94	10.35	152.604	84.79	34.393	-16.72	11.2	0.0	216.02	8.1	10.475	0.0	89.648	26.765	-3.586	31.2	0.0	152.086	8.62	12.162	0.0	90.96	32.722	-8.824	26.2	1.961	171.169	8.75	9.162	0.0	85.809	18.556	-9.015	3.0	1.081	238.784	7.46	8.912	0.0	90.204	0.0	0.0	24.8	1.592	179.5	8.42	10.787	149.413	93.825	14.705	-17.083	46.6	1.643	192.48	8.25	10.6	0.0	87.417	27.056	-1.0	18.4	1.265	228.322	7.99	11.037	0.0	88.115	26.474	-28.25	24.8	0.0	207.979	8.6	10.85	0.0	90.148	24.15	-1.0	35.8	0.0	235.103	8.44
