-1.0	3.1	0.0	83.765	25.094	-10.111	0.4	1.349	149.47	7.68	2.225	0.0	67.655	34.03	-24.223	40.6	0.989	120.312	7.18	3.6	0.0	69.644	25.603	-1.069	11.2	0.0	143.464	7.34	4.287	0.0	72.06	31.415	-8.098	0.0	2.053	206.623	6.37	4.662	0.0	73.59	12.017	-8.89	24.8	0.0	212.532	6.22	3.35	0.0	70.93	0.0	0.0	0.0	1.366	196.646	7.1	3.663	0.0	74.731	10.782	-21.226	19.0	1.86	181.921	6.96	4.287	0.0	70.524	27.346	-21.835	46.2	0.0	180.468	7.46	4.225	0.0	68.526	25.893	-1.0	0.0	0.0	164.194	7.4	3.225	0.0	69.871	12.38	-18.131	8.6	0.0	220.766	7.14
-1.0	3.163	0.0	78.173	26.038	-10.189	0.4	1.366	144.433	7.8	2.288	0.532	67.083	34.466	-24.34	40.6	1.089	120.409	6.94	3.6	0.0	70.599	25.748	-1.036	11.2	1.349	144.627	7.2	4.162	0.0	72.265	31.56	-7.978	0.0	1.902	198.583	6.28	3.913	0.0	73.444	11.581	-8.776	24.8	0.0	213.017	6.18	3.788	0.0	71.0	0.0	0.0	0.0	1.366	197.033	7.36	3.663	0.532	73.149	11.218	-21.119	19.0	1.869	173.3	6.76	4.1	0.0	70.878	27.273	-1.0	46.2	0.0	179.597	7.14	4.1	0.0	69.821	25.893	-1.0	0.0	2.12	162.451	7.44	3.35	0.0	69.401	12.09	-18.161	8.6	0.0	220.766	7.09
-1.0	3.038	2.659	74.947	25.385	-10.08	0.4	1.5	162.063	7.73	2.1	0.0	67.016	34.248	-24.086	40.6	0.0	120.603	7.12	3.538	0.0	69.526	25.457	-1.014	11.2	0.0	151.02	7.0	3.663	0.0	73.025	31.487	-7.969	0.0	1.743	197.13	6.46	4.225	0.0	72.119	11.654	-8.848	24.8	0.0	212.92	6.52	3.913	0.0	69.333	0.0	0.0	0.0	1.156	180.856	7.2	3.538	0.0	73.809	10.637	-24.248	19.0	1.115	176.884	6.93	4.35	0.0	70.176	26.62	-21.637	46.2	0.0	172.719	7.34	4.162	0.0	68.931	26.692	-1.0	0.0	1.844	161.288	7.48	3.163	0.0	69.117	12.235	-17.734	8.6	0.0	220.766	7.21
-1.0	3.1	2.127	71.47	25.675	-10.066	0.4	1.525	155.282	7.79	1.975	0.0	66.484	34.03	-23.95	40.6	0.0	120.409	7.45	3.6	0.0	67.693	25.893	-1.102	11.2	0.0	140.946	7.08	3.663	0.0	72.345	31.051	-8.018	0.0	1.869	202.167	6.44	4.037	0.0	72.295	11.508	-8.79	24.8	0.0	188.605	6.58	3.913	0.0	68.735	0.0	0.0	0.0	0.0	152.473	7.18	3.413	0.0	73.907	11.363	-19.994	19.0	1.106	166.81	6.64	4.162	0.0	71.454	26.692	-21.691	46.2	0.922	181.147	7.24	3.913	0.0	68.885	26.838	-1.0	0.0	2.053	179.209	7.5	3.288	0.0	68.961	12.162	-18.736	8.6	0.0	239.365	7.82
-1.0	3.038	0.532	67.933	25.457	-10.221	0.4	1.064	159.545	7.8	2.1	1.063	66.268	33.957	-23.792	40.6	0.0	120.409	7.2	3.413	0.0	69.117	25.603	-7.749	11.2	0.0	155.282	6.86	3.788	0.0	73.177	30.979	-8.187	0.0	1.827	195.774	6.53	4.162	0.0	71.666	11.799	-8.797	24.8	0.0	202.167	6.55	3.975	0.0	68.702	0.0	0.0	0.0	0.0	141.042	6.98	3.35	1.063	74.351	11.145	-20.819	19.0	1.383	184.246	7.02	4.287	0.0	69.587	27.128	-21.187	46.2	0.0	194.999	7.51	4.35	0.0	67.516	25.966	-1.0	0.0	0.0	182.309	7.48	3.288	0.0	68.182	12.235	-17.953	8.6	0.0	238.203	7.28
-1.0	2.913	0.0	0.0	25.457	-9.955	0.4	1.19	152.667	7.64	1.85	0.532	66.81	34.175	-23.91	40.6	0.0	120.409	7.02	3.475	0.0	69.401	25.82	-1.189	11.2	0.0	146.855	6.9	3.663	0.0	72.542	31.56	-7.993	0.0	1.919	189.574	6.37	3.975	0.0	72.565	11.654	-8.887	24.8	0.0	202.167	6.48	3.6	0.0	68.902	0.0	0.0	0.0	1.106	151.02	7.02	3.538	5.849	74.765	11.363	-21.084	19.0	1.458	192.771	6.92	4.1	0.0	70.095	26.402	-25.13	46.2	0.0	167.682	7.37	4.225	0.0	67.759	26.329	-1.0	0.0	0.0	158.285	7.44	3.288	0.0	68.896	12.162	-18.146	8.6	0.0	229.678	7.54
14.98	2.788	0.532	65.458	25.748	-9.898	0.4	1.131	151.311	7.74	1.975	0.0	66.366	34.175	-23.654	40.6	0.0	120.409	7.2	3.35	0.0	68.745	25.603	-1.081	11.2	0.0	147.242	6.92	3.913	0.0	72.701	31.56	-8.019	0.0	1.693	200.52	6.28	4.037	0.0	72.804	11.508	-8.769	24.8	0.0	202.361	6.42	3.6	0.0	68.996	0.0	0.0	0.0	0.0	191.899	7.01	3.663	0.0	74.128	10.782	-21.119	19.0	1.307	183.181	7.02	4.35	0.0	69.295	27.201	-21.962	46.2	0.0	198.099	7.2	4.162	0.0	68.611	26.474	-25.723	0.0	0.0	171.072	7.42	3.1	0.0	69.291	12.017	-17.814	8.6	0.0	229.678	7.44
107.4	3.225	0.0	83.44	25.021	-10.104	0.4	1.265	152.473	7.58	2.163	0.0	66.745	34.175	-23.612	40.6	0.0	120.409	6.78	3.413	0.0	70.279	25.457	-1.102	11.2	0.0	133.777	6.9	3.663	0.0	72.748	31.56	-7.977	0.0	1.71	196.161	6.39	3.975	0.0	72.105	11.799	-8.79	24.8	0.0	202.167	6.54	3.538	0.0	68.221	0.0	0.0	0.0	0.0	151.02	6.9	3.788	0.0	74.563	11.073	-21.154	19.0	1.098	176.787	7.21	4.35	0.0	68.319	26.91	-21.962	46.2	0.0	177.562	7.18	4.037	0.0	69.193	26.256	-1.0	0.0	2.07	163.71	7.23	2.913	0.0	69.176	12.308	-17.961	8.6	0.0	229.581	7.76
0.0	3.225	0.0	86.988	26.402	-10.127	0.4	1.567	152.182	7.76	2.038	0.0	65.907	33.957	-23.574	40.6	0.997	120.409	7.21	3.35	0.0	68.212	26.184	-1.178	11.2	0.997	133.196	6.96	3.725	0.0	72.554	31.415	-7.975	0.0	1.76	207.204	6.34	3.85	0.0	71.94	11.799	-8.651	24.8	0.0	159.835	6.51	3.663	0.0	68.242	0.0	0.0	0.0	0.0	186.765	6.9	3.413	0.532	74.867	11.145	-20.73	19.0	1.089	189.768	7.08	4.225	0.0	68.642	27.346	-21.709	46.2	0.0	176.206	6.86	3.975	0.0	70.084	26.111	-1.0	0.0	1.76	165.357	7.34	3.1	0.0	68.637	12.308	-18.005	8.6	0.0	229.485	7.56
-1.0	3.1	0.532	75.044	25.457	-10.111	0.4	1.383	154.41	7.66	1.975	0.0	66.107	34.03	-23.354	40.6	0.0	120.7	7.16	3.413	0.0	68.417	25.82	-1.167	11.2	0.0	138.427	6.95	4.037	0.0	72.086	31.342	-8.007	0.0	2.07	204.492	6.55	4.35	0.0	71.098	11.726	-8.818	24.8	1.006	199.649	6.48	3.538	0.0	68.45	0.0	0.0	0.0	0.0	196.355	7.2	4.037	1.063	72.653	10.927	-21.224	19.0	1.131	192.771	7.02	4.225	0.0	68.737	26.692	-21.925	46.2	0.0	167.972	7.62	4.287	0.0	66.698	26.329	-1.0	0.0	0.0	183.181	7.42	3.35	0.0	67.661	12.38	-18.552	8.6	0.0	228.516	7.26
0.0	2.725	2.659	89.39	25.094	-9.996	0.4	1.5	164.969	7.57	2.288	0.0	66.417	34.03	-23.551	40.6	0.0	120.603	6.9	3.538	0.0	69.458	25.53	-1.178	11.2	1.173	174.947	7.05	4.1	0.0	71.274	31.197	-8.014	0.0	0.0	197.905	6.44	4.225	0.0	71.259	12.38	-8.804	24.8	1.399	205.655	6.54	3.975	0.0	68.168	0.0	0.0	0.0	1.492	183.859	6.98	3.725	0.0	74.071	11.436	-21.029	19.0	1.835	167.585	6.88	4.1	0.0	69.507	26.91	-21.889	46.2	0.0	192.093	7.34	4.35	0.0	67.485	26.983	-1.0	0.0	0.0	156.832	7.54	3.225	0.0	67.279	12.162	-18.131	8.6	0.0	229.097	6.81
0.0	2.725	1.063	0.0	25.53	-10.086	0.4	1.45	168.069	7.02	2.163	0.0	68.604	34.248	-23.411	40.6	0.0	120.409	6.91	3.663	0.0	68.823	25.82	-1.156	11.2	0.0	167.585	6.78	3.913	0.0	72.44	31.923	-8.011	0.0	2.129	197.324	6.32	4.1	0.0	72.091	11.654	-8.776	24.8	0.0	206.042	6.02	3.538	0.0	70.211	0.0	0.0	0.0	1.282	181.728	6.83	3.725	0.532	74.953	11.145	-21.351	19.0	2.028	169.232	6.66	4.287	0.0	70.124	26.692	-21.944	46.2	1.441	183.471	7.18	4.162	0.0	68.314	26.765	-1.0	0.0	0.0	157.801	7.36	3.225	0.0	68.347	12.09	-18.228	8.6	0.0	216.698	7.06
0.0	2.475	1.063	0.0	25.893	-10.031	0.4	1.182	164.194	7.22	2.1	0.0	67.651	34.175	-23.392	40.6	0.0	120.312	7.0	3.538	0.0	68.28	26.038	-1.243	11.2	1.961	172.525	7.08	3.913	0.0	71.462	31.56	-8.035	0.0	1.953	205.267	6.24	3.975	0.0	72.385	11.654	-8.797	24.8	0.0	207.979	6.49	3.725	0.0	68.425	0.0	0.0	0.0	1.668	176.4	7.21	3.725	0.0	72.371	11.291	-21.351	19.0	2.103	182.018	6.68	4.412	0.0	69.944	26.983	-22.089	46.2	1.483	176.109	7.21	4.162	0.0	68.078	26.474	-1.0	0.0	0.0	156.348	7.4	3.35	0.0	68.248	12.017	-18.064	8.6	0.964	220.766	7.68
0.0	2.163	0.0	0.0	25.239	-10.037	0.4	1.081	167.585	7.38	2.288	0.0	67.06	34.248	-23.042	40.6	0.955	120.312	7.2	3.663	0.0	67.647	25.603	-1.385	11.2	2.028	158.77	7.23	4.037	0.0	70.234	31.56	-8.015	0.0	2.095	209.336	6.19	4.1	0.0	72.117	11.872	-8.797	24.8	0.0	208.173	6.1	3.475	0.0	70.201	0.0	0.0	0.0	0.964	195.386	7.04	3.975	1.595	74.057	11.073	-20.992	19.0	1.902	191.996	6.83	4.162	0.0	69.047	26.692	-22.339	46.2	1.324	174.656	7.34	4.287	0.0	67.323	26.184	-1.0	0.0	2.062	157.898	7.34	3.288	0.0	67.673	12.235	-17.953	8.6	0.93	221.832	7.36
-1.0	2.225	0.532	73.604	25.966	-10.022	0.4	1.215	167.391	7.32	2.225	0.0	66.968	34.248	-23.531	40.6	0.98	120.312	6.82	3.475	0.0	68.966	25.53	-1.319	11.2	1.014	151.407	7.21	4.1	0.0	70.23	31.633	-8.022	0.0	1.886	202.07	6.35	4.475	0.0	71.319	11.944	-8.84	24.8	1.366	209.045	6.04	3.538	0.0	70.268	0.0	0.0	0.0	0.955	209.82	6.97	3.85	0.0	73.558	10.855	-21.708	19.0	1.986	175.237	7.08	3.975	0.0	68.028	27.273	-22.175	46.2	0.972	169.813	7.22	3.913	0.0	67.301	26.692	-1.0	0.0	0.0	168.747	7.36	2.913	0.0	68.267	12.162	-18.251	8.6	0.0	221.541	7.34
-1.0	2.975	0.0	0.0	25.312	-10.141	0.4	1.768	165.938	7.21	1.975	0.0	67.353	34.393	-23.253	40.6	0.0	120.409	6.74	3.35	0.0	69.083	26.111	-1.372	11.2	0.0	149.858	6.85	3.913	0.0	71.365	31.633	-8.011	0.0	1.869	191.608	6.36	4.037	0.0	70.643	12.235	-8.797	24.8	0.989	208.754	5.93	3.6	0.0	70.325	0.0	0.0	0.0	1.031	190.543	7.44	3.725	1.595	70.826	11.0	-21.243	19.0	1.743	167.488	7.11	4.1	0.0	67.926	26.765	-21.997	46.2	0.0	176.109	7.4	3.85	0.0	66.468	26.765	-1.0	0.0	0.0	187.056	7.36	2.663	0.0	67.542	12.308	-18.192	8.6	0.0	221.541	7.0
17.8	3.1	1.063	64.691	25.094	-10.088	0.4	1.542	167.682	7.4	2.038	0.0	66.359	34.538	-23.069	40.6	0.0	120.409	7.0	3.538	0.0	68.307	25.53	-1.599	11.2	1.048	143.464	6.77	3.725	0.0	71.973	31.051	-7.967	0.0	1.911	194.805	6.24	3.975	0.0	71.713	11.654	-8.79	24.8	0.989	208.754	6.16	3.663	0.0	69.37	0.0	0.0	0.0	0.0	157.607	7.32	3.6	0.0	71.248	10.782	-21.315	19.0	1.366	171.556	7.01	4.162	0.0	68.282	27.056	-22.77	46.2	0.0	183.859	7.48	4.162	0.0	65.911	26.184	-1.0	0.0	0.0	174.463	7.44	3.163	0.0	67.044	12.235	-18.311	8.6	0.0	228.806	7.42
0.0	1.788	0.0	84.413	25.385	-9.99	0.4	0.0	160.707	7.24	2.163	0.0	67.17	34.175	-23.107	40.6	0.0	120.7	7.1	3.6	0.0	67.978	25.457	-1.525	11.2	1.383	160.61	7.18	3.975	0.0	69.961	30.979	-8.001	0.0	1.886	205.267	6.18	4.037	0.0	72.141	11.944	-8.841	24.8	1.006	209.045	6.42	3.788	0.0	68.225	0.0	0.0	0.0	0.0	173.397	6.76	3.538	0.0	74.61	11.218	-21.619	19.0	1.399	190.93	7.0	4.1	0.0	68.04	26.692	-22.536	46.2	0.0	171.556	7.42	4.162	0.0	66.363	26.329	-1.0	0.0	0.0	157.413	7.56	3.225	0.0	66.823	12.38	-18.131	8.6	0.0	228.903	7.4
0.0	1.725	1.063	87.426	25.893	-9.96	0.4	0.0	172.719	7.25	1.788	1.595	67.468	33.957	-22.892	40.6	0.0	120.7	6.87	3.35	0.0	69.002	25.82	-7.871	11.2	0.0	153.345	7.1	3.475	0.0	70.314	31.269	-7.982	0.0	1.508	200.617	5.98	3.913	0.0	72.795	12.017	-8.783	24.8	1.408	207.979	6.19	3.788	0.0	69.191	0.0	0.0	0.0	1.064	200.424	7.07	3.663	1.063	72.395	10.637	-21.547	19.0	1.483	182.696	6.84	4.1	0.0	68.464	26.765	-22.965	46.2	0.0	159.932	7.28	4.037	0.0	66.88	26.62	-25.586	0.0	2.011	157.995	7.74	2.85	0.0	65.575	12.09	-17.756	8.6	0.0	229.194	7.24
-1.0	1.85	0.0	70.387	25.239	-9.998	0.4	0.0	175.722	7.56	2.038	0.0	66.252	34.393	-23.171	40.6	0.0	120.119	7.06	3.163	0.0	67.917	25.966	-1.241	11.2	0.0	153.635	6.84	3.538	0.0	71.519	31.56	-7.981	0.0	1.643	200.811	6.38	4.037	0.0	70.752	11.654	-8.856	24.8	0.905	207.592	6.09	3.35	0.0	69.278	0.0	0.0	0.0	0.0	185.312	7.1	3.475	0.532	72.194	11.218	-21.601	19.0	1.098	156.638	6.8	3.913	0.0	68.616	27.201	-22.479	46.2	0.0	182.018	7.21	4.037	0.0	67.407	26.91	-1.0	0.0	1.978	163.71	7.68	2.6	0.0	65.427	12.162	-17.605	8.6	0.0	228.903	7.02
0.0	1.85	0.0	0.0	25.748	-10.933	0.4	0.0	176.884	7.5	1.725	0.0	66.269	34.103	-22.669	40.6	0.0	120.506	7.12	3.288	0.0	67.229	25.82	-1.221	11.2	0.0	145.498	7.08	4.1	0.0	70.704	31.269	-8.014	0.0	1.886	216.117	6.12	4.1	0.0	72.18	12.017	-8.871	24.8	0.0	207.883	6.04	3.35	0.0	69.532	0.0	0.0	0.0	0.0	196.743	6.94	3.538	0.0	73.09	10.927	-21.726	19.0	1.039	170.007	6.9	3.913	0.0	68.262	26.765	-22.587	46.2	0.0	171.169	7.21	3.788	0.0	67.595	26.474	-1.0	0.0	1.592	159.738	7.33	2.413	0.0	67.779	12.308	-17.941	8.6	0.0	229.097	7.21
0.0	2.038	0.0	0.0	25.82	-9.976	0.4	1.207	176.691	7.28	2.1	0.0	66.853	34.248	-22.883	40.6	0.0	120.215	7.06	3.413	0.0	67.541	25.748	-1.232	11.2	0.0	145.208	7.2	4.35	0.0	69.912	31.415	-8.048	0.0	2.053	207.786	5.78	3.85	0.0	73.674	11.944	-8.798	24.8	1.366	207.786	5.97	3.663	0.0	69.939	0.0	0.0	0.0	1.349	205.558	7.04	3.725	1.063	72.956	11.218	-21.672	19.0	1.819	184.731	6.92	3.975	0.0	68.639	27.346	-22.713	46.2	0.0	172.719	7.07	3.913	0.0	68.079	26.91	-1.0	0.0	0.0	171.944	7.38	2.85	0.0	67.734	12.162	-18.236	8.6	0.0	229.097	7.08
-1.0	2.35	1.595	59.378	25.312	-10.085	0.4	1.399	176.497	7.5	1.85	0.0	66.078	34.393	-22.809	40.6	0.972	120.022	7.16	3.413	0.0	67.02	25.82	-1.265	11.2	0.0	154.314	7.16	3.913	0.0	70.457	31.197	-7.986	0.0	2.011	205.655	5.94	4.1	0.0	72.273	11.944	-8.848	24.8	1.349	207.495	5.91	3.538	0.0	70.007	0.0	0.0	0.0	1.475	183.956	7.2	3.725	0.532	72.084	11.218	-21.887	19.0	1.827	174.85	6.9	3.913	0.0	68.262	26.62	-22.265	46.2	0.0	184.343	7.53	3.975	0.0	65.756	26.983	-24.99	0.0	0.0	175.819	7.52	2.913	0.0	66.68	12.38	-18.349	8.6	0.0	229.194	6.87
-1.0	2.1	0.0	64.951	25.53	-10.03	0.4	1.014	177.369	7.3	2.038	0.0	66.911	34.175	-22.659	40.6	0.0	120.312	7.09	3.413	0.0	66.168	25.603	-1.265	11.2	0.0	159.835	7.21	3.913	0.0	70.098	31.487	-8.003	0.0	1.944	203.33	5.94	4.1	0.0	71.912	11.944	-8.819	24.8	1.483	207.592	5.8	3.475	0.0	70.195	0.0	0.0	0.0	1.441	202.748	6.92	3.788	1.063	72.829	10.637	-21.583	19.0	1.919	164.097	6.78	4.1	0.0	68.958	26.547	-22.536	46.2	0.0	174.269	7.34	4.1	0.0	66.403	26.474	-1.0	0.0	0.0	165.744	7.48	3.1	0.0	66.727	12.09	-18.393	8.6	0.0	229.291	6.72
-1.0	1.788	0.0	0.0	25.312	-10.037	0.4	0.0	173.784	7.48	2.225	0.0	65.966	34.175	-22.818	40.6	0.0	120.506	7.16	3.413	0.0	66.289	25.966	-1.037	11.2	1.156	146.661	7.33	3.913	0.0	68.902	31.487	-8.011	0.0	1.944	201.78	6.1	4.037	0.0	71.27	11.654	-8.902	24.8	1.575	207.592	5.88	3.6	0.0	69.581	0.0	0.0	0.0	1.374	196.743	6.89	3.663	1.063	72.849	10.855	-22.618	19.0	1.676	182.793	6.84	3.913	0.0	68.063	27.273	-22.372	46.2	0.905	171.556	7.49	3.975	0.0	65.339	25.748	-1.0	0.0	0.0	163.419	7.46	2.538	0.0	66.669	12.235	-18.357	8.6	0.0	228.903	6.86
0.0	2.288	0.532	80.913	25.748	-10.124	0.4	1.24	177.756	7.41	2.163	1.063	66.144	34.466	-22.696	40.6	0.0	120.119	7.14	3.663	0.0	66.177	26.111	-1.32	11.2	1.265	154.12	7.18	3.663	0.0	69.855	31.051	-7.993	0.0	1.802	203.62	6.5	4.537	0.0	69.857	11.218	-8.991	24.8	1.81	205.945	5.85	3.475	0.0	69.627	0.0	0.0	0.0	1.517	209.723	6.96	3.6	1.063	72.321	11.581	-22.279	19.0	1.425	173.978	6.47	4.1	0.0	69.112	26.983	-22.536	46.2	0.0	171.944	7.22	3.85	0.0	66.028	25.893	-1.0	0.0	0.0	174.85	7.46	2.6	0.0	67.021	12.526	-18.372	8.6	0.0	229.097	6.87
0.0	2.538	2.659	59.034	25.312	-10.108	0.4	1.71	188.121	7.38	2.35	0.0	65.319	34.393	-22.648	40.6	1.215	120.506	7.53	3.475	0.0	63.665	25.457	-1.254	11.2	0.0	153.635	7.05	3.913	0.0	70.041	31.342	-7.994	0.0	1.869	204.395	6.5	4.537	0.0	69.567	11.944	-8.983	24.8	1.827	199.842	6.05	3.6	0.0	68.662	0.0	0.0	0.0	1.575	202.167	7.13	3.725	1.063	71.29	11.0	-21.78	19.0	1.542	166.132	6.58	3.975	0.0	68.921	27.273	-22.283	46.2	0.0	191.996	7.08	3.725	0.0	66.735	26.111	-1.0	0.0	1.944	178.919	7.5	2.85	0.0	66.242	12.017	-18.432	8.6	0.0	229.097	6.68
0.0	1.788	0.0	61.744	24.949	-10.013	0.4	0.0	187.927	7.66	2.038	0.0	64.765	34.248	-22.244	40.6	0.93	120.506	6.93	3.288	0.0	65.158	25.53	-1.059	11.2	0.905	139.008	7.02	3.913	0.0	69.216	31.051	-7.969	0.0	1.835	200.617	6.11	3.913	0.0	70.49	11.726	-8.919	24.8	1.492	197.324	5.69	3.225	0.0	70.592	0.0	0.0	0.0	0.0	205.655	6.94	3.225	0.532	71.851	11.581	-24.248	19.0	1.257	181.147	6.94	4.037	0.0	67.115	27.419	-22.517	46.2	0.0	181.243	6.86	3.538	0.0	67.504	26.692	-1.0	0.0	1.944	169.135	7.58	2.6	0.0	66.419	12.38	-18.372	8.6	0.0	228.516	6.86
-1.0	2.163	0.532	59.599	25.675	-10.037	0.4	0.0	188.605	7.68	1.663	0.0	64.796	34.03	-22.343	40.6	0.0	120.409	7.04	3.35	0.0	64.409	25.966	-1.178	11.2	1.022	162.063	6.94	3.85	0.0	69.809	31.124	-7.98	0.0	2.053	204.88	6.06	3.788	0.0	70.35	11.872	-8.881	24.8	1.265	197.033	6.42	3.788	0.0	66.156	0.0	0.0	0.0	0.913	180.372	6.96	3.288	0.532	71.725	11.145	-21.974	19.0	1.182	179.5	6.88	3.85	0.0	67.131	27.056	-22.031	46.2	0.0	194.418	7.26	3.663	0.0	65.189	26.184	-1.0	0.0	2.137	171.169	7.63	2.6	0.0	66.129	12.308	-18.372	8.6	0.0	228.419	6.55
-1.0	2.1	0.532	35.74	25.748	-10.1	0.4	0.0	170.394	7.48	1.788	0.0	64.898	34.175	-22.482	40.6	0.0	120.312	7.26	3.413	0.0	65.106	26.184	-7.706	11.2	1.089	147.92	7.34	4.35	0.0	66.294	31.56	-8.321	0.0	0.0	212.145	6.32	3.475	0.0	68.792	11.726	-8.83	24.8	1.332	203.717	5.92	3.35	0.0	68.584	0.0	0.0	0.0	1.408	205.461	6.82	3.475	5.849	72.19	10.782	-22.135	19.0	1.534	175.044	6.9	4.037	0.0	67.189	26.692	-22.086	46.2	0.0	182.696	7.51	4.037	0.0	64.159	26.184	-1.0	0.0	0.0	178.144	7.5	2.475	0.0	64.874	12.09	-18.637	8.6	0.0	229.097	6.58
