-1.0	4.412	535.974	0.0	24.585	-14.961	0.0	2.539	100.648	-1.91	-0.212	562.56	40.788	32.432	-8.0	0.0	4.173	102.198	-2.56	-4.713	0.0	42.78	23.496	-19.106	0.0	1.777	70.618	1.22	12.037	0.0	36.157	0.0	-8.921	0.0	2.112	52.019	-1.4	1.725	0.0	51.278	9.91	-10.361	35.2	1.022	76.333	-2.69	1.038	0.0	52.715	0.0	0.0	0.0	2.38	50.082	-1.22	4.162	574.79	43.554	8.239	-1.0	0.0	1.902	23.346	-1.32	1.85	0.0	43.573	27.709	-19.387	0.2	1.55	58.122	-0.48	7.912	0.0	39.258	20.735	-2.216	0.0	1.483	12.399	0.7	14.225	0.0	36.907	12.09	-1.0	0.0	1.735	112.95	-1.14
-1.0	4.412	535.443	0.0	24.367	-15.261	0.0	2.187	107.429	-1.06	-0.212	560.433	37.139	32.867	-8.026	0.0	4.374	111.4	-2.4	-4.65	0.0	39.674	23.786	-18.929	0.0	1.475	83.211	0.94	12.6	0.0	33.829	0.0	-9.103	0.0	1.743	50.953	-1.14	1.475	0.0	48.486	10.056	-10.384	43.0	0.0	77.98	-2.8	1.413	0.0	52.584	0.0	0.0	0.0	1.718	41.073	-1.08	4.912	573.195	46.789	7.513	-1.0	0.0	0.0	33.033	-1.16	2.288	0.0	46.629	27.855	-19.293	0.2	0.0	37.682	-0.36	7.287	0.0	42.394	20.88	-1.898	0.0	1.458	28.964	-0.46	15.662	0.0	37.392	11.944	-1.0	0.0	2.07	124.09	-1.26
-1.0	4.475	532.784	0.0	24.295	-14.9	0.0	2.816	101.229	-1.27	-0.338	559.902	38.005	32.504	-8.008	0.0	4.71	126.899	-2.42	-4.713	0.0	41.473	23.496	-19.106	0.0	1.349	74.396	0.84	11.975	0.0	37.049	0.0	-8.977	0.0	1.483	50.857	-0.55	1.475	0.0	47.309	10.201	-10.356	7.8	0.0	78.755	-2.86	1.538	0.0	52.23	0.0	0.0	0.0	1.492	36.714	-0.73	4.475	572.663	42.412	7.876	-1.0	0.0	1.894	61.028	-0.96	2.413	0.0	48.242	27.927	-19.94	0.2	0.0	44.27	0.3	9.1	0.0	41.008	20.808	-2.881	0.0	1.056	4.359	-0.51	17.288	0.0	39.097	12.162	-1.0	0.0	1.643	122.347	-1.03
-1.0	2.538	531.189	0.0	24.44	-15.043	0.0	3.193	142.108	-1.2	-0.338	556.711	40.057	32.286	-8.122	0.0	5.221	129.224	-2.28	-4.713	0.0	41.86	23.496	-20.732	0.0	1.274	77.011	0.42	12.537	0.0	36.204	0.0	-9.05	0.0	1.844	51.05	-1.16	1.663	0.0	50.903	9.62	-10.353	14.8	0.0	78.174	-2.65	1.475	0.0	52.75	0.0	0.0	0.0	0.0	60.641	-0.6	4.35	569.473	48.2	7.585	-1.0	0.0	1.458	38.748	-1.02	2.038	0.0	43.885	27.637	-19.434	0.2	1.366	103.651	-0.24	7.6	0.0	41.757	20.59	-2.588	0.0	1.257	12.012	-0.46	15.85	0.0	40.203	11.872	-1.0	0.0	1.458	121.765	-1.07
-1.0	3.225	530.125	0.0	24.367	-14.517	0.0	2.522	116.922	-1.72	-0.338	560.433	38.745	33.449	-8.021	0.0	4.14	77.302	-2.22	-4.65	0.0	41.496	23.133	-18.834	0.0	1.869	93.964	1.02	12.162	0.0	36.715	0.0	-9.037	0.0	1.986	51.05	-0.8	1.475	0.0	46.886	9.838	-10.384	48.8	0.0	68.874	-2.48	1.725	0.0	50.513	0.0	0.0	0.0	1.425	94.739	-1.26	4.35	570.536	46.073	7.585	-1.0	0.0	1.609	24.799	-1.04	2.163	0.0	46.885	27.637	-19.465	0.2	1.24	36.036	-0.52	7.85	0.0	41.942	20.517	-2.638	0.0	1.416	357.159	-0.14	17.1	0.0	39.233	12.235	-1.0	0.0	1.492	118.859	-0.86
-1.0	4.912	529.594	0.0	24.367	-15.285	0.0	1.785	79.627	-1.82	-0.15	556.711	40.798	32.432	-8.019	0.0	3.679	101.713	-2.5	-4.588	0.0	47.263	23.205	-19.423	0.0	1.986	61.512	0.85	12.225	0.0	38.39	0.0	-9.018	0.0	1.835	51.535	-1.11	1.538	0.0	48.757	8.966	-10.392	19.2	0.0	80.208	-2.45	1.538	0.0	54.808	0.0	0.0	0.0	1.601	55.313	-0.71	4.725	569.473	46.777	7.658	-1.0	0.0	1.173	35.551	-0.7	2.225	0.0	44.321	27.782	-19.278	0.2	0.0	25.767	-0.1	8.662	0.0	41.959	20.59	-3.106	0.0	1.224	298.262	0.82	14.725	0.0	40.566	12.308	-1.0	0.0	1.224	116.147	-0.8
-1.0	4.537	528.53	0.0	24.731	-15.059	0.0	2.212	77.205	-1.9	-0.275	551.926	42.89	32.504	-8.25	0.0	4.123	95.126	-2.3	-4.588	0.0	43.851	23.641	-19.423	0.0	1.399	90.573	0.85	12.037	0.0	37.785	0.0	-9.039	0.0	2.187	51.05	-1.07	1.288	0.0	49.681	9.62	-10.332	26.2	0.0	85.924	-2.45	1.475	0.0	54.297	0.0	0.0	0.0	0.955	58.413	-0.96	3.725	569.473	43.984	7.658	-1.0	0.0	1.701	46.11	-0.88	2.413	0.0	45.213	27.637	-24.38	0.2	1.031	52.116	0.04	7.537	0.0	40.635	20.299	-2.82	0.0	2.028	332.941	-0.48	14.475	0.0	39.981	12.09	-1.0	0.0	2.321	123.315	-1.12
-1.0	4.662	526.935	0.0	24.513	-15.159	0.0	2.564	94.932	-1.9	-0.338	550.862	43.319	32.504	-8.014	0.0	4.525	98.71	-2.13	-4.588	0.0	39.797	23.496	-19.135	0.0	2.12	107.138	0.64	11.537	0.0	38.494	0.0	-8.975	0.0	2.212	50.953	-1.22	1.475	0.0	52.641	9.474	-10.384	28.4	1.316	81.468	-2.4	1.663	0.0	50.378	0.0	0.0	0.0	1.886	70.134	-0.98	4.35	570.004	48.537	7.803	-1.0	0.0	1.701	21.602	-0.71	2.163	0.0	44.045	28.145	-19.773	0.2	0.0	43.301	-0.16	7.35	0.0	43.066	20.953	-2.465	0.0	1.81	12.303	0.02	14.537	0.0	38.586	12.162	-1.0	0.0	2.17	100.066	-1.05
-1.0	3.975	524.808	0.0	24.367	-16.818	0.0	3.377	79.433	-1.99	-1.087	549.267	42.418	32.432	-7.948	0.0	5.824	95.901	-2.32	-4.4	0.0	46.119	23.714	-18.986	0.0	2.665	57.734	0.48	11.537	0.0	39.3	0.0	-8.948	0.0	2.388	51.147	-1.28	1.663	0.0	52.458	9.547	-10.466	30.0	1.282	61.125	-2.19	1.538	0.0	50.554	0.0	0.0	0.0	1.408	94.448	-0.67	4.537	567.346	46.601	7.658	-1.0	0.0	1.668	50.372	-1.04	2.163	0.0	49.123	27.637	-19.876	0.2	1.408	18.405	-0.12	7.975	0.0	42.112	20.808	-2.755	0.0	1.785	335.848	0.18	13.1	0.0	40.369	12.162	-1.0	0.0	2.137	116.437	-1.2
-1.0	4.162	522.149	0.0	24.658	-14.767	0.0	3.838	81.274	-1.78	-0.15	552.989	44.949	32.65	-8.039	0.0	5.238	84.083	-2.34	-4.463	0.0	46.507	22.915	-19.067	0.0	2.464	53.085	1.0	10.975	0.0	41.432	0.0	-8.886	0.0	2.162	50.469	-1.26	1.913	0.0	55.217	9.838	-10.413	35.8	1.743	63.353	-2.34	1.538	0.0	54.17	0.0	0.0	0.0	2.036	46.304	-0.98	3.663	566.282	45.14	7.731	-1.0	0.0	2.657	17.727	-1.16	2.1	0.0	46.116	27.927	-20.586	0.2	1.542	51.922	-0.22	7.35	0.0	43.583	20.88	-2.392	0.0	2.045	340.11	0.24	13.85	0.0	39.021	11.944	-1.0	0.0	2.372	99.195	-1.04
-1.0	4.287	522.149	0.0	24.658	-14.863	0.0	2.933	90.186	-1.81	0.037	545.545	44.52	32.504	-8.07	0.0	4.416	89.992	-2.44	-4.713	0.0	44.897	23.06	-18.629	0.0	2.363	77.399	0.58	11.037	0.0	38.995	0.0	-8.885	0.0	2.732	51.438	-1.44	1.663	0.0	53.531	9.547	-10.709	36.6	1.198	77.399	-2.29	1.35	0.0	52.023	0.0	0.0	0.0	2.263	45.238	-0.56	3.85	565.219	43.971	7.876	-1.0	0.0	2.707	39.523	-1.14	2.288	0.0	48.724	27.637	-20.637	0.2	1.768	49.888	-0.24	7.35	0.0	42.377	20.662	-2.174	0.0	2.321	357.159	0.64	13.412	0.0	39.002	11.944	-1.0	0.0	2.187	99.679	-0.88
-1.0	4.35	518.959	0.0	24.367	-14.731	0.0	3.151	81.661	-2.24	-0.65	547.14	45.466	32.577	-8.022	0.0	4.911	97.451	-2.48	-4.525	0.0	45.285	23.205	-18.957	0.0	2.439	45.141	0.82	9.725	0.0	40.44	0.0	-8.741	0.0	3.704	50.953	-1.38	1.288	0.0	48.958	9.402	-10.565	45.0	1.517	59.769	-2.5	1.35	0.0	50.948	0.0	0.0	0.0	2.464	43.495	-0.6	3.725	560.965	48.111	7.658	-1.0	0.0	3.972	31.192	-1.02	1.975	0.0	47.726	27.782	-20.866	0.2	1.785	35.648	-0.26	7.35	0.0	43.762	20.299	-2.32	0.0	2.045	12.206	1.22	13.787	0.0	41.52	12.308	-1.0	0.0	2.539	90.573	-0.8
-1.0	4.912	518.427	0.0	24.513	-14.769	0.0	2.992	76.14	-2.16	-0.525	540.76	44.386	32.504	-8.041	0.0	5.011	108.882	-2.39	-4.525	0.0	46.889	23.496	-19.149	0.0	2.874	61.803	0.72	10.912	0.0	39.2	0.0	-8.878	0.0	3.184	51.147	-1.48	1.663	0.0	51.617	9.692	-10.524	5.2	2.07	73.234	-2.18	1.475	0.0	52.299	0.0	0.0	0.0	3.302	34.389	-1.06	4.037	562.029	48.467	7.803	-1.0	0.0	2.363	30.901	-1.06	1.725	0.0	49.416	27.855	-22.464	0.2	2.673	32.742	-0.59	6.6	0.0	42.336	20.953	-2.17	0.0	2.196	6.2	0.78	13.225	0.0	39.964	12.162	-1.0	0.0	2.279	112.756	-1.05
-1.0	4.725	516.301	0.0	24.513	-14.804	0.0	2.573	69.359	-2.16	-0.4	540.76	41.689	32.504	-8.053	0.0	4.45	90.767	-2.5	-4.65	0.0	47.621	23.278	-19.216	0.0	2.43	70.715	0.95	10.6	0.0	39.605	0.0	-8.787	0.0	2.548	50.953	-1.46	1.725	0.0	52.258	9.765	-10.749	6.6	1.819	60.544	-2.59	1.538	0.0	52.73	0.0	0.0	0.0	2.816	26.93	-0.54	3.413	565.751	46.979	7.876	-1.0	0.0	2.799	32.548	-1.04	2.35	0.0	50.245	27.637	-22.23	0.2	1.383	57.734	0.25	6.6	0.0	45.993	20.662	-2.241	0.0	2.556	12.593	0.67	13.725	0.0	40.518	12.308	-1.0	0.0	2.271	100.26	-1.13
-1.0	4.662	515.769	0.0	24.513	-14.864	0.0	2.816	91.348	-2.16	-1.025	537.569	45.053	32.722	-7.992	0.0	5.003	98.904	-2.37	-4.525	0.0	44.996	23.35	-18.957	0.0	2.548	71.296	0.52	10.6	0.0	37.559	0.0	-8.778	0.0	3.478	50.663	-1.45	1.663	0.0	50.158	10.419	-10.806	9.0	1.349	60.35	-2.44	1.538	0.0	51.48	0.0	0.0	0.0	1.919	51.632	-0.82	3.038	562.56	45.494	7.295	-1.0	0.0	3.428	26.058	-1.38	1.788	0.0	46.871	27.637	-21.651	0.2	2.841	29.352	0.0	6.35	0.0	44.591	20.372	-2.365	0.0	2.405	0.872	0.74	13.725	0.0	42.523	12.09	-1.0	0.0	2.288	90.767	-1.06
-1.0	3.35	514.174	0.0	24.44	-14.54	0.0	3.469	58.8	-2.19	-0.775	537.038	46.945	32.504	-8.029	0.0	5.514	89.992	-2.58	-4.4	0.0	47.014	22.915	-18.13	0.0	3.159	86.698	0.68	10.787	0.0	41.676	0.0	-8.792	0.0	2.707	51.147	-1.34	1.725	0.0	54.263	10.201	-10.782	11.8	2.02	78.852	-2.54	1.225	0.0	53.512	0.0	0.0	0.0	3.143	59.187	-0.8	3.663	556.711	49.54	7.585	-1.0	0.0	3.26	34.001	-1.28	2.1	0.0	48.05	27.855	-21.215	0.2	2.154	54.731	-0.32	6.912	0.0	46.193	20.227	-2.74	0.0	2.422	4.359	0.3	12.662	0.0	38.806	12.235	-1.0	0.0	2.413	108.3	-1.25
-1.0	5.037	509.92	0.0	24.44	-14.443	0.0	2.816	85.439	-2.02	-0.775	533.316	45.313	32.286	-8.029	0.0	4.861	110.819	-2.62	-4.775	0.0	49.233	23.205	-18.71	0.0	2.112	59.187	0.54	10.412	0.0	41.442	0.0	-8.719	0.0	3.201	50.953	-1.5	1.538	0.0	54.354	9.474	-10.661	14.2	1.626	44.27	-2.54	1.288	0.0	55.276	0.0	0.0	0.0	2.246	51.438	-0.71	4.225	554.584	50.408	7.585	-1.0	0.0	3.017	44.754	-1.38	1.725	0.0	48.751	27.709	-20.591	0.2	2.405	24.799	-0.68	6.912	0.0	45.481	21.026	-8.101	0.0	2.497	10.365	0.45	14.412	0.0	44.83	12.017	-1.0	0.0	2.162	97.064	-1.1
-1.0	4.6	508.325	0.0	24.585	-14.708	0.0	2.707	74.008	-2.31	-0.65	529.594	47.735	32.65	-8.054	0.0	5.129	107.913	-2.58	-4.4	0.0	48.707	23.278	-19.178	0.0	3.218	68.293	0.74	9.85	0.0	40.212	0.0	-8.66	0.0	2.841	50.857	-1.36	1.663	0.0	57.261	10.128	-10.806	15.4	1.927	68.293	-2.42	1.475	0.0	56.422	0.0	0.0	0.0	2.799	52.891	-0.44	3.538	554.053	47.173	7.222	-1.0	0.0	2.849	34.679	-1.26	1.913	0.0	51.415	27.491	-20.432	0.2	1.961	43.882	0.01	5.85	0.0	45.902	20.88	-2.429	0.0	2.774	356.675	0.23	12.662	0.0	41.967	12.235	-1.0	0.0	2.305	104.426	-1.04
-1.0	3.35	509.92	0.0	24.658	-14.331	0.0	3.478	85.827	-2.31	-1.4	526.403	47.228	32.577	-7.975	0.0	5.472	104.038	-2.36	-4.275	0.0	47.788	23.932	-18.727	0.0	2.9	87.861	0.92	10.162	0.0	41.985	0.0	-8.689	0.0	3.067	51.147	-1.42	1.788	0.0	54.137	10.274	-10.924	17.8	1.944	90.283	-2.24	1.1	0.0	50.049	0.0	0.0	0.0	2.648	68.584	-1.15	3.6	550.331	48.217	7.876	-1.0	0.0	3.981	22.571	-1.22	1.788	0.0	49.157	27.637	-20.816	0.2	2.573	40.879	-0.32	7.037	0.0	46.707	20.662	-2.821	0.0	2.715	15.015	0.65	11.537	0.0	41.798	12.38	-1.0	0.0	2.338	97.064	-0.82
-1.0	3.725	505.134	0.0	24.658	-15.276	0.0	4.408	68.293	-2.24	-1.15	523.745	48.339	32.432	-8.081	0.0	6.268	87.764	-2.46	-4.275	0.0	49.49	24.004	-18.727	0.0	2.849	45.432	0.88	10.1	0.0	42.167	0.0	-8.672	0.0	3.26	51.438	-1.57	1.413	0.0	54.286	9.547	-10.942	20.0	1.961	77.883	-2.34	1.163	0.0	53.685	0.0	0.0	0.0	3.134	42.332	-0.74	3.413	550.331	46.773	7.295	-1.0	0.0	3.52	39.813	-1.18	1.975	0.0	51.134	27.782	-20.866	0.2	2.212	60.641	0.08	6.287	0.0	44.57	20.372	-2.308	0.0	2.204	354.059	-0.18	11.225	0.0	41.733	12.162	-1.0	0.0	2.916	112.466	-1.19
-1.0	4.1	503.008	0.0	24.44	-14.827	0.0	3.947	74.88	-2.36	-1.212	524.808	48.204	32.577	-7.955	0.0	5.757	98.614	-2.26	-4.275	0.0	44.98	23.205	-19.11	0.0	2.975	72.071	0.68	9.162	0.0	41.583	0.0	-8.543	0.0	4.198	51.825	-1.26	1.413	0.0	54.304	9.91	-11.598	31.0	1.71	81.274	-2.25	1.038	0.0	54.782	0.0	0.0	0.0	2.975	42.429	-0.54	3.413	548.204	47.37	7.803	-1.0	0.0	3.788	25.38	-1.14	1.538	0.0	49.08	27.637	-21.165	0.2	2.657	32.451	0.13	6.725	0.0	46.795	20.953	-2.533	0.0	2.833	0.097	0.1	12.037	0.0	43.159	12.09	-1.0	0.0	3.444	126.028	-0.92
-1.0	3.475	500.881	0.0	24.44	-14.355	0.0	4.685	79.53	-2.26	-1.15	522.681	48.069	32.432	-8.137	0.0	6.704	91.736	-2.36	-4.213	0.0	46.773	22.987	-18.645	0.0	3.955	59.284	0.74	8.725	0.0	42.709	0.0	-8.492	0.0	4.115	60.544	-1.48	1.475	0.0	55.41	9.329	-10.882	35.4	2.506	72.749	-2.26	1.413	0.0	57.258	0.0	0.0	0.0	3.696	63.353	-0.83	2.85	548.204	45.523	7.513	-1.0	0.0	4.4	30.417	-1.12	1.788	0.0	48.815	27.709	-21.547	0.2	2.698	49.985	-0.1	5.725	0.0	46.161	20.517	-8.124	0.0	3.352	8.137	-0.04	10.787	0.0	43.081	12.162	-1.0	0.0	3.302	112.756	-0.8
-1.0	1.413	498.222	0.0	24.367	-13.981	0.0	4.986	58.8	-2.32	-1.4	519.491	48.565	32.432	-8.006	0.0	6.478	85.536	-2.28	-3.962	0.0	48.895	23.786	-18.989	0.0	4.039	45.626	0.36	8.225	0.0	42.479	0.0	-8.399	0.0	5.062	58.122	-1.58	1.475	0.0	53.826	9.62	-10.848	42.6	2.883	63.934	-2.16	0.787	0.0	54.426	0.0	0.0	0.0	3.52	40.976	-0.76	3.1	543.418	47.731	7.876	-1.0	0.0	4.517	30.32	-1.12	1.475	0.0	49.467	27.564	-21.979	0.2	3.888	35.648	0.08	5.912	0.0	46.728	20.88	-2.072	0.0	3.52	15.499	0.88	10.35	0.0	43.005	12.162	-1.0	0.0	3.193	99.776	-1.06
-1.0	2.288	496.627	0.0	24.585	-14.137	0.0	5.12	68.39	-2.18	-1.212	517.364	47.335	32.504	-7.987	0.0	6.511	93.479	-2.36	-4.338	0.0	50.618	23.06	-19.096	0.0	4.567	51.341	0.5	8.85	0.0	42.309	0.0	-8.577	0.0	4.559	63.74	-1.6	1.475	0.0	55.703	10.201	-10.814	44.0	3.327	71.199	-2.17	0.662	0.0	54.196	0.0	0.0	0.0	4.291	37.101	-0.74	3.1	541.291	47.973	7.658	-1.0	0.0	4.45	34.001	-1.1	1.788	0.0	51.962	27.637	-22.482	0.2	2.9	41.073	-0.24	6.037	0.0	45.749	20.372	-2.22	0.0	2.925	3.875	0.83	11.037	0.0	44.11	12.235	-1.0	0.0	3.184	99.873	-1.24
-1.0	3.163	495.032	0.0	24.731	-14.505	0.0	4.852	78.658	-2.38	-1.462	513.642	48.616	32.795	-7.969	0.0	6.713	92.414	-2.24	-4.15	0.0	45.918	23.641	-18.947	0.0	3.319	79.24	0.48	8.1	0.0	43.852	0.0	-8.376	0.0	4.458	59.478	-1.6	1.413	0.0	54.966	10.274	-10.644	45.0	2.087	75.752	-2.42	1.1	0.0	52.841	0.0	0.0	0.0	3.838	68.003	-0.91	2.725	541.291	47.621	7.368	-1.0	0.0	4.525	28.48	-1.11	1.663	0.0	50.617	27.637	-22.753	0.2	2.682	51.244	-0.45	5.6	0.0	46.599	20.299	-1.997	0.0	3.645	11.527	0.18	10.287	0.0	44.184	12.162	-1.0	0.0	3.134	109.753	-1.22
-1.0	2.1	491.841	0.0	24.949	-14.036	0.0	5.456	50.372	-2.3	-1.462	509.92	48.804	32.504	-7.95	0.0	7.023	86.698	-2.33	-4.275	0.0	49.154	23.859	-18.918	0.0	4.693	80.886	0.32	7.787	0.0	43.648	0.0	-8.287	0.0	4.609	48.338	-1.78	1.35	0.0	53.567	9.838	-10.513	46.4	3.478	88.248	-2.38	0.35	0.0	54.392	0.0	0.0	0.0	4.282	62.965	-0.62	2.975	537.038	47.899	7.949	-1.0	0.0	4.333	42.526	-1.24	1.663	0.0	52.464	28.0	-22.957	0.2	3.285	45.626	-0.48	5.475	0.0	47.408	20.517	-1.988	0.0	3.469	10.365	0.6	9.537	0.0	44.879	12.453	-1.0	0.0	3.008	96.676	-1.2
-1.0	2.975	491.31	0.0	24.658	-14.06	0.0	4.785	66.646	-2.49	-1.587	507.261	49.926	32.504	-7.951	0.0	6.52	92.22	-2.32	-4.213	0.0	47.793	23.278	-18.933	0.0	4.467	59.769	0.1	7.537	0.0	45.031	0.0	-8.313	0.0	5.104	59.187	-1.56	1.225	0.0	53.542	10.056	-10.409	47.2	2.992	54.635	-2.24	0.725	0.0	55.915	0.0	0.0	0.0	3.671	57.056	-0.68	3.163	538.101	51.672	8.094	-1.0	0.0	5.062	42.526	-1.17	1.288	0.0	53.081	27.346	-22.846	0.2	3.729	36.52	-0.48	5.787	0.0	49.02	20.372	-2.304	0.0	3.813	8.912	0.92	11.287	0.0	44.704	11.944	-1.0	0.0	2.724	99.001	-0.86
-1.0	1.538	487.588	0.0	24.44	-13.87	0.0	5.397	68.778	-2.24	-1.462	504.603	50.313	32.795	-7.925	0.0	6.62	86.505	-2.32	-4.213	0.0	50.214	23.568	-18.933	0.0	4.869	80.692	0.3	7.35	0.0	44.321	0.0	-8.265	0.0	4.442	49.307	-1.62	1.413	0.0	56.547	9.91	-10.492	48.6	3.528	66.453	-2.36	0.662	0.0	57.438	0.0	0.0	0.0	4.685	58.219	-0.7	3.225	532.252	52.426	7.585	-1.0	0.0	4.626	25.38	-1.24	1.538	0.0	51.942	27.855	-22.818	0.2	3.603	53.278	-0.49	4.912	0.0	48.751	20.517	-2.026	0.0	3.754	1.259	0.92	10.475	0.0	46.26	12.09	-1.0	0.0	3.252	99.001	-1.14
-1.0	3.288	483.866	0.0	24.513	-14.252	0.0	4.492	93.77	-2.35	-1.587	500.881	50.94	32.65	-7.901	0.0	6.511	97.645	-2.35	-4.4	0.0	51.26	23.35	-22.549	0.0	4.442	60.931	-0.1	7.6	0.0	46.13	0.0	-8.257	0.0	4.584	50.566	-1.59	1.225	0.0	55.081	9.765	-10.296	49.4	2.933	64.128	-2.37	0.912	0.0	55.726	0.0	0.0	0.0	4.442	38.748	-1.12	2.913	532.784	52.017	7.949	-1.0	0.0	4.676	38.845	-1.34	1.975	0.0	53.69	27.709	-22.537	0.2	2.941	50.76	-0.67	4.787	0.0	49.647	20.953	-7.86	0.0	3.788	19.568	0.54	10.475	0.0	46.09	12.09	-1.0	0.0	2.657	107.719	-1.13
-1.0	2.163	481.739	0.0	24.295	-14.047	0.0	4.902	69.843	-2.51	-1.587	497.69	52.194	32.795	-7.888	0.0	6.654	89.798	-2.56	-4.4	0.0	52.763	23.278	-18.508	0.0	3.83	73.04	-0.02	7.912	0.0	47.408	0.0	-8.328	0.0	4.358	52.407	-1.74	1.725	0.0	57.397	9.692	-10.333	50.6	2.263	82.921	-2.56	0.475	0.0	56.287	0.0	0.0	0.0	3.796	49.985	-0.68	2.85	534.379	50.206	7.803	-1.0	0.0	4.039	27.027	-1.51	1.85	0.0	55.008	27.782	-22.294	0.2	3.059	57.444	-0.4	5.162	0.0	48.137	20.735	-7.952	0.0	3.453	3.875	0.05	10.162	0.0	47.056	12.017	-1.0	0.0	2.858	99.873	-1.2
