7.33	3.413	0.532	71.041	24.803	-11.259	34.8	0.0	173.978	6.04	3.163	0.0	71.492	33.449	-7.861	28.8	1.19	86.02	6.5	4.35	0.0	71.349	24.367	-10.162	0.0	0.0	187.443	6.85	4.787	0.0	73.687	30.761	-1.238	35.0	0.0	181.534	6.6	5.537	0.0	73.891	11.363	-8.985	0.0	2.12	184.343	6.63	3.725	0.0	74.482	0.0	0.0	0.2	0.0	185.893	7.2	4.537	0.532	73.886	9.838	-25.57	0.0	0.0	173.203	6.62	5.225	0.0	71.216	26.474	-11.679	31.6	0.0	202.07	7.53	4.662	0.0	70.08	22.333	-18.087	0.0	0.0	159.06	6.61	3.913	0.0	74.706	10.274	-24.572	37.2	1.341	210.207	7.21
7.38	3.35	0.0	70.657	25.094	-11.214	34.8	0.0	183.471	5.74	2.538	0.0	72.182	33.594	-7.807	28.8	0.0	87.28	6.66	4.162	0.0	70.832	24.731	-10.138	0.0	0.0	207.786	6.62	4.85	0.0	74.505	30.47	-1.43	35.0	0.0	191.996	6.24	5.412	0.0	75.259	11.872	-8.955	0.0	0.0	199.358	6.6	3.975	0.0	74.653	0.0	0.0	0.2	0.0	183.181	7.32	4.537	0.0	73.321	9.765	-25.376	0.0	0.0	175.044	6.77	5.037	0.0	71.01	26.474	-11.65	31.6	0.0	213.598	7.55	4.6	0.0	70.031	22.115	-18.661	0.0	0.0	160.901	6.63	4.162	0.0	74.203	10.346	-24.755	37.2	1.869	218.829	7.21
7.23	3.35	0.0	71.126	25.239	-11.178	34.8	0.0	196.743	5.76	2.85	1.063	72.52	33.521	-7.838	28.8	1.131	88.539	6.8	4.037	0.0	70.467	24.077	-10.143	0.0	1.123	212.629	7.03	4.912	0.0	73.519	30.906	-1.621	35.0	0.989	196.452	6.64	5.537	0.0	74.027	11.291	-8.985	0.0	0.0	195.096	6.52	3.913	0.0	74.586	0.0	0.0	0.2	0.0	187.831	7.21	4.537	1.063	73.709	9.547	-25.376	0.0	0.972	186.474	6.83	5.225	0.0	70.472	26.692	-12.225	31.6	0.0	217.57	7.5	4.6	0.0	69.943	21.897	-17.976	0.0	0.0	138.911	6.75	4.287	0.0	74.329	9.91	-1.0	37.2	0.0	232.294	7.2
7.02	3.413	1.063	71.919	25.167	-11.295	34.8	0.0	198.971	6.04	3.35	0.0	70.973	33.594	-7.904	28.8	1.5	87.473	6.67	4.287	0.0	70.52	24.44	-10.132	0.0	1.232	204.783	6.78	4.85	0.0	74.259	30.543	-1.6	35.0	0.0	192.48	6.67	5.6	0.0	73.088	11.145	-8.992	0.0	0.0	201.005	6.57	4.1	0.0	74.672	0.0	0.0	0.2	0.0	188.024	7.25	4.475	0.532	73.384	9.838	-25.548	0.0	0.955	174.656	6.72	5.162	0.0	70.896	26.184	-11.709	31.6	0.0	214.567	7.6	4.6	0.0	69.166	21.97	-17.881	0.0	0.0	149.179	6.67	4.1	0.0	74.541	10.128	-24.734	37.2	1.902	218.345	7.07
7.05	3.35	0.0	72.028	25.312	-11.178	34.8	2.137	184.343	6.18	3.913	0.0	70.661	33.376	-7.978	28.8	0.0	87.086	6.7	4.225	0.0	70.657	24.44	-10.0	0.0	1.458	215.342	6.66	4.912	0.0	74.665	30.543	-1.485	35.0	1.131	187.443	6.64	5.412	0.0	73.517	11.073	-8.955	0.0	0.0	193.546	6.44	4.225	0.0	74.999	0.0	0.0	0.2	0.0	188.218	7.21	4.6	0.0	73.478	9.91	-25.201	0.0	1.064	174.269	6.64	5.1	0.0	71.064	26.329	-11.819	31.6	0.0	200.908	7.49	4.475	0.0	69.703	21.534	-20.81	0.0	0.0	164.582	6.61	4.037	0.0	74.68	10.128	-24.613	37.2	1.886	214.567	7.06
7.14	3.413	1.063	71.76	25.021	-11.223	34.8	0.0	187.54	6.06	3.725	0.0	70.924	33.449	-7.942	28.8	1.684	87.086	6.62	4.35	0.0	71.294	23.859	-10.141	0.0	1.735	207.204	6.72	4.662	0.0	74.17	30.47	-1.264	35.0	1.165	190.93	6.6	5.537	0.0	73.585	11.363	-8.992	0.0	0.913	187.54	6.58	4.1	0.0	74.446	0.0	0.0	0.2	1.039	204.395	6.99	4.537	0.0	74.708	9.91	-25.665	0.0	1.156	177.659	6.58	4.975	0.0	71.364	26.62	-11.841	31.6	1.048	202.167	7.33	4.6	0.0	70.91	21.68	-18.267	0.0	0.0	148.501	6.55	4.037	0.0	74.643	9.91	-24.411	37.2	0.0	208.076	7.14
7.16	3.538	1.063	71.738	25.457	-11.277	34.8	0.0	182.212	6.01	3.663	3.722	71.253	33.594	-7.919	28.8	1.332	87.473	6.74	4.037	0.0	70.455	24.44	-10.057	0.0	1.793	201.005	6.6	4.85	0.0	74.805	30.107	-1.396	35.0	1.291	189.768	6.66	5.412	0.0	73.214	11.508	-9.0	0.0	1.064	198.68	6.44	3.913	0.0	75.024	0.0	0.0	0.2	1.031	191.318	7.15	4.537	1.063	74.182	9.838	-25.76	0.0	1.517	172.719	6.57	4.912	0.0	71.466	26.547	-11.831	31.6	1.173	198.68	7.3	4.537	0.0	70.93	21.534	-18.154	0.0	0.0	147.145	6.6	4.162	0.0	74.298	9.838	-24.452	37.2	0.0	221.057	6.97
7.08	3.538	0.0	72.242	25.239	-11.101	34.8	0.913	175.819	5.82	2.913	0.0	72.043	33.521	-7.869	28.8	0.0	87.28	6.64	4.475	0.0	70.907	24.077	-10.157	0.0	1.944	205.17	6.74	5.1	0.0	74.403	30.979	-1.515	35.0	1.668	192.48	6.58	5.662	0.0	73.734	11.291	-9.014	0.0	0.905	194.03	6.47	4.162	0.0	74.904	0.0	0.0	0.2	1.156	185.699	7.16	4.537	1.063	73.903	9.62	-25.473	0.0	1.517	183.084	6.58	5.225	0.0	71.416	26.402	-11.921	31.6	1.081	199.358	7.21	4.537	0.0	71.383	21.462	-18.251	0.0	0.0	162.451	6.58	4.162	0.0	74.649	9.91	-24.452	37.2	0.0	213.985	6.85
7.07	3.85	0.532	72.395	25.748	-11.044	34.8	0.0	179.306	5.72	2.475	0.532	72.461	33.594	-7.718	28.8	0.0	86.892	6.51	4.287	0.0	71.662	24.585	-10.132	0.0	1.475	198.874	6.66	4.912	0.0	74.817	30.47	-1.349	35.0	1.919	199.746	6.42	5.6	0.0	74.413	11.073	-9.022	0.0	0.0	199.842	6.24	4.162	0.0	75.86	0.0	0.0	0.2	1.056	173.494	6.92	4.537	0.532	75.275	9.91	-25.18	0.0	1.651	171.169	6.57	5.162	0.0	71.648	26.547	-12.038	31.6	1.609	205.945	7.26	4.6	0.0	71.472	21.752	-17.881	0.0	0.0	174.463	6.5	4.037	0.0	75.288	9.765	-24.613	37.2	0.0	216.891	6.63
7.06	3.413	1.063	72.082	25.239	-11.083	34.8	0.0	185.118	5.64	2.225	0.0	72.676	33.812	-7.777	28.8	0.0	86.795	6.41	4.225	0.0	71.175	24.513	-10.02	0.0	1.676	205.945	6.94	5.1	0.0	73.961	30.906	-1.515	35.0	1.433	203.62	6.5	5.725	0.0	74.227	11.0	-9.007	0.0	0.0	203.136	6.24	4.1	0.0	75.61	0.0	0.0	0.2	1.215	193.158	6.94	4.537	0.532	75.001	10.201	-25.76	0.0	1.953	182.696	6.47	4.85	0.0	71.94	26.256	-12.12	31.6	1.676	212.242	7.21	4.6	0.0	71.722	21.534	-17.976	0.0	0.0	148.986	6.57	3.913	0.0	74.874	9.547	-24.672	37.2	1.936	225.803	6.84
6.91	3.413	0.0	73.136	24.731	-11.187	34.8	0.0	208.27	5.74	3.35	2.127	72.875	33.739	-7.854	28.8	1.358	87.377	6.49	4.225	0.0	71.736	25.021	-10.082	0.0	1.994	216.504	6.88	5.037	0.0	74.406	30.615	-1.425	35.0	1.592	194.321	6.48	5.412	0.0	74.451	11.363	-9.03	0.0	1.022	207.592	6.16	3.913	0.0	76.715	0.0	0.0	0.2	0.0	194.224	6.83	4.287	1.063	75.734	9.983	-25.291	0.0	1.575	182.696	6.38	4.912	0.0	72.824	26.474	-12.175	31.6	1.341	209.82	7.21	4.412	0.0	71.279	21.752	-18.319	0.0	0.0	147.92	6.58	4.225	0.0	75.305	10.274	-24.876	37.2	2.036	237.04	6.68
6.88	3.538	0.532	73.309	24.876	-10.999	34.8	0.0	195.774	5.82	3.6	0.532	72.609	33.449	-7.938	28.8	0.0	87.28	6.44	4.162	0.0	72.321	24.513	-9.972	0.0	0.0	209.723	6.74	5.225	0.0	75.187	31.124	-1.489	35.0	1.911	202.167	6.46	5.225	0.0	74.624	11.363	-8.993	0.0	1.332	189.962	6.31	4.475	0.0	75.975	0.0	0.0	0.2	1.265	195.968	6.9	4.6	3.722	75.397	10.056	-25.102	0.0	1.643	165.357	6.32	4.85	0.0	73.068	26.474	-12.12	31.6	1.416	208.851	7.32	4.537	0.0	70.908	22.043	-17.213	0.0	0.0	150.923	6.68	4.162	0.0	74.467	9.402	-24.452	37.2	2.137	228.903	6.66
6.88	3.538	1.063	72.46	25.385	-12.838	34.8	0.0	190.059	5.86	4.1	0.532	72.617	33.521	-7.947	28.8	0.0	87.183	6.35	4.287	0.0	72.664	24.513	-10.048	0.0	0.0	207.204	6.68	5.037	0.0	75.2	30.688	-1.391	35.0	1.852	195.871	6.48	5.412	0.0	74.273	11.218	-9.0	0.0	1.55	193.255	6.3	4.287	0.0	76.148	0.0	0.0	0.2	1.349	188.896	7.02	4.85	0.532	74.891	9.402	-25.678	0.0	1.852	180.953	6.35	5.037	0.0	72.844	26.838	-12.195	31.6	1.743	212.532	7.22	4.287	0.0	70.967	21.752	-18.288	0.0	0.0	149.858	6.72	4.475	0.0	73.763	10.201	-1.0	37.2	0.0	231.616	6.7
7.07	3.725	0.0	72.214	25.385	-11.232	34.8	0.939	206.236	5.76	4.162	2.659	72.212	33.594	-8.012	28.8	0.0	86.989	6.45	4.287	0.0	72.065	24.367	-10.048	0.0	0.0	203.62	6.55	4.662	0.0	74.592	31.269	-1.298	35.0	1.467	196.355	6.58	5.412	0.0	73.121	10.782	-9.007	0.0	1.492	199.455	6.34	4.412	0.0	75.656	0.0	0.0	0.2	1.584	191.221	7.01	4.412	0.532	74.712	10.128	-25.716	0.0	2.087	165.938	6.39	4.912	0.0	72.646	26.692	-12.266	31.6	1.936	216.02	7.24	4.35	0.0	70.683	22.115	-17.917	0.0	0.0	169.135	6.86	4.537	0.0	72.405	10.201	-24.981	37.2	0.0	232.391	6.62
6.88	3.475	0.0	72.847	25.021	-11.092	34.8	0.0	195.774	5.83	4.1	0.0	71.736	33.594	-7.997	28.8	0.0	232.003	6.46	4.287	0.0	71.055	24.731	-10.111	0.0	0.0	206.43	6.5	4.725	0.0	75.238	30.688	-1.285	35.0	1.994	191.608	6.4	5.225	0.0	74.206	11.291	-8.993	0.0	1.542	198.099	6.24	4.287	0.0	76.06	0.0	0.0	0.2	1.768	180.275	7.15	4.475	0.0	73.952	9.838	-25.159	0.0	1.911	180.662	6.52	4.912	0.0	71.872	26.402	-12.22	31.6	1.651	196.549	7.22	4.6	0.0	70.784	21.607	-18.463	0.0	0.0	159.06	6.71	4.287	0.0	73.761	9.62	-24.696	37.2	0.0	221.444	6.92
6.91	3.6	0.0	72.518	24.731	-11.008	34.8	0.0	198.486	5.85	4.162	0.0	71.946	33.667	-7.995	28.8	0.0	241.303	6.45	4.225	0.0	71.599	23.859	-10.0	0.0	0.0	208.754	6.52	4.725	0.0	75.015	31.124	-1.387	35.0	1.718	188.218	6.34	5.225	0.0	74.397	10.927	-9.008	0.0	1.467	197.421	6.47	4.35	0.0	74.904	0.0	0.0	0.2	2.011	192.093	6.98	4.537	1.063	74.655	9.329	-25.854	0.0	2.07	180.275	6.47	5.162	0.0	71.784	26.474	-12.215	31.6	1.852	210.304	7.2	4.35	0.0	71.225	21.607	-18.303	0.0	0.0	147.145	6.71	4.162	0.0	73.198	10.274	-24.554	37.2	2.103	227.644	6.77
6.9	3.413	0.0	72.206	25.312	-11.083	34.8	0.0	158.382	5.74	3.725	0.0	72.105	33.594	-7.942	28.8	0.0	235.103	6.34	4.287	0.0	71.681	23.786	-9.969	0.0	2.112	197.13	6.48	4.787	0.0	74.476	31.051	-1.848	35.0	0.0	188.993	6.32	5.225	0.0	73.86	11.073	-9.024	0.0	1.014	196.549	6.26	4.1	0.0	75.364	0.0	0.0	0.2	1.575	192.868	7.16	4.475	0.532	73.75	9.547	-25.738	0.0	2.112	176.206	6.37	4.662	0.0	71.92	26.547	-12.046	31.6	1.542	202.167	7.28	4.475	0.0	70.874	21.825	-18.63	0.0	0.0	156.638	6.44	3.913	0.0	74.822	9.91	-24.772	37.2	0.0	203.62	6.77
7.02	3.6	0.0	71.477	25.021	-11.075	34.8	0.913	180.953	5.36	2.788	0.0	72.926	33.667	-7.856	28.8	0.0	190.64	6.4	4.1	0.0	71.069	24.004	-9.762	0.0	1.852	199.067	6.68	4.85	0.0	73.78	30.47	-1.498	35.0	1.81	194.321	6.23	5.162	0.0	74.728	11.363	-9.009	0.0	0.0	204.105	6.32	4.037	0.0	74.797	0.0	0.0	0.2	1.358	188.509	7.12	4.475	0.0	73.793	9.62	-25.738	0.0	1.994	176.497	6.52	4.975	0.0	71.612	26.765	-12.009	31.6	1.659	198.68	7.4	4.6	0.0	70.188	21.389	-18.463	0.0	0.0	161.482	6.34	4.162	0.0	74.726	9.547	-24.755	37.2	0.0	210.982	6.88
7.04	3.538	1.595	71.897	25.094	-11.066	34.8	0.0	189.574	5.81	3.788	0.0	71.11	33.812	-8.03	28.8	1.936	226.578	6.42	4.1	0.0	71.515	24.295	-9.964	0.0	0.0	207.204	6.54	4.85	0.0	74.792	30.325	-1.191	35.0	1.567	197.421	6.5	5.35	0.0	73.284	11.508	-9.031	0.0	1.341	192.868	6.31	4.1	0.0	74.871	0.0	0.0	0.2	1.416	185.796	6.98	4.6	0.532	73.969	9.402	-25.495	0.0	1.986	183.665	6.48	4.85	0.0	71.189	26.329	-11.946	31.6	1.525	213.792	7.21	4.287	0.0	70.861	21.97	-18.386	0.0	0.0	165.357	6.43	4.037	0.0	74.086	10.128	-24.713	37.2	0.0	213.792	6.68
6.72	2.913	0.0	72.635	25.675	-10.912	34.8	0.0	184.44	5.85	3.788	0.532	71.325	33.376	-7.957	28.8	1.994	236.265	6.41	4.1	0.0	70.94	24.876	-10.024	0.0	0.0	205.267	6.72	5.1	0.0	73.61	30.615	-1.481	35.0	0.0	197.518	6.38	5.162	0.0	73.566	11.073	-9.009	0.0	1.039	178.919	6.29	4.1	0.0	74.791	0.0	0.0	0.2	2.087	192.771	6.91	4.662	0.532	74.387	9.765	-1.0	0.0	0.0	173.688	6.44	4.912	0.0	71.389	26.547	-12.13	31.6	2.053	213.792	7.2	4.225	0.0	71.016	21.534	-18.568	0.0	0.0	176.981	6.56	4.162	0.0	73.04	9.62	-24.35	37.2	0.0	235.006	6.62
6.8	3.413	9.039	73.088	24.876	-11.049	34.8	0.0	200.23	5.63	3.35	0.532	72.366	33.667	-7.913	28.8	1.341	236.169	6.27	3.975	0.0	72.004	23.859	-9.968	0.0	0.0	212.629	6.58	4.85	0.0	74.142	31.415	-1.396	35.0	0.0	192.093	6.47	5.1	0.0	73.814	11.145	-9.033	0.0	1.575	195.193	6.36	4.162	0.0	74.704	0.0	0.0	0.2	1.969	190.155	6.83	4.412	0.532	74.624	10.056	-1.0	0.0	1.802	186.959	6.38	4.725	0.0	71.481	26.402	-12.1	31.6	0.0	199.067	7.2	4.35	0.0	70.859	21.534	-18.303	0.0	0.0	171.847	6.43	4.162	0.0	74.111	9.91	-24.855	37.2	0.0	208.754	6.89
7.11	3.788	0.532	71.598	25.021	-11.35	34.8	1.039	196.646	5.95	4.225	0.0	70.773	33.667	-8.001	28.8	0.964	266.392	6.34	4.412	0.0	72.224	24.15	-11.124	0.0	0.0	212.145	6.96	5.162	0.0	72.657	30.543	-1.33	35.0	0.0	197.324	6.55	5.225	0.0	73.32	11.073	-9.056	0.0	1.852	198.68	6.28	4.225	0.0	75.318	0.0	0.0	0.2	1.634	200.036	6.93	4.475	1.063	74.34	9.62	-25.643	0.0	1.525	172.525	6.38	4.85	0.0	72.025	26.474	-11.946	31.6	1.76	198.196	7.16	4.35	0.0	71.034	21.97	-18.698	0.0	0.0	165.357	6.7	4.35	0.0	72.399	10.056	-24.717	37.2	0.0	234.716	6.69
6.84	3.413	0.0	73.07	25.094	-10.885	34.8	0.947	170.685	5.73	3.788	0.0	72.18	33.594	-7.982	28.8	0.0	241.593	6.24	4.287	0.0	72.487	24.731	-10.028	0.0	0.0	191.899	6.83	5.037	0.0	72.811	30.979	-1.46	35.0	0.0	182.406	6.39	5.225	0.0	74.483	11.436	-9.332	0.0	1.567	185.409	6.26	4.162	0.0	75.589	0.0	0.0	0.2	2.112	186.281	7.1	4.787	0.532	73.968	10.201	-25.942	0.0	0.0	165.647	6.25	4.975	0.0	72.592	26.402	-11.924	31.6	2.053	209.432	7.08	4.537	0.0	71.645	22.115	-18.645	0.0	0.0	173.784	6.56	4.475	0.0	73.501	10.492	-24.759	37.2	0.0	212.629	6.78
6.87	3.538	0.0	73.179	25.312	-10.87	34.8	1.307	193.062	5.38	3.225	0.0	73.694	33.521	-7.892	28.8	1.165	216.504	6.35	4.225	0.0	72.2	23.859	-10.04	0.0	0.0	209.529	6.62	5.037	0.0	74.581	30.543	-1.357	35.0	0.0	194.418	6.43	5.225	0.0	74.263	11.218	-9.08	0.0	1.668	200.617	6.12	4.412	0.0	76.607	0.0	0.0	0.2	1.852	201.005	6.82	4.537	0.0	75.455	10.201	-1.0	0.0	0.0	193.933	6.48	5.162	0.0	71.812	26.402	-11.995	31.6	0.0	203.717	7.08	4.287	0.0	71.879	21.897	-18.584	0.0	0.0	148.889	6.26	4.1	0.0	75.339	9.547	-25.13	37.2	0.0	224.254	6.58
6.6	3.225	0.532	74.171	24.803	-11.022	34.8	0.0	187.056	5.55	3.725	0.0	73.322	33.739	-7.95	28.8	1.844	241.69	6.14	3.85	0.0	73.517	23.786	-9.992	0.0	0.0	216.02	6.5	4.975	0.0	75.514	30.47	-1.267	35.0	0.0	202.458	6.28	4.975	0.0	75.117	11.508	-9.042	0.0	1.592	192.48	6.22	4.35	0.0	76.38	0.0	0.0	0.2	1.802	178.822	6.81	4.6	0.0	75.73	9.692	-1.0	0.0	0.0	182.987	6.14	4.475	0.0	73.364	26.692	-11.846	31.6	2.129	216.407	6.96	4.1	0.0	72.399	21.825	-19.038	0.0	0.0	146.758	6.24	4.1	0.0	75.935	10.201	-25.227	37.2	0.0	210.692	6.58
6.54	3.163	0.532	74.337	24.803	-10.947	34.8	0.0	180.081	5.72	4.162	0.532	72.615	33.521	-8.028	28.8	0.0	243.143	6.31	4.225	0.0	72.681	24.077	-10.04	0.0	0.0	207.011	6.32	4.662	0.0	76.052	30.615	-1.264	35.0	1.852	185.312	6.28	4.975	0.0	75.267	11.0	-9.051	0.0	1.534	186.474	6.13	4.1	0.0	76.708	0.0	0.0	0.2	1.693	180.468	6.77	4.287	1.063	75.696	9.474	-1.0	0.0	1.668	178.434	6.14	4.787	0.0	73.492	26.256	-11.853	31.6	1.743	208.173	6.98	4.037	0.0	72.429	21.534	-18.326	0.0	0.0	159.06	6.14	3.975	0.0	76.537	9.838	-24.792	37.2	0.0	216.407	6.49
6.61	3.288	0.0	74.122	25.021	-10.998	34.8	0.0	172.525	5.56	3.788	0.0	73.222	33.594	-7.923	28.8	0.0	240.915	6.19	4.162	0.0	73.4	24.295	-10.032	0.0	0.0	198.874	6.6	5.037	0.0	74.501	30.397	-1.185	35.0	0.0	187.056	6.34	5.037	0.0	74.751	11.291	-9.05	0.0	1.668	190.93	6.26	4.1	0.0	76.014	0.0	0.0	0.2	1.76	190.833	6.67	4.412	0.0	76.126	10.128	-25.81	0.0	1.927	179.693	6.2	4.85	0.0	73.326	26.474	-11.821	31.6	1.961	187.831	6.92	4.225	0.0	72.932	21.752	-18.968	0.0	0.0	169.716	6.09	4.1	0.0	76.625	9.402	-24.533	37.2	0.0	211.273	6.72
6.6	3.225	5.317	74.222	24.803	-10.859	34.8	0.0	172.719	5.48	3.6	2.127	73.638	33.667	-7.946	28.8	1.433	252.927	6.14	3.913	0.0	73.619	24.367	-10.0	0.0	0.0	204.105	6.54	4.975	0.0	74.994	30.397	-1.37	35.0	0.0	192.674	6.3	4.662	0.0	75.196	11.0	-8.982	0.0	1.416	179.112	6.22	3.85	0.0	76.454	0.0	0.0	0.2	1.819	184.924	6.88	4.287	0.532	75.342	9.765	-1.0	0.0	0.0	175.916	6.3	4.912	0.0	73.013	26.474	-12.908	31.6	1.886	220.379	6.88	4.287	0.0	73.258	21.607	-18.584	0.0	0.0	138.233	6.14	4.1	0.0	76.189	9.91	-25.608	37.2	0.0	214.567	6.4
6.67	3.35	1.063	74.135	25.021	-10.973	34.8	0.0	191.996	5.51	3.35	0.0	73.618	33.158	-7.904	28.8	1.609	253.315	6.04	3.913	0.0	74.234	24.44	-9.98	0.0	2.129	204.589	6.44	4.787	0.0	75.627	30.906	-1.17	35.0	0.0	194.611	6.27	4.975	0.0	75.265	11.581	-9.127	0.0	1.399	192.771	6.16	4.1	0.0	76.69	0.0	0.0	0.2	1.542	197.033	6.67	4.287	0.532	76.3	9.692	-1.0	0.0	1.651	175.334	6.25	4.85	0.0	73.157	26.547	-12.165	31.6	1.894	208.173	7.05	4.475	0.0	72.675	21.897	-18.63	0.0	0.0	164.582	6.19	4.1	0.0	76.423	9.838	-25.032	37.2	0.0	211.661	6.47
6.65	3.163	0.0	73.978	25.603	-11.082	34.8	0.0	178.725	5.45	3.35	0.0	73.835	33.449	-7.921	28.8	1.508	229.969	6.16	3.975	0.0	73.98	23.786	-10.028	0.0	0.0	207.108	6.3	4.6	0.0	76.347	31.342	-1.277	35.0	2.045	197.711	6.03	4.85	0.0	76.29	11.363	-9.112	0.0	1.182	186.959	6.04	3.913	0.0	77.134	0.0	0.0	0.2	1.45	202.458	6.68	4.475	1.063	76.527	9.983	-1.0	0.0	1.643	172.331	6.18	4.85	0.0	73.78	26.402	-11.862	31.6	1.567	207.592	6.84	4.225	0.0	73.608	21.825	-19.376	0.0	0.0	192.287	6.21	4.1	0.0	76.427	9.256	-24.834	37.2	0.0	213.017	6.2
