-1.0	-7.838	0.0	0.0	24.367	-13.546	0.0	1.986	71.974	-8.12	-7.275	0.0	86.097	31.705	0.0	0.0	3.302	120.215	-1.0	-5.713	0.0	0.0	22.987	-1.0	0.0	1.492	72.943	-7.26	-4.525	0.0	92.178	0.0	-7.238	0.0	1.86	54.828	-7.78	-3.587	0.0	92.182	0.0	-1.0	28.8	1.291	66.162	-8.16	-4.713	0.0	88.762	0.0	0.0	0.0	1.508	50.663	-7.2	-4.4	2.659	92.722	0.0	-1.0	0.2	1.894	33.904	-7.52	-4.65	0.0	89.191	24.077	-1.0	0.4	0.0	51.535	-7.42	-4.275	0.0	86.932	19.645	0.0	0.2	1.869	0.0	-7.86	-5.963	0.0	93.352	11.726	-21.786	0.0	0.913	106.072	-7.28
-1.0	-7.775	1.063	0.0	24.367	-13.352	0.0	1.844	85.052	-8.12	-7.15	0.0	86.118	31.633	0.0	0.0	3.076	100.163	-1.0	-5.713	0.0	0.0	22.987	-1.0	0.0	1.433	69.262	-7.22	-4.525	0.0	92.227	0.0	-7.267	0.0	1.902	52.988	-7.76	-3.775	0.0	92.225	0.0	-1.0	28.8	1.332	67.325	-8.14	-4.713	0.0	88.807	0.0	0.0	0.0	1.601	55.313	-7.26	-4.588	0.0	92.705	0.0	-1.0	0.2	1.969	37.198	-7.42	-4.713	0.0	89.237	23.932	-1.0	0.4	1.098	42.235	-7.44	-4.338	0.0	86.927	19.355	0.0	0.2	1.911	7.168	-7.78	-5.963	0.0	93.374	12.235	-21.959	0.0	0.955	104.91	-7.19
-1.0	-7.775	1.063	0.0	24.803	-13.285	0.0	1.793	69.843	-8.1	-7.213	0.0	86.123	31.705	0.0	0.0	3.008	90.089	-1.0	-5.65	0.0	0.0	22.624	-1.0	0.0	1.844	45.238	-7.24	-4.525	0.0	92.184	0.0	-7.178	0.0	1.902	51.244	-7.78	-3.837	0.0	92.201	0.0	-1.0	28.8	1.626	72.265	-8.12	-4.213	0.0	88.773	0.0	0.0	0.0	1.601	48.241	-7.34	-4.525	1.063	92.663	0.0	-1.0	0.2	2.145	34.776	-7.48	-4.713	0.0	89.241	24.44	-1.0	0.4	1.232	44.657	-7.44	-4.213	0.0	86.907	20.009	0.0	0.2	1.643	4.165	-7.64	-5.9	0.0	93.433	12.09	-21.976	0.0	0.905	83.308	-7.32
-1.0	-7.963	0.0	0.0	24.367	-13.191	0.0	2.271	74.59	-8.12	-7.15	0.0	86.118	31.923	0.0	0.0	3.369	91.251	-1.0	-5.9	0.0	0.0	22.697	-1.0	0.0	1.827	63.547	-7.32	-4.4	0.0	92.161	0.0	-7.292	0.0	1.978	36.81	-7.62	-3.587	0.0	92.265	0.0	-1.0	28.8	1.232	69.649	-8.22	-4.588	0.0	88.706	0.0	0.0	0.0	1.886	58.025	-7.3	-4.213	1.063	92.637	0.0	-1.0	0.2	2.137	27.995	-7.56	-4.65	0.0	89.16	23.932	-1.0	0.4	1.098	41.46	-7.57	-4.15	0.0	86.832	19.427	0.0	0.2	1.802	5.231	-7.74	-5.838	0.0	93.386	11.654	-22.078	0.0	0.997	93.964	-7.32
-1.0	-7.775	0.0	0.0	24.44	-13.352	0.0	2.338	64.806	-8.1	-6.963	0.0	86.123	32.068	0.0	0.0	3.252	86.892	-1.0	-6.025	0.0	0.0	22.915	-1.0	0.0	1.994	65.193	-7.26	-4.275	0.0	92.197	0.0	-7.244	0.0	2.112	53.375	-7.78	-3.712	0.0	92.144	0.0	-1.0	28.8	1.676	70.328	-8.27	-4.588	0.0	88.614	0.0	0.0	0.0	1.877	40.007	-7.3	-4.463	1.063	92.656	0.0	-1.0	0.2	2.355	42.526	-7.56	-4.775	0.0	89.081	23.714	-1.0	0.4	1.433	48.822	-7.48	-4.338	0.0	86.937	19.209	0.0	0.2	1.768	0.775	-7.86	-6.213	0.0	93.278	12.017	-22.065	0.0	1.391	97.451	-7.41
-1.0	-7.65	0.532	0.0	24.077	-13.238	0.0	2.036	84.955	-8.18	-7.275	0.0	86.082	31.487	0.0	0.0	3.235	102.101	-1.0	-5.9	0.0	0.0	22.842	-1.0	0.0	1.81	67.615	-7.31	-4.588	0.0	92.202	0.0	-7.24	0.0	1.844	62.578	-7.83	-3.712	0.0	92.206	0.0	-1.0	28.8	1.232	85.827	-8.22	-4.838	0.0	88.667	0.0	0.0	0.0	1.919	52.116	-7.3	-4.338	1.063	92.675	0.0	-1.0	0.2	1.944	21.602	-7.62	-4.963	0.0	89.105	24.15	-1.0	0.4	1.291	47.854	-7.4	-4.338	0.0	86.917	19.936	0.0	0.2	1.768	4.94	-7.9	-6.15	0.0	93.266	11.726	-21.65	0.0	0.0	105.685	-7.34
-1.0	-7.4	2.127	0.0	24.658	-13.342	0.0	1.902	85.342	-8.18	-7.213	0.0	86.082	31.705	0.0	0.0	3.419	90.186	-1.0	-5.963	0.0	0.0	22.769	-1.0	0.0	1.919	55.894	-7.28	-4.463	0.0	92.172	0.0	-7.191	0.0	1.701	57.153	-7.78	-3.65	0.0	92.201	0.0	-1.0	28.8	1.76	84.374	-8.29	-4.775	0.0	88.609	0.0	0.0	0.0	1.659	50.566	-7.34	-4.275	0.532	92.645	0.0	-1.0	0.2	1.827	41.267	-7.4	-4.588	0.0	89.243	24.658	-1.0	0.4	0.0	44.851	-7.45	-4.025	0.0	86.924	19.936	0.0	0.2	1.349	15.983	-7.78	-5.963	0.0	93.374	11.799	-21.873	0.0	1.031	83.308	-7.28
-1.0	-7.775	0.532	0.0	24.367	-13.285	0.0	2.405	96.289	-8.14	-7.213	0.0	86.112	31.923	0.0	0.0	3.444	100.163	-1.0	-5.838	0.0	0.0	22.842	-1.0	0.0	1.475	85.924	-7.24	-4.588	0.0	92.221	0.0	-7.24	0.0	1.483	49.404	-7.78	-3.712	0.0	92.22	0.0	-1.0	28.8	1.123	71.877	-8.16	-4.775	0.0	88.722	0.0	0.0	0.0	1.534	48.144	-7.32	-4.275	0.532	92.688	0.0	-1.0	0.2	1.676	30.998	-7.62	-4.525	0.0	89.144	24.15	-1.0	0.4	0.0	27.317	-7.38	-4.15	0.0	86.963	19.573	0.0	0.2	1.316	12.981	-8.11	-6.213	0.0	93.28	11.872	-22.15	0.0	1.165	119.344	-7.4
-1.0	-7.775	0.0	0.0	24.949	-13.153	0.0	1.852	63.74	-8.24	-7.275	0.0	86.046	31.56	0.0	0.0	3.21	99.388	-1.0	-5.9	0.0	0.0	22.842	-1.0	0.0	1.441	64.225	-7.24	-4.525	0.0	92.221	0.0	-7.245	0.0	1.894	61.9	-7.78	-3.775	0.0	92.22	0.0	-1.0	28.8	1.089	70.424	-8.16	-4.338	0.0	88.782	0.0	0.0	0.0	1.366	48.338	-7.34	-4.338	1.063	92.645	0.0	-1.0	0.2	1.927	41.267	-7.48	-4.463	0.0	89.162	24.077	-1.0	0.4	1.307	38.554	-7.49	-4.213	0.0	86.914	20.227	0.0	0.2	1.676	341.66	-7.96	-6.15	0.0	93.286	11.654	-21.997	0.0	0.989	98.323	-7.38
-1.0	-7.4	1.063	0.0	24.367	-13.144	0.0	1.475	101.423	-8.17	-7.4	0.0	86.084	31.923	0.0	0.0	3.025	110.238	-1.0	-5.9	0.0	0.0	22.842	-1.0	0.0	1.676	74.202	-7.26	-4.525	0.0	92.216	0.0	-7.253	0.0	1.844	51.825	-7.77	-3.525	0.0	92.185	0.0	-1.0	28.8	1.031	76.915	-8.19	-4.775	0.0	88.675	0.0	0.0	0.0	1.601	56.669	-7.3	-4.275	0.532	92.656	0.0	-1.0	0.2	1.994	34.098	-7.66	-4.775	0.0	89.054	24.367	-1.0	0.4	1.265	45.432	-7.49	-4.4	0.0	86.894	19.936	0.0	0.2	1.86	12.109	-7.86	-5.963	0.0	93.315	11.872	-22.216	0.0	0.0	105.297	-7.33
-1.0	-7.838	0.0	0.0	24.004	-13.342	0.0	1.978	72.749	-8.12	-7.213	0.0	86.118	31.633	0.0	0.0	3.017	87.764	-1.0	-6.088	0.0	0.0	23.06	-1.0	0.0	2.103	66.646	-7.32	-4.65	0.0	92.199	0.0	0.0	0.0	2.539	53.278	-7.7	-3.587	0.0	92.242	0.0	-1.0	28.8	1.726	47.369	-8.2	-4.775	0.0	88.692	0.0	0.0	0.0	1.777	45.238	-7.34	-4.213	0.0	92.645	0.0	-1.0	0.2	2.782	25.671	-7.46	-4.775	0.0	89.148	23.859	-1.0	0.4	1.441	55.313	-7.62	-4.4	0.0	86.819	19.5	0.0	0.2	2.372	34.873	-7.78	-6.025	0.0	93.338	11.799	-21.77	0.0	1.039	100.745	-7.36
-1.0	-7.588	0.532	0.0	23.932	-13.181	0.0	2.137	80.402	-8.11	-7.275	0.0	86.12	31.923	0.0	0.0	3.21	95.707	-1.0	-6.025	0.0	0.0	23.278	-1.0	0.0	2.548	62.578	-7.34	-4.65	0.0	92.156	0.0	-7.22	0.0	2.305	46.207	-7.78	-3.65	0.0	92.182	0.0	-1.0	28.8	1.852	65.0	-8.19	-5.088	0.0	88.734	0.0	0.0	0.0	2.665	58.897	-7.36	-4.4	2.127	92.639	0.0	-1.0	0.2	2.305	30.514	-7.6	-4.9	0.0	89.07	23.714	-1.0	0.4	1.659	47.466	-7.52	-4.275	0.0	86.865	19.137	0.0	0.2	2.028	8.621	-7.85	-6.088	0.0	93.317	12.017	-22.098	0.0	1.215	99.873	-7.27
-1.0	-7.713	1.063	0.0	24.295	-13.496	0.0	1.643	76.721	-8.12	-7.275	0.0	86.118	31.923	0.0	0.0	2.698	86.795	-1.0	-6.025	0.0	0.0	22.769	-1.0	0.0	1.978	63.644	-7.28	-4.463	0.0	92.21	0.0	-7.258	0.0	2.263	50.857	-7.75	-3.837	0.0	92.191	0.0	-1.0	28.8	1.458	76.237	-8.21	-5.15	0.0	88.67	0.0	0.0	0.0	1.944	48.919	-7.32	-4.588	0.0	92.688	0.0	-1.0	0.2	2.464	33.517	-7.64	-4.9	0.0	89.06	24.295	-1.0	0.4	1.224	36.132	-7.49	-4.4	0.0	86.894	19.718	0.0	0.2	2.271	8.428	-7.76	-5.963	0.0	93.362	11.436	-21.959	0.0	1.098	71.199	-7.45
-1.0	-8.025	0.0	0.0	24.15	-13.248	0.0	2.698	94.932	-8.11	-7.4	0.0	86.12	31.487	0.0	0.0	3.654	96.385	-1.0	-6.088	0.0	0.0	23.205	-1.0	0.0	2.062	76.721	-7.32	-4.65	0.0	92.18	0.0	-7.235	0.0	2.522	58.606	-7.78	-3.9	0.0	92.22	0.0	-1.0	28.8	1.793	73.04	-8.12	-5.025	0.0	88.773	0.0	0.0	0.0	2.145	60.156	-7.3	-4.338	0.532	92.694	0.0	-1.0	0.2	2.665	36.714	-7.6	-4.963	0.0	89.07	24.44	-1.0	0.4	1.676	23.539	-7.52	-4.4	0.0	86.886	19.355	0.0	0.2	2.271	0.097	-7.78	-5.963	0.0	93.356	11.944	-21.959	0.0	1.098	97.16	-7.28
-1.0	-7.713	0.0	0.0	24.513	-13.295	0.0	2.824	67.712	-8.18	-7.213	0.0	86.102	31.633	0.0	0.0	3.838	83.986	-1.0	-6.025	0.0	0.0	22.697	-1.0	0.0	2.363	52.6	-7.32	-4.588	0.0	92.199	0.0	-7.255	0.0	2.355	61.125	-7.84	-3.587	0.0	92.222	0.0	-1.0	28.8	2.229	67.712	-8.2	-5.213	0.0	88.672	0.0	0.0	0.0	2.397	51.632	-7.28	-4.463	2.659	92.718	0.0	-1.0	0.2	2.405	19.471	-7.58	-4.713	0.0	89.115	24.44	-1.0	0.4	1.609	46.594	-7.52	-4.525	0.0	86.886	19.427	0.0	0.2	1.994	355.996	-7.77	-6.025	0.0	93.359	11.581	-1.0	0.0	1.249	101.616	-7.35
-1.0	-7.9	0.0	0.0	24.077	-13.135	0.0	2.606	75.462	-8.19	-7.275	0.0	86.1	31.56	0.0	0.0	3.419	84.083	-1.0	-6.088	0.0	0.0	23.06	-1.0	0.0	2.036	59.187	-7.35	-4.588	0.0	92.171	0.0	-7.262	0.0	2.288	47.176	-7.72	-3.9	0.0	92.274	0.0	-1.0	28.8	1.684	67.615	-8.22	-5.088	0.0	88.667	0.0	0.0	0.0	2.036	50.76	-7.22	-4.338	0.0	92.754	0.0	-1.0	0.2	2.263	41.267	-7.56	-4.713	0.0	89.16	24.295	-1.0	0.4	1.349	46.304	-7.5	-4.463	0.0	86.891	19.427	0.0	0.2	1.986	12.012	-7.8	-6.025	0.0	93.369	11.508	-21.943	0.0	1.19	93.77	-7.25
-1.0	-7.838	0.532	0.0	24.367	-13.015	0.0	2.087	80.596	-8.16	-7.213	0.0	86.107	31.633	0.0	0.0	3.21	97.064	-1.0	-6.088	0.0	0.0	22.551	-1.0	0.0	2.129	49.694	-7.36	-4.588	0.0	92.188	0.0	-7.225	0.0	1.919	63.45	-7.83	-3.65	0.0	92.206	0.0	-1.0	28.8	1.785	58.025	-8.2	-4.838	0.0	88.672	0.0	0.0	0.0	2.095	47.951	-7.36	-4.463	0.532	92.677	0.0	-1.0	0.2	1.827	44.463	-7.63	-4.963	0.0	89.141	23.714	-1.0	0.4	1.316	34.389	-7.52	-4.025	0.0	86.906	20.227	0.0	0.2	1.575	1.647	-7.86	-6.088	0.0	93.352	11.436	-22.098	0.0	1.307	98.807	-7.31
-1.0	-8.025	1.063	0.0	24.15	-13.052	0.0	2.413	62.19	-8.2	-7.275	0.0	86.097	31.705	0.0	0.0	2.967	89.895	-1.0	-6.025	0.0	0.0	22.987	-1.0	0.0	1.919	62.481	-7.36	-4.588	0.0	92.169	0.0	-7.269	0.0	1.835	59.284	-7.86	-3.837	0.0	92.141	0.0	-1.0	28.8	1.559	83.017	-8.28	-5.025	0.0	88.651	0.0	0.0	0.0	1.793	56.572	-7.28	-4.463	0.532	92.699	0.0	-1.0	0.2	2.254	32.645	-7.61	-5.025	0.0	89.088	23.714	-1.0	0.4	1.19	48.338	-7.54	-4.525	0.0	86.881	20.081	0.0	0.2	1.953	0.387	-7.92	-6.338	0.0	93.297	12.09	-21.602	0.0	1.089	93.673	-7.3
-1.0	-7.838	2.659	0.0	24.585	-13.41	0.0	1.534	77.399	-8.22	-7.4	0.0	86.092	31.923	0.0	0.0	2.455	93.286	-1.0	-5.9	0.0	0.0	23.133	-1.0	0.0	1.71	55.313	-7.36	-4.713	0.0	92.188	0.0	-7.23	0.0	1.902	48.338	-7.82	-3.712	0.0	92.171	0.0	-1.0	28.8	1.257	49.501	-8.12	-4.838	0.0	88.753	0.0	0.0	0.0	1.584	47.563	-7.4	-4.338	0.0	92.628	0.0	-1.0	0.2	1.978	28.383	-7.6	-4.775	0.0	89.07	24.077	-1.0	0.4	1.14	45.141	-7.54	-4.4	0.0	86.881	19.936	0.0	0.2	1.827	355.996	-7.94	-6.338	0.0	93.255	11.944	-21.948	0.0	0.0	92.608	-7.28
-1.0	-7.838	1.063	0.0	24.295	-13.21	0.0	1.676	66.259	-8.24	-7.4	0.0	86.046	31.705	-6.791	0.0	2.606	97.645	-1.0	-6.088	0.0	0.0	22.697	-1.0	0.0	1.785	71.102	-7.26	-4.775	0.0	92.254	0.0	-7.21	0.0	1.911	48.822	-7.86	-3.837	0.0	92.16	0.0	-1.0	28.8	1.441	75.462	-8.34	-4.338	0.0	88.556	0.0	0.0	0.0	1.894	56.669	-7.5	-4.588	0.0	92.581	0.0	-1.0	0.2	2.254	29.642	-7.6	-5.025	0.0	89.09	24.222	-1.0	0.4	1.224	45.529	-7.62	-4.275	0.0	86.819	20.009	0.0	0.2	1.819	1.647	-7.96	-6.463	0.0	93.267	11.726	-21.744	0.0	0.939	102.295	-7.42
-1.0	-7.963	2.127	0.0	24.295	-13.257	0.0	2.053	80.886	-8.18	-7.15	0.0	86.082	31.923	0.0	0.0	3.092	90.961	-1.0	-6.025	0.0	0.0	22.915	-1.0	0.0	1.877	63.547	-7.39	-4.65	0.0	92.179	0.0	-7.213	0.0	1.894	66.743	-7.8	-3.775	0.0	92.158	0.0	-1.0	28.8	1.483	75.946	-8.24	-4.775	0.0	88.622	0.0	0.0	0.0	1.785	48.629	-7.46	-4.275	0.532	92.573	0.0	-1.0	0.2	1.374	40.395	-7.74	-4.9	0.0	88.993	23.859	-1.0	0.4	1.089	49.016	-7.54	-4.213	0.0	86.84	19.282	0.0	0.2	1.458	13.949	-7.82	-6.15	0.0	93.289	11.436	-22.579	0.0	0.0	102.488	-7.42
-1.0	-7.963	1.063	0.0	24.004	-12.996	0.0	1.986	76.237	-8.28	-7.588	0.0	86.035	31.778	-7.005	0.0	3.176	89.895	-1.0	-6.338	0.0	0.0	22.842	-1.0	0.0	1.492	77.496	-7.34	-4.65	0.0	92.193	0.0	-7.161	0.0	1.374	65.678	-7.92	-3.525	0.0	92.105	0.0	-1.0	28.8	1.232	83.986	-8.34	-4.838	0.0	88.615	0.0	0.0	0.0	1.467	60.253	-7.42	-4.525	3.19	92.622	0.0	-1.0	0.2	1.735	38.07	-7.69	-5.025	0.0	89.027	23.714	-1.0	0.4	0.0	58.994	-7.48	-4.338	0.0	86.876	20.227	0.0	0.2	1.441	31.967	-8.06	-6.4	0.0	93.22	11.799	-21.586	0.0	1.022	105.491	-7.46
-1.0	-7.65	0.0	0.0	24.367	-13.575	0.0	2.204	77.98	-8.34	-7.275	0.0	86.02	31.923	0.0	0.0	2.849	100.745	-1.0	-6.213	0.0	0.0	22.697	-1.0	0.0	1.643	78.174	-7.42	-4.838	0.0	92.171	0.0	-7.227	0.0	1.668	49.694	-7.92	-3.962	0.0	92.105	0.0	-1.0	28.8	1.341	72.265	-8.32	-4.838	0.0	88.581	0.0	0.0	0.0	1.5	59.284	-7.48	-4.4	0.0	92.567	0.0	-1.0	0.2	2.078	29.448	-7.6	-4.963	0.0	89.11	23.786	-1.0	0.4	0.939	50.857	-7.76	-4.588	0.0	86.742	19.573	0.0	0.2	1.911	24.992	-8.02	-6.275	0.0	93.232	11.654	-21.878	0.0	0.0	83.986	-7.42
-1.0	-8.15	1.595	0.0	24.077	-14.062	0.0	1.718	74.59	-8.28	-7.275	0.0	86.035	31.705	0.0	0.0	2.849	95.901	-1.0	-6.275	0.0	0.0	22.987	-1.0	0.0	1.601	68.778	-7.48	-4.65	0.0	92.116	0.0	-7.235	0.0	1.819	60.253	-7.95	-3.837	0.0	92.097	0.0	-1.0	28.8	1.316	73.524	-8.29	-4.775	0.0	88.589	0.0	0.0	0.0	1.517	55.506	-7.44	-4.275	2.127	92.616	0.0	-1.0	0.2	1.651	34.583	-7.78	-5.088	0.0	88.983	23.932	-1.0	0.4	0.989	57.831	-7.78	-4.588	0.0	86.737	20.154	0.0	0.2	1.785	15.112	-8.1	-6.275	0.0	93.209	12.162	-21.964	0.0	1.022	102.198	-7.42
-1.0	-7.838	0.532	0.0	24.44	-13.276	0.0	1.701	87.958	-8.3	-7.4	0.0	86.03	31.633	0.0	0.0	2.833	89.895	-1.0	-6.213	0.0	0.0	22.915	-1.0	0.0	1.668	63.837	-7.51	-4.65	0.0	92.108	0.0	-7.25	0.0	1.777	62.093	-7.98	-3.837	0.0	92.107	0.0	-1.0	28.8	1.324	67.809	-8.24	-4.963	0.0	88.622	0.0	0.0	0.0	1.299	44.851	-7.56	-4.338	0.0	92.545	0.0	-1.0	0.2	1.391	47.369	-7.78	-4.65	0.0	88.963	23.641	-1.0	0.4	0.0	39.329	-7.7	-4.338	0.0	86.757	20.299	0.0	0.2	1.265	16.371	-8.07	-6.15	0.0	93.199	11.726	-21.997	0.0	1.031	118.472	-7.32
-1.0	-8.15	0.0	0.0	24.004	-13.033	0.0	1.844	87.183	-8.41	-7.4	0.0	85.961	31.633	0.0	0.0	2.975	92.801	-1.0	-6.15	0.0	0.0	22.697	-1.0	0.0	1.567	69.746	-7.42	-4.4	0.0	92.171	0.0	-7.263	0.0	1.492	61.028	-7.92	-3.4	0.0	92.124	0.0	-1.0	28.8	0.972	86.214	-8.36	-4.775	0.0	88.55	0.0	0.0	0.0	1.534	52.988	-7.46	-4.275	0.0	92.592	0.0	-1.0	0.2	1.525	39.62	-7.73	-5.088	0.0	88.996	24.077	-1.0	0.4	0.0	39.329	-7.65	-4.338	0.0	86.811	20.372	0.0	0.2	1.483	21.989	-8.1	-6.463	0.0	93.172	11.508	-21.916	0.0	0.0	104.91	-7.46
-1.0	-7.963	1.063	0.0	24.222	-13.126	0.0	1.793	69.068	-8.38	-7.463	0.0	85.969	31.705	0.0	0.0	3.067	85.73	-1.0	-6.338	0.0	0.0	22.915	-1.0	0.0	1.265	55.216	-7.42	-4.713	0.0	92.171	0.0	-7.252	0.0	1.609	49.113	-7.92	-3.587	0.0	92.105	0.0	-1.0	28.8	1.115	86.214	-8.3	-4.588	0.0	88.586	0.0	0.0	0.0	1.081	54.053	-7.48	-4.4	0.0	92.567	0.0	-1.0	0.2	2.095	33.517	-7.8	-5.15	0.0	88.977	23.786	-1.0	0.4	0.0	29.933	-7.68	-4.525	0.0	86.763	20.081	0.0	0.2	1.684	5.231	-8.04	-6.4	0.0	93.226	11.581	-21.76	0.0	1.282	97.838	-7.4
-1.0	-7.9	0.532	0.0	24.222	-13.4	0.0	1.684	76.915	-8.36	-7.588	0.0	86.015	31.633	0.0	0.0	2.908	93.189	-1.0	-6.275	0.0	0.0	23.06	-1.0	0.0	1.785	65.871	-7.4	-4.838	0.0	92.195	0.0	-7.183	0.0	1.743	49.113	-7.9	-3.65	0.0	92.111	0.0	-1.0	28.8	0.972	66.646	-8.34	-4.713	0.0	88.556	0.0	0.0	0.0	1.55	36.229	-7.46	-4.525	0.532	92.592	0.0	-1.0	0.2	2.263	39.717	-7.74	-4.9	0.0	89.033	24.222	-1.0	0.4	1.215	21.408	-7.62	-4.463	0.0	86.819	19.5	0.0	0.2	1.684	10.462	-7.98	-6.15	0.0	93.243	11.581	-22.082	0.0	0.0	100.066	-7.48
-1.0	-7.9	1.595	0.0	24.15	-13.2	0.0	1.76	77.205	-8.28	-7.338	0.0	86.035	31.85	0.0	0.0	2.707	103.36	-1.0	-6.275	0.0	0.0	22.624	-1.0	0.0	1.743	73.04	-7.46	-4.65	0.0	92.122	0.0	-7.242	0.0	2.405	46.691	-7.92	-3.775	0.0	92.105	0.0	-1.0	28.8	1.475	67.228	-8.31	-4.775	0.0	88.583	0.0	0.0	0.0	1.71	57.25	-7.4	-4.338	1.063	92.646	0.0	-1.0	0.2	2.43	43.301	-7.72	-4.963	0.0	88.999	24.077	-1.0	0.4	1.399	57.153	-7.66	-4.588	0.0	86.809	20.372	0.0	0.2	2.372	355.996	-7.92	-6.338	0.0	93.242	12.017	-21.776	0.0	0.0	110.432	-7.42
-1.0	-7.963	1.063	0.0	24.295	-13.126	0.0	2.129	56.766	-8.32	-7.4	0.0	86.025	31.705	0.0	0.0	3.067	92.511	-1.0	-6.275	0.0	0.0	22.697	-1.0	0.0	2.229	54.635	-7.48	-4.525	0.0	92.135	0.0	-7.253	0.0	2.321	41.557	-7.86	-4.025	0.0	92.16	0.0	-1.0	28.8	1.986	53.085	-8.4	-5.025	0.0	88.5	0.0	0.0	0.0	2.305	41.363	-7.51	-4.713	0.532	92.578	0.0	-1.0	0.2	2.078	34.001	-7.78	-5.088	0.0	88.943	24.004	-1.0	0.4	1.659	53.375	-7.67	-4.525	0.0	86.765	19.791	0.0	0.2	1.902	7.846	-7.9	-6.4	0.0	93.303	11.508	-21.932	0.0	1.475	97.548	-7.45
