2.4	4.162	115.915	91.041	25.094	-13.948	35.0	0.0	56.959	1.22	5.537	130.272	0.0	32.867	-7.946	29.0	0.0	79.24	0.82	5.475	0.0	97.136	23.423	-12.795	0.4	1.978	51.632	1.48	7.412	0.0	32.374	30.979	-2.232	35.6	1.617	56.378	2.0	7.662	0.0	95.101	11.508	-9.273	0.6	1.81	65.0	-1.0	5.912	0.0	0.0	0.0	0.0	0.8	1.994	54.635	2.29	6.912	107.408	93.238	9.329	-1.0	0.6	1.701	29.739	1.55	7.725	0.0	93.554	26.983	-11.996	32.2	1.399	65.387	2.24	7.662	0.0	36.325	20.808	-11.65	0.4	0.0	330.81	2.08	4.975	0.0	28.605	8.457	-1.0	37.6	1.299	92.317
2.31	4.037	128.676	91.038	24.949	-13.799	35.0	0.0	68.003	1.06	5.1	130.272	0.0	32.867	-7.901	29.0	1.031	80.596	0.79	5.225	0.0	97.127	24.295	-12.18	0.4	1.844	69.262	2.14	7.412	0.0	32.336	31.415	-2.195	35.6	1.902	52.891	1.93	7.85	0.0	95.12	10.782	-9.28	0.6	1.584	78.561	-1.0	5.787	0.0	0.0	0.0	0.0	0.8	1.416	50.663	2.12	6.412	113.256	93.191	9.111	-1.0	0.6	0.0	30.611	1.34	7.162	0.0	93.615	26.983	-11.401	32.2	0.972	32.839	2.41	7.662	0.0	36.31	20.372	-11.615	0.4	0.0	347.084	2.02	4.912	0.0	28.634	8.53	-1.0	37.6	1.399	100.066
2.21	4.35	163.238	91.032	24.803	-13.668	35.0	0.0	66.162	1.06	5.475	201.522	0.0	33.376	-8.115	29.0	1.106	81.177	0.76	5.225	0.0	97.156	23.641	-12.18	0.4	2.028	36.617	2.32	7.537	0.0	32.319	31.124	-2.201	35.6	1.835	47.176	1.98	7.725	0.0	95.134	11.073	-9.265	0.6	1.852	62.675	-1.0	5.912	0.0	0.0	0.0	0.0	0.8	1.919	49.985	1.96	6.162	116.979	93.187	8.966	-1.0	0.6	0.0	28.577	1.18	7.162	0.0	93.61	26.765	-11.502	32.2	1.684	30.514	2.57	7.787	0.0	36.261	21.171	-11.67	0.4	0.0	339.335	2.0	4.912	0.0	28.632	8.603	-1.0	37.6	1.148	93.576
2.43	4.287	145.691	91.07	25.021	-14.036	35.0	0.0	72.459	0.84	5.162	153.667	0.0	32.65	-7.916	29.0	1.299	83.986	1.02	5.6	0.0	97.157	23.932	-12.471	0.4	1.341	60.544	2.12	7.287	0.0	32.367	30.688	-2.335	35.6	0.0	55.022	1.88	7.975	0.0	95.145	11.363	-9.281	0.6	1.291	74.59	-1.0	5.725	0.0	0.0	0.0	0.0	0.8	1.601	60.35	2.18	6.225	112.193	93.208	9.184	-1.0	0.6	0.0	33.517	1.72	7.35	0.0	93.641	27.056	-12.137	32.2	1.609	47.466	2.25	7.35	0.0	36.358	21.098	-11.782	0.4	0.0	341.272	1.76	4.725	0.0	28.679	8.966	-1.0	37.6	1.341	107.525
2.11	4.225	157.389	91.067	24.731	-14.779	35.0	0.0	58.703	0.83	5.1	165.365	0.0	32.94	-7.91	29.0	1.156	83.695	0.78	5.85	0.0	97.162	23.641	-12.192	0.4	1.601	64.031	1.78	7.912	0.0	32.402	30.979	-2.586	35.6	1.525	62.772	1.92	8.037	0.0	95.117	11.436	-9.312	0.6	1.274	68.1	-1.0	5.725	0.0	0.0	0.0	0.0	0.8	1.492	46.982	1.84	6.475	176.531	93.114	8.893	-1.0	0.6	2.129	25.089	1.36	7.412	0.0	93.621	27.056	-12.025	32.2	0.0	35.261	2.56	8.412	0.0	36.292	21.244	-11.63	0.4	0.0	336.138	1.98	4.912	0.0	28.63	9.111	-1.0	37.6	1.366	95.611
2.24	5.037	231.83	91.06	25.167	-16.189	35.0	0.0	72.749	0.78	4.975	196.205	0.0	32.867	-8.002	29.0	1.659	94.157	0.86	5.85	0.0	97.147	23.932	-12.326	0.4	1.601	46.401	1.76	8.287	0.0	32.4	31.051	-2.715	35.6	0.0	50.663	2.09	8.1	0.0	95.165	11.073	-9.304	0.6	1.198	74.687	-1.0	7.1	0.0	0.0	0.0	0.0	0.8	0.98	41.363	1.91	7.537	211.625	93.093	8.893	-26.553	0.6	1.525	24.508	1.36	7.975	0.0	93.621	26.765	-12.368	32.2	1.249	35.551	2.17	9.35	0.0	36.382	20.372	-11.781	0.4	0.0	331.198	1.82	4.975	0.0	28.684	8.603	-1.0	37.6	1.408	98.226
2.68	5.225	191.951	91.115	24.585	-13.642	35.0	1.944	70.812	0.72	5.35	206.308	0.0	33.013	-7.9	29.0	1.106	94.061	0.76	6.35	0.0	97.193	23.859	-12.409	0.4	1.86	45.141	1.75	8.787	0.0	32.399	31.124	-2.962	35.6	1.45	78.949	1.5	8.1	0.0	95.076	11.073	-9.312	0.6	1.735	69.94	-1.0	6.725	0.0	0.0	0.0	0.0	0.8	1.701	35.067	2.12	7.787	181.848	93.111	9.038	-26.339	0.6	0.0	41.654	1.36	8.1	0.0	93.601	26.765	-12.22	32.2	1.022	35.067	2.45	8.912	0.0	36.314	21.098	-11.815	0.4	0.0	354.447	2.14	5.412	0.0	28.61	8.748	-1.0	37.6	1.525	89.798
2.08	6.1	355.721	91.059	24.585	-13.504	35.0	1.944	55.313	0.9	6.412	327.54	0.0	32.795	-8.074	29.0	0.0	92.898	0.61	6.6	0.0	97.149	24.077	-12.404	0.4	0.0	68.874	2.12	8.475	0.0	32.433	30.47	-2.705	35.6	1.45	54.538	1.9	9.1	0.0	95.15	11.291	-9.432	0.6	0.0	69.843	-1.0	6.787	0.0	0.0	0.0	0.0	0.8	0.0	39.135	2.52	7.162	153.135	93.059	9.256	-1.0	0.6	0.0	36.229	1.56	8.037	0.0	93.636	26.547	-11.674	32.2	0.0	34.873	2.62	8.475	0.0	36.266	20.59	-11.674	0.4	0.0	12.012	1.53	5.475	0.0	28.761	9.038	-1.0	37.6	1.115	98.904
2.58	6.725	250.972	91.11	24.367	-13.918	35.0	0.955	61.706	1.0	7.725	297.763	0.0	33.086	-8.235	29.0	0.0	94.061	0.99	6.912	0.0	97.186	23.714	-12.366	0.4	0.972	56.475	2.02	8.662	0.0	32.424	30.833	-2.844	35.6	1.944	42.816	1.7	9.162	0.0	95.133	10.637	-9.464	0.6	0.0	69.746	-1.0	7.287	0.0	0.0	0.0	0.0	0.8	0.0	45.238	1.94	7.35	226.513	93.021	9.474	-26.583	0.6	0.0	26.349	1.48	7.85	0.0	93.654	26.692	-11.314	32.2	0.964	46.788	2.86	9.287	0.0	36.226	21.244	-11.876	0.4	0.0	332.36	1.36	5.787	0.0	28.78	9.038	-1.0	37.6	1.24	115.953
2.4	5.787	158.453	91.103	24.731	-13.93	35.0	0.0	75.074	1.02	6.787	165.365	0.0	33.594	-8.159	29.0	1.877	94.157	1.04	5.85	0.0	97.2	24.077	-12.281	0.4	1.86	43.495	2.05	8.1	0.0	32.426	30.761	-3.092	35.6	0.0	53.278	2.18	8.537	0.0	95.191	11.508	-9.482	0.6	1.592	55.119	-1.0	6.787	0.0	0.0	0.0	0.0	0.8	2.07	43.107	2.38	7.037	143.565	93.102	9.329	-1.0	0.6	0.0	38.07	1.67	7.787	0.0	93.667	26.474	-11.815	32.2	1.609	33.226	2.2	8.1	0.0	36.385	21.389	-12.018	0.4	0.0	314.149	1.92	5.725	0.0	28.659	9.329	-1.0	37.6	0.0	101.907
2.48	5.662	249.909	91.104	24.585	-14.845	35.0	0.0	54.731	1.08	6.787	269.051	0.0	32.795	-8.078	29.0	1.969	93.673	0.86	6.1	0.0	97.185	24.15	-12.322	0.4	2.112	64.128	2.04	8.162	0.0	32.425	31.124	-2.857	35.6	0.0	46.207	1.96	8.85	0.0	95.148	10.855	-9.593	0.6	1.575	62.965	-1.0	6.412	0.0	0.0	0.0	0.0	0.8	2.087	52.891	2.4	7.225	194.078	93.087	9.402	-1.0	0.6	0.0	35.745	1.36	7.6	0.0	93.621	26.547	-11.338	32.2	1.986	30.127	2.68	8.537	0.0	36.272	20.59	-11.754	0.4	0.0	337.301	1.86	5.412	0.0	28.687	8.603	-1.0	37.6	1.517	97.354
2.6	6.475	277.558	91.115	24.44	-14.316	35.0	1.936	60.737	1.08	7.725	305.208	0.0	33.013	-8.262	29.0	0.0	90.767	1.36	6.412	0.0	97.237	24.004	-12.419	0.4	1.793	52.6	1.92	8.1	0.0	32.414	30.833	-2.614	35.6	0.0	53.956	2.16	9.225	0.0	95.185	11.0	-9.546	0.6	1.592	60.447	-1.0	6.725	0.0	0.0	0.0	0.0	0.8	1.886	49.404	2.18	7.162	178.658	93.087	9.474	-1.0	0.6	0.0	39.813	1.52	7.975	0.0	93.665	26.329	-11.629	32.2	1.483	46.401	2.32	8.412	0.0	36.397	20.88	-11.879	0.4	0.0	337.979	1.8	5.6	0.0	28.716	9.038	-1.0	37.6	1.265	107.622
2.42	5.662	277.558	91.109	24.513	-13.969	35.0	0.0	66.162	1.36	7.412	282.344	0.0	32.795	-2.776	29.0	0.0	90.476	0.86	6.1	0.0	97.222	23.641	-12.413	0.4	0.0	46.498	1.82	8.037	0.0	32.405	30.615	-3.215	35.6	0.0	43.591	1.96	8.725	0.0	95.128	10.782	-9.514	0.6	2.053	63.45	-1.0	6.537	0.0	0.0	0.0	0.0	0.8	0.0	41.557	1.96	6.975	163.238	93.067	9.256	-1.0	0.6	0.0	33.323	1.59	7.787	0.0	93.684	26.91	-11.399	32.2	2.003	42.138	2.1	8.287	0.0	36.472	21.098	-11.822	0.4	0.0	0.194	2.08	5.725	0.0	28.639	9.038	-1.0	37.6	1.567	82.533
2.16	5.725	328.072	91.081	24.731	-13.856	35.0	0.0	43.591	1.3	7.35	283.939	0.0	33.013	-8.212	29.0	0.972	90.379	0.88	6.162	0.0	97.191	23.786	-12.377	0.4	0.0	49.21	1.72	8.287	0.0	32.396	30.543	-2.789	35.6	1.969	47.951	1.88	8.725	0.0	95.145	11.145	-9.55	0.6	0.0	59.769	-1.0	6.412	0.0	0.0	0.0	0.0	0.8	0.0	44.56	1.95	6.537	147.287	93.064	9.256	-1.0	0.6	0.0	26.155	1.34	7.725	0.0	93.674	26.402	-11.422	32.2	1.793	36.52	2.57	8.1	0.0	36.39	20.662	-11.58	0.4	0.0	349.797	2.08	5.6	0.0	28.639	9.038	-1.0	37.6	1.617	89.798
2.0	6.225	300.954	91.079	24.513	-13.825	35.0	0.0	47.369	1.26	8.1	350.935	0.0	33.158	-8.203	29.0	0.0	68.778	0.64	6.6	0.0	97.233	24.004	-13.957	0.4	1.936	43.495	1.73	8.537	0.0	32.397	31.051	-2.576	35.6	2.036	53.085	1.83	8.85	0.0	95.17	11.363	-9.423	0.6	0.0	58.025	-1.0	7.037	0.0	0.0	0.0	0.0	0.8	1.643	37.392	2.08	7.1	158.984	93.1	9.184	-1.0	0.6	1.575	32.645	1.16	7.787	0.0	93.644	26.838	-11.531	32.2	1.408	30.32	2.03	8.1	0.0	36.529	21.244	-11.755	0.4	0.0	321.511	2.0	6.1	0.0	28.699	9.329	-1.0	37.6	1.735	97.16
2.46	5.037	220.664	91.119	24.658	-13.73	35.0	0.0	59.769	1.36	6.725	151.54	0.0	32.795	-2.709	29.0	0.0	73.427	0.9	6.037	0.0	97.197	24.295	-12.891	0.4	0.0	54.925	1.83	7.975	0.0	32.406	30.906	-2.681	35.6	0.0	49.501	1.81	8.537	0.0	95.144	11.436	-9.648	0.6	2.062	61.512	-1.0	6.412	0.0	0.0	0.0	0.0	0.8	2.011	38.264	1.63	6.537	141.969	93.056	8.893	-1.0	0.6	2.02	31.483	1.36	7.662	0.0	93.68	26.547	-11.38	32.2	1.441	37.876	2.59	8.162	0.0	36.457	20.808	-11.838	0.4	0.0	328.098	2.02	5.662	0.0	28.634	8.457	-1.0	37.6	1.659	83.211
2.21	5.225	255.226	91.094	24.513	-14.617	35.0	0.0	77.69	0.85	6.35	256.821	0.0	33.086	-8.031	29.0	1.274	87.183	0.81	6.1	0.0	97.245	23.205	-12.7	0.4	1.919	47.079	1.9	8.037	0.0	32.413	31.415	-2.997	35.6	0.0	53.956	1.7	8.412	0.0	95.133	10.782	-9.375	0.6	1.659	56.572	-1.0	5.912	0.0	0.0	0.0	0.0	0.8	2.036	37.973	1.76	6.662	139.311	93.092	9.329	-26.328	0.6	1.986	32.355	1.36	7.6	0.0	93.66	26.62	-11.605	32.2	1.911	36.326	2.55	8.162	0.0	36.518	21.098	-11.765	0.4	0.0	345.825	2.1	5.537	0.0	28.64	8.748	-1.0	37.6	1.374	100.551
2.26	5.475	233.425	91.107	24.949	-13.748	35.0	0.0	75.462	0.77	6.225	244.06	0.0	32.504	-8.072	29.0	1.123	87.28	0.62	6.287	0.0	97.227	24.077	-12.732	0.4	1.961	52.6	1.36	8.037	0.0	32.494	31.051	-2.518	35.6	1.961	52.891	1.36	8.725	0.0	95.134	11.218	-9.384	0.6	1.886	60.156	-1.0	6.6	0.0	0.0	0.0	0.0	0.8	1.785	42.235	1.36	6.662	140.906	93.002	9.038	-26.524	0.6	2.028	24.314	1.36	7.725	0.0	93.68	26.692	-11.422	32.2	1.408	30.708	2.14	8.037	0.0	36.669	20.953	-11.709	0.4	0.0	331.198	1.69	5.475	0.0	28.74	8.675	-1.0	37.6	1.701	97.16
2.0	5.037	215.878	91.1	24.731	-13.669	35.0	0.0	62.19	0.98	6.412	273.304	0.0	33.231	-2.457	29.0	0.0	86.214	0.38	5.975	0.0	97.194	23.786	-12.985	0.4	1.643	55.022	1.66	7.912	0.0	32.391	31.051	-2.549	35.6	1.668	52.213	1.4	8.475	0.0	95.126	11.218	-9.344	0.6	1.307	59.187	-1.0	6.1	0.0	0.0	0.0	0.0	0.8	1.668	49.791	2.06	6.412	115.383	93.134	8.748	-26.137	0.6	1.718	31.58	1.07	7.35	0.0	93.659	26.62	-11.3	32.2	1.433	27.608	1.92	7.6	0.0	36.743	20.88	-11.57	0.4	0.0	341.272	1.66	5.225	0.0	28.771	8.53	-1.0	37.6	1.391	105.685
2.0	4.787	236.084	91.121	24.949	-13.624	35.0	0.0	49.113	0.44	5.662	225.449	0.0	32.94	-7.95	29.0	1.324	86.117	0.6	5.85	0.0	97.221	24.077	-12.326	0.4	1.668	47.563	1.44	7.85	0.0	32.502	30.397	-2.638	35.6	1.684	50.953	1.7	8.475	0.0	95.172	11.799	-9.344	0.6	1.869	55.991	-1.0	5.975	0.0	0.0	0.0	0.0	0.8	1.416	47.563	1.47	6.787	160.58	93.092	8.821	-26.668	0.6	1.441	40.104	1.2	7.6	0.0	93.655	26.692	-11.86	32.2	0.989	27.705	1.53	8.162	0.0	36.8	21.171	-11.624	0.4	0.0	347.859	1.97	5.225	0.0	28.697	8.603	-1.0	37.6	1.601	83.211
1.93	4.912	186.634	91.143	25.167	-14.022	35.0	0.0	52.503	0.82	5.912	175.999	0.0	32.867	-8.179	29.0	1.609	83.114	0.68	5.787	0.0	97.226	23.859	-12.455	0.4	1.936	52.31	1.54	7.85	0.0	32.445	31.124	-2.564	35.6	2.129	46.982	1.38	8.412	0.0	95.12	11.0	-9.336	0.6	1.911	73.137	-1.0	6.225	0.0	0.0	0.0	0.0	0.8	1.626	38.554	1.64	7.1	182.38	93.139	9.256	-26.589	0.6	1.919	37.392	1.08	7.6	0.0	93.662	27.201	-11.435	32.2	1.307	55.991	2.6	7.975	0.0	36.62	21.244	-11.461	0.4	0.0	341.466	1.94	5.1	0.0	28.694	9.038	-1.0	37.6	1.693	95.514
2.04	4.912	218.005	91.131	24.44	-14.769	35.0	0.0	59.381	0.63	5.412	228.108	0.0	32.65	-2.272	29.0	1.198	86.698	0.48	5.787	0.0	97.223	23.714	-12.316	0.4	1.944	54.925	1.63	7.35	0.0	32.454	30.979	-2.392	35.6	0.0	50.76	1.36	8.1	0.0	95.134	11.145	-9.274	0.6	1.768	60.931	-1.0	5.975	0.0	0.0	0.0	0.0	0.8	1.894	42.623	1.63	6.162	119.105	93.096	8.893	-26.145	0.6	0.947	27.317	1.28	7.537	0.0	93.678	26.692	-11.63	32.2	1.919	37.586	2.85	7.662	0.0	36.548	21.171	-11.285	0.4	0.0	356.384	1.74	4.975	0.0	28.744	8.966	-1.0	37.6	1.14	102.295
2.35	4.662	186.102	91.152	24.876	-14.105	35.0	0.0	46.401	0.8	5.662	222.791	0.0	32.722	-7.968	29.0	1.458	85.924	0.5	5.475	0.0	97.229	23.786	-12.795	0.4	0.0	53.181	1.72	6.975	0.0	32.429	30.761	-2.263	35.6	0.0	43.495	1.74	8.037	0.0	95.203	11.436	-9.266	0.6	0.0	59.478	-1.0	5.6	0.0	0.0	0.0	0.0	0.8	0.0	45.916	1.84	5.975	95.178	93.154	9.329	-26.078	0.6	0.0	32.839	1.06	7.225	0.0	93.656	26.765	-11.838	32.2	0.0	42.235	1.9	7.1	0.0	36.806	21.316	-11.856	0.4	0.0	316.861	2.12	5.225	0.0	28.642	8.748	-1.0	37.6	1.726	80.886
2.42	4.725	181.317	91.171	24.949	-13.797	35.0	0.0	60.156	0.6	4.912	190.356	0.0	32.722	-1.993	29.0	1.768	92.608	0.53	5.037	0.0	97.238	24.004	-12.773	0.4	0.0	42.138	1.54	6.787	0.0	32.478	31.124	-2.163	35.6	0.0	47.854	1.65	7.912	0.0	95.196	11.291	-9.176	0.6	0.0	64.225	-1.0	5.412	0.0	0.0	0.0	0.0	0.8	0.0	40.976	1.59	5.725	133.462	93.125	8.966	-26.181	0.6	0.93	29.255	0.84	6.85	0.0	93.615	27.056	-11.523	32.2	0.0	51.244	2.34	6.975	0.0	36.722	20.88	-11.091	0.4	0.0	356.384	1.94	5.1	0.0	28.694	8.675	-1.0	37.6	1.483	90.767
1.7	4.037	178.126	91.102	24.949	-14.391	35.0	1.089	62.675	0.52	4.6	194.078	0.0	32.795	-1.948	29.0	2.045	88.248	0.52	5.1	0.0	97.16	23.714	-11.986	0.4	0.0	42.138	1.55	6.85	0.0	32.479	30.906	-2.328	35.6	0.0	44.366	1.36	7.725	0.0	95.192	10.927	-9.28	0.6	0.0	57.153	-1.0	5.975	0.0	0.0	0.0	0.0	0.8	0.0	52.794	1.36	5.725	127.081	93.062	8.966	-1.0	0.6	0.0	35.551	1.13	7.287	0.0	93.676	26.547	-11.021	32.2	2.112	30.998	2.76	7.1	0.0	36.668	20.88	-11.169	0.4	0.0	343.985	1.56	4.6	0.0	28.797	9.402	-1.0	37.6	1.919	81.468
1.78	4.1	171.746	91.103	24.731	-13.562	35.0	0.0	52.794	0.82	4.787	205.776	0.0	33.086	-2.048	29.0	1.617	79.821	0.6	4.85	0.0	95.86	23.714	-12.076	0.4	0.0	39.038	1.36	6.725	0.0	32.56	30.979	-2.141	35.6	0.0	45.529	1.71	7.85	0.0	95.213	11.291	-9.32	0.6	0.0	52.697	-1.0	5.35	0.0	0.0	0.0	0.0	0.8	0.0	40.104	1.38	5.787	111.13	93.108	9.038	-26.204	0.6	0.0	16.371	1.1	6.975	0.0	93.628	26.402	-11.613	32.2	1.927	42.138	2.4	6.412	0.0	36.76	20.735	-11.037	0.4	0.0	316.474	1.78	4.287	0.0	28.781	9.111	-1.0	37.6	1.777	90.864
1.67	4.225	174.936	91.115	24.949	-13.464	35.0	0.0	42.816	0.28	4.912	193.546	0.0	32.94	-7.909	29.0	1.383	77.883	0.31	4.85	0.0	94.739	23.932	-11.989	0.4	0.0	56.184	1.29	7.162	0.0	32.619	31.051	-2.255	35.6	2.112	50.275	1.24	7.662	0.0	95.158	11.218	-9.37	0.6	0.0	62.19	-1.0	5.225	0.0	0.0	0.0	0.0	0.8	0.0	39.717	1.36	5.85	116.979	93.142	9.256	-26.033	0.6	2.062	46.788	1.06	7.037	0.0	93.676	26.692	-11.253	32.2	2.028	22.571	2.62	6.787	0.0	36.751	20.88	-10.976	0.4	0.0	342.047	1.48	4.287	0.0	28.857	8.893	-1.0	37.6	1.902	80.886
1.46	4.037	191.951	91.1	24.658	-14.188	35.0	0.0	47.369	0.48	5.225	202.585	0.0	33.013	-7.887	29.0	0.0	77.399	0.3	5.225	0.0	93.484	23.568	-12.092	0.4	1.676	50.953	1.26	7.412	0.0	32.649	30.906	-2.487	35.6	1.659	55.603	1.04	7.725	0.0	95.14	11.363	-9.353	0.6	1.5	57.541	-1.0	5.6	0.0	0.0	0.0	0.0	0.8	1.693	44.463	1.36	6.162	113.256	93.142	9.402	-26.436	0.6	1.693	36.52	0.84	6.975	0.0	93.654	26.62	-11.994	32.2	1.19	22.861	2.4	6.912	0.0	36.825	21.389	-11.172	0.4	0.0	315.311	1.06	4.225	0.0	28.956	8.53	-1.0	37.6	1.559	105.201
1.58	4.787	198.332	91.091	24.803	-13.871	35.0	1.726	45.819	0.41	5.6	198.332	0.0	32.795	-1.928	29.0	0.0	77.786	0.3	5.662	0.0	92.77	24.15	-12.206	0.4	1.215	50.76	1.36	7.6	0.0	32.626	31.051	-2.442	35.6	1.316	56.475	1.2	8.287	0.0	95.185	10.855	-9.449	0.6	0.0	60.156	-1.0	5.912	0.0	0.0	0.0	0.0	0.8	1.073	49.307	1.52	6.037	126.549	93.146	9.038	-1.0	0.6	1.508	32.064	0.88	7.1	0.0	93.646	26.983	-11.527	32.2	0.913	39.717	2.16	7.037	0.0	36.864	20.662	-11.13	0.4	0.0	331.198	1.02	4.475	0.0	28.952	8.603	-1.0	37.6	1.291	108.494
1.5	5.6	227.576	91.111	24.44	-13.71	35.0	0.0	46.304	0.24	6.1	250.972	0.0	32.867	-8.014	29.0	1.349	77.883	0.42	5.662	0.0	92.563	23.714	-12.118	0.4	0.0	60.737	1.36	7.35	0.0	32.56	31.124	-2.465	35.6	1.601	51.825	1.16	8.35	0.0	95.174	11.436	-9.466	0.6	0.0	60.35	-1.0	6.287	0.0	0.0	0.0	0.0	0.8	0.0	72.555	1.44	5.912	121.764	93.044	9.184	-25.758	0.6	1.71	33.42	1.12	7.35	0.0	93.673	26.474	-11.3	32.2	0.0	41.073	2.96	-1.0	0.0	36.688	20.662	-10.156	0.4	0.0	12.303	0.96	4.662	0.0	29.014	8.312	-1.0	37.6	0.955	108.979
