-1.0	-6.963	44.133	0.0	23.932	-14.107	0.0	4.173	105.976	-6.34	-6.775	37.752	77.741	32.286	-6.9	0.0	7.701	142.883	-1.0	-3.9	0.0	0.0	23.06	-1.0	0.0	3.05	72.749	-6.28	-3.962	0.0	88.648	0.0	-7.322	0.0	2.338	100.454	-6.84	-3.775	0.0	90.803	0.0	-1.0	28.8	1.416	73.815	-7.45	-4.15	0.0	87.371	0.0	0.0	0.0	2.145	107.332	-6.3	-4.025	39.879	89.182	0.0	-1.0	0.2	3.193	37.973	-6.7	-3.275	0.0	88.114	24.876	-1.0	0.4	1.768	52.213	-6.3	-3.712	0.0	83.858	19.573	0.0	0.2	2.657	12.109	-6.98	-5.338	0.0	91.649	11.581	-22.21	0.0	2.313	120.312	-6.43
-1.0	-7.9	32.435	0.0	24.513	-13.674	0.0	4.576	104.91	-7.3	-7.213	29.776	86.02	32.214	-6.911	0.0	7.442	120.312	-1.0	-4.338	0.0	0.0	22.697	-1.0	0.0	2.858	90.67	-6.3	-4.15	0.0	89.242	0.0	-7.306	0.0	2.321	76.624	-6.84	-4.15	0.0	90.589	0.0	-1.0	28.8	1.651	114.209	-7.34	-4.4	0.0	86.994	0.0	0.0	0.0	1.936	103.651	-6.34	-4.025	44.664	89.33	0.0	-1.0	0.2	2.757	30.901	-6.72	-3.4	0.0	88.068	24.949	-1.0	0.4	1.777	74.59	-6.48	-4.15	0.0	83.835	19.427	0.0	0.2	2.908	12.206	-7.11	-5.713	0.0	91.612	11.799	-22.533	0.0	2.413	107.138	-6.34
-1.0	-7.588	29.245	0.0	24.295	-13.793	0.0	3.888	125.737	-7.12	-7.275	29.245	84.037	32.286	-6.972	0.0	7.157	124.187	-1.0	-4.4	0.0	0.0	22.842	-1.0	0.0	2.388	65.0	-6.24	-4.525	0.0	87.831	0.0	-7.275	0.0	2.238	64.031	-6.84	-4.213	0.0	90.375	0.0	-1.0	28.8	1.031	63.644	-7.36	-4.213	0.0	87.05	0.0	0.0	0.0	1.684	87.667	-6.18	-4.275	29.776	87.684	0.0	-1.0	0.2	3.092	32.258	-6.55	-3.525	0.0	87.648	25.239	-1.0	0.4	1.693	50.953	-6.3	-4.463	0.0	82.826	19.355	0.0	0.2	3.092	1.55	-7.14	-5.588	0.0	91.68	11.581	-22.399	0.0	2.187	135.424	-6.4
-1.0	-7.588	27.649	0.0	24.585	-13.864	0.0	5.246	109.947	-7.14	-7.4	27.118	84.539	32.359	-6.889	0.0	8.02	121.475	-1.0	-4.588	0.0	0.0	23.133	-1.0	0.0	2.179	64.903	-6.14	-4.838	0.0	87.654	0.0	-7.234	0.0	1.978	86.505	-6.84	-4.213	0.0	89.906	0.0	-1.0	28.8	1.609	82.049	-7.21	-4.525	0.0	86.517	0.0	0.0	0.0	1.86	51.147	-6.36	-4.775	25.523	87.921	0.0	-1.0	0.2	2.724	7.653	-6.51	-3.65	0.0	86.821	25.385	-1.0	0.4	1.433	44.173	-6.35	-4.65	0.0	82.771	19.5	0.0	0.2	2.657	5.425	-6.94	-5.775	0.0	90.93	11.799	-22.18	0.0	2.212	100.938	-6.29
-1.0	-6.275	22.864	0.0	24.077	-14.002	0.0	6.939	133.777	-5.84	-6.15	19.142	73.466	32.214	-6.949	0.0	10.978	127.384	-1.0	-4.15	0.0	0.0	23.06	-1.0	0.0	3.084	143.27	-6.18	-5.025	0.0	88.13	0.0	-7.226	0.0	1.45	51.147	-5.68	-4.275	0.0	76.549	0.0	-1.0	28.8	2.849	155.282	-7.26	-4.15	0.0	85.72	0.0	0.0	0.0	1.408	125.446	-6.26	-4.525	35.625	87.866	0.0	-1.0	0.2	2.657	47.854	-6.66	-3.65	0.0	86.741	24.949	-1.0	0.4	0.905	53.375	-6.25	-4.713	0.0	82.795	19.936	0.0	0.2	2.405	1.647	-6.24	-4.775	0.0	80.115	11.508	-22.273	0.0	2.531	168.263	-6.2
-1.0	-7.275	22.864	0.0	24.295	-13.229	0.0	6.897	74.299	-6.36	-6.775	19.674	76.166	32.141	-6.915	0.0	8.539	91.542	-1.0	-4.713	0.0	0.0	22.842	-1.0	0.0	2.975	91.639	-6.39	-4.963	0.0	87.893	0.0	-7.209	0.0	2.95	98.71	-6.72	-4.213	0.0	88.189	0.0	-1.0	28.8	2.346	72.265	-7.28	-4.4	0.0	85.963	0.0	0.0	0.0	1.617	46.885	-6.3	-4.65	22.332	88.119	0.0	-1.0	0.2	2.573	35.454	-6.67	-3.65	0.0	86.595	24.731	-1.0	0.4	1.651	66.743	-6.41	-4.463	0.0	82.843	20.081	0.0	0.2	2.112	352.122	-6.84	-6.025	0.0	88.758	11.799	-21.943	0.0	2.933	110.819	-6.39
-1.0	-6.775	19.142	0.0	24.367	-13.711	0.0	6.0	119.344	-5.88	-6.15	12.23	70.711	32.286	-6.933	0.0	8.598	108.01	-1.0	-4.775	0.0	0.0	23.133	-1.0	0.0	3.444	72.555	-6.23	-4.65	0.0	87.426	0.0	-7.271	0.0	2.321	60.931	-6.49	-4.338	0.0	85.876	0.0	-1.0	28.8	1.626	104.135	-7.3	-4.525	0.0	85.461	0.0	0.0	0.0	2.807	63.062	-6.13	-4.275	23.396	86.59	0.0	-1.0	0.2	2.992	61.803	-6.6	-4.15	0.0	86.2	24.876	-1.0	0.4	1.458	45.819	-6.26	-4.713	0.0	81.462	20.009	0.0	0.2	2.799	0.0	-6.92	-5.9	0.0	88.817	11.654	-21.976	0.0	1.316	136.877	-6.38
-1.0	-7.275	19.142	0.0	24.658	-13.842	0.0	6.084	91.154	-5.6	-6.213	15.952	68.175	31.85	-6.936	0.0	9.034	99.679	-1.0	-4.588	0.0	0.0	23.278	-1.0	0.0	3.117	59.091	-6.12	-4.9	0.0	86.012	0.0	-7.314	0.0	4.165	47.563	-6.68	-4.9	0.0	86.839	0.0	-1.0	28.8	2.338	65.678	-7.22	-4.65	0.0	84.918	0.0	0.0	0.0	2.279	55.894	-6.09	-4.588	25.523	85.957	0.0	-1.0	0.2	4.207	33.517	-6.48	-3.9	0.0	84.663	25.239	-1.0	0.4	2.397	70.812	-6.22	-4.588	0.0	80.743	19.718	0.0	0.2	4.416	17.824	-6.61	-5.713	0.0	88.178	11.944	-22.025	0.0	1.391	78.561	-6.22
-1.0	-8.275	21.269	0.0	24.513	-13.616	0.0	4.534	87.183	-6.94	-7.275	16.483	81.846	32.577	-6.846	0.0	6.444	119.15	-1.0	-4.775	0.0	0.0	22.624	-1.0	0.0	3.511	69.649	-6.14	-5.025	0.0	86.297	0.0	-7.226	0.0	3.645	62.772	-6.69	-4.588	0.0	87.773	0.0	-1.0	28.8	1.953	71.49	-7.12	-4.525	0.0	84.143	0.0	0.0	0.0	3.972	48.241	-6.25	-4.775	18.61	86.93	0.0	-1.0	0.2	5.145	32.355	-6.51	-3.837	0.0	85.118	25.239	-1.0	0.4	3.285	57.541	-6.22	-4.9	0.0	81.516	19.5	0.0	0.2	3.704	0.097	-6.73	-5.9	0.0	87.641	11.654	-22.4	0.0	1.575	107.041	-6.09
-1.0	-8.275	20.205	0.0	24.295	-13.616	0.0	4.71	89.411	-7.26	-7.463	15.952	84.614	32.068	-6.862	0.0	6.83	94.448	-1.0	-5.025	0.0	0.0	23.06	-1.0	0.0	4.391	53.763	-6.24	-5.275	0.0	87.096	0.0	-7.198	0.0	4.249	53.085	-6.84	-4.713	0.0	88.838	0.0	-1.0	28.8	2.958	84.374	-7.14	-4.775	0.0	84.623	0.0	0.0	0.0	3.83	33.614	-6.22	-4.963	18.61	86.937	0.0	-1.0	0.2	4.894	32.548	-6.57	-4.15	0.0	85.772	24.803	-1.0	0.4	3.679	26.058	-6.38	-5.088	0.0	82.177	19.209	0.0	0.2	3.62	4.069	-6.67	-5.838	0.0	88.203	11.654	-1.0	0.0	2.003	107.622	-6.3
-1.0	-8.338	7.444	0.0	24.295	-13.888	0.0	5.137	66.356	-6.4	-7.275	11.698	75.667	31.778	-6.876	0.0	8.749	113.531	-1.0	-5.025	0.0	0.0	23.133	-1.0	0.0	3.847	89.023	-6.2	-5.213	0.0	86.572	0.0	-7.21	0.0	3.042	45.626	-6.84	-4.713	0.0	89.077	0.0	-1.0	28.8	1.5	109.463	-7.22	-4.775	0.0	84.939	0.0	0.0	0.0	3.687	62.868	-6.23	-4.963	14.357	86.976	0.0	-1.0	0.2	4.442	39.232	-6.58	-4.275	0.0	85.686	24.949	-1.0	0.4	2.296	23.733	-6.38	-4.963	0.0	82.156	19.645	0.0	0.2	3.101	18.502	-7.06	-6.338	0.0	89.611	11.726	-21.602	0.0	2.464	109.366	-6.31
-1.0	-7.713	14.357	0.0	24.44	-13.703	0.0	5.011	68.487	-6.36	-7.275	7.444	74.357	31.778	-6.823	0.0	7.559	87.086	-1.0	-5.088	0.0	0.0	23.205	-1.0	0.0	3.377	78.949	-6.24	-5.275	0.0	87.383	0.0	-7.219	0.0	4.148	43.01	-6.84	-4.963	0.0	89.236	0.0	-1.0	28.8	2.481	85.924	-7.22	-5.338	0.0	84.813	0.0	0.0	0.0	2.849	55.313	-6.28	-4.9	13.825	87.8	0.0	-1.0	0.2	4.299	20.633	-6.62	-4.213	0.0	86.257	24.949	-1.0	0.4	2.657	40.298	-6.45	-5.088	0.0	82.833	20.154	0.0	0.2	3.637	6.975	-6.84	-6.088	0.0	89.017	11.436	-22.35	0.0	2.129	97.548	-6.38
-1.0	-7.088	9.571	0.0	24.367	-13.593	0.0	7.132	133.874	-6.06	-7.213	7.444	71.508	32.141	-6.881	0.0	9.444	131.162	-1.0	-5.088	0.0	0.0	23.06	-1.0	0.0	4.081	59.575	-6.36	-5.15	0.0	88.466	0.0	-7.251	0.0	3.553	45.626	-6.84	-4.775	0.0	87.835	0.0	-1.0	28.8	1.215	70.521	-7.3	-4.713	0.0	85.295	0.0	0.0	0.0	3.696	51.728	-6.48	-4.838	9.571	88.895	0.0	-1.0	0.2	4.056	22.28	-6.72	-4.4	0.0	86.726	25.312	-1.0	0.4	2.439	36.907	-6.58	-5.213	0.0	83.532	19.863	0.0	0.2	3.562	1.453	-6.94	-6.15	0.0	87.93	11.363	-21.562	0.0	2.162	117.987	-6.4
-1.0	-8.15	8.508	0.0	24.513	-13.846	0.0	5.078	76.527	-7.22	-7.713	9.571	83.673	31.996	-6.835	0.0	6.294	90.186	-1.0	-5.088	0.0	0.0	23.278	-1.0	0.0	3.738	81.661	-6.42	-5.4	0.0	88.65	0.0	-7.195	0.0	3.813	46.304	-6.96	-4.9	0.0	90.304	0.0	-1.0	28.8	2.749	82.921	-7.36	-4.963	0.0	86.437	0.0	0.0	0.0	3.143	52.6	-6.54	-5.088	7.444	89.237	0.0	-1.0	0.2	4.408	35.842	-6.84	-4.4	0.0	87.43	24.585	-1.0	0.4	2.556	48.532	-6.59	-5.275	0.0	83.743	20.299	0.0	0.2	2.807	355.996	-7.0	-6.4	0.0	90.156	11.581	-22.101	0.0	2.078	109.947	-6.56
-1.0	-8.338	8.508	0.0	24.077	-13.676	0.0	5.573	59.091	-6.66	-7.65	3.722	78.76	32.068	-6.892	0.0	6.83	82.921	-1.0	-5.338	0.0	0.0	22.987	-1.0	0.0	3.486	80.305	-6.54	-5.588	0.0	89.277	0.0	-7.158	0.0	3.394	70.715	-6.98	-4.963	0.0	90.454	0.0	-1.0	28.8	1.291	110.625	-7.48	-5.4	0.0	86.896	0.0	0.0	0.0	3.109	52.891	-6.46	-5.15	6.912	88.94	0.0	-1.0	0.2	3.478	34.389	-6.84	-4.4	0.0	88.037	24.949	-1.0	0.4	2.196	55.313	-6.56	-5.275	0.0	83.623	20.009	0.0	0.2	3.034	355.996	-7.18	-6.65	0.0	91.287	11.436	-21.259	0.0	1.819	128.546	-6.66
-1.0	-7.15	5.849	0.0	24.222	-13.583	0.0	4.869	126.996	-6.16	-6.775	2.659	72.048	31.778	-6.945	0.0	7.215	167.391	-1.0	-5.15	0.0	0.0	22.769	-1.0	0.0	2.564	68.778	-6.48	-5.213	0.0	89.134	0.0	-7.174	0.0	3.746	62.19	-6.92	-4.9	0.0	89.095	0.0	-1.0	28.8	1.165	58.025	-7.54	-5.275	0.0	86.921	0.0	0.0	0.0	2.715	63.159	-6.4	-4.963	6.381	88.736	0.0	-1.0	0.2	4.676	21.699	-6.84	-4.275	0.0	87.734	25.312	-1.0	0.4	2.464	51.922	-6.56	-5.025	0.0	83.494	20.299	0.0	0.2	3.428	18.018	-7.25	-6.338	0.0	90.709	11.654	-22.033	0.0	1.316	95.126	-6.64
-1.0	-8.15	5.849	0.0	24.15	-13.362	0.0	5.497	77.593	-7.34	-7.588	2.659	84.909	31.633	-6.926	0.0	7.5	96.192	-1.0	-4.713	0.0	0.0	23.423	-1.0	0.0	4.416	71.006	-6.47	-5.15	0.0	89.057	0.0	-7.172	0.0	4.534	49.113	-6.98	-4.775	0.0	90.22	0.0	-1.0	28.8	2.606	60.544	-7.48	-5.4	0.0	86.957	0.0	0.0	0.0	3.905	55.894	-6.52	-5.025	4.254	89.619	0.0	-1.0	0.2	4.902	30.805	-6.83	-4.338	0.0	87.392	25.385	-1.0	0.4	3.327	49.404	-6.62	-5.088	0.0	83.651	19.791	0.0	0.2	3.603	13.465	-6.88	-6.025	0.0	90.598	11.872	-22.367	0.0	1.643	88.636	-6.53
-1.0	-8.4	4.785	0.0	24.004	-13.392	0.0	4.76	62.578	-7.58	-7.713	2.127	87.317	32.432	-6.88	0.0	7.048	100.841	-1.0	-5.15	0.0	0.0	23.205	-1.0	0.0	4.835	72.749	-6.52	-5.463	0.0	89.559	0.0	-7.146	0.0	3.763	52.891	-7.05	-4.775	0.0	91.169	0.0	-1.0	28.8	2.665	84.955	-7.47	-4.963	0.0	87.285	0.0	0.0	0.0	4.5	39.91	-6.6	-5.213	5.849	89.775	0.0	-1.0	0.2	4.374	27.123	-6.89	-4.65	0.0	88.003	25.021	-1.0	0.4	2.455	16.952	-6.73	-5.213	0.0	83.964	19.427	0.0	0.2	3.143	16.371	-7.25	-6.213	0.0	91.344	11.508	-22.15	0.0	2.078	120.409	-6.69
-1.0	-9.025	4.785	0.0	24.222	-14.517	0.0	4.098	98.614	-7.67	-7.838	1.595	87.777	31.923	-6.892	0.0	6.503	88.733	-1.0	-5.15	0.0	0.0	22.697	-1.0	0.0	3.168	56.863	-6.54	-5.463	0.0	88.998	0.0	-7.139	0.0	2.598	54.538	-7.14	-4.713	0.0	91.087	0.248	-1.0	28.8	1.567	75.558	-7.56	-4.9	0.0	87.443	0.0	0.0	0.0	3.453	45.819	-6.42	-5.15	6.381	88.188	0.0	-1.0	0.2	4.4	50.663	-6.87	-4.463	0.0	87.948	25.312	-1.0	0.4	2.221	27.22	-6.58	-5.275	0.0	82.542	20.154	0.0	0.2	3.335	4.456	-7.32	-6.65	0.0	91.725	11.508	-21.523	0.0	1.676	101.035	-6.8
-1.0	-8.775	4.785	0.0	24.44	-13.336	0.0	3.193	91.542	-7.58	-7.838	1.063	86.952	31.85	-6.87	0.0	6.486	105.685	-1.0	-4.775	0.0	0.0	23.06	-1.0	0.0	3.26	53.86	-6.46	-5.4	0.0	88.74	0.0	-7.151	0.0	3.939	52.019	-7.07	-4.65	0.0	90.546	0.0	-1.0	28.8	1.936	75.365	-7.48	-5.213	0.0	86.447	0.0	0.0	0.0	2.682	62.578	-6.44	-5.15	4.254	88.545	0.0	-1.0	0.2	4.676	42.429	-6.89	-4.4	0.0	87.335	24.949	-1.0	0.4	3.528	44.27	-6.64	-5.275	0.0	83.217	19.936	0.0	0.2	3.528	1.744	-7.16	-6.463	0.0	91.331	11.726	-20.857	0.0	1.735	100.26	-6.62
-1.0	-8.275	1.595	0.0	24.44	-13.898	0.0	5.766	82.436	-7.54	-7.65	1.063	86.84	32.432	-6.943	0.0	8.816	101.713	-1.0	-5.275	0.0	0.0	23.133	-1.0	0.0	4.559	82.824	-6.6	-5.463	0.0	89.102	0.0	-7.124	0.0	3.411	64.031	-7.11	-4.775	0.0	90.535	0.0	-1.0	28.8	3.117	90.089	-7.5	-5.463	0.0	86.319	0.0	0.0	0.0	4.341	51.825	-6.55	-5.213	4.254	88.916	0.0	-1.0	0.2	3.805	34.486	-6.94	-4.525	0.0	87.424	24.585	-1.0	0.4	2.782	61.222	-6.76	-5.15	0.0	83.744	19.5	0.0	0.2	2.858	22.474	-7.32	-6.525	0.0	91.018	11.436	-21.814	0.0	2.489	124.284	-6.61
-1.0	-7.963	3.722	0.0	24.513	-13.595	0.0	4.919	58.606	-6.76	-7.025	1.063	76.888	31.705	-6.918	0.0	9.201	127.287	-1.0	-5.15	0.0	0.0	22.769	-1.0	0.0	2.757	57.638	-6.6	-5.713	0.0	89.34	0.0	-7.239	0.0	3.176	55.216	-7.17	-4.963	0.0	90.924	0.0	-1.0	28.8	1.45	87.57	-7.58	-5.338	0.0	86.707	0.0	0.0	0.0	2.522	39.813	-6.54	-5.338	3.19	89.237	0.0	-1.0	0.2	3.377	36.617	-6.96	-4.713	0.0	87.803	24.876	-1.0	0.4	2.363	42.138	-6.84	-5.275	0.0	83.895	19.936	0.0	0.2	3.059	18.502	-7.34	-6.588	0.0	91.701	12.09	-21.798	0.0	2.254	129.321	-6.74
-1.0	-8.65	1.595	0.0	24.367	-13.911	0.0	4.383	112.66	-7.38	-7.588	1.595	84.015	31.778	-6.897	0.0	7.073	105.007	-1.0	-5.213	0.0	0.0	22.769	-1.0	0.0	2.732	106.363	-6.7	-5.4	0.0	89.471	0.0	-7.144	0.0	2.908	59.187	-7.21	-4.775	0.0	90.971	0.0	-1.0	28.8	1.148	82.146	-7.6	-5.15	0.0	87.089	0.0	0.0	0.0	2.749	63.353	-6.54	-5.338	2.659	89.197	0.0	-1.0	0.2	3.52	31.676	-7.0	-4.4	0.0	87.954	25.457	-1.0	0.4	1.391	70.618	-6.84	-5.4	0.0	83.895	20.081	0.0	0.2	3.394	14.24	-7.49	-6.838	0.0	91.848	12.09	-22.071	0.0	2.238	138.039	-6.72
-1.0	-8.463	3.722	0.0	24.513	-13.588	0.0	4.425	96.482	-7.42	-7.713	0.532	85.139	32.286	-6.887	0.0	8.64	107.719	-1.0	-5.4	0.0	0.0	22.697	-1.0	0.0	3.419	88.636	-6.58	-5.963	0.0	88.568	0.0	-7.105	0.0	3.193	60.834	-7.2	-5.275	0.0	90.704	0.0	-1.0	28.8	1.508	92.511	-7.63	-5.088	0.0	87.162	0.0	0.0	0.0	2.103	52.794	-6.54	-5.463	0.0	88.918	0.0	-1.0	0.2	3.964	40.007	-7.0	-4.65	0.0	87.57	25.094	-1.0	0.4	2.095	34.679	-6.78	-5.275	0.0	83.312	20.154	0.0	0.2	2.975	352.122	-7.49	-7.025	0.0	91.811	11.726	-21.771	0.0	1.45	145.595	-6.74
-1.0	-8.15	2.127	0.0	23.932	-13.566	0.0	4.383	108.204	-7.06	-7.775	0.0	81.008	32.068	-6.868	0.0	7.098	130.871	-1.0	-5.213	0.0	0.0	23.133	-1.0	0.0	2.338	93.092	-6.72	-5.713	0.0	89.584	0.0	-7.118	0.0	3.612	47.466	-7.24	-5.15	0.0	90.615	0.0	-1.0	28.8	0.0	102.198	-7.65	-5.338	0.0	86.362	0.0	0.0	0.0	2.179	63.353	-6.66	-5.463	2.127	90.014	0.0	-1.0	0.2	4.165	36.036	-7.04	-4.65	0.0	87.923	24.44	-1.0	0.4	1.81	47.079	-6.87	-5.588	0.0	84.459	20.444	0.0	0.2	3.369	11.527	-7.46	-7.275	0.0	91.553	12.09	-21.875	0.0	1.341	132.421	-6.74
-1.0	-8.338	1.595	0.0	24.585	-13.538	0.0	5.916	70.812	-7.42	-7.838	0.0	83.431	31.85	-6.87	0.0	8.095	91.058	-1.0	-5.4	0.0	0.0	22.987	-1.0	0.0	4.282	61.028	-6.78	-5.588	0.0	89.922	0.0	-7.143	0.0	4.408	62.19	-7.32	-5.15	0.0	91.687	0.0	-1.0	28.8	3.134	84.664	-7.72	-5.4	0.0	87.401	0.0	0.0	0.0	3.117	42.041	-6.54	-5.275	2.127	89.078	0.0	-1.0	0.2	4.609	24.508	-7.1	-4.4	0.0	88.808	25.021	-1.0	0.4	2.883	43.495	-6.9	-5.588	0.0	84.642	19.936	0.0	0.2	3.352	5.618	-7.18	-6.525	0.0	91.897	11.872	-21.728	0.0	2.17	92.801	-6.84
-1.0	-8.463	1.595	0.0	24.077	-13.519	0.0	5.942	68.681	-7.6	-7.775	0.0	86.579	32.068	-6.868	0.0	8.405	101.132	-1.0	-5.15	0.0	0.0	22.624	-1.0	0.0	4.374	44.173	-6.7	-5.463	0.0	89.412	0.0	-7.153	0.0	3.813	52.213	-7.2	-4.9	0.0	91.051	0.0	-1.0	28.8	2.749	97.548	-7.67	-5.15	0.0	87.435	0.0	0.0	0.0	4.039	46.788	-6.6	-5.275	0.0	89.636	0.0	-1.0	0.2	4.383	29.933	-7.0	-4.588	0.0	88.135	24.876	-1.0	0.4	2.992	26.349	-6.9	-5.4	0.0	84.473	20.009	0.0	0.2	2.64	15.402	-7.26	-6.4	0.0	91.379	11.872	-22.268	0.0	2.154	101.229	-6.79
-1.0	-8.775	1.063	0.0	24.295	-13.471	0.0	4.894	87.861	-7.69	-7.9	0.0	87.126	31.705	-6.851	0.0	7.676	98.226	-1.0	-5.4	0.0	0.0	23.133	-1.0	0.0	3.008	76.818	-6.64	-5.025	0.0	89.823	0.0	-7.167	0.0	3.109	57.928	-7.24	-4.713	0.0	91.155	0.0	-1.0	28.8	1.835	86.989	-7.68	-5.4	0.0	86.946	0.0	0.0	0.0	3.813	56.184	-6.7	-4.963	3.19	90.218	0.0	-1.0	0.2	4.006	49.694	-7.04	-4.338	0.0	88.305	25.167	-1.0	0.4	1.45	41.751	-6.84	-4.9	0.0	84.34	19.863	0.0	0.2	3.101	350.959	-7.48	-6.713	0.0	91.965	11.944	-21.851	0.0	2.254	96.192	-6.84
-1.0	-8.525	0.532	0.0	24.15	-13.509	0.0	4.768	124.187	-7.24	-7.65	0.0	81.926	32.068	-6.885	0.0	7.4	98.71	-1.0	-4.9	0.0	0.0	22.333	-1.0	0.0	2.916	54.538	-6.84	-5.15	0.0	90.453	0.0	-7.127	0.0	4.081	48.435	-7.28	-4.9	0.0	91.679	0.0	-1.0	28.8	1.643	79.143	-7.7	-5.213	0.0	87.608	0.0	0.0	0.0	3.134	36.81	-6.84	-5.4	0.0	90.996	0.0	-1.0	0.2	5.229	35.842	-7.15	-4.588	0.0	88.835	24.876	-1.0	0.4	3.495	55.7	-7.0	-5.338	0.0	84.995	20.081	0.0	0.2	3.62	2.131	-7.32	-6.4	0.0	92.463	11.944	-22.017	0.0	1.617	100.066	-6.84
-1.0	-8.213	0.532	0.0	24.513	-14.65	0.0	4.517	75.462	-7.81	-7.775	0.0	87.981	31.633	-6.838	0.0	6.553	95.901	-1.0	-5.213	0.0	0.0	22.915	-1.0	0.0	4.894	71.684	-6.84	-6.088	0.0	91.458	0.0	-7.066	0.0	3.344	58.897	-7.36	-5.275	0.0	92.282	0.0	-1.0	28.8	3.117	81.274	-7.75	-5.4	0.0	88.356	0.0	0.0	0.0	4.601	47.563	-6.92	-5.463	1.595	92.008	0.0	-1.0	0.2	3.905	38.07	-7.22	-4.65	0.0	89.528	25.312	-1.0	0.4	3.117	50.566	-7.2	-5.463	0.0	86.025	19.137	0.0	0.2	3.662	20.439	-7.48	-6.713	0.0	92.399	11.799	-21.936	0.0	2.271	122.637	-6.97
