-1.96	-2.775	19.142	89.859	24.949	-12.56	35.2	0.0	68.003	-3.21	-2.025	15.952	68.229	33.013	-7.656	29.0	0.0	90.186	-2.46	-1.4	0.0	69.062	23.641	-11.776	0.8	0.0	44.754	-2.46	-0.087	0.0	74.105	30.979	0.0	36.0	0.0	44.754	-2.65	-0.963	0.0	93.438	11.145	-8.83	1.6	0.0	71.974	-2.3	-1.087	0.0	97.177	0.0	0.0	1.2	0.0	46.691	-2.16	-0.275	21.269	72.107	9.402	-22.195	1.0	0.0	42.72	-2.74	-0.15	0.0	75.682	26.111	-11.057	32.6	0.0	45.819	-1.0	-0.212	0.0	39.359	20.299	-11.537	1.0	0.0	349.409	-2.77	-1.4	0.0	29.098	8.675	-1.0	38.2	0.0	79.724	-2.54
-1.97	-2.525	17.547	89.856	24.876	-12.597	35.2	0.0	67.712	-3.2	-2.212	13.825	68.206	32.722	-7.444	29.0	0.0	89.508	-2.44	-1.587	0.0	69.091	23.496	-11.431	0.8	0.0	44.657	-2.47	-0.212	0.0	74.175	30.979	0.0	36.0	0.0	45.819	-2.64	-0.963	0.0	93.46	10.855	-8.783	1.6	0.0	71.781	6.59	-0.9	0.0	99.818	0.0	0.0	1.2	0.0	46.594	-2.18	-0.15	29.245	72.103	9.474	-22.626	1.0	0.0	43.01	-2.82	-0.463	0.0	75.808	26.474	-11.015	32.6	0.0	46.11	-1.0	-0.087	0.0	55.228	20.517	-11.778	1.0	0.0	349.022	-2.78	-1.462	0.0	29.031	8.457	-1.0	38.2	0.0	79.627	-2.54
-1.96	-2.587	19.142	89.859	25.094	-12.476	35.2	0.0	68.584	-3.2	-1.9	20.205	68.206	33.158	-7.472	29.0	0.0	89.798	-2.52	-1.712	0.0	69.05	23.714	-11.731	0.8	0.0	45.044	-2.5	-0.025	0.0	74.218	30.979	0.0	36.0	0.0	45.722	-2.7	-0.4	0.0	93.424	10.637	-8.809	1.6	0.0	71.974	5.24	-0.838	0.0	99.379	0.0	0.0	1.2	0.0	46.594	-2.2	-0.338	21.269	72.099	9.474	-22.277	1.0	0.0	42.816	-2.8	-0.212	0.0	75.812	26.256	-10.9	32.6	0.0	45.722	-1.0	-0.212	0.0	39.359	20.953	-12.144	1.0	0.0	349.022	-2.76	-1.462	0.0	29.033	8.603	-1.0	38.2	0.0	79.433	-2.5
-1.96	-2.775	20.205	89.859	24.44	-12.338	35.2	0.0	68.487	-3.2	-1.9	16.483	68.231	33.013	-7.457	29.0	0.0	90.961	-2.42	-1.65	0.0	69.095	23.641	-11.835	0.8	0.0	44.56	-2.5	-0.212	0.0	74.121	31.051	0.0	36.0	0.0	45.044	-2.68	-1.025	0.0	93.43	10.782	-8.835	1.6	0.0	71.587	-2.2	-1.025	0.0	97.17	0.0	0.0	1.2	0.0	46.594	-2.14	-0.15	32.435	72.136	9.765	-22.33	1.0	0.0	42.526	-2.75	-0.212	0.0	75.775	26.692	-11.125	32.6	0.0	46.304	-1.0	-0.087	0.0	39.39	20.372	-11.918	1.0	0.0	349.216	-2.76	-1.587	0.0	29.033	8.675	-1.0	38.2	0.0	79.724	-2.56
-1.92	-2.525	20.737	89.89	24.295	-12.485	35.2	0.0	68.39	-3.18	-2.087	18.078	68.235	32.94	-7.455	29.0	0.0	90.089	-2.42	-1.775	0.0	69.12	23.568	-11.538	0.8	0.0	44.463	-2.48	-0.025	0.0	74.028	31.269	0.0	36.0	0.0	45.238	-2.61	-1.275	0.0	93.488	11.145	-8.785	1.6	0.0	72.265	-2.15	-1.025	0.0	97.221	0.0	0.0	1.2	0.0	47.66	-2.11	-0.15	44.664	72.142	9.692	-22.131	1.0	0.0	42.623	-2.7	-0.087	0.0	75.762	26.474	-11.182	32.6	0.0	46.788	-1.0	0.1	0.0	39.233	20.517	-11.994	1.0	0.0	348.634	-2.72	-1.337	0.0	29.036	8.53	-1.0	38.2	0.0	79.724	-2.48
-1.93	-2.525	27.118	89.887	25.239	-12.597	35.2	0.0	68.874	-3.17	-2.087	22.864	68.212	32.504	-7.425	29.0	0.0	89.798	-2.34	-1.462	0.0	69.161	24.004	-11.814	0.8	0.0	44.463	-2.47	-0.087	0.0	74.006	30.543	0.0	36.0	0.0	44.851	-2.62	-0.9	0.0	93.485	10.855	-8.789	1.6	0.0	71.974	-2.02	-1.025	0.0	97.26	0.0	0.0	1.2	0.0	46.885	-2.14	-0.212	37.22	72.136	9.692	-22.213	1.0	0.0	42.623	-2.69	0.287	0.0	75.788	26.111	-11.155	32.6	0.0	45.916	-1.0	0.1	0.0	39.264	20.735	-12.191	1.0	0.0	349.7	-2.73	-1.4	0.0	29.035	8.53	-1.0	38.2	0.0	79.821	-2.41
-1.91	-2.525	28.713	89.872	24.585	-12.485	35.2	0.0	68.487	-3.19	-2.212	24.459	68.208	32.65	-7.398	29.0	0.0	90.283	-2.44	-1.4	0.0	69.116	23.496	-11.776	0.8	0.0	44.56	-2.44	-0.025	0.0	73.915	31.415	0.0	36.0	0.0	46.013	-2.66	-0.775	0.0	93.474	10.419	-8.791	1.6	0.0	71.877	-1.98	-0.963	0.0	97.29	0.0	0.0	1.2	0.0	46.594	-2.11	-0.087	41.474	72.167	10.056	-22.546	1.0	0.0	42.816	-2.63	-0.212	0.0	75.921	26.765	-17.631	32.6	0.0	45.819	-2.1	0.037	0.0	39.175	20.808	-12.283	1.0	0.0	349.022	-2.74	-1.275	0.0	29.034	8.603	-1.0	38.2	0.0	79.24	-2.44
-1.9	-2.462	28.713	89.915	25.167	-14.424	35.2	0.0	68.39	-3.15	-2.15	29.245	68.19	33.303	-7.419	29.0	0.0	89.895	-2.42	-1.587	0.0	69.12	23.714	-11.61	0.8	0.0	44.754	-2.46	-0.087	0.0	73.789	30.615	0.0	36.0	0.0	45.141	-2.66	-1.15	0.0	93.474	10.709	-8.822	1.6	0.0	72.071	-1.87	-1.025	0.0	97.341	0.0	0.0	1.2	0.0	46.691	-2.08	-0.15	42.538	72.173	9.547	-22.429	1.0	0.0	42.816	-2.68	-0.15	0.0	76.053	25.966	-11.095	32.6	0.0	45.722	-1.0	0.287	0.0	0.0	20.808	-12.27	1.0	0.0	349.312	-2.7	-1.4	0.0	29.038	8.675	-1.0	38.2	0.0	79.53	-2.41
-1.9	-2.4	32.435	89.915	24.658	-12.448	35.2	0.0	68.778	-3.15	-2.025	34.03	68.164	32.94	-7.337	29.0	0.0	89.701	-2.42	-1.4	0.0	69.12	23.641	-11.729	0.8	0.0	44.366	-2.44	0.037	0.0	73.817	31.051	0.0	36.0	0.0	45.335	-2.66	-0.838	0.0	93.474	11.073	-8.808	1.6	0.0	72.555	-1.72	-0.775	0.0	97.385	0.0	0.0	1.2	0.0	46.691	-2.08	-0.087	35.093	72.173	9.838	-22.447	1.0	0.0	42.913	-2.65	0.037	0.0	76.059	26.692	-11.007	32.6	0.0	46.013	-1.0	0.163	0.0	0.0	20.299	-12.302	1.0	0.0	349.022	-2.68	-1.337	0.0	28.973	8.457	-1.0	38.2	0.0	79.627	-2.42
-1.88	-2.4	32.967	89.921	24.731	-12.673	35.2	0.0	67.809	-3.14	-2.15	31.372	68.166	32.867	-7.419	29.0	0.0	89.508	-2.52	-1.525	0.0	69.075	23.568	-11.619	0.8	0.0	44.754	-2.46	-0.025	0.0	73.764	30.543	0.0	36.0	0.0	46.013	-2.64	-0.9	0.0	93.48	10.637	-8.789	1.6	0.0	71.587	-1.74	-0.775	0.0	97.379	0.0	0.0	1.2	0.0	46.788	-2.04	-0.087	47.323	72.181	9.329	-22.348	1.0	0.0	42.72	-2.7	-0.15	0.0	76.191	26.329	-10.945	32.6	0.0	46.013	-1.0	0.163	0.0	0.0	21.389	-12.15	1.0	0.0	348.634	-2.7	-1.4	0.0	29.005	8.603	-1.0	38.2	0.0	79.24	-2.4
-1.86	-2.275	42.006	89.926	24.658	-12.692	35.2	0.0	68.681	-3.16	-2.025	40.943	68.137	33.086	-7.407	29.0	0.0	90.089	-2.48	-1.525	0.0	69.083	23.568	-11.806	0.8	0.0	44.463	-2.45	0.037	0.0	73.815	31.197	0.0	36.0	0.0	45.916	-2.64	-0.338	0.0	93.48	10.492	-8.873	1.6	0.0	71.974	-1.74	-0.775	0.0	97.379	0.0	0.0	1.2	0.0	46.885	-2.08	-0.212	77.1	72.173	9.62	-22.213	1.0	0.0	42.623	-2.69	-0.275	0.0	76.217	27.056	-11.04	32.6	0.0	45.916	-1.0	0.475	0.0	0.0	20.299	-12.35	1.0	0.0	349.312	-2.68	-1.275	0.0	29.006	8.675	-1.0	38.2	0.0	79.53	-2.42
-1.82	-2.462	39.879	89.937	25.239	-12.607	35.2	0.0	68.39	-3.13	-2.025	38.284	68.143	32.94	-7.407	29.0	0.0	89.508	-2.36	-1.525	0.0	69.132	23.641	-12.0	0.8	0.0	44.27	-2.44	0.163	0.0	73.769	30.979	-7.4	36.0	0.0	44.851	-2.66	-0.838	0.0	93.474	10.927	-8.819	1.6	0.0	72.071	-1.76	-0.963	0.0	97.374	0.0	0.0	1.2	0.0	46.691	-2.0	0.037	53.704	72.214	9.983	-22.383	1.0	0.0	42.913	-2.7	0.1	0.0	76.167	26.692	-11.247	32.6	0.0	45.916	-1.0	0.475	0.0	0.0	20.372	-12.248	1.0	0.0	349.022	-2.7	-1.4	0.0	28.971	8.675	-1.0	38.2	0.0	79.627	-2.41
-1.86	-2.462	31.903	89.926	24.513	-12.607	35.2	0.0	68.584	-3.08	-1.837	26.054	68.127	32.867	-7.439	29.0	0.0	90.283	-2.4	-1.4	0.0	69.15	23.786	-11.92	0.8	0.0	44.754	-2.32	0.037	0.0	73.647	31.051	0.0	36.0	0.0	46.013	-2.66	-0.9	0.0	93.474	10.927	-8.824	1.6	0.0	71.684	-1.66	-0.463	0.0	97.403	0.0	0.0	1.2	0.0	46.594	-2.02	0.037	54.767	72.21	9.983	-22.581	1.0	0.0	42.913	-2.7	-0.15	0.0	76.239	26.62	-11.134	32.6	0.0	45.819	-1.93	0.35	0.0	38.974	20.081	-12.178	1.0	0.0	349.022	-2.7	-1.337	0.0	28.971	8.675	-1.0	38.2	0.0	79.336	-2.4
-1.84	-2.462	46.791	89.931	24.949	-12.607	35.2	0.0	68.1	-3.14	-1.837	32.435	68.141	32.867	-7.393	29.0	0.0	90.186	-2.34	-1.65	0.0	69.161	24.004	-11.601	0.8	0.0	44.657	-2.34	0.1	0.0	73.35	31.415	-0.073	36.0	0.0	45.141	-2.52	-0.463	0.0	93.552	10.346	-8.859	1.6	0.0	71.974	-1.64	-0.838	0.0	97.427	0.0	0.0	1.2	0.0	46.401	-1.98	0.1	65.933	72.243	9.692	-22.301	1.0	0.0	42.913	-2.65	-0.15	0.0	76.249	26.329	-11.095	32.6	0.0	46.594	-1.0	0.35	0.0	0.0	20.953	-12.435	1.0	0.0	349.409	-2.68	-1.4	0.0	29.039	8.675	-1.0	38.2	0.0	79.724	-2.3
-1.82	-2.4	45.728	89.957	24.949	-12.673	35.2	0.0	68.39	-3.06	-1.775	49.45	68.105	33.013	-7.429	29.0	0.0	89.895	-2.32	-1.275	0.0	69.165	23.786	-11.841	0.8	0.0	44.56	-2.32	0.163	0.0	73.207	30.761	0.0	36.0	0.0	44.56	-2.5	-1.087	0.0	93.558	10.709	-8.841	1.6	0.0	72.168	-1.58	-0.9	0.0	97.463	0.0	0.0	1.2	0.0	46.982	-1.97	-0.212	57.958	72.27	9.838	-1.0	1.0	0.0	42.72	-2.58	-0.087	0.0	76.288	26.692	-11.104	32.6	0.0	45.916	-1.0	0.225	0.0	0.0	20.735	-12.521	1.0	0.0	349.312	-2.61	-1.337	0.0	28.979	8.53	-1.0	38.2	0.0	79.724	-2.24
-1.82	-2.275	49.45	89.937	24.803	-12.522	35.2	0.0	68.293	-3.01	-1.837	49.45	68.089	33.231	-7.393	29.0	0.0	89.701	-2.34	-1.337	0.0	69.186	23.641	-11.88	0.8	0.0	44.657	-2.32	-0.025	0.0	73.158	31.197	-0.03	36.0	0.0	44.948	-2.49	-0.525	0.0	93.561	10.201	-8.877	1.6	0.0	72.265	-1.5	-0.775	0.0	97.487	0.0	0.0	1.2	0.0	47.563	-1.94	-0.212	49.45	72.251	10.201	-22.706	1.0	0.0	42.72	-2.57	-0.15	0.0	76.385	26.62	-11.057	32.6	0.0	45.819	-1.0	0.287	0.0	0.0	21.098	-12.219	1.0	0.0	349.409	-2.58	-1.212	0.0	28.916	8.603	-1.0	38.2	0.0	79.336	-2.26
-1.78	-2.337	56.894	89.968	25.094	-12.569	35.2	0.0	68.487	-3.03	-1.587	52.109	68.034	32.795	-7.415	29.0	0.0	89.798	-2.37	-1.337	0.0	69.181	23.568	-14.259	0.8	0.0	44.463	-2.34	-0.087	0.0	73.179	31.342	0.0	36.0	0.0	45.432	-2.53	-0.713	0.0	93.549	11.0	-8.958	1.6	0.0	71.974	-1.52	-0.588	0.0	97.481	0.0	0.0	1.2	0.0	46.498	-2.0	-0.15	28.713	72.239	9.692	-22.528	1.0	0.0	42.623	-2.6	0.037	0.0	76.521	26.547	-11.278	32.6	0.0	46.304	-1.0	0.1	0.0	0.0	20.372	-12.191	1.0	0.0	349.022	-2.58	-1.15	0.0	28.916	8.457	-1.0	38.2	0.0	79.53	-2.36
-1.78	-2.4	38.816	89.988	25.021	-12.673	35.2	0.0	68.39	-2.98	-1.712	32.967	68.044	32.504	-7.411	29.0	0.0	89.895	-2.26	-1.212	0.0	69.228	23.786	-11.899	0.8	0.0	44.173	-2.36	-0.087	0.0	73.126	31.415	-0.211	36.0	0.0	45.141	-2.48	-0.963	0.0	93.563	10.927	-9.086	1.6	0.0	71.781	-1.5	-1.15	0.0	97.487	0.0	0.0	1.2	0.0	46.788	-1.96	-0.087	37.22	72.272	10.056	-22.84	1.0	0.0	42.623	-2.62	-0.212	0.0	76.493	26.474	-11.493	32.6	0.0	46.013	-1.0	0.163	0.0	0.0	20.662	-12.251	1.0	0.0	349.312	-2.56	-1.337	0.0	28.917	8.53	-1.0	38.2	0.0	79.724	-2.31
-1.76	-2.275	54.236	89.994	25.021	-12.692	35.2	0.0	68.196	-2.98	-1.837	44.664	68.018	32.795	-7.408	29.0	0.0	90.186	-2.3	-1.462	0.0	69.22	23.568	-11.767	0.8	0.0	43.979	-2.34	-0.15	0.0	73.105	31.197	0.0	36.0	0.0	45.238	-2.58	-0.963	0.0	93.535	10.419	-8.806	1.6	0.0	72.168	-1.54	-1.087	0.0	97.494	0.0	0.0	1.2	0.0	46.885	-1.98	-0.087	34.03	72.268	9.62	-21.948	1.0	0.0	42.429	-2.58	0.037	0.0	76.573	25.82	-11.402	32.6	0.0	46.401	-1.0	0.225	0.0	0.0	20.227	-12.16	1.0	0.0	349.022	-2.54	-0.963	0.0	28.919	8.675	-1.0	38.2	0.0	79.24	-2.38
-1.74	-2.462	37.22	89.999	24.367	-12.607	35.2	0.0	68.487	-2.96	-1.837	36.689	67.996	33.158	-7.416	29.0	0.0	90.476	-2.3	-1.337	0.0	69.22	23.568	-11.929	0.8	0.0	44.657	-2.32	-0.025	0.0	73.036	30.979	-0.32	36.0	0.0	45.238	-2.51	-0.9	0.0	93.555	10.709	-8.836	1.6	0.0	71.781	-1.54	-0.713	0.0	97.494	0.0	0.0	1.2	0.0	46.982	-1.96	-0.025	52.109	72.296	10.128	-22.465	1.0	0.0	42.526	-2.62	-0.212	0.0	76.612	26.474	-11.9	32.6	0.0	45.626	-1.0	0.35	0.0	0.0	20.517	-12.08	1.0	0.0	349.409	-2.5	-1.337	0.0	28.922	8.675	-1.0	38.2	0.0	80.111	-2.3
-1.74	-2.212	52.64	89.999	24.44	-12.645	35.2	0.0	68.39	-2.96	-1.587	40.943	67.996	32.867	-7.446	29.0	0.0	89.701	-2.3	-1.4	0.0	69.22	23.568	-11.591	0.8	0.0	44.366	-2.38	0.037	0.0	72.999	30.833	-0.11	36.0	0.0	45.335	-2.54	-0.713	0.0	93.546	10.637	-8.844	1.6	0.0	72.071	-1.54	-0.713	0.0	97.512	0.0	0.0	1.2	0.0	47.369	-2.0	0.037	44.133	72.288	10.201	-22.482	1.0	0.0	43.01	-2.62	-0.025	0.0	76.612	26.692	-10.55	32.6	0.0	45.819	-1.0	0.225	0.0	0.0	20.372	-12.21	1.0	0.0	349.022	-2.55	-1.087	0.0	28.918	8.675	-1.0	38.2	0.0	78.949	-2.24
-1.72	-2.275	39.347	90.004	24.949	-12.579	35.2	0.0	68.293	-2.94	-1.9	44.133	67.975	32.722	-7.418	29.0	0.0	90.089	-2.32	-1.525	0.0	69.216	23.641	-11.902	0.8	0.0	44.366	-2.29	0.1	0.0	72.968	31.342	-0.015	36.0	0.0	44.851	-2.46	-1.087	0.0	93.569	10.492	-8.804	1.6	0.0	72.071	-1.5	-0.713	0.0	97.506	0.0	0.0	1.2	0.0	46.401	-1.96	-0.025	34.03	72.296	9.692	-22.662	1.0	0.0	43.01	-2.6	-0.025	0.0	76.663	27.056	-10.999	32.6	0.0	45.916	-1.0	0.163	0.0	0.0	20.953	-12.15	1.0	0.0	349.022	-2.52	-1.212	0.0	28.954	8.675	-1.0	38.2	0.0	79.433	-2.2
-1.67	-2.212	46.26	90.038	24.513	-12.702	35.2	0.0	68.681	-2.92	-1.525	45.728	67.978	33.158	-7.397	29.0	0.0	90.186	-2.32	-1.337	0.0	69.216	24.004	-11.929	0.8	0.0	44.463	-2.31	0.037	0.0	72.964	31.342	0.0	36.0	0.0	45.238	-2.52	-0.9	0.0	93.552	10.782	-8.801	1.6	0.0	71.877	-1.49	-0.963	0.0	97.527	0.0	0.0	1.2	0.0	47.273	-1.92	0.037	38.816	72.305	9.692	-22.876	1.0	0.0	42.816	-2.56	-0.025	0.0	76.672	26.256	-10.456	32.6	0.0	45.916	-1.68	0.1	0.0	39.064	20.953	-11.76	1.0	0.0	349.022	-2.51	-1.15	0.0	28.988	8.457	-1.0	38.2	0.0	79.53	-2.26
-1.66	-2.337	57.958	90.041	25.53	-12.458	35.2	0.0	68.874	-2.88	-1.712	50.513	67.935	32.722	-7.404	29.0	0.0	89.992	-2.28	-1.337	0.0	69.224	23.932	-11.645	0.8	0.0	44.27	-2.29	0.037	0.0	72.968	31.487	0.0	36.0	0.0	45.529	-2.54	-0.838	0.0	93.546	10.346	-8.785	1.6	0.0	71.877	-1.47	-0.588	0.0	97.533	0.0	0.0	1.2	0.0	46.691	-1.89	-0.212	57.958	72.335	9.91	-22.411	1.0	0.0	42.623	-2.56	0.037	0.0	76.719	26.547	-11.121	32.6	0.0	45.916	-1.63	0.35	0.0	39.07	20.372	-12.178	1.0	0.0	349.022	-2.52	-1.15	0.0	28.954	8.53	-1.0	38.2	0.0	79.336	-2.25
-1.64	-2.462	48.387	90.066	25.094	-11.965	35.2	0.0	68.487	-2.89	-1.775	61.68	67.933	32.795	-7.39	29.0	0.0	90.283	-2.33	-1.275	0.0	69.214	23.568	-11.889	0.8	0.0	44.657	-2.31	0.037	0.0	72.964	31.415	-0.11	36.0	0.0	45.141	-2.55	-0.588	0.0	93.544	10.709	-8.87	1.6	0.0	71.877	-1.56	-0.4	0.0	97.506	0.0	0.0	1.2	0.0	46.691	-1.86	-0.212	34.03	72.342	9.838	-22.997	1.0	0.0	42.913	-2.57	0.037	0.0	76.764	26.765	-11.319	32.6	0.0	46.013	-1.0	0.163	0.0	0.0	20.662	-12.675	1.0	0.0	349.409	-2.53	-1.087	0.0	28.953	8.893	-1.0	38.2	0.0	79.724	-2.23
-1.66	-2.212	43.069	90.061	25.021	-12.877	35.2	0.0	68.39	-2.86	-1.9	48.387	67.964	32.867	-7.379	29.0	0.0	89.798	-2.22	-1.275	0.0	69.261	23.859	-11.889	0.8	0.0	44.463	-2.28	0.1	0.0	72.872	31.56	0.0	36.0	0.0	44.948	-2.45	-0.9	0.0	93.572	10.492	-8.767	1.6	0.0	71.877	-1.52	-0.588	0.0	97.518	0.0	0.0	1.2	0.0	46.788	-1.88	-0.087	55.831	72.362	9.474	-22.644	1.0	0.0	42.623	-2.54	0.037	0.0	76.771	26.983	-11.444	32.6	0.0	45.626	-1.0	0.662	0.0	0.0	20.88	-12.226	1.0	0.0	349.022	-2.52	-1.15	0.0	28.987	8.385	-1.0	38.2	0.0	79.336	-2.18
-1.64	-2.212	51.577	90.046	25.021	-12.702	35.2	0.0	68.196	-2.88	-1.712	39.347	67.96	32.65	-7.388	29.0	0.0	89.023	-2.22	-1.337	0.0	69.261	23.859	-11.88	0.8	0.0	44.851	-2.32	-0.025	0.0	72.815	30.833	-0.088	36.0	0.0	45.529	-2.51	-0.775	0.0	93.555	11.073	-8.978	1.6	0.0	71.877	-1.48	-0.463	0.0	97.53	0.0	0.0	1.2	0.0	46.788	-1.84	-0.15	45.728	72.395	9.838	-23.302	1.0	0.0	42.623	-2.52	-0.025	0.0	76.823	26.184	-11.435	32.6	0.0	45.722	-1.54	0.287	0.0	38.985	20.953	-12.022	1.0	0.0	349.022	-2.49	-1.15	0.0	28.956	8.675	-1.0	38.2	0.0	79.724	-2.16
-1.66	-2.087	46.26	90.061	24.731	-12.664	35.2	0.0	68.487	-2.88	-1.65	48.918	67.96	32.65	-7.409	29.0	0.0	90.186	-2.25	-1.275	0.0	69.255	24.004	-11.841	0.8	0.0	44.366	-2.22	0.163	0.0	72.638	30.979	-0.125	36.0	0.0	44.948	-2.46	-0.838	0.0	93.569	10.709	-8.892	1.6	0.0	71.974	-1.48	-0.588	0.0	97.53	0.0	0.0	1.2	0.0	46.691	-1.88	-0.15	57.958	72.362	9.474	-23.015	1.0	0.0	42.816	-2.56	-0.15	0.0	76.885	26.474	-11.375	32.6	0.0	46.11	-1.75	0.287	0.0	38.931	20.59	-12.169	1.0	0.0	349.022	-2.48	-1.15	0.0	28.957	8.748	-1.0	38.2	0.0	79.918	-2.16
-1.62	-2.275	44.664	90.072	24.295	-12.692	35.2	0.0	68.487	-2.89	-1.712	51.045	67.907	32.867	-7.388	29.0	0.0	89.798	-2.24	-1.337	0.0	69.282	23.714	-12.028	0.8	0.0	44.754	-2.19	0.1	0.0	72.546	30.906	0.0	36.0	0.0	45.238	-2.5	-0.838	0.0	93.558	10.492	-8.905	1.6	0.0	71.974	-1.52	-0.525	0.0	97.518	0.0	0.0	1.2	0.0	46.788	-1.88	0.037	52.109	72.362	10.201	-22.581	1.0	0.0	43.01	-2.52	0.1	0.0	76.87	26.547	-11.495	32.6	0.0	46.982	-1.62	0.412	0.0	39.039	20.662	-12.138	1.0	0.0	349.022	-2.48	-1.212	0.0	28.957	8.821	-1.0	38.2	0.0	78.852	-2.19
-1.61	-2.4	60.616	90.074	24.513	-12.673	35.2	0.0	68.681	-2.9	-1.9	49.45	67.931	32.65	-7.379	29.0	0.0	89.895	-2.2	-1.275	0.0	69.29	23.714	-11.987	0.8	0.0	44.366	-2.26	0.1	0.0	72.531	30.761	0.0	36.0	0.0	45.432	-2.5	-0.9	0.0	93.558	10.492	-8.691	1.6	0.0	71.587	-1.55	-0.9	0.0	97.509	0.0	0.0	1.2	0.0	46.691	-1.9	-0.025	39.879	72.383	9.474	-22.662	1.0	0.0	42.913	-2.54	0.1	0.0	76.984	26.692	-11.328	32.6	0.0	45.819	-1.51	0.287	0.0	39.051	20.953	-12.07	1.0	0.0	349.022	-2.38	-1.025	0.0	28.932	8.748	-1.0	38.2	0.0	79.336	-2.17
