9.94	13.6	384.966	56.982	25.603	-13.036	34.8	1.215	52.019	8.18	12.287	365.292	57.354	33.449	-8.972	28.8	1.425	72.652	8.66	15.975	0.0	58.385	24.367	-12.15	0.0	1.274	44.851	10.02	14.787	0.0	56.407	30.615	-4.866	35.0	1.115	51.632	9.56	16.413	0.0	55.334	10.782	-10.253	0.0	1.458	57.638	9.43	12.662	0.0	57.021	0.0	0.0	0.2	0.0	43.882	10.04	15.662	434.416	60.132	9.547	-29.409	0.0	1.525	28.77	9.4	15.475	0.0	59.224	26.547	-13.03	31.6	0.0	33.614	10.98	15.975	0.0	59.562	22.115	-28.575	0.0	0.0	329.26	10.47	15.787	0.0	56.71	10.346	-1.0	37.2	1.224	94.254
9.82	13.037	378.585	57.695	25.167	-12.845	34.8	2.095	50.663	8.13	11.787	365.824	57.114	33.885	-8.917	28.8	1.936	72.555	8.65	15.412	0.0	57.746	24.44	-11.368	0.0	1.156	45.432	9.86	14.412	0.0	57.087	31.269	-5.037	35.0	1.5	44.366	9.44	16.475	0.0	55.789	10.782	-10.393	0.0	0.0	59.865	9.5	12.662	0.0	58.488	0.0	0.0	0.2	1.014	37.392	10.0	15.475	431.225	59.174	9.692	-28.962	0.0	1.534	33.904	9.17	15.412	0.0	57.972	26.547	-13.098	31.6	1.19	32.548	10.62	15.725	0.0	60.052	22.043	-28.086	0.0	0.0	290.416	10.24	15.537	0.0	56.881	9.983	-1.0	37.2	1.391	96.385
9.54	12.412	361.57	57.564	25.094	-12.854	34.8	1.81	47.273	8.2	11.1	343.491	57.85	30.979	-8.785	28.8	1.969	72.749	8.66	15.1	0.0	58.876	24.585	-11.394	0.0	1.517	43.398	9.56	13.912	0.0	58.468	31.56	-4.566	35.0	1.844	42.913	9.7	16.163	0.0	57.851	11.363	-10.19	0.0	1.307	62.287	9.13	11.912	0.0	58.777	0.0	0.0	0.2	1.508	44.851	9.88	15.162	413.147	58.953	10.274	-28.455	0.0	1.534	33.517	9.24	15.225	0.0	59.687	26.765	-13.061	31.6	1.617	32.548	10.48	15.725	0.0	60.346	22.333	-27.452	0.0	0.0	305.237	10.23	14.912	0.0	57.875	10.201	-1.0	37.2	1.156	93.964
9.86	12.662	360.506	57.759	25.239	-12.901	34.8	1.844	40.201	8.19	11.537	356.253	58.138	33.376	-8.903	28.8	1.735	72.749	8.4	15.037	0.0	60.124	24.077	-11.323	0.0	2.053	38.651	9.54	13.725	0.0	58.581	31.269	-4.671	35.0	1.324	52.116	9.54	16.038	0.0	58.291	11.0	-10.219	0.0	1.785	61.706	9.2	11.85	0.0	61.649	0.0	0.0	0.2	1.592	34.292	9.94	15.6	409.956	60.058	9.402	-29.019	0.0	0.0	32.645	8.9	15.225	0.0	58.683	27.056	-13.102	31.6	1.467	32.064	10.19	15.975	0.0	59.002	22.261	-28.072	0.0	0.0	321.027	10.13	14.662	0.0	57.772	10.346	-1.0	37.2	1.316	95.126
9.6	12.037	336.047	58.039	25.021	-12.87	34.8	0.0	56.088	8.34	11.162	338.174	58.277	33.521	-8.91	28.8	2.003	72.555	8.4	14.537	0.0	60.552	23.859	-11.298	0.0	1.726	42.623	9.28	13.412	0.0	58.279	30.979	-4.437	35.0	1.14	39.038	9.67	15.787	0.0	59.382	11.363	-10.148	0.0	1.106	54.731	8.97	11.6	0.0	59.73	0.0	0.0	0.2	1.391	43.591	9.68	14.787	376.99	61.927	9.692	-29.469	0.0	1.156	31.87	9.18	15.475	0.0	59.964	26.474	-13.32	31.6	0.0	31.676	10.1	15.037	0.0	60.972	22.188	-27.658	0.0	0.0	307.174	10.26	14.475	0.0	56.972	10.564	-1.0	37.2	1.19	91.542
9.49	10.037	183.444	59.353	25.021	-12.426	34.8	1.919	51.535	7.91	9.6	252.035	59.531	33.521	-8.692	28.8	2.003	72.749	8.45	13.662	0.0	59.99	24.585	-11.038	0.0	1.45	48.629	9.38	12.162	0.0	60.312	31.269	-4.253	35.0	1.299	49.113	9.29	14.412	0.0	58.252	11.363	-9.926	0.0	1.55	60.931	9.1	11.412	0.0	60.723	0.0	0.0	0.2	0.0	34.873	9.6	13.475	285.002	62.422	10.128	-28.303	0.0	1.71	37.295	9.26	14.975	0.0	61.403	26.62	-13.22	31.6	0.0	31.87	9.94	14.037	0.0	59.396	21.97	-25.737	0.0	0.0	316.474	9.96	13.162	0.0	57.57	9.91	-1.0	37.2	1.265	95.32
9.38	8.975	274.899	59.595	24.731	-12.203	34.8	1.886	57.541	7.82	8.1	173.873	59.802	33.449	-8.481	28.8	1.978	72.943	8.34	11.975	0.0	60.855	24.513	-10.789	0.0	1.316	45.141	9.22	11.85	0.0	61.113	31.124	-4.103	35.0	1.86	45.141	9.54	14.787	0.0	60.966	10.855	-9.974	0.0	1.022	60.641	8.72	10.35	0.0	62.134	0.0	0.0	0.2	1.249	44.463	9.36	13.1	311.056	61.278	9.474	-27.44	0.0	1.55	31.676	8.88	13.912	0.0	62.386	26.765	-12.887	31.6	1.844	33.323	9.8	14.1	0.0	61.805	22.115	-26.638	0.0	0.0	314.73	9.68	11.787	0.0	59.008	10.128	-1.0	37.2	1.165	100.938
9.6	8.162	307.866	60.719	24.658	-11.951	34.8	1.844	53.86	7.92	7.912	299.89	61.012	33.521	-8.468	28.8	1.86	72.652	8.09	13.037	0.0	62.421	24.658	-10.956	0.0	2.087	42.913	9.36	12.662	0.0	61.703	30.543	-4.386	35.0	1.517	44.948	9.53	14.975	0.0	60.021	10.855	-10.049	0.0	1.643	58.703	8.8	10.912	0.0	63.967	0.0	0.0	0.2	1.651	41.654	9.62	14.287	361.038	63.606	10.201	-28.426	0.0	1.022	31.87	8.74	14.475	0.0	62.024	26.692	-12.797	31.6	1.291	33.323	10.04	14.6	0.0	62.411	21.825	-26.594	0.0	0.0	316.861	9.59	13.537	0.0	61.202	10.128	-1.0	37.2	1.274	84.858
9.12	7.662	236.084	60.812	25.021	-11.832	34.8	1.961	43.301	7.86	7.85	314.247	61.765	34.103	-8.529	28.8	1.819	72.652	8.35	13.725	0.0	62.718	23.859	-11.143	0.0	1.483	47.176	9.34	12.475	0.0	60.219	30.543	-4.565	35.0	1.081	44.948	9.18	15.037	0.0	59.792	10.782	-10.058	0.0	1.215	58.8	8.63	10.975	0.0	62.793	0.0	0.0	0.2	1.441	37.198	9.46	13.912	351.999	63.018	9.983	-28.378	0.0	1.324	32.645	8.76	14.662	0.0	61.179	26.474	-12.833	31.6	1.039	34.486	9.86	14.725	0.0	62.013	22.333	-1.0	0.0	0.0	318.411	9.9	13.912	0.0	60.711	9.765	-1.0	37.2	1.232	90.089
9.16	7.537	157.921	61.358	24.876	-11.888	34.8	1.584	48.532	7.75	7.6	223.323	61.38	33.376	-8.45	28.8	1.86	72.555	8.26	12.85	0.0	62.506	24.367	-10.964	0.0	1.24	37.101	9.16	11.725	0.0	61.67	30.615	-4.14	35.0	1.131	45.044	8.93	14.85	0.0	60.752	11.218	-10.03	0.0	0.939	56.669	8.64	10.1	0.0	62.289	0.0	0.0	0.2	1.106	37.295	9.47	13.162	295.105	63.104	9.547	-27.82	0.0	1.198	31.967	8.82	13.725	0.0	61.727	26.62	-12.434	31.6	1.106	33.42	9.44	14.1	0.0	61.971	22.987	-26.264	0.0	0.0	314.439	9.66	11.912	0.0	60.414	10.056	-1.0	37.2	1.089	92.801
9.16	7.412	92.519	61.074	24.731	-11.792	34.8	1.45	45.238	7.78	7.6	289.256	60.791	33.303	-8.458	28.8	1.517	73.234	8.04	13.1	0.0	62.525	24.585	-11.082	0.0	1.751	41.363	9.25	12.162	0.0	60.605	31.124	-4.131	35.0	1.131	46.304	9.15	14.787	0.0	61.499	11.0	-10.005	0.0	1.24	55.797	8.82	10.662	0.0	64.664	0.0	0.0	0.2	1.282	38.651	9.56	14.225	332.325	62.19	9.838	-28.751	0.0	0.0	31.58	8.76	14.412	0.0	64.294	26.474	-12.561	31.6	1.156	33.808	9.72	14.725	0.0	62.188	22.333	-26.012	0.0	0.0	314.439	9.29	12.787	0.0	61.067	9.983	-1.0	37.2	1.14	92.123
9.4	7.662	88.797	61.682	25.239	-11.87	34.8	1.425	58.025	7.64	7.6	106.876	61.249	33.449	-8.399	28.8	1.282	72.749	8.06	11.225	0.0	62.472	24.367	-10.787	0.0	1.316	40.104	8.94	10.475	0.0	60.839	30.761	-3.82	35.0	0.98	47.466	8.95	13.537	0.0	60.556	10.709	-9.876	0.0	1.416	64.806	8.56	10.1	0.0	62.304	0.0	0.0	0.2	1.081	39.717	9.44	11.912	122.296	62.818	9.692	-27.297	0.0	0.0	31.87	8.62	14.037	0.0	62.903	26.62	-12.421	31.6	0.0	33.614	9.71	12.475	0.0	61.421	22.115	-25.621	0.0	0.0	314.149	9.3	11.412	0.0	61.694	10.346	-1.0	37.2	1.341	101.423
9.02	7.6	93.583	61.845	25.239	-11.748	34.8	1.751	51.244	7.58	7.6	90.924	62.671	33.158	-8.355	28.8	1.869	72.652	7.86	10.6	0.0	62.579	24.803	-10.654	0.0	1.073	60.447	8.84	10.662	0.0	61.787	30.833	-3.414	35.0	1.156	49.21	8.98	13.35	0.0	62.008	11.073	-9.849	0.0	0.98	65.871	8.4	9.225	0.0	62.586	0.0	0.0	0.2	0.0	45.529	9.22	11.287	198.332	62.048	10.128	-27.381	0.0	0.0	32.064	8.51	12.662	0.0	62.098	26.474	-12.072	31.6	0.0	33.226	9.7	12.975	0.0	62.213	21.825	-26.183	0.0	0.0	314.536	8.94	9.662	0.0	62.142	9.983	-1.0	37.2	0.989	94.835
9.24	7.85	96.773	61.4	25.53	-11.715	34.8	1.307	60.737	7.51	7.662	98.9	61.903	33.449	-8.397	28.8	1.542	72.749	7.88	11.662	0.0	61.852	24.222	-10.759	0.0	1.299	55.119	8.95	11.225	0.0	61.295	30.833	-3.486	35.0	1.006	49.307	9.13	14.1	0.0	60.5	10.782	-9.966	0.0	1.232	66.259	8.37	9.787	0.0	61.906	0.0	0.0	0.2	0.0	45.529	9.38	11.162	254.162	64.318	10.201	-26.766	0.0	0.0	31.773	8.42	13.412	0.0	61.463	26.62	-12.272	31.6	0.0	33.323	9.98	13.725	0.0	61.721	21.607	-26.361	0.0	0.0	341.66	9.1	10.912	0.0	61.178	9.62	-1.0	37.2	0.0	99.098
8.96	7.912	92.519	61.24	24.876	-11.798	34.8	1.643	47.466	7.44	7.6	92.519	62.228	33.667	-8.32	28.8	2.062	72.749	7.88	12.35	0.0	62.049	24.295	-10.866	0.0	1.433	51.147	9.24	11.787	0.0	61.144	31.124	-3.473	35.0	1.098	48.725	9.37	14.412	0.0	61.08	11.363	-10.036	0.0	1.324	63.062	8.55	10.287	0.0	63.032	0.0	0.0	0.2	0.0	45.432	9.12	10.287	216.942	62.96	9.838	-26.535	0.0	1.089	31.967	8.73	13.85	0.0	63.871	26.111	-12.217	31.6	0.0	37.295	10.1	14.225	0.0	62.986	22.333	-26.44	0.0	0.0	338.172	9.15	11.787	0.0	61.442	10.128	-1.0	37.2	1.232	95.611
9.41	8.037	90.392	61.002	25.239	-11.709	34.8	1.575	54.538	7.4	7.975	89.329	61.632	33.376	-8.362	28.8	0.0	72.459	8.04	13.162	0.0	61.823	24.658	-11.014	0.0	1.056	57.153	9.08	11.85	0.0	61.345	30.543	-3.535	35.0	1.265	50.566	9.1	14.537	0.0	60.609	11.363	-10.038	0.0	1.156	57.541	8.69	10.662	0.0	62.466	0.0	0.0	0.2	0.964	41.654	8.93	10.1	96.773	63.878	9.765	-26.796	0.0	1.165	32.355	8.64	14.225	0.0	62.654	26.62	-12.319	31.6	0.0	41.751	9.78	14.537	0.0	60.72	22.043	-26.945	0.0	0.0	335.848	9.26	12.662	0.0	60.606	9.91	-28.843	37.2	0.989	104.619
8.95	7.975	91.988	61.664	24.876	-13.394	34.8	1.819	59.284	7.5	7.975	88.797	62.657	33.376	-8.362	28.8	0.0	72.555	8.0	12.6	0.0	61.957	24.658	-10.924	0.0	1.475	49.985	9.04	11.662	0.0	61.168	31.124	-3.594	35.0	1.408	51.341	8.87	14.1	0.0	61.82	10.927	-9.997	0.0	1.299	61.028	8.6	10.725	0.0	64.044	0.0	0.0	0.2	1.425	40.588	8.85	10.1	94.646	64.392	10.128	-26.685	0.0	1.123	31.967	8.78	14.287	0.0	62.987	26.038	-12.264	31.6	1.014	38.942	10.32	14.225	0.0	62.43	21.97	-27.309	0.0	0.0	342.338	9.24	12.412	0.0	60.632	9.983	-1.0	37.2	0.997	101.035
9.04	7.725	89.861	61.735	25.385	-11.625	34.8	1.718	58.316	7.35	7.787	85.075	62.688	33.376	-8.314	28.8	0.0	72.362	7.92	11.412	0.0	62.421	24.15	-10.758	0.0	1.408	54.15	8.96	10.787	0.0	62.343	30.688	-3.179	35.0	1.483	49.21	8.9	12.975	0.0	61.684	11.218	-9.803	0.0	1.316	68.1	8.47	10.037	0.0	63.465	0.0	0.0	0.2	1.131	40.685	8.82	9.975	88.797	65.106	9.62	-26.637	0.0	1.416	35.454	8.66	13.225	0.0	63.998	26.474	-12.378	31.6	1.081	38.554	9.72	12.037	0.0	63.511	22.115	-26.413	0.0	0.0	337.01	9.03	11.162	0.0	62.073	9.983	-1.0	37.2	1.039	90.767
9.14	8.037	94.646	62.345	24.949	-11.818	34.8	1.802	60.447	7.39	7.725	89.861	62.89	33.885	-8.289	28.8	0.0	72.652	7.81	10.475	0.0	63.24	23.932	-10.598	0.0	1.416	55.506	8.75	9.85	0.0	63.01	31.124	-2.437	35.0	1.634	50.76	8.96	12.787	0.0	62.484	11.0	-9.784	0.0	1.207	62.868	8.28	9.162	0.0	64.376	0.0	0.0	0.2	1.408	40.782	8.83	9.85	93.583	66.098	9.983	-26.255	0.0	1.316	34.583	8.41	12.287	0.0	64.731	26.692	-11.879	31.6	1.148	29.739	9.4	11.287	0.0	64.488	22.406	-26.236	0.0	0.0	335.848	8.76	9.85	0.0	62.759	10.128	-1.0	37.2	1.249	97.257
8.98	7.85	99.963	63.189	25.021	-11.68	34.8	1.994	68.003	7.27	7.6	91.988	63.869	33.376	-8.248	28.8	0.0	72.555	7.64	9.85	0.0	64.182	24.367	-10.506	0.0	1.936	56.088	8.68	9.975	0.0	64.224	30.906	-2.634	35.0	1.743	52.019	8.84	12.412	0.0	63.361	11.073	-9.778	0.0	1.517	59.672	8.17	8.787	0.0	64.274	0.0	0.0	0.2	1.542	42.913	8.76	9.725	90.924	66.877	9.62	-26.318	0.0	1.726	23.249	8.22	11.975	0.0	65.028	26.547	-11.794	31.6	1.316	36.326	9.31	10.912	0.0	66.019	21.97	-26.207	0.0	0.0	343.21	8.58	9.287	0.0	63.567	10.128	-1.0	37.2	1.316	89.411
8.94	7.912	91.988	63.042	25.53	-11.654	34.8	0.0	55.506	7.26	7.725	90.392	63.84	33.521	-8.307	28.8	0.0	72.943	7.5	9.537	0.0	65.423	24.367	-10.479	0.0	1.886	61.609	8.66	9.662	0.0	64.553	30.833	-3.495	35.0	1.668	49.016	8.66	12.287	0.0	63.525	11.0	-9.722	0.0	1.517	73.33	8.3	8.725	0.0	67.796	0.0	0.0	0.2	1.483	42.235	8.64	9.662	83.48	67.993	10.274	-26.071	0.0	1.819	36.036	8.02	11.35	0.0	66.062	26.402	-11.689	31.6	1.651	34.679	8.93	10.35	0.0	66.826	22.043	-25.991	0.0	0.0	346.988	8.61	8.725	0.0	64.351	9.692	-1.0	37.2	1.207	97.451
8.88	7.662	85.075	64.481	24.658	-11.65	34.8	0.0	61.125	7.2	7.6	84.543	64.657	33.376	-8.275	28.8	0.0	72.362	7.38	9.475	0.0	66.274	24.585	-10.451	0.0	1.869	67.615	8.36	9.475	0.0	66.369	30.615	-2.624	35.0	1.894	55.216	8.5	11.787	0.0	64.332	11.073	-9.645	0.0	1.575	63.837	8.0	8.412	0.0	67.39	0.0	0.0	0.2	1.282	47.951	8.62	9.537	81.353	69.492	10.128	-25.799	0.0	1.793	36.326	7.88	11.162	0.0	67.124	26.474	-11.54	31.6	1.358	36.907	8.77	10.412	0.0	68.233	22.406	-26.358	0.0	0.0	11.915	8.44	8.662	0.0	66.383	10.419	-1.0	37.2	1.416	98.42
8.54	7.537	79.758	65.002	25.239	-11.595	34.8	0.0	52.407	7.16	7.35	78.163	65.908	34.393	-8.292	28.8	0.0	72.749	7.28	8.975	0.0	68.359	24.004	-10.38	0.0	1.802	52.407	8.33	9.537	0.0	67.477	30.761	-2.683	35.0	1.475	48.532	8.29	11.787	0.0	66.029	11.073	-9.691	0.0	1.408	67.034	7.8	8.162	0.0	68.804	0.0	0.0	0.2	1.542	43.979	8.4	9.287	76.568	69.982	10.128	-25.593	0.0	1.601	33.517	7.76	11.037	0.0	68.903	26.474	-11.491	31.6	1.358	36.423	8.48	9.912	0.0	67.667	21.825	-26.053	0.0	0.0	343.21	8.25	8.6	0.0	67.49	10.128	-1.0	37.2	1.416	86.989
8.54	7.162	75.504	66.292	25.82	-11.502	34.8	0.0	65.484	7.09	7.537	74.441	66.791	33.521	-8.214	28.8	0.0	88.83	7.12	8.85	0.0	68.436	24.004	-10.326	0.0	1.844	61.512	8.25	9.35	0.0	68.083	30.615	-2.774	35.0	1.81	45.529	8.34	11.975	0.0	67.398	11.291	-9.709	0.0	1.559	62.481	7.66	8.037	0.0	68.831	0.0	0.0	0.2	1.467	44.366	8.32	9.162	74.973	70.602	9.692	-1.0	0.0	0.0	32.645	7.67	10.912	0.0	69.232	26.765	-11.557	31.6	1.19	42.138	8.37	9.85	0.0	69.017	22.261	-26.142	0.0	0.0	350.572	8.16	8.412	0.0	67.905	9.62	-1.0	37.2	1.006	95.32
8.57	7.1	78.163	66.188	24.803	-11.597	34.8	0.0	73.815	6.84	7.162	74.441	67.527	33.449	-8.409	28.8	0.0	87.764	7.09	8.537	0.0	70.102	24.004	-10.283	0.0	1.927	51.535	7.94	9.1	0.0	69.15	30.979	-2.995	35.0	1.978	61.9	8.39	11.725	0.0	68.028	11.363	-9.659	0.0	1.517	61.512	7.62	8.162	0.0	70.782	0.0	0.0	0.2	2.036	48.725	8.24	9.1	76.568	71.768	9.402	-25.524	0.0	1.475	40.007	7.42	10.662	0.0	69.636	26.547	-11.796	31.6	1.802	35.745	8.16	9.6	0.0	70.518	22.333	-25.595	0.0	0.0	356.384	8.22	8.287	0.0	69.23	10.056	-1.0	37.2	1.115	95.901
8.59	7.35	82.417	66.356	25.603	-11.566	34.8	0.0	54.344	6.6	7.037	78.695	67.912	33.376	-8.213	28.8	1.106	87.861	6.84	8.85	0.0	70.159	24.295	-11.201	0.0	1.986	58.413	7.88	9.225	0.0	70.068	30.833	-3.114	35.0	1.71	55.797	8.17	11.6	0.0	67.772	11.0	-9.634	0.0	1.877	69.165	7.48	7.912	0.0	70.913	0.0	0.0	0.2	1.291	58.897	7.96	8.912	77.1	71.687	10.201	-25.679	0.0	2.078	32.936	7.43	10.912	0.0	69.771	26.329	-11.499	31.6	0.0	41.073	8.17	10.162	0.0	71.099	22.333	-25.575	0.0	0.0	323.061	8.12	8.35	0.0	68.301	9.62	-1.0	37.2	1.232	97.16
8.1	7.1	82.417	68.028	24.658	-11.527	34.8	0.0	72.749	6.6	7.162	80.29	68.286	33.086	-8.236	28.8	0.0	87.764	6.92	8.912	0.0	71.561	24.15	-10.371	0.0	1.483	52.6	7.82	9.225	0.0	70.479	30.397	-2.962	35.0	1.978	54.925	8.04	11.662	0.0	69.089	11.0	-9.62	0.0	1.224	68.39	7.4	8.35	0.0	72.409	0.0	0.0	0.2	1.626	56.475	7.86	8.975	79.226	71.85	9.62	-25.366	0.0	1.902	34.873	7.34	10.912	0.0	71.982	26.838	-11.47	31.6	1.224	46.982	8.06	10.475	0.0	70.34	21.752	-25.225	0.0	0.0	333.91	7.9	8.6	0.0	69.568	9.692	-1.0	37.2	0.0	91.542
8.26	7.225	90.924	68.515	25.603	-11.581	34.8	0.0	52.988	6.5	7.225	82.948	69.91	34.03	-8.278	28.8	0.0	87.086	6.76	10.037	0.0	70.773	23.932	-10.445	0.0	1.852	56.863	7.66	9.1	0.0	70.158	31.124	-2.767	35.0	1.601	57.25	7.97	11.537	0.0	69.182	10.709	-9.603	0.0	1.567	60.931	7.42	8.787	0.0	71.841	0.0	0.0	0.2	1.601	50.76	7.78	8.787	80.29	70.603	9.547	-25.41	0.0	1.332	37.973	7.32	12.162	0.0	69.882	26.62	-11.51	31.6	1.048	40.588	8.18	11.1	0.0	69.728	22.261	-25.101	0.0	0.0	356.578	7.94	10.1	0.0	70.687	10.056	-1.0	37.2	1.475	89.217
8.14	7.287	85.607	68.948	25.021	-11.556	34.8	0.0	73.912	6.37	7.35	82.417	70.069	33.521	-8.248	28.8	1.081	87.183	6.71	9.162	0.0	71.624	23.714	-10.406	0.0	1.224	60.156	7.76	9.162	0.0	70.019	31.197	-2.711	35.0	1.232	56.475	7.84	11.537	0.0	69.344	10.927	-9.596	0.0	1.131	78.561	7.26	8.225	0.0	71.94	0.0	0.0	0.2	1.115	47.176	7.8	8.725	78.695	72.124	9.838	-25.387	0.0	1.207	40.782	7.27	11.225	0.0	70.82	26.474	-11.33	31.6	0.0	44.27	7.95	9.85	0.0	70.478	22.115	-24.295	0.0	0.0	344.372	7.72	8.912	0.0	70.697	9.838	-26.338	37.2	1.048	95.514
7.86	7.1	86.67	69.188	24.731	-11.262	34.8	0.0	68.487	6.51	7.287	83.48	70.043	33.303	-8.285	28.8	0.0	87.473	6.52	8.85	0.0	70.465	24.077	-10.362	0.0	1.316	64.128	7.48	9.1	0.0	70.229	31.124	-2.919	35.0	1.349	53.375	7.72	11.412	0.0	70.037	11.0	-9.616	0.0	1.048	60.834	7.22	8.1	0.0	72.554	0.0	0.0	0.2	0.0	44.463	7.68	8.912	79.226	71.867	9.256	-25.679	0.0	1.249	32.161	7.15	10.85	0.0	71.058	26.402	-11.489	31.6	0.0	45.044	7.9	9.725	0.0	70.336	22.043	-23.313	0.0	0.0	342.047	7.69	8.287	0.0	70.164	10.056	-1.0	37.2	0.0	105.007
