-1.0	7.975	498.754	0.0	24.077	-16.336	0.0	0.0	71.199	-6.84	0.787	509.92	87.226	31.269	-0.641	0.0	1.542	96.482	-1.0	-5.15	0.0	0.0	21.825	-1.0	0.0	0.0	56.378	-2.36	12.162	0.0	50.968	0.0	-9.019	0.0	1.014	55.506	-6.52	-2.087	0.0	90.658	0.0	-1.0	32.2	0.0	61.706	-5.68	-0.087	0.0	88.181	0.0	0.0	0.0	0.0	37.392	-5.62	3.788	539.165	91.836	0.0	-1.0	0.2	1.274	24.314	-4.72	1.35	0.0	86.829	8.603	-1.0	0.4	0.0	37.489	-4.46	8.287	0.0	76.02	17.974	-8.261	0.2	1.299	1.259	-3.14	14.787	0.0	51.959	12.017	-1.0	0.0	1.064	94.061	-3.28
-1.0	8.1	497.159	0.0	24.222	-16.364	0.0	0.0	71.296	-6.84	0.287	517.364	87.226	31.56	-0.286	0.0	1.601	95.901	-1.0	-5.15	0.0	0.0	21.825	-1.0	0.0	0.0	56.378	-2.1	11.037	0.0	52.282	0.0	-9.072	0.0	1.433	54.925	-6.44	-0.713	0.0	90.015	0.0	-1.0	32.2	0.0	62.19	-5.74	0.287	0.0	88.246	0.0	0.0	0.0	0.0	37.489	-5.52	3.913	539.165	91.864	0.0	-1.0	0.2	0.0	24.314	-4.98	1.1	0.0	86.762	8.603	-1.0	0.4	0.0	36.907	-4.52	8.225	0.0	75.227	18.773	-8.244	0.2	0.93	1.453	-3.14	15.1	0.0	53.051	11.145	-1.0	0.0	1.115	102.198	-3.05
-1.0	8.475	493.437	0.0	24.222	-16.618	0.0	0.0	71.296	-6.84	0.35	514.705	87.185	31.342	-0.484	0.0	1.659	96.289	-1.0	-5.4	0.0	0.0	21.825	-1.0	0.0	0.0	61.9	-2.71	11.787	0.0	49.397	0.0	-9.006	0.0	1.316	55.313	-6.21	-0.212	0.0	88.284	0.0	-1.0	32.2	0.0	62.481	-5.06	-0.212	0.0	86.366	0.0	0.0	0.0	0.0	36.132	-5.43	4.225	536.506	91.657	0.0	-1.0	0.2	0.0	24.508	-4.91	1.35	0.0	86.509	8.312	-1.0	0.4	0.0	37.489	-4.42	8.1	0.0	75.034	19.137	-8.212	0.2	0.0	0.484	-3.67	16.038	0.0	53.8	11.726	-1.0	0.0	1.131	117.6	-3.32
-1.0	7.412	491.841	0.0	24.004	-16.376	0.0	0.0	71.393	-6.84	0.163	509.92	87.185	31.415	-0.388	0.0	1.643	100.551	-1.0	-5.088	0.0	0.0	21.897	-1.0	0.0	0.0	61.9	-1.87	11.037	0.0	52.431	0.0	-8.911	0.0	1.425	45.044	-6.06	0.287	0.0	89.763	0.0	-1.0	32.2	0.0	62.384	-5.0	0.163	0.0	87.13	0.0	0.0	0.0	0.0	36.132	-5.46	3.788	535.443	91.688	0.0	-1.0	0.2	0.0	24.411	-4.78	1.288	0.0	86.98	8.675	-1.0	0.4	0.0	37.004	-4.47	7.6	0.0	73.32	19.209	-8.194	0.2	0.964	353.962	-2.8	15.6	0.0	51.718	11.944	-1.0	0.0	1.056	81.177	-3.27
-1.0	7.35	491.31	0.0	24.077	-16.362	0.0	1.014	71.49	-6.84	0.912	502.476	87.206	31.487	-0.686	0.0	1.567	92.898	-1.0	-4.963	0.0	0.0	22.697	-1.0	0.0	0.947	62.287	-2.36	11.287	0.0	51.317	0.0	-8.986	0.0	0.0	34.679	-6.02	1.225	0.0	90.188	0.0	-1.0	32.2	0.0	62.481	-5.07	-0.15	0.0	86.197	0.0	0.0	0.0	0.989	27.608	-5.26	3.663	533.316	91.704	0.0	-1.0	0.2	0.0	24.217	-4.82	1.225	0.0	86.678	8.53	-1.0	0.4	0.0	37.489	-4.3	7.662	0.0	73.064	19.282	-8.145	0.2	1.006	4.843	-3.2	15.475	0.0	51.632	11.581	-1.0	0.0	0.997	109.172	-3.26
-1.0	6.037	489.715	0.0	24.44	-16.073	0.0	0.0	71.102	-6.75	1.413	510.452	87.25	31.56	-0.866	0.0	1.416	93.189	-1.0	-5.213	0.0	0.0	22.115	-1.0	0.0	0.989	59.672	-1.95	11.662	0.0	49.501	0.0	-8.982	0.0	1.257	46.401	-6.02	1.725	0.0	87.359	0.0	-1.0	32.2	1.048	60.156	-4.61	0.037	0.0	86.774	0.0	0.0	0.0	0.0	34.486	-5.38	4.1	534.379	91.574	0.0	-1.0	0.2	0.972	24.508	-4.88	1.163	0.0	86.704	7.876	-1.0	0.4	0.0	37.295	-4.24	8.037	0.0	74.548	18.628	-8.205	0.2	1.115	0.775	-2.56	15.85	0.0	53.022	11.363	-1.0	0.0	1.14	84.277	-3.66
-1.0	6.412	487.588	0.0	24.15	-15.991	0.0	0.964	58.703	-6.72	1.475	505.134	87.257	31.415	-0.798	0.0	1.441	92.995	-1.0	-4.838	0.0	0.0	21.752	-1.0	0.0	1.148	50.953	-2.16	11.1	0.0	48.438	0.0	-8.919	0.0	1.425	48.144	-6.04	1.85	0.0	87.435	0.0	-1.0	32.2	1.014	60.059	-4.62	0.037	0.0	86.979	0.0	0.0	0.0	1.123	35.067	-5.45	3.725	531.72	91.303	0.0	-1.0	0.2	0.0	24.121	-5.34	1.225	0.0	83.881	8.094	-1.0	0.4	0.0	37.682	-4.43	7.537	0.0	73.4	18.556	-8.168	0.2	1.291	333.135	-2.9	14.287	0.0	49.782	11.944	-1.0	0.0	1.198	91.833	-3.75
-1.0	5.725	485.992	0.0	24.295	-15.764	0.0	0.0	59.478	-6.78	0.975	502.476	87.262	31.487	-7.474	0.0	1.617	95.804	-1.0	-5.213	0.0	0.0	21.752	-1.0	0.0	1.165	45.432	-1.96	11.35	0.0	49.676	0.0	-9.003	0.0	1.173	52.407	-6.03	1.725	0.0	86.492	0.0	-1.0	32.2	0.0	59.962	-4.79	0.1	0.0	85.172	0.0	0.0	0.0	1.089	36.036	-5.25	4.162	526.935	91.085	0.0	-1.0	0.2	0.0	24.508	-5.04	1.288	0.0	85.911	8.094	-1.0	0.4	0.0	37.489	-3.98	7.6	0.0	67.725	18.846	-8.184	0.2	0.939	333.426	-2.88	14.162	0.0	49.902	11.726	-1.0	0.0	1.282	92.026	-3.74
-1.0	5.912	483.866	0.0	24.077	-15.965	0.0	0.0	59.187	-6.66	0.412	501.944	87.314	31.487	-7.604	0.0	1.5	91.445	-1.0	-4.9	0.0	0.0	21.825	-1.0	0.0	1.182	45.238	-1.86	11.912	0.0	48.092	0.0	-9.075	0.0	1.232	48.919	-5.86	1.475	0.0	88.98	0.0	-1.0	32.2	0.947	60.447	-4.62	-0.025	0.0	84.424	0.0	0.0	0.0	0.0	36.036	-5.03	4.35	524.808	91.126	0.0	-1.0	0.2	0.0	24.217	-4.91	1.288	0.0	86.237	8.457	-1.0	0.4	0.0	37.489	-3.82	8.225	0.0	59.298	18.919	-8.235	0.2	0.0	335.363	-2.71	14.787	0.0	50.042	12.162	-1.0	0.0	1.282	80.596	-3.66
-1.0	6.537	483.866	0.0	24.513	-16.349	0.0	1.19	56.378	-6.58	0.35	498.222	87.355	31.633	-0.042	0.0	1.601	93.479	-1.0	-5.088	0.0	0.0	21.68	-1.0	0.0	1.039	47.854	-1.68	11.537	0.0	46.321	0.0	-8.992	0.0	0.0	55.603	-5.66	1.913	0.0	87.144	0.0	-1.0	32.2	0.0	59.672	-4.54	0.037	0.0	85.319	0.0	0.0	0.0	0.93	35.648	-4.94	4.85	524.276	89.587	0.0	-1.0	0.2	0.0	24.799	-4.16	1.725	0.0	86.68	8.239	-1.0	0.4	0.0	37.392	-2.3	8.787	0.0	50.217	18.556	-8.289	0.2	0.0	335.073	-2.5	14.1	0.0	48.954	11.944	-1.0	0.0	1.207	95.998	-3.38
-1.0	7.912	479.612	0.0	24.367	-18.604	0.0	0.0	56.184	-6.5	0.537	495.032	87.417	31.705	-7.526	0.0	1.542	102.876	-1.0	-4.838	0.0	0.0	21.897	-1.0	0.0	0.0	47.273	-1.76	11.6	0.0	48.046	0.0	-9.0	0.0	0.0	56.088	-5.7	1.725	0.0	88.216	0.0	-1.0	32.2	0.0	59.672	-5.5	0.6	0.0	85.815	0.0	0.0	0.0	0.0	35.842	-4.48	4.6	523.213	91.648	0.0	-1.0	0.2	0.0	24.314	-3.92	1.788	0.0	86.993	8.385	-1.0	0.4	0.0	37.392	-2.4	8.412	0.0	50.787	19.137	-8.256	0.2	0.0	333.813	-2.14	15.6	0.0	49.593	11.799	-1.0	0.0	0.955	94.351	-3.04
-1.0	8.287	478.548	0.0	24.367	-16.491	0.0	0.0	56.184	-6.2	0.35	493.437	87.597	31.778	-0.396	0.0	1.467	104.716	-1.0	-4.713	0.0	0.0	22.188	-1.0	0.0	0.0	47.563	-1.87	11.662	0.0	45.664	0.0	-9.034	0.0	0.0	55.797	-5.36	1.725	0.0	86.788	0.0	-1.0	32.2	0.0	59.962	-4.64	0.287	0.0	85.379	0.0	0.0	0.0	0.0	35.551	-4.48	4.725	524.808	91.414	0.0	-1.0	0.2	0.0	24.121	-3.8	1.725	0.0	86.226	7.731	-1.0	0.4	0.0	37.586	-3.14	8.6	0.0	66.236	18.556	-8.268	0.2	0.0	333.91	-3.42	14.412	0.0	49.212	11.799	-1.0	0.0	1.031	110.916	-3.2
-1.0	8.162	476.953	0.0	24.44	-16.716	0.0	0.0	56.184	-6.2	0.787	488.651	87.638	31.487	-7.457	0.0	1.575	117.116	-5.74	-5.025	0.0	71.084	21.68	-1.0	0.0	0.0	50.663	-2.13	10.35	0.0	43.597	0.0	-8.869	0.0	0.98	49.985	-5.17	2.1	0.0	88.112	0.0	-1.0	32.2	0.0	59.865	-4.51	0.662	0.0	87.505	0.0	0.0	0.0	0.0	35.648	-4.73	4.412	521.086	89.362	0.0	-1.0	0.2	0.0	24.799	-3.7	1.725	0.0	86.798	8.385	-1.0	0.4	0.0	37.295	-2.51	8.662	0.0	62.149	18.628	-8.293	0.2	0.0	333.91	-3.16	14.85	0.0	52.905	11.508	-1.0	0.0	1.232	117.6	-3.78
-1.0	6.475	472.168	0.0	23.932	-16.419	0.0	0.93	56.378	-6.16	0.537	489.183	87.648	31.415	-0.522	0.0	1.584	90.186	-5.94	-4.713	0.0	72.433	22.261	-1.0	0.0	0.98	61.319	-2.22	11.037	0.0	44.924	0.0	-8.972	0.0	1.014	50.275	-5.12	1.225	0.0	89.017	0.0	-1.0	32.2	0.0	59.672	-5.14	0.1	0.0	86.928	0.0	0.0	0.0	0.0	36.326	-4.92	4.475	518.427	89.632	0.0	-1.0	0.2	0.0	24.508	-4.02	1.475	0.0	85.938	8.457	-1.0	0.4	0.0	37.392	-3.52	7.6	0.0	67.454	18.338	-8.166	0.2	0.922	3.197	-3.1	14.975	0.0	52.166	11.581	-1.0	0.0	1.475	114.984	-3.83
-1.0	6.35	472.168	0.0	24.367	-16.391	0.0	0.939	55.603	-6.44	0.662	484.929	87.453	31.487	-0.15	0.0	1.408	90.864	-5.82	-4.525	0.0	71.801	22.261	-1.0	0.0	1.316	60.737	-1.82	10.225	0.0	47.591	0.0	-8.879	0.0	0.913	45.819	-5.36	0.85	0.0	88.021	0.0	-1.0	32.2	0.0	60.059	-5.84	0.537	0.0	85.225	0.0	0.0	0.0	0.0	36.229	-4.96	4.35	514.705	90.772	0.0	-1.0	0.2	1.022	24.314	-4.03	1.538	0.0	84.226	7.876	-1.0	0.4	0.0	37.101	-3.41	7.6	0.0	62.928	18.919	-8.184	0.2	1.173	353.672	-2.22	14.287	0.0	48.074	11.581	-1.0	0.0	1.383	96.87	-3.54
-1.0	5.912	469.509	0.0	24.15	-16.046	0.0	0.989	56.766	-6.66	-0.463	483.334	87.314	31.487	-7.378	0.0	1.651	90.186	-6.08	-4.65	0.0	71.602	22.115	-1.0	0.0	1.006	61.125	-2.1	10.537	0.0	46.597	0.0	-8.892	0.0	1.45	54.635	-5.54	0.287	0.0	87.933	0.0	-1.0	32.2	0.0	59.865	-5.87	0.225	0.0	85.343	0.0	0.0	0.0	0.0	43.882	-4.95	4.287	515.237	87.884	0.0	-1.0	0.2	0.0	24.314	-4.24	1.538	0.0	85.692	8.094	-1.0	0.4	0.0	37.392	-3.14	7.787	0.0	63.508	18.773	-8.242	0.2	0.0	354.447	-2.52	14.1	0.0	47.797	11.799	-1.0	0.0	1.383	96.773	-3.62
-1.0	5.662	467.382	0.0	24.077	-15.911	0.0	1.006	56.863	-6.84	-2.775	479.612	87.226	31.269	0.0	0.0	1.718	90.283	-5.52	-4.65	0.0	70.562	21.825	-1.0	0.0	1.006	51.535	-2.56	11.412	0.0	45.968	0.0	-9.019	0.0	0.0	54.247	-5.5	-0.525	0.0	87.535	0.0	-1.0	32.2	0.0	59.962	-5.36	0.037	0.0	83.747	0.0	0.0	0.0	1.492	30.805	-5.08	3.725	510.452	88.704	0.0	-1.0	0.2	0.0	23.83	-4.22	1.413	0.0	83.29	8.385	-1.0	0.4	0.0	37.489	-2.73	7.912	0.0	54.482	18.556	-8.191	0.2	0.0	354.834	-2.44	13.975	0.0	49.021	12.09	-1.0	0.0	1.19	98.614	-3.06
-1.0	8.162	467.914	0.0	24.222	-16.546	0.0	1.022	57.831	-6.93	-3.9	379.117	87.162	31.269	0.0	0.0	1.944	99.873	-5.22	-4.65	0.0	68.727	22.115	-1.0	0.0	1.115	50.372	-1.72	10.475	0.0	46.976	0.0	-8.893	0.0	1.022	58.122	-5.72	-0.588	0.0	86.53	0.0	-1.0	32.2	1.006	59.962	-5.74	0.287	0.0	83.739	0.0	0.0	0.0	0.0	30.611	-4.94	4.475	510.452	88.539	0.0	-1.0	0.2	0.0	16.274	-4.09	1.913	0.0	81.246	8.385	-1.0	0.4	0.0	37.392	-2.52	7.6	0.0	53.972	18.919	-8.184	0.2	0.0	352.412	-2.58	13.787	0.0	48.293	11.654	-1.0	0.0	1.366	95.126	-3.12
-1.0	6.975	468.446	0.0	24.222	-16.702	0.0	0.0	61.416	-7.1	-4.525	94.646	87.077	31.269	0.0	0.0	1.785	91.542	-1.0	-4.588	0.0	0.0	21.752	-1.0	0.0	0.0	55.797	-2.28	10.85	0.0	45.763	0.0	-8.948	0.0	1.156	58.897	-5.74	-0.963	0.0	87.0	0.0	-1.0	32.2	0.0	60.737	-5.87	0.037	0.0	81.687	0.0	0.0	0.0	0.0	31.289	-4.62	4.725	506.198	88.705	0.0	-1.0	0.2	0.0	16.565	-3.96	1.725	0.0	83.962	8.385	-1.0	0.4	0.0	37.198	-2.58	7.725	0.0	51.518	18.628	-8.189	0.2	0.0	352.509	-2.86	13.975	0.0	49.259	11.799	-1.0	0.0	1.056	118.762	-3.34
-1.0	7.6	462.065	0.0	24.004	-17.022	0.0	0.913	67.615	-7.22	-4.838	23.396	87.025	31.487	0.0	0.0	2.003	95.126	0.0	-4.65	0.0	1.907	22.115	-1.0	0.0	0.0	55.797	-1.62	11.225	0.0	46.389	0.0	-8.995	0.0	0.972	73.04	-5.27	-0.463	0.0	79.893	0.0	-1.0	32.2	0.0	59.478	-5.39	0.1	0.0	85.401	0.0	0.0	0.0	1.182	31.483	-4.71	4.725	503.539	85.213	0.0	-1.0	0.2	0.0	16.759	-3.77	1.85	0.0	85.641	7.658	-1.0	0.4	0.0	37.198	-2.72	7.787	0.0	63.05	18.991	-8.196	0.2	0.0	348.247	-2.96	14.287	0.0	47.887	11.581	-1.0	0.0	1.198	116.05	-3.44
-1.0	8.1	459.938	0.0	23.859	-16.617	0.0	0.0	71.49	-7.3	-4.838	20.737	86.963	30.979	0.0	0.0	1.835	101.229	0.0	-4.525	0.0	1.907	22.551	-1.0	0.0	0.0	55.797	-1.54	11.287	0.0	45.373	0.0	-9.012	0.0	0.93	66.55	-5.12	0.787	0.0	78.817	0.0	-1.0	32.2	0.0	60.059	-5.38	0.537	0.0	85.74	0.0	0.0	0.0	0.0	31.483	-4.3	4.537	500.349	83.835	0.0	-1.0	0.2	0.0	16.662	-3.36	2.225	0.0	85.893	7.803	-1.0	0.4	0.0	37.295	-2.94	7.1	0.0	61.86	19.5	-8.121	0.2	0.0	352.122	-3.38	14.85	0.0	47.949	11.799	-1.0	0.0	1.224	116.05	-3.2
-1.0	6.85	456.748	0.0	23.932	-16.251	0.0	0.0	71.393	-7.26	-5.088	20.737	86.994	31.633	0.0	0.0	2.02	106.169	0.0	-4.713	0.0	1.907	22.188	-1.0	0.0	0.0	56.959	-1.47	11.037	0.0	46.227	0.0	-8.929	0.0	0.0	66.646	-5.12	1.475	0.0	74.169	0.0	-1.0	32.2	0.0	60.059	-4.97	0.412	0.0	86.034	0.0	0.0	0.0	0.0	31.386	-4.47	4.412	499.285	85.401	0.0	-1.0	0.2	0.0	15.209	-3.08	2.038	0.0	85.13	8.021	-1.0	0.4	0.0	37.392	-2.82	7.1	0.0	60.637	18.628	-8.139	0.2	1.073	349.312	-2.55	15.6	0.0	49.242	11.654	-1.0	0.0	0.0	117.794	-3.54
-1.0	6.412	454.621	0.0	24.658	-16.238	0.0	0.0	71.006	-7.26	-5.15	23.396	86.994	31.487	-6.989	0.0	1.953	103.651	-1.0	-4.65	0.0	0.0	21.825	-1.0	0.0	0.0	56.669	-1.54	10.225	0.0	45.645	0.0	-8.879	0.0	1.265	37.876	-4.87	1.85	0.0	77.17	0.0	-1.0	32.2	0.0	59.962	-5.08	0.787	0.0	83.297	0.0	0.0	0.0	0.0	31.58	-4.35	4.35	497.159	85.069	0.0	-1.0	0.2	0.0	15.499	-3.35	1.85	0.0	83.107	8.167	-1.0	0.4	0.0	45.626	-2.91	7.35	0.0	62.026	18.919	-8.166	0.2	0.0	0.387	-2.06	15.35	0.0	49.956	11.726	-1.0	0.0	0.997	114.984	-3.56
-1.0	-1.337	278.09	0.0	24.367	-15.002	0.0	1.115	71.684	-7.26	-5.4	22.864	86.994	32.432	-6.93	0.0	1.659	87.086	-5.02	-4.4	0.0	64.067	21.97	-1.0	0.0	1.089	81.952	-1.4	10.85	0.0	44.235	0.0	-8.982	0.0	0.0	40.298	-4.56	1.85	0.0	84.375	0.0	-1.0	32.2	0.0	59.865	-4.94	0.35	0.0	84.238	0.0	0.0	0.0	1.006	36.52	-4.29	3.788	501.412	83.881	0.0	-1.0	0.2	0.0	15.596	-3.58	1.975	0.0	83.468	8.239	-1.0	0.4	0.0	45.916	-2.92	7.35	0.0	64.735	19.573	-8.111	0.2	0.905	5.425	-2.2	13.1	0.0	50.581	11.654	-1.0	0.0	1.399	95.611	-3.36
-1.0	-5.025	26.054	0.0	24.077	-14.354	0.0	1.291	78.174	-7.38	-5.275	29.245	86.922	31.705	0.0	0.0	1.785	101.423	-5.06	-4.213	0.0	65.414	21.897	-1.0	0.0	1.048	79.046	-1.34	9.475	0.0	44.365	0.0	-8.812	0.0	0.0	49.404	-4.89	1.538	0.0	82.01	0.0	-1.0	32.2	0.0	59.962	-4.66	0.537	0.0	85.225	0.0	0.0	0.0	0.0	36.81	-4.36	4.1	489.183	80.082	0.0	-1.0	0.2	0.0	15.693	-3.02	1.975	0.0	83.121	8.312	-1.0	0.4	0.0	45.626	-2.73	7.6	0.0	64.322	18.701	-8.138	0.2	0.0	6.297	-2.1	13.537	0.0	48.06	11.799	-1.0	0.0	1.215	86.408	-3.34
-1.0	-5.4	24.991	0.0	24.15	-14.145	0.0	1.148	78.271	-7.35	-5.65	22.332	86.93	31.124	-6.926	0.0	2.028	97.257	-1.0	-3.65	0.0	0.0	21.68	-1.0	0.0	0.997	79.143	-1.09	9.725	0.0	45.126	0.0	-8.826	0.0	0.0	50.179	-4.78	1.725	0.0	82.279	0.0	-1.0	32.2	0.0	59.672	-4.49	0.6	0.0	85.29	0.0	0.0	0.0	0.0	36.036	-4.33	3.788	488.651	83.828	0.0	-1.0	0.2	0.0	20.73	-3.49	1.725	0.0	81.477	7.876	-1.0	0.4	0.0	46.401	-2.39	7.287	0.0	62.573	18.846	-8.114	0.2	0.0	9.106	-1.92	12.975	0.0	47.518	11.944	-1.0	0.0	1.073	84.567	-2.98
-1.0	-5.713	26.054	0.0	24.077	-14.022	0.0	1.224	78.077	-7.34	-5.65	22.864	86.933	31.342	-6.95	0.0	1.869	89.508	-4.82	-3.15	0.0	70.455	22.115	-1.0	0.0	1.131	70.231	-1.82	10.475	0.0	48.454	0.0	-8.918	0.0	0.955	71.199	-4.56	1.663	0.0	81.314	0.0	-1.0	32.2	0.0	59.962	-4.3	0.412	0.0	85.592	0.0	0.0	0.0	0.0	30.03	-4.36	4.1	487.588	83.016	0.0	-1.0	0.2	0.0	20.536	-3.52	1.538	0.0	81.089	8.094	-1.0	0.4	0.0	49.694	-2.32	6.35	0.0	55.734	18.483	-8.04	0.2	0.989	357.159	-1.79	14.1	0.0	47.744	11.218	-1.0	0.0	1.098	92.801	-3.16
-1.0	-5.963	24.459	0.0	23.859	-13.91	0.0	0.0	81.468	-7.32	-5.713	23.927	86.979	31.342	-6.983	0.0	1.374	90.379	-4.23	-2.962	0.0	70.099	22.043	-1.0	0.0	1.031	59.478	-1.6	9.912	0.0	46.391	0.0	-8.865	0.0	1.232	60.059	-4.84	1.85	0.0	83.529	0.0	-1.0	32.2	1.056	58.606	-4.92	0.287	0.0	81.184	0.0	0.0	0.0	0.0	44.076	-4.26	3.85	479.612	81.585	0.0	-1.0	0.2	0.0	20.73	-3.45	1.538	0.0	83.74	8.239	-1.0	0.4	0.0	49.694	-2.72	6.725	0.0	58.986	18.919	-8.08	0.2	1.299	11.237	-1.8	13.35	0.0	48.931	11.436	-1.0	0.0	1.224	88.733	-3.38
-1.0	-6.15	24.991	0.0	24.295	-13.74	0.0	0.0	82.243	-7.26	-5.775	22.332	86.974	31.269	-6.963	0.0	1.693	81.468	-1.0	-3.712	0.0	0.0	21.534	-1.0	0.0	0.0	59.575	-1.7	9.662	0.0	45.353	0.0	-8.835	0.0	1.182	46.304	-4.35	1.85	0.0	74.5	0.0	-1.0	32.2	0.0	58.413	-4.65	0.6	0.0	86.388	0.0	0.0	0.0	0.939	45.141	-4.36	4.287	482.27	82.38	0.0	-1.0	0.2	0.0	20.439	-3.78	1.475	0.0	80.983	7.731	-1.0	0.4	0.0	48.919	-2.36	6.975	0.0	57.242	18.773	-2.55	0.2	0.0	11.237	-2.14	14.037	0.0	49.887	11.726	-1.0	0.0	0.0	100.357	-3.45
-1.0	-6.4	25.523	0.0	24.295	-13.23	0.0	0.0	72.071	-7.24	-5.963	24.991	86.999	31.197	0.0	0.0	0.972	77.011	-1.0	-4.15	0.0	0.0	21.897	-1.0	0.0	0.0	55.313	-1.18	9.975	0.0	47.376	0.0	-8.856	0.0	0.0	57.25	-4.68	1.725	0.0	78.506	0.0	-1.0	32.2	0.0	58.994	-4.72	0.412	0.0	85.062	0.0	0.0	0.0	1.014	29.061	-4.42	2.975	481.207	83.459	0.0	-1.0	0.2	1.299	28.286	-3.78	1.538	0.0	80.736	8.167	-1.0	0.4	0.0	48.919	-2.46	6.1	0.0	56.947	18.919	-7.996	0.2	1.643	0.0	-1.79	14.287	0.0	49.228	11.872	-1.0	0.0	0.913	107.429	-3.32
