-1.0	-9.275	0.0	0.0	24.803	-13.063	0.0	3.754	117.503	-7.42	-8.525	0.0	72.894	32.504	-7.125	0.0	5.975	95.32	-7.6	-5.65	0.0	80.439	23.496	-17.312	0.0	2.17	84.664	-7.25	-4.9	0.0	91.478	0.0	-7.133	0.0	1.693	106.266	-7.49	-4.713	0.0	81.779	9.256	-1.0	49.6	1.173	164.969	-8.1	-5.025	0.0	84.424	0.0	0.0	0.0	1.19	117.697	-7.28	-3.275	0.0	93.37	7.295	-1.0	0.2	0.0	34.679	-7.5	-2.837	0.0	87.942	27.637	-16.623	0.4	0.0	355.415	-7.34	-3.4	0.0	86.442	20.953	0.0	0.2	0.0	331.585	-7.66	-6.838	0.0	79.606	11.799	-21.734	0.0	2.422	157.995
-1.0	-9.025	2.127	0.0	24.367	-12.906	0.0	2.514	144.82	-7.28	-8.588	0.0	69.962	32.432	-7.095	0.0	4.634	110.625	-7.95	-5.713	0.0	85.709	23.06	-17.482	0.0	1.567	76.237	-7.3	-5.463	0.0	91.061	0.0	-7.087	0.0	0.0	78.174	-7.24	-5.15	0.0	76.251	8.966	-1.0	0.0	0.0	149.083	-8.2	-5.275	0.0	87.557	0.0	0.0	0.0	0.0	131.937	-7.27	-3.525	0.0	93.225	6.859	-1.0	0.2	0.0	34.098	-7.48	-2.587	0.0	88.865	27.419	-16.323	0.4	0.0	355.512	-7.25	-3.837	0.0	86.506	20.517	0.0	0.2	0.0	331.876	-7.52	-7.963	0.0	78.9	12.017	-21.535	0.0	0.0	152.473
-1.0	-8.838	8.508	0.0	24.731	-12.869	0.0	2.74	134.455	-6.84	-8.65	0.0	63.218	32.359	-7.103	0.0	4.232	116.244	-8.04	-6.275	0.0	85.974	23.568	-17.277	0.0	0.0	89.895	-7.18	-5.963	0.0	91.954	0.0	-7.024	0.0	0.0	78.077	-6.88	-5.4	0.0	69.746	9.038	-1.0	0.0	0.0	174.269	-8.06	-5.713	0.0	87.814	0.0	0.0	0.0	0.0	132.034	-7.22	-3.962	0.0	93.276	7.077	-1.0	0.2	0.0	34.776	-7.46	-3.15	0.0	88.473	27.855	-16.649	0.4	0.0	355.996	-7.35	-4.525	0.0	86.603	20.299	0.0	0.2	0.0	31.676	-7.22	-7.65	0.0	69.085	11.654	-21.613	0.0	1.425	169.619
-1.0	-9.963	0.0	0.0	24.731	-12.585	0.0	3.469	107.235	-6.36	-8.838	0.0	55.556	32.432	-7.12	0.0	5.782	94.448	-7.44	-6.525	0.0	74.973	23.133	-17.227	0.0	1.827	216.213	-7.36	-6.838	0.0	90.621	0.0	-6.955	0.0	0.0	69.165	-6.68	-5.65	0.0	64.081	8.385	-1.0	0.4	1.475	161.288	-8.18	-5.775	0.0	88.122	0.0	0.0	0.0	0.0	131.937	-7.34	-4.775	1.063	93.796	7.15	-1.0	0.2	0.0	34.97	-7.42	-3.4	0.0	86.667	27.637	-16.337	0.4	0.0	355.512	-7.38	-5.275	0.0	86.596	20.299	0.0	0.2	0.0	31.676	-6.88	-7.338	0.0	63.758	11.944	-1.0	0.0	2.757	159.06
-1.0	-9.463	0.0	0.0	24.585	-12.907	0.0	3.763	101.52	-6.28	-8.588	0.0	54.395	32.286	-7.146	0.0	5.397	95.32	-7.52	-6.963	0.0	75.236	23.714	-17.229	0.0	1.031	105.685	-7.32	-7.088	0.0	91.171	0.0	-6.95	0.0	1.224	30.223	-7.03	-5.9	0.0	71.892	8.966	-1.0	2.2	0.0	158.673	-8.19	-6.338	0.0	87.137	0.0	0.0	0.0	0.0	43.979	-7.38	-5.15	1.063	93.637	7.658	-1.0	0.2	0.0	35.164	-7.49	-3.962	0.0	88.066	27.782	-15.473	0.4	0.0	39.523	-7.58	-5.713	0.0	86.421	21.098	0.0	0.2	0.0	107.719	-7.42	-8.338	0.0	72.894	11.944	-21.442	0.0	1.643	136.296
-1.0	-9.463	0.532	0.0	24.15	-13.167	0.0	3.897	109.075	-6.46	-8.775	0.0	54.927	32.214	-7.112	0.0	6.302	100.26	-7.76	-7.15	0.0	80.929	22.915	-17.192	0.0	1.441	54.925	-7.31	-7.338	0.0	89.228	0.0	-6.901	0.0	1.467	34.583	-7.12	-5.963	0.0	73.315	8.312	-1.0	3.0	1.081	68.39	-8.2	-6.275	0.0	86.709	0.0	0.0	0.0	0.0	33.904	-7.36	-5.213	0.532	92.112	7.368	-1.0	0.2	0.0	35.164	-7.52	-3.962	0.0	84.191	27.419	-16.227	0.4	0.0	179.597	-7.7	-5.963	0.0	85.938	20.59	0.0	0.2	0.0	98.323	-7.32	-8.4	0.0	68.168	11.872	-21.591	0.0	1.944	170.394
-1.0	-10.4	0.532	0.0	24.44	-15.556	0.0	3.746	91.348	-6.88	-8.838	1.595	62.292	32.432	-7.114	0.0	5.95	105.201	-7.42	-7.088	0.0	73.085	22.987	-17.295	0.0	2.229	104.135	-7.12	-7.775	0.0	84.628	0.0	-6.933	0.0	0.0	126.124	-7.06	-6.025	0.0	70.645	9.184	-1.0	3.8	1.332	50.372	-8.08	-6.838	0.0	83.882	0.0	0.0	0.0	1.031	32.355	-7.42	-5.838	1.063	90.99	7.15	-1.0	0.2	0.0	50.76	-7.27	-3.775	0.0	79.138	27.637	-15.755	0.4	0.0	191.221	-7.7	-6.213	0.0	85.938	20.517	0.0	0.2	0.0	97.935	-7.32	-8.338	0.0	69.659	12.09	-21.525	0.0	1.291	128.159
-1.0	-9.65	0.0	0.0	24.367	-12.753	0.0	3.654	111.885	-6.82	-8.713	0.0	59.72	32.359	-7.104	0.0	6.185	103.844	-7.26	-7.025	0.0	70.409	23.641	-19.525	0.0	2.355	144.045	-7.06	-7.338	0.0	81.293	0.0	-6.967	0.0	1.349	50.372	-6.88	-5.838	0.0	67.701	9.329	-1.0	6.4	1.089	161.482	-7.98	-7.025	0.0	77.234	0.0	0.0	0.0	0.0	116.05	-7.17	-6.088	1.063	83.258	7.222	-1.0	0.2	0.0	111.981	-7.34	-3.9	0.0	81.51	27.855	-16.153	0.4	0.0	37.392	-7.75	-6.275	0.0	83.711	20.735	0.0	0.2	1.316	173.881	-7.21	-7.963	0.0	65.172	11.944	-21.701	0.0	2.02	194.224
-1.0	-10.588	0.0	0.0	24.513	-12.939	0.0	2.631	59.575	-7.16	-9.275	0.0	65.259	32.504	-7.067	0.0	5.648	89.217	-7.32	-7.025	0.0	70.641	22.915	-16.42	0.0	2.958	66.453	-6.84	-7.588	0.0	75.641	0.0	-6.912	0.0	1.257	90.186	-7.1	-6.463	0.0	75.724	9.111	-1.0	8.2	1.508	57.444	-8.0	-6.838	0.0	79.348	0.0	0.0	0.0	1.332	46.401	-7.12	-5.9	0.532	84.312	7.222	-1.0	0.2	0.0	63.837	-7.1	-3.837	0.0	76.628	27.491	-16.165	0.4	0.0	13.755	-7.82	-6.525	0.0	83.905	20.227	0.0	0.2	0.0	175.722	-7.48	-8.213	0.0	74.636	12.017	-20.963	0.0	2.455	109.657
-1.0	-10.088	0.0	0.0	24.585	-12.946	0.0	2.405	87.28	-6.84	-9.15	0.0	59.367	32.867	-7.095	0.0	4.576	100.163	-7.25	-7.213	0.0	69.425	23.568	-17.18	0.0	1.307	101.81	-6.84	-8.525	0.0	78.129	0.0	-6.883	0.0	0.0	90.283	-7.28	-5.9	0.0	74.278	8.457	-1.0	9.8	0.0	57.25	-7.76	-7.275	0.0	74.599	0.0	0.0	0.0	1.198	184.246	-7.11	-5.838	0.0	85.489	7.876	-1.0	0.2	0.0	63.353	-7.1	-4.15	0.0	75.841	27.927	-16.983	0.4	0.0	14.143	-7.75	-6.775	0.0	83.499	20.299	0.0	0.2	0.0	175.044	-7.44	-9.838	0.0	73.913	12.235	-21.077	0.0	0.0	80.499
-1.0	-9.9	0.0	0.0	24.077	-12.844	0.0	2.824	117.794	-6.84	-9.088	0.0	59.958	32.504	-7.174	0.0	5.916	93.576	-7.28	-7.275	0.0	70.257	23.496	-17.167	0.0	1.676	95.514	-7.08	-8.9	0.0	81.442	0.0	-6.848	0.0	0.0	90.379	-7.18	-5.963	0.0	69.81	9.038	-1.0	12.6	0.0	72.749	-7.84	-7.15	0.0	73.544	0.0	0.0	0.0	0.0	184.246	-7.34	-5.713	2.127	89.16	7.222	-1.0	0.2	0.0	63.256	-7.16	-4.213	0.0	76.592	28.0	-19.8	0.4	0.0	14.143	-7.78	-6.9	0.0	84.168	20.662	0.0	0.2	0.0	70.328	-7.36	-9.275	0.0	69.626	11.872	-21.456	0.0	0.0	127.19
-1.0	-9.525	1.063	0.0	24.513	-12.834	0.0	3.36	104.91	-6.48	-8.65	0.0	53.803	32.432	-7.128	0.0	6.076	103.069	-7.1	-7.338	0.0	63.849	23.133	-17.245	0.0	0.0	91.251	-7.16	-9.338	0.0	81.575	0.0	-6.864	0.0	0.0	83.114	-7.04	-6.15	0.0	67.972	8.603	-1.0	16.0	0.0	95.32	-7.9	-7.463	0.0	73.909	0.0	0.0	0.0	0.0	183.859	-7.48	-6.4	1.595	89.497	7.004	-1.0	0.2	0.0	64.031	-7.36	-4.4	0.0	79.653	27.782	-16.754	0.4	0.0	13.755	-7.68	-6.963	0.0	81.581	20.59	0.0	0.2	0.0	70.424	-7.2	-8.463	0.0	65.123	11.872	-21.657	0.0	1.19	109.753
-1.0	-8.775	0.532	0.0	24.803	-13.963	0.0	4.659	95.514	-6.71	-8.338	0.0	57.431	32.65	-7.134	0.0	7.316	102.876	-6.95	-7.338	0.0	60.769	23.205	-17.425	0.0	1.198	92.317	-7.32	-8.338	0.0	86.118	0.0	-6.926	0.0	0.0	43.785	-6.84	-6.025	0.0	64.207	8.53	-1.0	20.2	1.483	151.117	-8.06	-7.65	0.0	79.69	0.0	0.0	0.0	0.0	183.859	-7.58	-6.15	1.063	88.977	7.368	-1.0	0.2	0.0	63.353	-7.16	-4.15	0.0	76.499	27.855	-17.073	0.4	0.0	45.044	-7.32	-6.588	0.0	77.884	20.009	0.0	0.2	0.0	61.997	-6.96	-7.9	0.0	61.326	11.799	-21.382	0.0	2.682	143.949
-1.0	-9.338	0.532	0.0	24.44	-13.524	0.0	3.712	78.174	-6.24	-8.65	0.0	48.855	32.432	-7.109	0.0	6.436	114.597	-6.92	-7.338	0.0	61.651	23.496	-17.607	0.0	2.036	64.418	-7.42	-8.713	0.0	84.174	0.0	-6.876	0.0	0.0	43.882	-6.84	-6.088	0.0	62.772	8.457	-1.0	22.4	0.0	94.642	-8.34	-7.463	0.0	85.051	0.0	0.0	0.0	0.0	54.828	-7.48	-6.025	0.532	88.328	7.585	-1.0	0.2	0.0	63.256	-7.02	-3.9	0.0	73.979	27.782	-17.215	0.4	0.0	91.251	-7.38	-7.275	0.0	77.46	20.953	0.0	0.2	0.0	61.997	-6.86	-8.213	0.0	60.491	11.799	-21.389	0.0	2.221	105.588
-1.0	-9.775	0.532	0.0	24.513	-12.799	0.0	3.394	100.163	-6.54	-8.775	0.0	53.71	32.65	-7.1	0.0	6.93	96.385	-6.87	-7.275	0.0	61.66	22.987	-17.167	0.0	2.196	101.616	-7.42	-9.9	0.0	83.24	0.0	-6.759	0.0	0.0	44.56	-6.76	-5.65	0.0	60.24	8.675	-1.0	28.0	0.0	176.981	-8.32	-7.9	0.0	78.312	0.0	0.0	0.0	0.0	55.119	-7.56	-6.463	0.0	87.927	7.077	-1.0	0.2	0.0	63.547	-6.86	-4.15	0.0	70.317	27.564	-17.073	0.4	0.0	113.338	-7.52	-7.463	0.0	80.171	20.808	0.0	0.2	0.0	62.093	-6.84	-8.15	0.0	55.897	11.944	-21.571	0.0	2.338	148.598
-1.0	-9.4	0.0	0.0	24.44	-13.045	0.0	4.617	124.478	-6.36	-8.65	0.0	51.495	32.068	-7.103	0.0	7.266	95.611	-7.1	-7.275	0.0	65.244	23.205	-17.438	0.0	2.606	103.263	-6.73	-7.713	0.0	70.269	0.0	-6.931	0.0	1.073	138.427	-6.84	-6.15	0.0	61.982	8.239	-1.0	30.2	1.148	160.126	-7.71	-7.713	0.0	70.855	0.0	0.0	0.0	0.0	58.703	-7.62	-6.525	1.063	87.306	7.004	-1.0	0.2	0.0	63.644	-6.84	-4.213	0.0	70.198	27.564	-17.517	0.4	0.0	116.825	-7.62	-7.025	0.0	80.435	20.808	0.0	0.2	0.0	61.803	-7.11	-8.338	0.0	65.293	11.944	-21.525	0.0	2.447	209.432
-1.0	-9.275	4.254	0.0	24.367	-12.934	0.0	4.542	105.007	-6.38	-8.4	0.0	51.205	32.141	-7.097	0.0	7.416	111.11	-6.8	-7.15	0.0	56.868	23.133	-17.463	0.0	2.715	92.414	-6.5	-7.588	0.0	67.724	0.0	-6.867	0.0	1.257	130.387	-6.64	-6.213	0.0	56.536	8.094	-1.0	30.4	0.93	138.233	-7.44	-7.213	0.0	66.05	0.0	0.0	0.0	0.0	157.51	-7.56	-6.213	0.532	89.357	6.714	-1.0	0.2	0.0	43.01	-6.68	-4.213	0.0	66.905	27.564	-17.425	0.4	0.0	152.086	-7.76	-7.275	0.0	81.344	20.662	0.0	0.2	0.0	62.093	-6.76	-8.4	0.0	53.31	12.017	-21.343	0.0	1.634	148.986
-1.0	-9.588	0.0	0.0	24.585	-12.762	0.0	4.115	96.095	-6.36	-8.588	0.0	50.202	32.286	-7.108	0.0	7.249	101.229	-6.68	-7.15	0.0	56.722	23.205	-17.192	0.0	3.092	97.935	-6.86	-8.275	0.0	81.647	0.0	-6.888	0.0	1.173	86.892	-6.81	-5.963	0.0	60.873	8.385	-1.0	30.4	0.0	99.485	-7.5	-7.338	0.0	67.103	0.0	0.0	0.0	0.0	99.97	-7.52	-6.338	0.0	88.934	7.585	-1.0	0.2	0.0	43.688	-6.78	-4.275	0.0	67.796	27.637	-17.782	0.4	0.0	136.974	-7.85	-7.588	0.0	81.801	20.372	0.0	0.2	0.0	61.803	-6.84	-8.088	0.0	57.739	11.726	-21.42	0.0	2.33	141.333
-1.0	-9.15	0.532	0.0	24.949	-12.699	0.0	4.307	94.739	-6.08	-8.4	0.0	44.383	32.577	-7.116	0.0	7.316	103.263	-6.76	-7.4	0.0	55.021	22.987	-16.875	0.0	1.274	17.437	-7.17	-8.525	0.0	82.398	0.0	-6.883	0.0	0.0	37.101	-6.54	-6.275	0.0	56.193	8.167	-1.0	30.4	1.073	99.195	-8.06	-7.588	0.0	79.734	0.0	0.0	0.0	0.0	37.295	-7.62	-6.463	3.722	88.966	7.15	-1.0	0.2	0.0	42.816	-7.14	-4.463	0.0	78.988	27.273	-17.835	0.4	0.0	136.877	-7.86	-7.65	0.0	81.69	20.444	0.0	0.2	0.0	62.19	-6.66	-7.775	0.0	51.194	11.944	-21.498	0.0	1.978	165.066
-1.0	-9.525	0.0	0.0	24.44	-12.646	0.0	5.104	89.217	-5.98	-8.65	0.0	43.704	32.359	-7.084	0.0	7.467	99.485	-7.77	-7.713	0.0	77.714	23.205	-17.35	0.0	2.707	45.141	-7.34	-8.15	0.0	82.831	0.0	-6.926	0.0	0.0	340.497	-7.18	-6.213	0.0	74.653	9.038	-1.0	30.4	1.131	72.459	-8.2	-7.275	0.0	83.09	0.0	0.0	0.0	0.0	37.779	-7.66	-6.275	0.532	89.015	7.513	-1.0	0.2	0.0	43.01	-7.54	-4.525	0.0	83.763	27.564	-17.452	0.4	0.0	59.672	-7.98	-7.588	0.0	81.856	20.299	0.0	0.2	0.0	62.481	-7.1	-8.775	0.0	68.984	11.944	-20.913	0.0	1.282	65.193
-1.0	-10.275	0.532	0.0	24.658	-12.919	0.0	3.595	116.437	-6.5	-8.713	0.0	52.443	32.359	-7.098	0.0	6.143	110.432	-7.84	-7.963	0.0	77.129	23.278	-17.211	0.0	0.0	46.498	-7.13	-8.9	0.0	78.923	0.0	-6.797	0.0	0.0	341.079	-7.12	-6.4	0.0	73.268	8.893	-1.0	30.4	0.0	83.599	-8.1	-7.15	0.0	80.013	0.0	0.0	0.0	0.0	38.36	-7.72	-6.4	0.532	88.722	7.004	-1.0	0.2	0.0	43.591	-7.6	-4.4	0.0	83.854	27.564	-17.756	0.4	0.0	59.962	-7.92	-7.275	0.0	82.689	20.662	0.0	0.2	0.0	60.931	-6.96	-8.213	0.0	55.85	11.799	-21.305	0.0	1.039	163.807
-1.0	-9.15	0.532	0.0	24.949	-12.824	0.0	3.428	105.879	-6.45	-8.838	0.0	50.995	32.286	-7.082	0.0	6.428	98.129	-7.93	-7.9	0.0	76.558	23.496	-17.223	0.0	0.0	46.401	-7.36	-8.9	0.0	84.442	0.0	-6.883	0.0	0.0	341.175	-6.87	-6.213	0.0	62.793	9.038	-1.0	30.6	0.0	123.509	-8.1	-6.463	0.0	76.245	0.0	0.0	0.0	0.0	38.264	-7.78	-6.9	1.063	88.388	7.077	-1.0	0.2	0.0	43.107	-7.72	-4.525	0.0	80.521	27.419	-17.544	0.4	0.0	59.962	-7.88	-7.025	0.0	82.139	20.517	0.0	0.2	0.0	62.19	-6.84	-8.463	0.0	55.952	11.726	-21.327	0.0	1.584	122.153
-1.0	-8.713	0.0	0.0	24.295	-12.699	0.0	4.567	135.133	-6.34	-8.65	0.0	48.842	32.359	-7.09	0.0	7.249	129.999	-7.47	-7.775	0.0	65.585	23.35	-17.248	0.0	0.0	121.378	-7.54	-9.775	0.0	84.649	0.0	-6.776	0.0	0.0	340.885	-6.84	-6.338	0.0	60.467	8.457	-1.0	38.6	0.989	101.713	-8.26	-6.463	0.0	79.532	0.0	0.0	0.0	0.0	37.682	-7.76	-6.65	1.595	88.552	7.585	-1.0	0.2	0.0	43.398	-7.26	-4.15	0.0	75.736	27.927	-17.073	0.4	0.0	85.245	-7.86	-7.275	0.0	81.407	20.59	0.0	0.2	0.0	62.772	-6.98	-8.4	0.0	59.1	11.944	-21.259	0.0	1.651	132.712
-1.0	-9.213	0.0	0.0	24.731	-12.879	0.0	3.453	106.751	-6.32	-9.025	0.0	47.792	32.504	-7.042	0.0	5.514	98.129	-7.1	-7.588	0.0	61.91	23.568	-17.106	0.0	1.207	71.006	-7.6	-9.713	0.0	81.47	0.0	-6.766	0.0	0.0	341.079	-6.8	-6.4	0.0	56.069	8.966	-1.0	48.4	0.0	161.094	-8.32	-6.15	0.0	80.203	0.0	0.0	0.0	0.0	37.682	-7.62	-6.4	0.0	87.609	6.859	-1.0	0.2	0.0	43.107	-7.56	-4.588	0.0	82.217	27.491	-16.628	0.4	0.0	64.418	-7.68	-7.088	0.0	80.575	20.662	0.0	0.2	0.0	47.369	-6.76	-8.4	0.0	51.294	11.726	-21.174	0.0	1.701	131.162
-1.0	-9.213	2.659	0.0	24.585	-12.879	0.0	4.257	108.397	-6.1	-8.4	0.532	45.039	32.359	-7.097	0.0	7.953	106.169	-7.32	-7.588	0.0	64.12	23.133	-17.285	0.0	1.634	45.722	-7.48	-8.838	0.0	83.608	0.0	-6.824	0.0	0.0	342.822	-6.96	-5.9	0.0	64.806	8.748	-1.0	5.6	0.997	68.681	-8.36	-5.775	0.0	79.973	0.0	0.0	0.0	0.0	37.682	-7.68	-6.275	0.532	87.452	7.295	-1.0	0.2	0.0	43.01	-7.63	-4.525	0.0	83.528	27.782	-16.997	0.4	0.0	64.225	-7.74	-7.588	0.0	80.009	20.081	0.0	0.2	0.0	47.369	-6.9	-8.588	0.0	55.61	11.872	-20.786	0.0	1.324	134.068
-1.0	-9.088	3.722	0.0	24.44	-12.464	0.0	5.145	107.913	-6.1	-9.088	0.0	46.229	32.359	-7.018	0.0	7.634	87.861	-7.21	-7.65	0.0	64.27	23.06	-17.453	0.0	2.12	114.791	-7.22	-8.775	0.0	71.853	0.0	-6.821	0.0	0.0	342.725	-7.12	-6.463	0.0	63.923	8.167	-1.0	8.0	1.257	160.901	-8.32	-5.65	0.0	82.119	0.0	0.0	0.0	0.0	38.264	-7.56	-6.4	0.0	86.835	7.15	-1.0	0.2	0.0	101.132	-7.71	-4.463	0.0	80.765	27.346	-17.465	0.4	0.0	64.612	-7.74	-7.275	0.0	80.956	20.735	0.0	0.2	0.0	47.757	-7.14	-9.025	0.0	63.477	12.017	-21.757	0.0	0.0	95.126
-1.0	-9.213	1.063	0.0	24.367	-12.816	0.0	4.768	80.111	-6.24	-8.713	0.0	47.098	32.504	-7.073	0.0	7.45	117.794	-6.76	-7.65	0.0	51.58	22.987	-17.093	0.0	1.601	159.351	-6.43	-7.775	0.0	61.045	0.0	-6.912	0.0	1.207	171.072	-6.84	-6.4	0.0	58.175	8.748	-1.0	13.2	1.014	132.324	-7.86	-4.963	0.0	74.53	0.0	0.0	0.0	0.0	172.138	-7.58	-6.713	0.0	85.265	7.44	-1.0	0.2	0.0	101.326	-6.78	-4.275	0.0	63.829	27.855	-16.081	0.4	0.0	150.633	-7.8	-7.275	0.0	80.897	20.808	0.0	0.2	0.0	47.563	-6.84	-8.15	0.0	54.618	12.235	-21.488	0.0	1.584	149.47
-1.0	-8.9	0.0	0.0	24.731	-12.797	0.0	4.877	120.603	-5.96	-8.4	0.0	42.375	32.359	-7.097	0.0	7.953	104.619	-6.61	-7.463	0.0	49.733	23.278	-17.4	0.0	2.623	123.703	-6.61	-8.338	0.0	72.968	0.0	-6.869	0.0	0.0	136.199	-6.6	-6.275	0.0	54.738	8.53	-1.0	13.2	1.081	184.343	-6.99	-5.15	0.0	56.948	0.0	0.0	0.0	1.651	152.473	-7.52	-6.588	0.0	85.218	6.786	-1.0	0.2	0.0	101.326	-6.78	-4.4	0.0	62.678	27.855	-16.058	0.4	0.0	151.795	-7.7	-6.65	0.0	78.341	20.735	0.0	0.2	0.0	87.28	-6.6	-8.463	0.0	49.242	12.09	-21.657	0.0	2.313	184.731
-1.0	-9.088	1.595	0.0	24.658	-12.833	0.0	4.894	88.733	-6.22	-8.713	0.0	46.214	32.504	-7.06	0.0	7.936	95.611	-6.68	-7.275	0.0	54.306	23.205	-16.811	0.0	3.218	84.664	-6.47	-7.65	0.0	65.438	0.0	-6.936	0.0	1.643	114.888	-6.84	-6.588	0.0	61.585	8.53	-1.0	13.2	1.115	62.384	-7.0	-4.9	0.0	58.935	0.0	0.0	0.0	0.0	42.816	-7.33	-6.525	2.659	82.554	7.222	-1.0	0.2	0.0	100.551	-6.82	-4.213	0.0	70.399	27.637	-15.924	0.4	0.0	41.363	-7.6	-6.9	0.0	76.586	20.154	0.0	0.2	0.0	87.57	-6.86	-8.088	0.0	58.389	11.581	-1.0	0.0	2.849	94.254
-1.0	-9.838	0.0	0.0	24.44	-12.481	0.0	3.93	92.123	-6.3	-8.65	0.0	47.883	32.432	-7.071	0.0	7.643	94.061	-6.62	-7.4	0.0	50.511	23.714	-17.232	0.0	1.785	108.397	-6.84	-7.9	0.0	76.732	0.0	-6.952	0.0	1.148	72.555	-6.78	-5.9	0.0	56.21	8.603	-1.0	14.0	0.0	129.709	-7.1	-5.275	0.0	61.036	0.0	0.0	0.0	2.254	14.724	-7.54	-6.775	1.595	82.846	7.295	-1.0	0.2	0.0	100.745	-6.64	-4.025	0.0	63.463	27.782	-15.875	0.4	0.0	100.841	-7.42	-7.025	0.0	73.252	20.517	0.0	0.2	0.0	107.429	-6.82	-8.463	0.0	51.571	11.799	-21.244	0.0	1.324	153.732
