5.02	1.038	0.532	57.985	25.312	-12.233	34.8	0.0	233.941	3.7	1.475	0.0	57.72	33.376	-7.622	28.8	1.617	223.188	4.11	1.975	0.0	57.271	24.077	-12.278	0.0	1.592	216.504	6.02	4.225	0.0	49.292	30.252	-1.015	35.0	0.0	219.604	4.44	2.35	0.0	59.568	11.0	-9.004	0.0	1.575	207.495	5.8	3.35	0.0	50.08	0.0	0.0	0.2	1.592	208.754	6.62	3.663	1.595	49.706	9.038	-1.0	0.0	1.852	197.324	4.77	2.35	0.0	55.324	26.038	-11.368	31.6	0.0	219.991	6.04	2.663	0.0	50.685	21.026	-11.914	0.0	0.0	128.256	5.1	2.788	0.0	51.484	9.692	-25.07	37.2	0.0	260.192
5.14	1.35	0.0	56.539	25.603	-12.133	34.8	0.0	254.477	3.61	1.725	0.0	57.962	33.449	-7.671	28.8	1.693	223.866	4.33	2.413	0.0	55.693	24.295	-12.498	0.0	1.676	221.929	5.66	4.1	0.0	50.873	30.833	-1.007	35.0	0.0	203.33	4.4	2.35	0.0	59.758	11.0	-8.994	0.0	1.693	222.897	5.49	3.1	0.0	51.568	0.0	0.0	0.2	1.274	218.441	6.7	3.663	1.595	48.774	9.329	-1.0	0.0	0.913	200.327	4.61	2.475	0.0	55.677	26.184	-11.586	31.6	1.55	243.046	6.18	2.725	0.0	49.526	20.953	-11.707	0.0	0.0	145.111	5.15	2.663	0.0	50.833	9.547	-25.121	37.2	0.0	254.864
5.2	1.038	0.532	56.143	24.585	-12.184	34.8	2.078	263.776	3.58	1.538	0.0	58.014	33.812	-7.661	28.8	2.12	229.775	5.47	2.663	0.0	48.277	24.077	-12.436	0.0	0.0	269.104	6.11	4.35	0.0	48.178	30.47	-1.158	35.0	0.0	232.003	5.13	2.6	0.0	54.033	11.145	-9.033	0.0	1.366	222.219	5.43	2.913	0.0	51.828	0.0	0.0	0.2	1.483	201.683	6.77	3.538	1.595	47.958	8.603	-1.0	0.0	0.913	188.218	5.45	2.913	0.0	50.634	26.62	-11.735	31.6	1.927	231.906	6.19	3.038	0.0	48.95	20.517	-11.753	0.0	0.0	137.264	5.33	2.725	0.0	49.654	8.966	-24.768	37.2	0.0	213.792
5.42	1.475	0.532	55.013	25.312	-13.538	34.8	0.0	236.459	3.56	1.475	0.0	57.356	33.812	-7.663	28.8	2.078	256.705	5.39	2.725	0.0	49.511	24.44	-12.396	0.0	0.0	305.624	6.18	4.475	0.0	49.192	31.124	-1.2	35.0	0.0	219.798	5.26	2.6	0.0	53.817	11.218	-9.033	0.0	1.123	231.228	6.24	3.35	0.0	47.521	0.0	0.0	0.2	1.902	207.979	6.88	3.725	0.0	47.91	8.966	-1.0	0.0	1.525	187.831	5.65	2.913	0.0	50.661	26.402	-11.693	31.6	0.0	240.431	6.25	3.1	0.0	49.566	20.953	-11.849	0.0	0.0	151.407	5.62	3.038	0.0	49.027	9.547	-25.06	37.2	1.173	243.918
5.12	1.288	0.532	56.911	24.44	-12.172	34.8	0.0	227.257	3.6	1.475	0.0	57.676	33.521	-7.647	28.8	2.053	257.48	4.35	2.038	0.0	55.144	24.367	-12.439	0.0	2.003	232.003	5.82	4.287	0.0	50.745	30.18	-1.07	35.0	0.0	226.094	4.88	2.475	0.0	55.631	11.145	-9.008	0.0	1.207	224.932	5.98	3.6	0.0	49.075	0.0	0.0	0.2	0.0	205.17	6.51	3.475	0.532	50.357	8.893	-1.0	0.0	1.819	179.403	5.5	2.788	0.0	51.778	26.474	-11.674	31.6	0.0	226.578	6.14	2.788	0.0	50.035	20.517	-11.716	0.0	0.0	144.627	5.36	2.913	0.0	51.52	8.966	-24.829	37.2	0.0	235.49
4.96	1.163	0.0	57.346	25.239	-12.404	34.8	0.0	246.921	3.54	1.413	0.0	57.809	33.667	-7.649	28.8	1.802	235.684	4.28	2.1	0.0	55.395	23.859	-12.552	0.0	1.994	227.741	6.06	4.475	0.0	49.692	31.124	-1.099	35.0	0.0	223.479	4.59	2.413	0.0	57.431	10.855	-9.022	0.0	1.198	202.942	5.7	3.163	0.0	50.758	0.0	0.0	0.2	1.651	203.911	6.8	3.725	1.063	48.696	9.474	-1.0	0.0	1.534	178.725	5.0	2.475	0.0	54.512	26.692	-11.798	31.6	1.307	235.103	6.02	2.913	0.0	50.471	20.808	-11.82	0.0	0.0	141.721	5.08	2.725	0.0	51.779	9.111	-24.862	37.2	0.98	262.808
4.82	1.038	0.0	58.78	24.585	-11.944	34.8	0.0	206.333	3.46	1.413	0.0	58.647	33.667	-7.649	28.8	1.567	220.088	4.08	1.975	0.0	56.894	23.859	-12.429	0.0	1.617	225.416	5.72	3.975	0.0	50.791	30.906	-0.965	35.0	2.062	222.994	4.46	2.1	0.0	58.04	11.0	-8.976	0.0	1.156	211.757	5.63	3.1	0.0	51.259	0.0	0.0	0.2	1.332	213.404	6.71	3.725	0.0	48.562	9.547	-1.0	0.0	1.098	178.434	4.9	2.288	0.0	54.731	26.474	-11.477	31.6	1.559	225.029	6.2	2.975	0.0	48.921	21.026	-11.873	0.0	0.0	168.457	5.12	2.6	0.0	51.636	9.329	-24.821	37.2	0.0	235.49
4.8	0.725	0.0	59.004	25.167	-12.087	34.8	0.0	200.424	3.34	0.912	0.532	59.221	33.521	-7.602	28.8	1.886	261.839	4.61	2.288	0.0	53.81	24.004	-12.634	0.0	1.399	222.122	6.09	4.287	0.0	48.083	30.543	-0.969	35.0	1.743	218.926	4.74	2.225	0.0	56.65	11.0	-9.065	0.0	1.207	220.379	4.86	2.913	0.0	56.842	0.0	0.0	0.2	1.307	214.954	6.32	3.35	0.532	50.271	8.675	-1.0	0.0	0.0	178.144	4.38	2.1	0.0	57.685	26.547	-11.829	31.6	1.399	229.678	5.83	2.538	0.0	51.017	21.244	-11.851	0.0	0.0	162.257	5.08	2.725	0.0	51.511	9.402	-25.142	37.2	0.0	298.068
5.06	0.975	0.0	56.844	25.094	-12.077	34.8	0.0	215.342	3.57	1.35	0.532	57.586	33.667	-7.643	28.8	1.592	223.866	4.12	2.038	0.0	56.67	23.714	-12.594	0.0	1.534	222.607	5.78	4.1	0.0	49.594	30.543	-1.14	35.0	1.944	213.017	4.22	2.35	0.0	60.067	11.073	-9.004	0.0	1.525	219.604	5.12	2.85	0.0	54.559	0.0	0.0	0.2	0.98	202.07	6.39	3.6	2.127	50.039	8.966	-1.0	0.0	0.964	183.471	4.53	2.225	0.0	56.56	26.111	-11.509	31.6	0.0	221.057	5.97	2.538	0.0	50.254	20.59	-12.172	0.0	0.0	160.61	5.08	2.413	0.0	51.928	10.056	-24.38	37.2	0.0	242.078
4.85	1.038	0.0	58.983	25.312	-12.334	34.8	0.0	238.59	3.46	1.35	0.0	58.76	33.667	-7.643	28.8	1.768	253.702	3.93	1.913	0.0	57.586	24.295	-12.269	0.0	1.358	228.128	5.74	4.287	0.0	49.951	31.124	-1.07	35.0	1.978	207.592	5.52	2.538	0.0	50.794	10.782	-9.068	0.0	1.165	241.206	5.26	2.788	0.0	52.695	0.0	0.0	0.2	1.408	211.273	6.5	3.225	1.063	48.076	9.329	-1.0	0.0	0.0	184.924	4.15	2.038	0.0	58.814	26.474	-11.402	31.6	1.433	231.228	5.69	2.038	0.0	51.267	20.953	-11.733	0.0	0.0	153.345	4.8	2.35	0.0	53.691	9.329	-24.926	37.2	0.0	241.884
5.02	1.163	0.532	57.154	24.731	-12.105	34.8	0.0	249.44	3.63	1.663	0.0	57.282	33.594	-7.648	28.8	1.735	237.04	5.24	2.725	0.0	50.034	24.15	-12.548	0.0	1.676	288.575	6.06	4.475	0.0	47.865	30.397	-1.065	35.0	0.0	204.88	4.77	2.225	0.0	56.856	10.927	-9.043	0.0	1.232	218.829	6.04	3.475	0.0	47.863	0.0	0.0	0.2	0.93	211.273	6.74	3.35	0.0	47.862	8.893	-1.0	0.0	0.0	189.38	5.11	2.725	0.0	52.407	26.474	-11.307	31.6	0.0	233.553	6.18	2.85	0.0	48.401	21.244	-11.898	0.0	0.0	139.299	5.5	2.538	0.0	48.677	9.474	-24.895	37.2	0.0	213.985
5.02	0.725	0.0	56.924	24.585	-12.136	34.8	2.137	212.92	3.5	1.288	0.0	57.718	33.521	-7.613	28.8	1.433	242.756	5.16	2.475	0.0	49.722	24.295	-12.717	0.0	1.676	244.984	6.14	4.35	0.0	47.139	31.051	-1.091	35.0	1.71	209.917	4.66	2.038	0.0	57.041	11.363	-9.0	0.0	0.922	211.854	5.72	3.038	0.0	49.252	0.0	0.0	0.2	1.324	208.658	6.6	3.35	0.0	47.444	9.329	-1.0	0.0	0.947	187.056	5.16	2.725	0.0	52.414	26.402	-11.582	31.6	1.768	228.032	6.08	2.475	0.0	48.479	21.026	-11.798	0.0	0.0	154.701	5.39	3.1	0.0	48.297	9.256	-24.891	37.2	0.0	270.654
4.92	0.662	0.0	57.081	24.658	-12.078	34.8	1.927	218.829	3.76	1.225	0.0	56.039	33.885	-7.64	28.8	1.207	228.419	4.32	2.288	0.0	55.169	23.859	-14.137	0.0	1.307	220.573	5.9	4.287	0.0	48.821	30.688	-1.002	35.0	0.0	222.219	4.17	1.975	0.0	59.693	10.564	-9.026	0.0	0.922	219.894	5.19	2.725	0.0	53.041	0.0	0.0	0.2	1.676	200.52	6.53	3.475	0.532	48.233	9.329	-1.0	0.0	1.148	179.306	4.75	2.538	0.0	54.884	26.111	-11.514	31.6	1.433	221.057	5.79	2.225	0.0	50.621	20.662	-11.804	0.0	0.0	159.835	5.17	2.163	0.0	50.806	9.474	-24.679	37.2	1.969	237.622
4.85	0.787	1.063	57.987	24.803	-12.295	34.8	2.045	205.945	3.53	1.413	2.659	57.893	33.521	-7.633	28.8	1.425	268.329	4.41	2.475	0.0	54.337	23.859	-13.164	0.0	1.182	204.008	6.01	4.662	0.0	47.92	30.688	-1.298	35.0	1.81	201.392	4.96	2.288	0.0	53.803	11.0	-9.216	0.0	0.955	266.392	5.8	3.35	0.0	48.442	0.0	0.0	0.2	0.0	212.92	6.52	3.475	0.0	48.201	9.038	-1.0	0.0	0.0	179.209	4.52	2.1	0.0	55.46	26.474	-11.491	31.6	2.129	235.297	5.89	2.538	0.0	49.639	21.244	-11.94	0.0	0.0	176.981	5.07	2.35	0.0	51.42	9.91	-24.74	37.2	0.0	250.408
5.24	0.975	0.532	55.103	24.803	-12.274	34.8	0.0	221.832	3.71	1.038	0.532	55.743	33.667	-7.581	28.8	1.383	218.054	4.23	2.288	0.0	55.184	24.222	-12.905	0.0	1.274	221.929	6.08	4.412	0.0	47.47	30.688	-1.112	35.0	2.103	209.529	4.28	2.163	0.0	59.316	10.564	-9.036	0.0	1.508	219.216	5.3	2.475	0.0	52.731	0.0	0.0	0.2	1.408	201.683	6.59	3.35	1.595	47.965	8.966	-1.0	0.0	0.0	192.093	4.94	2.288	0.0	53.506	26.692	-11.438	31.6	1.039	227.547	5.8	2.225	0.0	50.23	20.953	-11.893	0.0	0.0	137.264	5.18	2.538	0.0	49.785	9.038	-24.895	37.2	0.0	249.537
4.75	0.475	0.0	58.2	25.312	-12.05	34.8	1.718	221.541	3.5	1.1	0.0	57.831	33.449	-7.603	28.8	1.274	241.303	5.45	3.1	0.0	48.457	24.513	-13.04	0.0	1.785	225.319	5.92	4.287	0.0	49.127	30.252	-1.07	35.0	1.802	210.207	5.59	2.663	0.0	51.403	11.073	-9.115	0.0	0.0	211.854	5.48	3.1	0.0	51.088	0.0	0.0	0.2	1.726	208.27	6.34	3.35	1.595	50.425	9.184	-1.0	0.0	0.0	185.893	4.28	2.225	0.0	57.383	26.474	-11.55	31.6	1.383	221.444	5.8	2.35	0.0	50.862	21.026	-11.957	0.0	0.0	179.984	5.18	2.225	0.0	50.417	9.329	-24.792	37.2	0.0	224.835
5.1	1.1	0.532	55.838	25.239	-12.047	34.8	2.087	240.915	3.75	0.787	1.595	56.095	33.667	-7.558	28.8	1.265	241.981	4.32	2.163	0.0	54.207	24.44	-12.885	0.0	1.098	214.76	5.51	3.725	0.0	51.362	30.397	-0.947	35.0	1.575	230.066	5.21	2.725	0.0	52.777	10.927	-9.123	0.0	1.391	204.492	5.58	3.225	0.0	50.562	0.0	0.0	0.2	1.643	203.62	6.3	3.35	1.595	50.087	9.474	-1.0	0.0	0.0	184.537	4.73	2.288	0.0	54.881	26.62	-11.518	31.6	0.0	220.766	5.86	2.413	0.0	50.269	20.372	-11.745	0.0	0.0	154.41	5.06	2.038	0.0	51.597	9.474	-24.915	37.2	1.718	229.291
4.79	0.412	0.0	57.577	25.53	-12.089	34.8	1.978	233.456	3.6	0.975	0.0	56.417	33.667	-7.616	28.8	1.425	237.912	4.65	2.413	0.0	53.051	23.568	-13.153	0.0	1.651	220.766	6.16	4.475	0.0	48.551	31.051	-1.133	35.0	1.969	202.167	4.62	2.225	0.0	57.178	11.218	-9.111	0.0	1.048	227.547	5.72	2.913	0.0	50.22	0.0	0.0	0.2	1.408	205.558	6.49	3.538	0.532	49.81	9.329	-1.0	0.0	0.0	188.024	5.24	2.725	0.0	52.366	26.329	-11.501	31.6	0.0	223.866	5.98	2.6	0.0	49.983	21.244	-11.995	0.0	0.0	129.999	5.44	2.788	0.0	49.306	8.966	-25.254	37.2	0.0	286.928
4.87	0.662	1.063	56.786	25.312	-12.226	34.8	1.902	220.766	3.62	1.038	0.0	56.306	33.449	-7.614	28.8	1.106	225.416	4.8	2.538	0.0	51.859	23.859	-13.002	0.0	1.358	229.194	5.92	4.225	0.0	49.673	30.543	-1.25	35.0	1.819	196.743	4.66	2.1	0.0	56.58	10.782	-9.097	0.0	1.031	210.982	5.94	3.475	0.0	48.796	0.0	0.0	0.2	1.542	214.663	6.59	3.413	0.532	48.424	9.184	-1.0	0.0	0.0	182.793	5.44	2.913	0.0	51.441	26.62	-12.63	31.6	1.332	226.966	6.11	2.538	0.0	49.092	20.662	-11.94	0.0	0.0	171.75	5.16	2.538	0.0	50.174	9.329	-25.079	37.2	0.0	233.069
5.02	0.912	0.532	55.913	25.094	-11.787	34.8	0.0	217.473	3.87	1.163	1.063	55.014	33.449	-7.609	28.8	1.324	231.422	4.37	2.288	0.0	54.185	24.15	-12.905	0.0	1.651	217.957	6.03	4.412	0.0	49.081	30.543	-1.179	35.0	1.994	210.304	5.36	2.1	0.0	52.472	11.291	-9.144	0.0	1.098	216.02	5.51	3.038	0.0	51.421	0.0	0.0	0.2	1.542	214.567	6.6	3.35	0.0	49.339	8.893	-1.0	0.0	0.0	173.106	4.66	2.163	0.0	55.249	26.62	-11.38	31.6	0.0	219.41	6.01	2.6	0.0	49.503	21.171	-11.905	0.0	0.0	144.336	5.02	2.475	0.0	52.068	9.184	-24.967	37.2	0.0	230.066
4.93	0.475	0.532	56.42	24.731	-12.002	34.8	1.994	238.978	3.58	0.787	1.595	56.3	33.739	-7.574	28.8	1.307	226.094	5.35	2.538	0.0	48.079	24.367	-12.946	0.0	1.45	252.443	6.04	4.225	0.0	47.127	31.051	-1.049	35.0	1.827	200.811	4.86	2.1	0.0	54.959	11.291	-9.097	0.0	1.332	213.017	5.64	3.1	0.0	50.359	0.0	0.0	0.2	1.735	211.176	6.4	3.163	0.532	49.707	9.038	-1.0	0.0	0.0	184.149	4.81	2.288	0.0	54.191	26.692	-11.398	31.6	0.0	222.51	6.05	2.413	0.0	49.053	20.662	-12.498	0.0	0.0	142.108	5.34	2.913	0.0	48.99	9.038	-25.018	37.2	1.081	223.188
4.9	0.475	0.0	56.155	25.167	-11.954	34.8	1.894	218.441	3.86	0.787	0.0	54.46	33.667	-7.574	28.8	1.073	231.519	4.76	2.6	0.0	51.377	24.295	-12.738	0.0	1.684	213.404	6.33	4.287	0.0	45.121	30.906	-1.103	35.0	0.0	209.917	5.01	2.6	0.0	53.604	11.073	-9.178	0.0	1.156	228.322	5.88	3.35	0.0	48.148	0.0	0.0	0.2	1.793	226.675	6.64	3.225	1.595	47.695	9.329	-1.0	0.0	0.0	180.856	4.6	2.1	0.0	54.92	26.474	-11.411	31.6	0.0	198.002	6.15	2.788	0.0	48.305	20.372	-12.07	0.0	0.0	162.935	5.61	2.913	0.0	47.01	9.329	-25.112	37.2	0.0	235.006
6.3	1.475	1.063	48.995	25.457	-12.009	34.8	2.045	357.837	3.46	0.975	0.0	57.255	33.449	-7.6	28.8	1.383	315.311	5.04	2.413	0.0	50.037	24.15	-12.926	0.0	1.609	241.206	6.26	4.412	0.0	45.641	31.124	-1.179	35.0	2.078	210.304	5.33	2.163	0.0	51.933	11.145	-9.127	0.0	1.031	230.066	6.14	3.538	0.0	46.276	0.0	0.0	0.2	1.777	208.367	6.84	3.413	0.0	45.682	9.111	-1.0	0.0	0.0	185.893	5.29	2.475	0.0	50.552	26.62	-11.089	31.6	0.913	235.394	6.14	3.35	0.0	48.059	20.88	-12.157	0.0	0.0	144.82	5.31	2.538	0.0	48.864	9.038	-24.987	37.2	0.0	238.493
5.96	0.975	0.0	49.375	25.021	-12.077	34.8	1.726	220.863	4.23	1.225	0.0	52.194	33.521	-7.632	28.8	1.508	220.379	5.08	2.538	0.0	49.197	24.367	-12.946	0.0	1.282	214.954	5.91	4.287	0.0	47.815	31.051	-1.505	35.0	1.601	215.342	5.16	2.288	0.0	52.533	10.782	-9.178	0.0	1.123	195.968	5.91	3.1	0.0	48.365	0.0	0.0	0.2	1.592	196.549	6.63	3.35	1.063	47.202	9.402	-1.0	0.0	0.0	183.859	5.11	2.288	0.0	52.289	26.547	-11.559	31.6	1.408	218.441	6.14	3.725	0.0	47.661	21.534	-12.216	0.0	0.0	152.57	5.32	2.538	0.0	48.805	9.692	-1.0	37.2	0.0	231.519
5.4	0.163	1.063	53.366	25.239	-11.955	34.8	1.165	210.692	4.27	0.287	0.0	52.169	33.594	-7.536	28.8	0.0	209.336	5.31	2.6	0.0	47.89	23.859	-12.846	0.0	1.232	221.541	5.96	4.287	0.0	47.669	30.615	-1.137	35.0	2.062	209.917	5.16	2.225	0.0	52.859	10.855	-9.159	0.0	0.0	212.92	5.49	3.038	0.0	49.917	0.0	0.0	0.2	1.626	210.595	6.44	3.163	0.0	48.098	9.184	-1.0	0.0	0.0	181.921	5.35	2.975	0.0	51.25	26.547	-11.382	31.6	1.358	220.379	6.22	2.663	0.0	47.334	20.953	-12.005	0.0	0.0	143.27	5.52	2.475	0.0	47.367	9.329	-24.874	37.2	0.0	231.228
5.63	0.725	0.0	50.418	25.312	-12.185	34.8	1.676	207.301	4.31	1.163	0.0	51.7	33.667	-7.559	28.8	1.165	221.541	4.98	2.225	0.0	50.089	24.44	-12.895	0.0	1.006	215.148	6.22	4.225	0.0	46.194	30.252	-1.183	35.0	1.433	216.02	4.54	2.1	0.0	56.187	10.637	-9.194	0.0	1.45	221.444	5.7	3.1	0.0	49.159	0.0	0.0	0.2	1.374	214.179	6.96	3.6	1.063	44.855	9.402	-1.0	0.0	0.0	199.649	5.26	2.413	0.0	50.578	26.692	-11.339	31.6	0.0	235.49	6.16	2.663	0.0	47.357	21.171	-12.144	0.0	0.0	173.494	5.61	2.6	0.0	47.286	9.038	-25.1	37.2	0.0	230.453
6.15	1.225	0.0	49.401	25.021	-11.972	34.8	1.265	342.047	3.54	0.725	0.0	55.948	33.885	-7.593	28.8	1.123	258.739	5.62	2.85	0.0	45.964	24.077	-12.832	0.0	0.0	233.166	6.36	4.662	0.0	44.157	30.979	-1.4	35.0	1.852	214.567	5.71	2.288	0.0	49.856	11.073	-9.229	0.0	1.416	213.404	5.42	2.85	0.0	50.389	0.0	0.0	0.2	1.089	222.316	6.55	3.163	0.0	46.235	9.038	-1.0	0.0	0.0	199.842	5.24	2.6	0.0	49.944	26.474	-11.179	31.6	1.835	219.798	6.32	2.35	0.0	45.865	21.026	-12.143	0.0	0.0	148.986	5.57	2.85	0.0	47.189	9.111	-24.904	37.2	0.0	231.131
6.03	0.85	2.659	49.476	24.876	-11.963	34.8	1.257	245.177	4.04	0.725	0.0	53.316	33.667	-7.617	28.8	1.383	223.382	5.18	2.663	0.0	48.726	23.35	-12.694	0.0	1.324	211.176	6.24	4.162	0.0	45.669	30.833	-0.994	35.0	1.374	213.017	5.03	2.225	0.0	54.312	11.654	-9.209	0.0	0.0	211.854	5.92	3.038	0.0	47.296	0.0	0.0	0.2	1.332	203.717	6.7	3.475	2.659	46.594	8.821	-1.0	0.0	0.0	191.318	5.57	2.538	0.0	49.323	26.62	-11.134	31.6	1.743	212.048	6.23	2.6	0.0	46.843	20.662	-12.041	0.0	0.0	166.422	5.46	2.6	0.0	48.093	9.402	-25.008	37.2	0.0	238.493
5.5	0.85	2.127	53.026	25.385	-13.129	34.8	1.106	205.751	4.01	0.787	0.0	52.517	33.521	-7.607	28.8	0.0	263.001	5.34	2.413	0.0	47.619	23.932	-12.761	0.0	0.0	233.069	6.2	4.412	0.0	45.105	31.124	-1.247	35.0	1.919	209.917	5.93	2.538	0.0	47.787	10.637	-9.245	0.0	1.902	238.203	6.09	3.35	0.0	45.589	0.0	0.0	0.2	1.726	205.945	6.67	3.288	0.532	46.002	9.038	-1.0	0.0	0.0	173.397	5.08	2.288	0.0	51.66	26.474	-11.283	31.6	1.006	239.656	6.26	2.913	0.0	46.199	20.444	-12.182	0.0	0.0	135.811	5.68	2.788	0.0	45.91	9.402	-25.254	37.2	1.106	228.71
6.2	1.225	0.0	48.769	24.731	-11.925	34.8	1.844	356.675	4.8	0.787	0.532	47.855	33.521	-7.599	28.8	0.972	122.443	5.08	2.288	0.0	49.016	23.786	-12.634	0.0	0.0	208.27	6.06	4.225	0.0	46.266	30.47	-1.317	35.0	1.894	221.057	5.73	2.538	0.0	49.102	10.709	-9.183	0.0	1.76	226.578	6.04	3.6	0.0	46.171	0.0	0.0	0.2	2.087	210.982	6.94	3.413	0.532	44.508	9.038	-1.0	0.0	0.0	180.662	5.5	2.288	0.0	49.011	26.62	-11.321	31.6	1.332	221.541	6.19	2.225	0.0	47.238	20.59	-12.367	0.0	0.0	144.433	5.62	2.6	0.0	46.458	9.62	-24.44	37.2	0.0	233.553
