7.89	4.475	1.063	67.018	25.893	-10.971	34.8	0.0	211.564	6.78	4.85	1.063	65.895	33.086	-8.198	28.8	1.676	252.83	7.23	4.662	0.0	66.465	24.731	-8.675	0.0	0.964	219.604	8.07	5.975	0.0	67.349	30.47	-2.129	35.0	0.0	201.392	7.68	7.162	0.0	67.52	11.145	-9.02	0.0	0.0	220.766	7.73	5.225	0.0	68.202	0.0	0.0	0.2	0.0	187.056	8.08	5.725	0.0	69.097	10.128	-25.491	0.0	1.006	177.175	7.26	6.35	0.0	67.766	26.692	-11.058	31.6	0.0	189.38	8.14	5.912	0.0	64.269	24.585	-22.542	0.0	0.0	132.227	7.92	5.6	0.0	66.616	10.564	-24.934	37.2	1.961	226.966
7.71	4.412	2.127	68.037	25.021	-10.962	34.8	0.0	203.136	6.64	4.662	0.0	66.628	33.667	-8.17	28.8	1.483	227.935	7.26	4.725	0.0	61.889	24.513	-8.655	0.0	1.978	197.808	7.82	5.662	0.0	66.87	31.705	-1.95	35.0	0.0	181.534	7.59	7.6	0.0	68.176	11.508	-9.088	0.0	0.0	200.617	7.6	4.912	0.0	67.317	0.0	0.0	0.2	0.0	173.494	8.14	5.912	0.532	66.711	9.983	-25.455	0.0	0.939	187.831	7.67	6.6	0.0	62.042	26.474	-11.156	31.6	0.0	189.671	8.51	5.725	0.0	60.456	23.859	-22.705	0.0	0.0	157.026	8.0	5.85	0.0	65.374	10.201	-25.331	37.2	2.103	239.656
8.1	4.6	9.571	66.893	25.167	-10.866	34.8	0.0	186.862	6.38	3.788	0.532	68.058	33.739	-7.957	28.8	1.5	210.595	7.34	4.412	0.0	63.826	24.876	-8.633	0.0	1.777	203.62	7.82	5.85	0.0	67.33	30.47	-1.946	35.0	0.972	188.799	7.67	7.35	0.0	67.572	11.508	-9.057	0.0	1.274	218.054	7.59	5.1	0.0	66.557	0.0	0.0	0.2	0.0	184.053	8.12	5.787	0.0	66.843	10.709	-25.813	0.0	0.0	182.309	7.82	6.537	0.0	62.432	26.474	-11.178	31.6	1.743	205.558	8.66	5.725	0.0	58.731	24.077	-23.036	0.0	0.0	160.707	8.08	5.787	0.0	66.128	10.927	-25.513	37.2	1.911	223.769
8.0	4.6	0.0	66.712	25.675	-11.053	34.8	0.0	196.936	6.56	4.225	0.0	67.985	33.812	-8.148	28.8	1.232	253.315	7.62	4.975	0.0	63.736	25.312	-8.676	0.0	0.0	206.817	8.14	5.975	0.0	66.084	31.197	-2.024	35.0	0.93	200.52	7.86	7.162	0.0	67.202	11.218	-9.034	0.0	0.0	210.207	7.71	5.225	0.0	68.493	0.0	0.0	0.2	0.0	204.686	8.17	5.787	0.0	68.31	9.983	-1.0	0.0	1.634	180.275	7.48	6.475	0.0	65.993	26.111	-11.232	31.6	1.592	202.167	8.41	5.975	0.0	63.064	24.367	-23.004	0.0	0.0	142.495	7.7	5.6	0.0	67.47	10.346	-25.346	37.2	0.0	232.681
8.3	4.662	0.532	65.235	25.82	-11.062	34.8	0.0	214.954	6.67	4.725	0.0	67.281	33.739	-8.24	28.8	1.559	236.944	7.53	5.162	0.0	60.778	25.021	-8.717	0.0	0.0	182.406	8.07	6.037	0.0	66.942	31.197	-2.081	35.0	0.0	183.956	7.76	7.225	0.0	67.562	11.0	-9.07	0.0	0.0	210.692	7.8	5.162	0.0	68.402	0.0	0.0	0.2	0.0	190.349	8.22	5.662	0.0	68.185	9.983	-25.367	0.0	0.0	186.668	7.64	6.662	0.0	63.072	26.474	-11.358	31.6	1.534	204.492	8.46	5.6	0.0	61.158	24.367	-22.997	0.0	0.0	141.914	7.86	5.6	0.0	66.442	10.927	-25.346	37.2	2.02	239.656
8.13	4.725	3.19	66.273	25.312	-10.794	34.8	0.0	214.47	6.76	4.412	0.532	66.92	34.03	-8.191	28.8	1.735	225.029	7.68	4.787	0.0	57.044	24.731	-8.942	0.0	1.827	191.415	8.03	5.975	0.0	66.064	30.107	-1.884	35.0	0.922	178.531	7.82	7.537	0.0	66.788	11.073	-9.108	0.0	0.0	212.242	7.76	5.162	0.0	67.939	0.0	0.0	0.2	0.0	193.062	8.2	5.662	0.0	65.108	9.91	-25.57	0.0	0.0	167.294	7.68	6.412	0.0	59.837	26.474	-11.387	31.6	1.24	190.059	8.44	5.35	0.0	61.636	24.44	-23.247	0.0	0.0	166.132	7.89	5.787	0.0	65.875	10.419	-25.411	37.2	0.0	226.191
7.9	4.475	0.0	66.477	25.603	-11.035	34.8	0.0	190.737	6.72	4.537	0.0	66.751	33.594	-8.165	28.8	1.835	225.125	7.46	4.725	0.0	62.007	24.803	-8.661	0.0	1.835	206.72	7.9	5.725	0.0	67.426	31.269	-1.937	35.0	0.0	193.255	7.66	7.1	0.0	66.895	11.218	-9.18	0.0	1.115	208.754	7.64	5.1	0.0	67.701	0.0	0.0	0.2	0.0	183.956	8.07	5.6	0.0	67.808	10.128	-25.346	0.0	0.0	173.009	7.86	6.537	0.0	60.293	26.474	-11.617	31.6	1.425	210.595	8.78	5.787	0.0	58.433	24.15	-23.605	0.0	0.0	139.396	7.75	5.787	0.0	65.987	10.492	-25.813	37.2	0.0	238.106
8.17	4.725	1.063	65.624	25.893	-11.071	34.8	1.349	194.321	6.3	3.85	3.722	67.642	33.303	-8.053	28.8	1.224	206.236	7.26	4.662	0.0	63.978	24.949	-8.668	0.0	0.0	212.532	7.93	5.912	0.0	67.566	31.124	-2.002	35.0	0.947	185.893	7.74	7.1	0.0	66.828	10.782	-9.098	0.0	1.374	204.88	7.6	4.975	0.0	67.802	0.0	0.0	0.2	0.0	178.047	8.1	5.662	3.19	68.001	9.91	-25.367	0.0	1.374	182.309	7.68	6.475	0.0	61.114	26.692	-11.874	31.6	0.0	194.805	8.28	5.85	0.0	62.874	24.222	-23.406	0.0	0.0	165.55	7.74	5.537	0.0	67.45	10.855	-25.016	37.2	2.12	233.166
8.19	4.537	0.0	65.381	25.82	-11.28	34.8	0.0	221.541	6.56	4.162	0.532	66.587	33.449	-8.133	28.8	1.324	241.787	7.35	4.475	0.0	61.511	25.094	-8.613	0.0	2.036	210.692	7.89	5.787	0.0	67.559	31.342	-1.855	35.0	1.014	181.147	7.76	7.35	0.0	67.157	11.654	-9.129	0.0	0.0	223.769	7.52	4.787	0.0	68.216	0.0	0.0	0.2	0.0	182.406	8.04	5.6	1.063	68.017	10.492	-25.244	0.0	1.198	184.343	7.58	6.1	0.0	61.943	26.62	-11.661	31.6	0.0	202.07	8.14	5.537	0.0	64.047	24.004	-23.415	0.0	0.0	162.257	7.66	5.475	0.0	67.947	10.855	-25.403	37.2	1.886	229.194
8.16	4.6	1.063	66.033	26.111	-11.085	34.8	0.0	233.359	6.7	4.225	0.0	66.828	34.175	-8.163	28.8	1.634	243.724	7.36	4.475	0.0	64.133	24.803	-8.64	0.0	1.609	221.444	8.42	6.225	0.0	63.177	31.051	-1.793	35.0	0.0	204.88	7.87	7.162	0.0	66.499	11.0	-9.099	0.0	0.0	206.817	7.62	5.037	0.0	67.698	0.0	0.0	0.2	0.0	185.99	8.26	5.85	0.0	67.546	9.983	-25.331	0.0	1.131	174.947	7.48	6.037	0.0	60.572	27.056	-11.504	31.6	1.416	181.921	8.43	5.412	0.0	57.683	24.222	-23.376	0.0	0.0	147.145	7.82	5.725	0.0	67.114	10.637	-25.389	37.2	0.0	251.765
7.95	4.537	0.532	67.191	24.876	-10.949	34.8	0.0	207.592	6.73	4.787	0.532	66.942	33.449	-8.183	28.8	0.0	245.565	7.34	4.537	0.0	64.019	25.167	-8.681	0.0	0.0	206.43	8.44	6.287	0.0	65.122	31.342	-2.097	35.0	0.0	200.617	7.66	6.975	0.0	66.895	11.363	-9.142	0.0	0.0	214.567	7.92	5.1	0.0	67.321	0.0	0.0	0.2	0.0	191.705	8.51	5.787	0.532	64.914	10.201	-25.206	0.0	0.972	189.284	7.6	6.287	0.0	61.693	26.547	-11.472	31.6	1.467	198.583	8.78	5.725	0.0	58.895	23.859	-23.803	0.0	0.0	124.284	7.73	5.6	0.0	66.908	10.274	-25.346	37.2	2.137	244.596
7.49	4.162	0.0	67.728	25.748	-10.99	34.8	0.0	189.671	6.61	4.85	0.0	66.623	33.158	-8.141	28.8	0.0	220.282	7.12	4.475	0.0	66.363	24.949	-8.694	0.0	1.341	230.26	8.15	6.162	0.0	65.016	30.615	-2.089	35.0	1.282	201.392	7.51	7.162	0.0	67.219	11.0	-9.172	0.0	1.073	225.319	7.68	5.1	0.0	67.87	0.0	0.0	0.2	0.0	198.196	8.19	5.662	0.0	67.533	10.274	-25.163	0.0	1.282	167.972	7.35	6.225	0.0	66.622	26.547	-12.08	31.6	0.0	198.68	8.46	5.975	0.0	61.752	24.44	-23.666	0.0	0.0	150.439	7.65	5.6	0.0	65.996	10.782	-25.447	37.2	0.0	258.352
7.36	4.1	0.532	69.36	25.893	-10.856	34.8	0.0	196.549	6.28	4.787	2.659	68.996	33.449	-8.167	28.8	0.0	245.565	6.85	4.475	0.0	67.663	24.949	-8.66	0.0	1.86	228.903	7.97	5.912	0.0	66.571	31.051	-1.687	35.0	1.668	192.48	7.28	6.912	0.0	68.946	11.508	-9.149	0.0	0.955	213.404	7.51	5.162	0.0	68.375	0.0	0.0	0.2	0.947	193.158	7.93	5.6	0.0	68.721	10.492	-25.038	0.0	1.651	162.257	7.05	6.1	0.0	67.942	26.184	-11.514	31.6	0.0	212.242	8.12	5.475	0.0	63.293	24.077	-24.045	0.0	0.0	143.077	7.42	5.537	0.0	67.391	10.855	-25.324	37.2	2.028	231.809
7.52	4.1	0.0	69.044	25.239	-10.766	34.8	0.0	226.482	6.37	4.725	0.0	68.269	33.376	-8.176	28.8	0.0	240.818	6.86	4.475	0.0	67.933	24.367	-8.681	0.0	1.517	215.729	7.96	6.287	0.0	65.942	30.688	-2.132	35.0	1.399	197.518	7.3	6.725	0.0	69.666	11.0	-9.142	0.0	0.964	192.287	7.32	4.912	0.0	69.75	0.0	0.0	0.2	1.198	198.002	7.74	5.412	0.532	69.325	9.983	-24.974	0.0	1.592	157.123	6.94	5.975	0.0	68.456	26.474	-11.287	31.6	0.0	203.136	8.11	5.537	0.0	63.236	24.44	-24.493	0.0	0.0	149.083	7.51	5.475	0.0	68.749	10.201	-25.098	37.2	0.0	233.941
7.63	4.287	3.19	69.57	25.893	-10.792	34.8	1.089	222.994	6.38	4.85	0.0	69.359	33.594	-8.198	28.8	0.0	266.683	6.86	4.225	0.0	67.933	25.167	-8.686	0.0	0.0	213.985	7.58	5.35	0.0	68.602	30.688	-1.566	35.0	0.0	167.682	7.34	6.787	0.0	68.584	11.218	-9.053	0.0	1.182	211.467	7.21	5.037	0.0	69.914	0.0	0.0	0.2	1.232	190.059	7.98	5.475	0.532	68.516	10.274	-24.891	0.0	1.575	175.431	7.08	6.037	0.0	67.437	26.765	-11.264	31.6	0.0	200.23	8.04	5.6	0.0	63.864	24.077	-24.83	0.0	0.0	125.059	7.56	5.662	0.0	67.579	10.201	-25.265	37.2	0.0	257.189
7.56	4.475	0.0	69.238	25.094	-10.759	34.8	0.0	209.529	6.4	4.975	0.0	68.568	33.667	-8.274	28.8	0.0	249.537	6.92	4.6	0.0	67.569	24.513	-8.735	0.0	0.947	213.307	8.18	5.662	0.0	66.036	30.688	-1.916	35.0	0.0	193.062	7.6	6.975	0.0	67.127	11.654	-9.142	0.0	0.0	222.122	7.35	4.975	0.0	69.57	0.0	0.0	0.2	0.0	175.431	7.68	5.225	0.532	69.739	10.274	-24.494	0.0	1.056	170.685	7.02	5.912	0.0	68.284	26.474	-11.278	31.6	0.0	212.92	8.18	5.725	0.0	62.773	24.077	-24.556	0.0	0.0	137.652	7.54	5.6	0.0	66.548	10.346	-25.548	37.2	0.0	261.839
7.86	4.475	0.0	66.877	24.949	-10.818	34.8	0.0	228.903	6.6	5.037	0.0	66.702	34.248	-8.177	28.8	0.0	249.44	7.02	4.725	0.0	64.79	25.021	-8.743	0.0	0.0	208.173	7.57	5.475	0.0	67.365	31.051	-1.574	35.0	0.0	180.856	7.7	6.975	0.0	66.032	11.363	-9.142	0.0	1.056	227.741	7.21	4.912	0.0	69.331	0.0	0.0	0.2	0.0	180.468	7.72	5.35	0.532	69.481	9.838	-24.849	0.0	1.416	184.634	7.06	5.975	0.0	68.291	26.547	-11.222	31.6	0.0	203.62	8.08	5.725	0.0	64.259	23.786	-24.767	0.0	0.0	144.045	8.31	5.725	0.0	57.054	10.274	-25.491	37.2	1.877	239.172
7.61	4.037	0.532	68.233	25.53	-10.817	34.8	0.0	209.432	6.65	4.85	1.595	66.116	32.722	-8.206	28.8	0.0	245.565	6.88	4.537	0.0	67.642	24.44	-8.742	0.0	0.0	204.202	7.48	5.412	0.0	69.143	30.979	-1.794	35.0	0.0	191.705	7.57	6.85	0.0	68.172	11.073	-9.112	0.0	0.0	201.78	7.41	4.725	0.0	68.41	0.0	0.0	0.2	0.0	197.808	7.92	5.6	0.532	68.398	10.492	-24.934	0.0	1.316	173.881	7.3	6.287	0.0	65.906	26.474	-11.268	31.6	0.0	210.692	8.27	5.787	0.0	62.732	23.859	-24.789	0.0	0.0	149.083	7.76	5.537	0.0	66.043	10.709	-21.986	37.2	0.0	277.338
7.82	4.35	0.0	67.492	24.949	-10.771	34.8	0.0	212.92	6.62	4.787	0.0	66.787	33.303	-8.183	28.8	0.0	254.283	6.88	4.662	0.0	67.964	25.239	-8.77	0.0	0.0	195.58	7.53	5.537	0.0	68.673	30.615	-1.734	35.0	0.0	186.281	7.48	6.6	0.0	68.557	11.073	-9.06	0.0	0.955	226.869	7.1	4.725	0.0	70.051	0.0	0.0	0.2	0.0	186.184	7.96	5.475	0.0	67.949	10.564	-24.787	0.0	1.349	183.568	7.16	6.1	0.0	66.912	26.547	-11.24	31.6	0.0	186.668	8.14	5.6	0.0	64.269	24.15	-24.62	0.0	0.0	159.932	7.75	5.537	0.0	66.368	10.782	-25.119	37.2	1.919	237.622
7.74	4.1	0.532	67.989	25.748	-10.825	34.8	0.0	213.21	6.5	4.475	2.127	67.518	33.594	-8.15	28.8	1.483	262.614	6.8	4.662	0.0	66.955	25.021	-8.825	0.0	0.0	199.067	7.44	5.537	0.0	68.79	30.833	-1.907	35.0	1.014	168.263	7.46	6.6	0.0	68.58	11.073	-9.031	0.0	0.0	206.333	7.13	4.787	0.0	69.925	0.0	0.0	0.2	0.0	169.522	7.76	5.725	0.532	69.249	10.564	-24.872	0.0	0.0	181.147	7.14	5.912	0.0	66.394	26.402	-11.085	31.6	0.0	205.267	8.15	5.475	0.0	60.88	24.44	-24.472	0.0	0.0	151.311	7.59	5.6	0.0	66.801	10.492	-25.244	37.2	0.0	245.952
7.76	4.037	1.595	68.073	25.53	-10.817	34.8	0.0	229.969	6.58	4.725	0.532	67.291	33.812	-8.208	28.8	1.994	248.277	6.9	4.662	0.0	67.054	25.167	-8.825	0.0	0.0	201.295	7.48	5.6	0.0	68.048	31.269	-1.928	35.0	0.0	170.007	7.44	6.662	0.0	68.603	11.363	-9.045	0.0	0.0	207.979	7.16	4.537	0.0	69.454	0.0	0.0	0.2	0.0	188.799	7.96	5.537	0.532	68.352	10.492	-24.493	0.0	1.265	170.975	7.38	5.975	0.0	64.853	26.62	-11.094	31.6	0.0	194.708	8.4	5.537	0.0	61.742	24.15	-24.28	0.0	0.0	166.713	7.67	5.412	0.0	66.381	10.201	-25.28	37.2	1.827	249.44
7.74	4.037	0.532	67.989	25.457	-10.909	34.8	0.0	216.601	6.66	4.85	0.0	66.659	33.739	-8.19	28.8	0.0	237.718	6.82	4.225	0.0	67.281	24.731	-8.748	0.0	0.0	208.173	7.94	5.6	0.0	67.027	31.342	-1.651	35.0	0.0	194.03	7.46	6.787	0.0	68.419	11.073	-9.053	0.0	0.0	204.105	7.18	4.725	0.0	68.126	0.0	0.0	0.2	0.0	157.995	7.9	5.35	0.0	68.233	10.419	-24.536	0.0	0.0	182.018	7.36	5.912	0.0	65.699	26.474	-11.054	31.6	2.062	202.167	8.4	5.662	0.0	62.164	24.15	-24.535	0.0	0.0	135.036	7.5	5.225	0.0	66.568	10.492	-25.114	37.2	0.0	240.528
7.84	4.287	0.0	67.603	25.82	-10.733	34.8	0.0	211.273	6.62	4.85	2.127	67.083	33.521	-8.157	28.8	0.0	221.735	6.86	4.412	0.0	67.692	25.167	-8.762	0.0	1.994	202.555	7.52	5.475	0.0	68.029	31.269	-1.574	35.0	0.0	174.172	7.54	6.787	0.0	67.925	11.073	-9.032	0.0	0.0	223.479	7.18	4.725	0.0	69.591	0.0	0.0	0.2	0.0	186.571	8.15	5.35	0.532	66.957	10.128	-24.536	0.0	1.148	165.163	7.37	5.975	0.0	65.919	26.474	-10.973	31.6	0.0	197.13	8.38	5.6	0.0	62.386	24.077	-24.408	0.0	0.0	156.348	7.62	5.475	0.0	66.589	10.782	-25.504	37.2	0.0	238.203
7.88	4.662	0.532	67.88	25.239	-10.845	34.8	0.0	219.604	6.58	5.037	2.659	67.667	33.521	-8.242	28.8	0.0	239.075	6.86	4.537	0.0	65.337	25.312	-8.769	0.0	0.0	203.717	7.56	5.725	0.0	66.795	31.342	-1.868	35.0	0.0	166.907	7.49	6.975	0.0	68.264	10.855	-9.062	0.0	0.0	213.792	7.2	4.725	0.0	70.175	0.0	0.0	0.2	2.078	191.512	8.0	5.412	0.532	68.144	9.983	-24.451	0.0	0.0	171.072	7.27	5.85	0.0	66.363	26.474	-10.926	31.6	1.609	179.209	8.26	5.537	0.0	62.898	24.15	-24.493	0.0	0.0	179.693	7.54	5.475	0.0	66.981	10.709	-25.098	37.2	0.0	252.055
7.79	4.475	3.19	68.293	25.457	-10.848	34.8	0.0	226.094	6.53	4.912	1.595	67.845	33.594	-8.139	28.8	0.0	243.046	6.72	4.412	0.0	65.857	25.021	-8.748	0.0	2.07	203.427	7.47	5.225	0.0	68.582	31.342	-1.729	35.0	0.0	174.947	7.46	6.475	0.0	69.113	11.291	-8.98	0.0	1.022	208.754	7.18	4.475	0.0	68.767	0.0	0.0	0.2	2.112	163.807	8.0	5.225	1.063	67.714	10.201	-24.177	0.0	0.0	178.24	7.5	5.912	0.0	65.45	26.547	-10.994	31.6	1.777	209.529	8.5	5.475	0.0	60.483	23.859	-23.83	0.0	0.0	151.02	7.58	5.6	0.0	66.501	10.492	-25.346	37.2	0.0	236.265
7.81	4.35	0.0	67.921	25.603	-10.861	34.8	0.989	225.416	6.58	4.725	0.0	67.56	33.449	-8.176	28.8	0.0	252.733	6.88	4.287	0.0	67.185	25.021	-8.755	0.0	0.0	215.535	7.8	5.6	0.0	65.531	31.051	-1.963	35.0	0.0	165.357	7.68	6.537	0.0	66.138	11.363	-8.967	0.0	0.0	211.467	7.16	4.85	0.0	70.667	0.0	0.0	0.2	0.0	187.831	8.0	5.225	0.532	67.849	10.056	-24.494	0.0	0.0	174.172	7.38	5.85	0.0	66.002	26.547	-11.015	31.6	1.869	186.281	8.18	5.6	0.0	64.276	24.295	-24.194	0.0	0.0	140.752	7.54	5.6	0.0	65.621	10.637	-24.934	37.2	0.0	261.839
7.9	4.787	0.0	66.667	25.53	-10.803	34.8	1.173	225.803	6.6	4.85	0.0	66.486	33.376	-8.19	28.8	0.0	249.827	6.87	4.287	0.0	68.336	24.585	-8.776	0.0	0.0	197.421	7.64	5.412	0.0	66.484	30.833	-1.794	35.0	2.07	164.001	7.64	6.725	0.0	66.647	11.363	-9.01	0.0	0.0	212.629	7.31	4.725	0.0	68.659	0.0	0.0	0.2	2.011	177.756	7.94	5.225	0.532	67.784	10.492	-24.389	0.0	0.0	167.875	7.34	5.912	0.0	66.349	26.474	-11.116	31.6	1.483	181.437	8.38	5.475	0.0	60.378	24.077	-23.722	0.0	0.0	156.832	8.16	5.725	0.0	60.171	10.492	-25.491	37.2	0.0	256.996
7.66	4.1	0.0	68.376	24.803	-10.707	34.8	0.0	240.431	6.47	4.6	0.0	67.379	33.521	-8.082	28.8	2.103	256.027	6.91	4.475	0.0	65.291	24.585	-8.728	0.0	2.036	184.343	7.56	5.225	0.0	66.823	31.342	-1.729	35.0	2.078	161.191	7.52	6.6	0.0	67.329	11.291	-9.002	0.0	0.939	213.695	7.3	4.725	0.0	67.934	0.0	0.0	0.2	2.062	157.995	8.25	5.6	1.063	65.775	10.782	-24.934	0.0	0.0	163.807	7.55	5.912	0.0	64.663	26.62	-11.054	31.6	0.0	178.822	8.12	5.35	0.0	62.033	24.004	-23.789	0.0	0.0	152.376	7.66	5.6	0.0	64.71	10.637	-25.038	37.2	0.0	263.195
7.62	4.162	1.063	68.61	25.53	-10.716	34.8	0.0	207.204	6.34	4.725	1.063	68.636	33.594	-8.16	28.8	0.0	255.93	6.91	4.35	0.0	68.183	24.949	-8.734	0.0	0.0	222.219	7.88	5.162	0.0	65.49	31.342	-1.708	35.0	0.0	186.959	7.3	6.412	0.0	69.614	10.782	-9.008	0.0	0.0	202.942	7.21	4.475	0.0	67.272	0.0	0.0	0.2	1.827	176.787	8.36	5.225	2.127	64.418	10.782	-1.0	0.0	0.0	176.787	7.43	5.6	0.0	64.146	26.474	-11.232	31.6	0.0	164.097	8.24	5.162	0.0	60.781	23.786	-23.513	0.0	0.0	159.932	7.34	5.475	0.0	66.674	10.419	-24.891	37.2	0.0	279.276
7.69	4.412	0.532	66.9	25.893	-10.869	34.8	0.989	229.969	6.56	4.912	0.0	66.371	33.885	-8.252	28.8	0.0	261.839	6.84	4.225	0.0	67.93	25.239	-8.673	0.0	0.93	205.558	7.61	5.225	0.0	67.911	31.124	-1.798	35.0	0.0	184.828	7.44	6.662	0.0	67.125	11.073	-9.024	0.0	1.14	228.128	7.22	4.787	0.0	69.413	0.0	0.0	0.2	1.886	179.015	7.86	5.225	1.063	68.253	10.564	-24.177	0.0	0.0	194.321	7.2	5.725	0.0	66.622	26.474	-11.12	31.6	1.617	188.412	8.14	5.537	0.0	63.659	24.004	-23.524	0.0	0.0	148.792	7.3	5.537	0.0	66.694	10.492	-25.526	37.2	0.0	273.367
