5.48	3.913	0.0	81.404	24.949	-13.121	34.8	1.265	247.89	4.2	4.537	0.0	82.0	32.504	-1.892	28.8	0.0	206.042	4.72	5.037	0.0	83.603	23.932	-13.669	0.0	1.022	228.516	5.28	5.6	0.0	83.966	30.543	-1.337	35.0	0.0	243.24	5.19	6.162	0.0	82.65	11.073	-9.218	0.0	0.0	179.693	5.25	5.037	0.0	82.57	0.0	0.0	0.2	0.0	65.193	5.98	5.475	2.659	81.115	8.821	-1.0	0.0	0.0	212.532	4.99	5.412	0.0	80.724	26.547	-10.892	31.6	1.106	238.493	5.54	5.225	0.0	82.987	20.517	-9.837	0.0	0.0	142.786	4.74	5.412	0.0	84.249	8.748	-1.0	37.2	2.12	216.795	5.7
5.44	4.1	1.063	82.848	24.44	-13.097	34.8	1.575	185.893	4.14	4.475	0.0	82.474	32.65	-7.846	28.8	0.0	274.82	4.71	5.037	0.0	83.255	24.077	-13.608	0.0	1.399	194.418	5.27	5.725	0.0	86.075	30.543	-1.344	35.0	1.064	173.009	5.12	6.162	0.0	84.248	11.218	-9.226	0.0	1.467	224.835	5.25	5.35	0.0	82.594	0.0	0.0	0.2	0.0	82.339	5.98	5.475	2.659	81.353	8.821	-1.0	0.0	1.886	213.792	5.01	5.6	0.0	80.776	27.201	-11.04	31.6	1.45	185.021	5.5	5.35	0.0	83.233	20.735	-9.904	0.0	0.0	137.458	4.81	5.162	0.0	84.311	8.748	-1.0	37.2	1.349	242.078	5.7
5.42	4.1	0.532	81.65	25.094	-13.041	34.8	0.0	316.28	4.13	4.537	0.0	81.774	32.867	-7.844	28.8	0.0	348.247	4.69	5.1	0.0	83.596	24.367	-13.62	0.0	1.24	73.718	5.28	5.725	0.0	85.447	30.761	-1.204	35.0	1.86	170.588	5.08	6.162	0.0	85.376	10.855	-9.209	0.0	0.0	232.003	5.21	5.225	0.0	82.701	0.0	0.0	0.2	1.425	139.493	5.92	5.475	0.532	82.493	9.111	-1.0	0.0	0.0	216.504	4.89	5.412	0.0	81.575	26.692	-10.668	31.6	0.0	217.473	5.48	5.225	0.0	83.437	20.59	-9.805	0.0	0.0	148.501	4.79	5.162	0.0	83.987	9.038	-1.0	37.2	1.978	231.422	5.59
5.45	3.913	0.0	81.255	24.658	-13.177	34.8	2.112	166.907	4.17	4.475	1.595	81.433	32.722	-7.864	28.8	0.0	307.465	4.66	4.787	0.0	84.389	23.568	-14.396	0.0	1.031	231.131	5.23	5.6	0.0	84.549	30.47	-1.232	35.0	0.0	26.445	5.1	6.1	0.0	84.518	11.218	-9.219	0.0	1.441	264.551	5.17	5.037	0.0	83.063	0.0	0.0	0.2	0.0	65.097	5.85	5.35	0.532	82.336	9.038	-1.0	0.0	0.0	197.518	4.89	5.35	0.0	81.551	26.111	-10.913	31.6	0.0	209.432	5.44	5.35	0.0	83.543	21.534	-9.87	0.0	0.0	138.621	4.65	4.975	0.0	84.273	8.603	-1.0	37.2	0.0	319.38	5.57
5.46	3.913	0.532	81.447	24.731	-13.41	34.8	0.0	198.68	4.18	4.35	2.127	82.275	32.722	-7.843	28.8	0.0	233.166	4.64	5.037	0.0	85.111	23.423	-13.489	0.0	1.425	280.826	5.22	5.537	0.0	84.615	31.051	-1.142	35.0	0.0	110.722	5.06	6.037	0.0	85.551	10.927	-9.521	0.0	0.0	201.392	5.16	5.037	0.0	84.258	0.0	0.0	0.2	0.0	20.246	5.85	5.475	4.785	82.242	8.748	-1.0	0.0	1.45	228.516	4.84	5.225	0.0	82.149	26.692	-11.047	31.6	0.0	171.944	5.44	5.412	0.0	83.728	20.662	-9.797	0.0	0.0	174.172	4.69	4.787	0.0	84.237	9.256	-1.0	37.2	0.0	246.146	5.57
5.4	3.913	0.0	81.833	24.949	-13.235	34.8	0.0	149.567	4.2	4.287	0.0	82.881	32.65	-7.819	28.8	0.0	146.758	4.58	5.037	0.0	85.028	23.859	-13.854	0.0	1.224	207.204	5.23	5.725	0.0	85.412	30.252	-1.028	35.0	0.0	130.968	5.11	6.287	0.0	85.879	10.927	-9.233	0.0	2.036	264.067	5.08	5.037	0.0	84.809	0.0	0.0	0.2	0.0	136.586	5.84	5.225	1.063	82.24	9.256	-1.0	0.0	1.224	209.529	4.8	5.475	0.0	82.279	26.184	-10.931	31.6	0.0	162.257	5.43	5.412	0.0	83.955	20.88	-9.861	0.0	0.0	147.533	4.66	4.912	0.0	84.367	8.748	-1.0	37.2	0.0	194.321	5.52
5.39	3.85	0.0	82.463	24.876	-13.167	34.8	0.93	221.929	4.14	4.287	0.0	83.144	32.867	-7.863	28.8	0.0	229.581	4.55	4.85	0.0	85.247	23.568	-13.883	0.0	1.458	212.823	5.24	5.725	0.0	85.143	31.051	-1.274	35.0	1.265	177.562	4.99	6.162	0.0	86.186	10.855	-9.226	0.0	1.559	187.831	5.04	4.6	0.0	85.411	0.0	0.0	0.2	0.972	189.284	5.78	5.475	0.0	82.741	8.748	-1.0	0.0	1.601	186.281	4.8	5.225	0.0	82.605	26.474	-10.925	31.6	0.0	169.619	5.42	5.225	0.0	83.584	20.662	-9.941	0.0	0.0	147.533	4.66	4.787	0.0	84.23	8.603	-1.0	37.2	1.224	194.321	5.49
5.34	3.913	0.0	83.103	24.222	-13.121	34.8	1.081	156.542	4.13	4.412	0.0	83.417	32.867	-7.849	28.8	1.332	210.498	4.53	4.975	0.0	86.05	23.496	-13.969	0.0	1.978	218.829	5.16	5.662	0.0	86.384	31.051	-1.323	35.0	1.542	166.035	4.98	6.287	0.0	86.696	10.927	-9.25	0.0	1.726	209.529	5.06	4.912	0.0	85.911	0.0	0.0	0.2	1.182	184.149	5.73	5.475	0.0	83.311	8.821	-1.0	0.0	0.0	169.232	4.82	5.412	0.0	82.656	26.184	-10.921	31.6	0.0	170.685	5.4	5.412	0.0	84.086	20.953	-9.861	0.0	0.0	150.245	4.68	4.975	0.0	84.052	8.966	-1.0	37.2	1.048	231.422	5.42
5.42	3.913	0.0	82.377	24.949	-13.177	34.8	1.542	213.792	4.1	4.475	1.595	82.904	32.722	-7.855	28.8	0.972	206.72	4.48	4.975	0.0	85.859	23.568	-13.905	0.0	1.106	190.93	5.14	5.6	0.0	86.401	30.688	-1.302	35.0	0.972	138.814	5.0	5.912	0.0	85.017	11.0	-9.24	0.0	1.441	218.635	4.96	5.037	0.0	86.802	0.0	0.0	0.2	1.064	167.488	5.82	5.537	0.0	82.61	8.385	-1.0	0.0	1.819	213.792	4.88	5.412	0.0	81.737	26.474	-10.921	31.6	1.039	203.33	5.44	5.225	0.0	83.774	20.808	-9.821	0.0	0.0	147.92	4.62	4.912	0.0	83.9	8.603	-1.0	37.2	1.257	202.555	5.46
5.45	3.788	1.063	82.15	25.603	-13.156	34.8	0.0	224.157	4.2	4.475	0.0	82.743	32.577	-7.864	28.8	0.0	232.391	4.48	4.912	0.0	85.635	23.786	-13.957	0.0	0.0	191.124	5.16	5.6	0.0	85.237	31.051	-1.198	35.0	1.316	101.81	5.0	5.975	0.0	84.494	10.927	-9.275	0.0	0.0	186.862	4.93	4.787	0.0	85.79	0.0	0.0	0.2	0.0	167.488	5.86	5.475	1.063	82.338	8.53	-1.0	0.0	0.0	221.057	4.8	5.35	0.0	82.186	26.329	-11.546	31.6	1.575	161.869	5.44	5.225	0.0	83.266	21.098	-9.871	0.0	0.0	176.206	4.58	4.85	0.0	84.211	9.329	-1.0	37.2	0.0	198.002	5.46
5.38	3.725	0.532	83.089	25.021	-12.923	34.8	0.0	224.157	4.11	4.225	0.0	82.791	32.795	-7.839	28.8	0.0	227.741	4.49	4.787	0.0	85.682	23.859	-13.746	0.0	0.0	191.608	5.26	5.6	0.0	84.602	30.47	-1.163	35.0	0.905	99.388	5.0	6.1	0.0	86.879	11.218	-9.219	0.0	0.0	192.383	5.0	5.037	0.0	85.311	0.0	0.0	0.2	0.0	167.391	5.91	5.412	0.0	82.209	9.256	-1.0	0.0	0.0	210.692	4.86	5.35	0.0	81.873	26.765	-11.003	31.6	1.927	176.4	5.42	5.162	0.0	83.631	20.88	-9.932	0.0	0.0	141.914	4.67	4.787	0.0	84.232	8.893	-1.0	37.2	0.0	127.384	5.47
5.28	3.663	0.0	83.274	24.44	-13.078	34.8	1.324	171.556	4.1	4.287	0.0	83.41	32.795	-7.863	28.8	1.123	242.465	4.59	4.662	0.0	85.211	23.568	-13.137	0.0	1.249	219.119	5.26	5.537	0.0	85.623	30.397	-1.142	35.0	1.726	156.445	4.95	6.162	0.0	86.243	10.782	-9.253	0.0	1.819	206.042	5.08	4.725	0.0	84.604	0.0	0.0	0.2	0.0	249.73	5.92	5.225	0.0	81.457	8.966	-1.0	0.0	0.0	206.43	4.88	5.162	0.0	81.549	26.765	-10.946	31.6	1.492	178.919	5.4	5.037	0.0	83.741	21.026	-10.232	0.0	0.0	167.972	4.69	4.912	0.0	83.963	9.184	-1.0	37.2	0.0	205.17	5.53
5.2	3.725	0.0	83.625	25.094	-13.089	34.8	1.886	185.409	4.08	4.225	0.0	83.863	32.795	-7.839	28.8	0.0	253.993	4.44	4.787	0.0	85.871	24.367	-13.999	0.0	0.0	210.207	5.12	5.537	0.0	87.771	31.124	-1.282	35.0	1.785	190.543	4.82	5.725	0.0	86.657	10.927	-9.244	0.0	0.0	198.196	5.02	4.975	0.0	86.461	0.0	0.0	0.2	1.14	174.947	5.89	4.975	0.532	82.275	9.474	-1.0	0.0	1.886	162.257	4.88	5.1	0.0	82.064	26.474	-10.907	31.6	1.349	207.979	5.5	5.225	0.0	83.187	20.444	-9.821	0.0	0.0	163.807	4.56	4.85	0.0	83.955	8.966	-1.0	37.2	1.643	205.17	5.52
5.16	3.85	0.0	84.075	24.658	-13.224	34.8	0.0	185.118	4.02	3.975	0.0	84.486	32.722	-7.831	28.8	0.0	190.155	4.42	4.725	0.0	86.246	23.568	-13.797	0.0	0.0	213.792	5.09	5.6	0.0	88.573	30.615	-1.302	35.0	0.0	187.831	4.82	5.912	0.0	86.612	11.0	-9.267	0.0	0.0	205.848	4.85	4.475	0.0	87.064	0.0	0.0	0.2	1.969	179.693	5.52	5.162	4.254	84.55	8.603	-1.0	0.0	1.751	169.328	4.7	5.225	0.0	83.437	26.91	-11.016	31.6	1.441	173.688	5.58	5.225	0.0	82.414	20.808	-9.805	0.0	0.0	156.445	4.62	4.725	0.0	83.625	8.893	-1.0	37.2	1.869	215.632	5.28
5.13	3.6	0.532	83.792	24.949	-12.742	34.8	0.0	204.105	3.98	4.1	1.595	84.567	32.795	-7.835	28.8	0.0	130.484	4.4	4.662	0.0	86.464	23.859	-14.105	0.0	2.028	206.042	5.04	5.412	0.0	87.553	30.615	-1.171	35.0	1.148	140.558	5.28	5.912	0.0	81.547	10.927	-9.305	0.0	1.265	210.692	4.76	4.787	0.0	87.483	0.0	0.0	0.2	1.835	178.144	6.08	5.475	1.063	80.351	8.675	-1.0	0.0	0.0	198.099	5.07	5.225	0.0	79.885	26.111	-10.985	31.6	1.508	187.54	5.68	5.225	0.0	81.118	21.171	-9.821	0.0	0.0	152.473	4.48	4.85	0.0	83.592	8.966	-1.0	37.2	1.927	251.668	5.55
5.13	3.913	5.317	84.707	24.367	-13.121	34.8	2.12	213.985	3.92	4.1	0.0	84.913	32.722	-7.817	28.8	0.0	207.204	4.68	4.975	0.0	83.754	23.568	-13.843	0.0	1.508	223.091	5.28	5.537	0.0	85.152	30.761	-1.351	35.0	0.0	94.448	4.94	5.85	0.0	86.909	11.0	-9.297	0.0	1.525	218.829	4.94	4.662	0.0	85.972	0.0	0.0	0.2	0.0	172.138	6.04	5.35	0.532	80.438	8.457	-1.0	0.0	1.877	230.841	5.08	5.412	0.0	79.312	26.474	-11.012	31.6	0.98	196.355	5.66	5.35	0.0	81.256	20.735	-9.821	0.0	0.0	153.151	4.58	4.85	0.0	83.524	8.821	-1.0	37.2	1.374	219.894	5.57
5.06	3.663	0.532	84.872	25.239	-13.192	34.8	2.045	169.813	3.87	4.225	0.0	85.508	32.577	-7.839	28.8	1.031	237.04	4.44	4.85	0.0	86.673	23.568	-13.82	0.0	0.0	223.479	5.16	5.412	0.0	86.563	31.051	-1.344	35.0	0.0	189.38	4.78	5.475	0.0	87.179	11.363	-9.196	0.0	0.0	221.154	5.12	4.975	0.0	84.659	0.0	0.0	0.2	0.0	206.623	6.16	5.35	1.063	79.092	9.111	-1.0	0.0	1.173	223.769	5.0	5.037	0.0	80.892	26.111	-10.958	31.6	1.173	202.845	5.65	5.162	0.0	81.348	20.662	-9.797	0.0	0.0	143.077	4.44	4.975	0.0	82.196	9.184	-1.0	37.2	0.0	247.115	5.68
4.94	3.6	0.0	85.702	24.585	-13.012	34.8	2.12	185.99	3.88	3.85	0.0	85.89	32.867	-7.793	28.8	0.0	221.057	4.31	4.787	0.0	87.545	23.786	-13.871	0.0	0.0	216.504	5.0	5.662	0.0	87.587	30.833	-1.288	35.0	0.0	197.13	4.65	5.6	0.0	89.155	11.291	-9.22	0.0	2.103	204.008	5.02	4.975	0.0	87.393	0.0	0.0	0.2	1.877	209.529	5.98	5.225	1.063	82.787	9.111	-1.0	0.0	0.955	210.304	4.71	5.225	0.0	84.652	26.692	-11.111	31.6	1.86	231.131	5.62	5.35	0.0	82.657	20.517	-9.804	0.0	0.0	148.889	4.36	4.725	0.0	82.13	8.966	-1.0	37.2	2.095	211.854	5.58
4.94	3.475	0.0	85.477	24.949	-13.103	34.8	2.078	195.29	3.82	3.788	3.19	86.276	32.795	-7.847	28.8	0.0	186.281	4.25	4.725	0.0	88.142	23.641	-13.797	0.0	0.0	221.929	5.22	5.537	0.0	85.928	31.124	-1.142	35.0	1.969	195.677	4.6	5.35	0.0	88.926	11.218	-9.236	0.0	0.0	200.23	4.82	4.787	0.0	88.374	0.0	0.0	0.2	2.078	202.555	5.46	5.162	0.0	85.445	9.62	-1.0	0.0	1.802	171.169	4.53	5.037	0.0	85.129	26.547	-10.868	31.6	1.735	218.829	5.42	4.912	0.0	84.183	20.59	-9.733	0.0	0.0	152.764	4.38	4.662	0.0	81.575	8.603	-1.0	37.2	1.483	200.811	5.2
5.08	3.413	0.0	84.216	24.658	-14.412	34.8	2.011	185.312	3.92	3.725	0.0	84.371	32.795	-7.745	28.8	0.0	239.172	4.34	4.537	0.0	87.355	24.15	-13.826	0.0	0.0	220.96	4.9	5.225	0.0	88.699	30.688	-1.178	35.0	1.475	180.081	4.62	5.6	0.0	88.866	11.145	-9.296	0.0	1.601	193.546	4.68	4.725	0.0	88.86	0.0	0.0	0.2	1.81	185.409	5.38	4.85	0.0	85.381	8.748	-1.0	0.0	1.525	169.522	4.5	5.037	0.0	84.964	26.256	-10.928	31.6	1.048	202.458	5.44	4.85	0.0	83.589	20.88	-9.773	0.0	0.0	168.069	4.27	4.475	0.0	81.103	9.256	-1.0	37.2	1.592	201.005	5.1
5.06	3.225	0.0	84.69	25.094	-13.005	34.8	2.129	173.881	3.82	3.663	0.532	85.137	32.577	-7.8	28.8	0.0	192.868	4.35	4.412	0.0	86.873	23.859	-13.618	0.0	1.911	211.661	4.93	4.975	0.0	87.899	30.906	-0.992	35.0	1.249	180.275	4.75	5.6	0.0	86.95	11.0	-9.326	0.0	1.877	207.495	4.67	4.475	0.0	88.684	0.0	0.0	0.2	1.039	188.121	5.51	4.85	1.063	84.502	8.748	-1.0	0.0	1.148	177.369	4.56	4.912	0.0	83.886	26.402	-10.91	31.6	0.0	179.403	5.4	4.662	0.0	83.81	20.953	-9.816	0.0	0.0	167.391	4.36	4.287	0.0	82.247	8.893	-1.0	37.2	1.249	216.504	5.22
5.16	3.225	0.532	83.569	24.44	-13.005	34.8	1.701	171.556	4.04	3.725	0.0	83.051	32.795	-7.789	28.8	1.316	245.565	4.38	4.287	0.0	86.481	23.859	-13.844	0.0	2.129	201.683	4.95	4.975	0.0	87.838	31.051	-0.992	35.0	1.332	193.74	4.7	5.475	0.0	88.104	11.0	-9.29	0.0	1.483	189.284	4.67	4.162	0.0	88.467	0.0	0.0	0.2	0.0	197.421	5.41	4.85	0.532	84.729	8.893	-1.0	0.0	1.198	177.756	4.51	4.725	0.0	84.148	26.474	-10.914	31.6	0.0	195.58	5.44	4.662	0.0	83.08	20.372	-9.67	0.0	0.0	168.65	4.34	4.037	0.0	82.126	9.402	-1.0	37.2	1.148	199.067	5.19
5.26	2.85	0.532	82.991	25.094	-12.568	34.8	0.0	221.541	4.09	3.663	0.0	82.3	32.867	-7.774	28.8	1.198	263.68	4.52	4.1	0.0	85.442	23.786	-13.562	0.0	1.282	207.398	4.92	4.662	0.0	87.479	31.051	-1.026	35.0	1.064	185.312	4.76	5.662	0.0	86.953	11.0	-9.323	0.0	0.0	189.768	4.72	4.475	0.0	87.34	0.0	0.0	0.2	1.416	178.822	5.47	4.6	0.532	84.195	8.603	-1.0	0.0	1.316	163.516	4.6	4.85	0.0	83.483	25.893	-10.871	31.6	0.0	206.43	5.43	4.537	0.0	83.356	20.372	-9.733	0.0	0.0	156.348	4.32	3.725	0.0	82.447	9.402	-1.0	37.2	0.0	219.216	5.1
5.28	2.913	0.532	82.508	25.021	-13.009	34.8	0.98	201.683	4.0	3.35	0.0	82.857	32.795	-7.734	28.8	0.0	256.802	4.5	3.975	0.0	85.415	24.077	-13.663	0.0	0.0	235.103	4.88	4.475	0.0	87.469	30.833	-0.794	35.0	0.0	185.118	4.8	5.225	0.0	86.629	11.218	-9.26	0.0	0.0	192.771	4.77	3.913	0.0	86.689	0.0	0.0	0.2	0.0	187.249	5.58	4.6	0.0	83.437	8.966	-1.0	0.0	1.014	145.886	4.55	4.85	0.0	83.471	26.329	-10.901	31.6	0.0	206.43	5.45	4.6	0.0	83.082	20.808	-9.808	0.0	0.0	167.1	4.44	3.788	0.0	83.238	9.256	-1.0	37.2	0.0	222.219	5.2
5.23	2.725	2.127	83.007	24.367	-12.867	34.8	0.0	201.974	4.0	3.35	0.0	83.065	32.795	-7.752	28.8	0.0	239.656	4.4	4.225	0.0	85.884	24.295	-13.524	0.0	0.0	217.279	4.9	4.537	0.0	86.61	30.688	-0.883	35.0	0.0	183.568	4.82	5.6	0.0	86.077	11.218	-9.267	0.0	1.006	192.868	4.74	3.85	0.0	86.503	0.0	0.0	0.2	0.0	187.346	5.54	4.6	1.595	83.636	8.748	-1.0	0.0	0.0	145.983	4.54	4.85	0.0	83.284	26.547	-10.931	31.6	0.0	192.19	5.4	4.537	0.0	83.349	21.244	-9.766	0.0	0.0	166.519	4.48	3.975	0.0	83.546	8.821	-1.0	37.2	0.0	221.929	5.14
5.14	3.038	0.0	83.449	25.239	-13.086	34.8	0.0	199.358	4.04	3.288	0.0	83.166	33.086	-1.382	28.8	0.0	261.839	4.38	4.287	0.0	85.924	24.004	-13.718	0.0	0.0	216.891	4.87	4.787	0.0	86.958	30.615	-0.999	35.0	0.0	183.568	4.81	5.725	0.0	86.876	10.927	-9.351	0.0	0.0	192.868	4.73	4.1	0.0	86.412	0.0	0.0	0.2	0.0	180.081	5.88	5.1	0.0	81.967	9.184	-1.0	0.0	1.475	195.871	4.74	4.85	0.0	81.892	26.474	-10.901	31.6	0.0	141.624	5.4	4.787	0.0	83.21	20.227	-9.749	0.0	0.0	140.752	4.44	3.788	0.0	83.743	9.184	-1.0	37.2	0.0	222.316	5.17
5.15	2.85	1.595	83.636	24.585	-12.942	34.8	0.0	199.842	4.08	3.6	0.532	82.715	33.086	-7.768	28.8	0.0	262.033	4.36	4.35	0.0	85.852	23.568	-13.486	0.0	0.0	179.112	4.95	4.975	0.0	86.377	30.615	-1.164	35.0	0.0	183.665	4.7	5.475	0.0	87.424	10.855	-9.28	0.0	0.0	192.383	4.68	4.35	0.0	86.733	0.0	0.0	0.2	0.0	180.372	5.9	5.162	0.532	81.192	9.184	-1.0	0.0	1.073	221.832	4.7	5.037	0.0	82.419	26.402	-10.868	31.6	0.0	141.624	5.68	4.787	0.0	80.81	20.662	-9.749	0.0	0.0	142.302	4.48	4.037	0.0	83.316	8.748	-1.0	37.2	0.0	222.316	5.26
5.22	3.163	0.532	82.657	25.239	-12.618	34.8	0.0	210.304	4.08	3.725	0.532	82.853	32.795	-7.78	28.8	0.0	270.654	4.39	4.537	0.0	85.523	24.15	-13.826	0.0	0.0	124.575	5.1	5.225	0.0	83.923	31.051	-1.316	35.0	0.0	105.879	4.72	5.725	0.0	86.676	11.291	-9.291	0.0	0.0	192.868	4.71	4.35	0.0	86.763	0.0	0.0	0.2	0.0	315.214	5.96	5.1	0.0	81.04	9.329	-1.0	0.0	1.534	266.392	4.82	4.85	0.0	80.591	26.62	-10.931	31.6	0.0	168.747	5.54	5.037	0.0	81.512	20.662	-9.749	0.0	0.0	145.498	4.4	4.35	0.0	82.951	9.111	-1.0	37.2	0.0	221.929	5.38
5.25	3.288	0.0	82.757	25.239	-13.071	34.8	0.0	226.966	4.14	3.975	0.0	82.103	32.867	-7.796	28.8	0.0	179.887	4.46	4.537	0.0	84.296	23.932	-14.281	0.0	0.0	118.084	5.18	5.225	0.0	84.217	30.761	-1.074	35.0	0.0	201.78	4.72	5.787	0.0	85.985	11.0	-9.289	0.0	0.0	193.255	4.81	4.412	0.0	85.67	0.0	0.0	0.2	0.0	12.399	5.87	5.037	0.532	81.114	8.748	-1.0	0.0	0.989	182.018	4.76	4.912	0.0	81.756	26.91	-11.002	31.6	0.0	199.842	5.54	4.975	0.0	81.418	20.444	-9.757	0.0	0.0	199.746	4.44	4.475	0.0	82.868	8.893	-1.0	37.2	0.0	204.589	5.58
5.23	3.163	0.0	83.123	25.021	-12.83	34.8	0.0	227.16	4.18	4.225	0.0	81.247	32.65	-7.821	28.8	0.0	290.513	4.52	4.6	0.0	84.105	23.714	-13.651	0.0	0.0	106.072	5.19	5.225	0.0	84.402	31.051	-1.213	35.0	1.341	134.746	4.76	5.662	0.0	84.891	11.218	-9.274	0.0	0.0	182.6	4.94	4.412	0.0	84.616	0.0	0.0	0.2	0.0	183.956	5.86	4.975	1.063	81.774	9.038	-1.0	0.0	1.433	217.279	4.83	5.225	0.0	80.783	26.184	-11.016	31.6	0.0	123.896	5.53	5.037	0.0	81.981	20.517	-9.813	0.0	0.0	152.861	4.48	4.35	0.0	83.821	9.547	-1.0	37.2	0.0	132.421	5.48
