6.05	4.1	0.532	78.85	24.367	-14.067	34.8	0.0	174.656	4.81	4.475	0.0	79.492	32.867	-7.908	28.8	0.0	243.24	5.17	5.412	0.0	80.67	23.568	-13.556	0.0	0.0	213.017	5.84	6.287	0.0	83.661	30.397	-1.459	35.0	0.0	193.158	5.6	6.6	0.0	84.042	10.782	-9.271	0.0	0.0	193.255	5.6	5.475	0.0	81.973	0.0	0.0	0.2	0.0	174.463	6.18	5.662	0.0	80.661	8.457	-1.0	0.0	0.0	170.975	5.38	5.6	0.0	78.993	26.184	-11.584	31.6	0.0	202.748	6.1	5.6	0.0	79.514	21.171	-9.671	0.0	0.0	153.151	5.28	5.225	0.0	83.621	9.329	-1.0	37.2	0.0	197.614	6.0
6.02	4.037	0.532	79.183	24.731	-13.926	34.8	0.0	174.559	4.76	4.475	0.0	79.6	32.504	-7.916	28.8	0.0	243.143	5.14	5.475	0.0	80.283	24.222	-13.45	0.0	0.0	212.823	5.88	6.225	0.0	80.593	30.615	-1.58	35.0	0.0	193.352	5.52	6.537	0.0	83.446	10.782	-9.317	0.0	0.0	193.643	5.66	5.6	0.0	81.54	0.0	0.0	0.2	0.0	174.269	5.98	5.6	0.532	83.3	8.966	-1.0	0.0	0.0	170.781	5.5	5.662	0.0	76.722	26.402	-11.342	31.6	0.0	202.555	6.02	5.6	0.0	80.194	20.953	-9.744	0.0	0.0	153.539	5.3	5.475	0.0	83.325	8.53	-1.0	37.2	0.0	197.421	5.9
6.04	4.162	0.0	78.58	24.876	-13.821	34.8	0.0	174.656	4.77	4.475	0.0	79.075	32.722	-7.855	28.8	0.0	243.24	5.22	5.412	0.0	80.277	23.496	-13.498	0.0	0.0	212.823	5.88	6.162	0.0	81.779	30.543	-1.382	35.0	0.0	193.255	5.5	6.6	0.0	84.568	11.145	-9.298	0.0	0.0	193.643	5.69	5.162	0.0	81.121	0.0	0.0	0.2	0.0	174.269	6.13	5.725	1.063	81.078	8.675	-1.0	0.0	0.0	171.169	5.51	5.537	0.0	77.438	26.474	-11.324	31.6	0.0	202.555	6.0	5.725	0.0	80.477	20.59	-9.853	0.0	0.0	153.345	5.32	5.475	0.0	83.653	9.184	-1.0	37.2	0.0	197.518	5.94
6.06	4.1	0.0	78.755	24.513	-14.067	34.8	0.0	174.559	4.81	4.662	0.0	78.915	32.722	-7.909	28.8	0.0	243.143	5.34	5.475	0.0	78.694	23.496	-13.509	0.0	0.0	209.142	5.79	6.1	0.0	84.934	30.833	-1.892	35.0	0.0	193.449	5.47	6.412	0.0	84.561	11.073	-9.266	0.0	0.0	193.643	5.61	5.537	0.0	82.957	0.0	0.0	0.2	0.0	174.559	6.22	5.725	0.0	80.861	8.385	-1.0	0.0	0.0	171.169	5.52	5.6	0.0	77.293	26.692	-11.402	31.6	0.0	202.361	5.96	5.85	0.0	79.989	20.59	-9.885	0.0	0.0	153.248	5.35	5.412	0.0	83.614	8.966	-1.0	37.2	0.0	197.518	5.96
6.12	4.162	0.0	78.987	24.949	-13.696	34.8	0.0	176.981	4.9	4.787	0.0	78.136	32.65	-7.913	28.8	0.0	234.134	5.23	5.35	0.0	80.327	23.568	-13.313	0.0	0.0	209.142	5.8	6.1	0.0	81.737	30.833	-1.362	35.0	0.0	193.158	5.53	6.35	0.0	82.121	11.073	-9.258	0.0	0.0	193.255	5.64	5.475	0.0	80.204	0.0	0.0	0.2	0.0	174.172	6.14	5.725	0.532	81.009	8.893	-1.0	0.0	0.0	171.363	5.51	5.725	0.0	78.099	26.474	-11.352	31.6	0.0	202.361	6.01	5.662	0.0	82.934	20.662	-9.829	0.0	0.0	153.248	5.32	5.225	0.0	82.703	8.748	-1.0	37.2	0.0	197.421	5.94
6.1	4.35	0.0	78.934	25.021	-13.855	34.8	0.0	226.191	4.87	4.787	0.0	78.299	32.577	-2.048	28.8	1.291	252.54	5.21	5.412	0.0	80.37	24.077	-13.212	0.0	0.0	209.336	5.79	6.287	0.0	83.995	30.47	-1.566	35.0	0.0	193.255	5.52	6.787	0.0	82.75	10.855	-9.339	0.0	0.0	193.643	5.61	5.787	0.0	81.339	0.0	0.0	0.2	0.0	174.172	5.74	5.662	1.063	87.352	9.038	-1.0	0.0	0.0	170.685	5.48	5.6	0.0	78.385	26.91	-11.232	31.6	0.0	202.748	5.92	5.6	0.0	84.669	20.808	-9.972	0.0	0.0	153.345	5.31	5.475	0.0	83.558	8.966	-1.0	37.2	0.0	197.421	5.92
6.05	4.35	0.532	79.937	24.077	-13.792	34.8	1.517	226.385	4.78	4.662	0.0	79.533	32.722	-7.865	28.8	1.542	262.227	5.24	5.412	0.0	80.448	24.077	-13.676	0.0	0.0	209.432	5.78	6.225	0.0	84.452	30.543	-1.225	35.0	0.0	193.449	5.6	6.287	0.0	81.95	10.782	-9.277	0.0	0.0	201.392	5.56	5.475	0.0	82.222	0.0	0.0	0.2	0.0	174.269	5.66	5.912	0.0	88.259	9.184	-1.0	0.0	0.0	170.878	5.43	5.6	0.0	79.317	26.547	-11.402	31.6	0.0	203.136	5.84	5.725	0.0	85.424	20.59	-9.936	0.0	0.0	153.345	5.35	5.475	0.0	83.959	8.893	-1.0	37.2	0.0	207.011	5.92
5.94	4.412	0.0	80.511	24.44	-13.679	34.8	2.011	212.435	4.66	4.787	0.532	80.555	32.795	-7.86	28.8	1.936	245.081	5.2	5.412	0.0	81.575	24.077	-13.498	0.0	0.0	218.441	5.76	6.35	0.0	84.47	30.543	-1.372	35.0	0.0	183.181	5.57	6.537	0.0	83.342	10.927	-9.308	0.0	1.324	183.762	5.54	5.6	0.0	83.127	0.0	0.0	0.2	0.0	174.269	5.53	5.6	0.0	88.533	9.111	-1.0	0.0	0.0	171.072	5.41	5.6	0.0	79.481	26.474	-11.265	31.6	0.0	202.555	5.78	5.85	0.0	84.635	20.517	-9.969	0.0	0.0	152.957	5.36	5.475	0.0	83.732	8.675	-1.0	37.2	0.0	232.584	5.83
6.03	4.287	1.595	79.233	24.44	-13.907	34.8	1.978	242.078	4.7	4.85	1.063	79.179	32.577	-7.92	28.8	2.02	235.781	5.12	5.6	0.0	82.587	24.15	-14.415	0.0	0.0	214.954	5.8	6.162	0.0	85.119	30.252	-1.524	35.0	0.0	183.084	5.53	6.475	0.0	83.749	11.073	-9.3	0.0	1.886	225.803	5.6	5.412	0.0	82.582	0.0	0.0	0.2	0.0	174.559	5.89	5.6	0.0	84.249	9.038	-1.0	0.0	0.0	170.781	5.42	5.6	0.0	79.267	26.256	-11.134	31.6	0.0	202.845	5.94	5.725	0.0	82.498	20.88	-9.902	0.0	0.0	153.248	5.3	5.6	0.0	84.039	8.821	-1.0	37.2	0.989	232.584	6.0
6.08	4.225	1.063	78.856	24.367	-13.707	34.8	0.0	230.066	4.78	4.85	0.0	78.255	32.867	-7.92	28.8	0.0	262.614	5.17	5.412	0.0	82.877	24.295	-13.498	0.0	0.0	233.844	5.71	6.287	0.0	83.745	30.107	-1.459	35.0	0.0	183.181	5.69	6.162	0.0	79.592	11.218	-9.375	0.0	1.508	216.698	5.56	5.475	0.0	82.876	0.0	0.0	0.2	0.0	174.753	6.02	5.85	1.063	82.867	8.748	-1.0	0.0	0.0	170.588	5.41	5.6	0.0	79.337	26.983	-11.232	31.6	0.0	202.167	6.01	5.6	0.0	80.837	20.88	-9.869	0.0	0.0	152.861	5.43	5.6	0.0	83.633	8.966	-1.0	37.2	1.19	240.915	6.01
6.07	4.35	0.532	78.708	25.167	-13.918	34.8	0.0	230.453	4.74	4.662	0.0	79.236	32.795	-7.901	28.8	0.0	262.614	5.08	5.225	0.0	81.783	23.786	-13.015	0.0	0.0	206.333	5.76	6.225	0.0	82.339	30.543	-1.438	35.0	0.0	186.668	5.73	6.162	0.0	80.797	10.927	-9.279	0.0	0.0	216.31	5.57	5.475	0.0	82.738	0.0	0.0	0.2	0.0	174.753	6.12	5.787	0.532	81.124	8.53	-1.0	0.0	0.0	171.169	5.4	5.6	0.0	78.755	25.893	-11.333	31.6	0.0	202.555	6.05	5.662	0.0	80.751	20.735	-9.813	0.0	0.0	147.533	5.42	5.475	0.0	83.884	8.603	-1.0	37.2	0.0	232.681	6.02
6.11	4.287	0.532	78.132	24.949	-14.37	34.8	1.701	166.422	4.76	4.725	3.19	79.6	32.65	-7.836	28.8	1.215	237.331	5.1	5.35	0.0	82.022	23.568	-13.428	0.0	0.0	159.641	5.74	6.162	0.0	84.58	30.615	-1.418	35.0	0.0	177.369	5.64	6.475	0.0	82.053	11.145	-9.384	0.0	0.0	216.407	5.6	5.35	0.0	82.208	0.0	0.0	0.2	0.0	173.881	6.16	5.787	0.0	81.156	9.256	-1.0	0.0	0.0	170.588	5.3	5.6	0.0	81.032	26.329	-11.333	31.6	0.0	202.555	6.1	5.725	0.0	80.164	20.808	-9.73	0.0	0.0	113.241	5.42	5.475	0.0	83.446	8.893	-1.0	37.2	0.0	232.681	5.96
6.06	4.35	2.659	78.876	24.803	-14.047	34.8	0.0	159.254	4.81	4.662	0.0	78.092	32.94	-7.83	28.8	1.006	263.292	5.08	5.537	0.0	82.251	24.077	-13.29	0.0	0.0	128.449	5.82	6.225	0.0	81.812	30.543	-1.509	35.0	0.0	87.377	5.62	6.35	0.0	83.516	11.0	-9.349	0.0	0.0	216.407	5.59	5.537	0.0	81.05	0.0	0.0	0.2	0.0	163.322	6.45	5.912	1.063	81.389	8.385	-1.0	0.0	1.064	197.324	5.44	5.725	0.0	78.619	25.893	-11.352	31.6	0.0	198.971	6.1	5.725	0.0	79.972	20.662	-9.76	0.0	0.0	142.689	5.32	5.475	0.0	83.376	9.184	-1.0	37.2	0.0	232.778	5.99
6.07	4.162	0.532	79.628	24.731	-14.078	34.8	0.0	155.864	4.82	4.662	0.532	78.167	32.504	-7.865	28.8	0.0	263.486	5.17	5.412	0.0	80.86	23.568	-13.498	0.0	0.0	113.822	5.83	6.225	0.0	82.191	31.342	-1.509	35.0	0.0	120.7	5.51	6.475	0.0	82.771	10.782	-9.374	0.0	0.0	202.845	5.61	5.35	0.0	81.102	0.0	0.0	0.2	0.0	163.419	6.46	5.975	0.532	80.197	9.256	-1.0	0.0	1.919	195.677	5.34	5.412	0.0	79.898	26.184	-11.204	31.6	0.0	176.981	5.99	5.6	0.0	80.856	21.098	-9.789	0.0	0.0	160.223	5.26	5.412	0.0	84.144	9.256	-26.069	37.2	0.0	223.866	6.08
6.09	4.1	0.532	80.042	24.295	-13.937	34.8	0.0	66.162	4.84	4.6	0.532	79.977	32.795	-7.868	28.8	0.0	263.389	5.11	5.35	0.0	81.154	24.004	-13.428	0.0	0.0	113.628	5.84	6.1	0.0	80.822	30.761	-1.468	35.0	0.0	154.023	5.58	6.537	0.0	81.663	11.581	-9.411	0.0	0.0	192.48	5.58	5.475	0.0	81.332	0.0	0.0	0.2	0.0	163.419	6.39	5.787	0.532	80.133	8.748	-1.0	0.0	1.5	187.346	5.32	5.6	0.0	79.654	26.474	-12.519	31.6	0.0	177.175	5.94	5.725	0.0	81.249	20.953	-9.805	0.0	0.0	160.707	5.31	5.35	0.0	84.34	9.038	-26.047	37.2	0.0	129.999	6.08
6.06	4.35	0.532	78.998	24.949	-14.113	34.8	0.0	65.193	4.72	4.6	0.0	80.117	32.65	-7.877	28.8	0.0	263.292	5.16	5.475	0.0	80.763	24.004	-13.509	0.0	0.0	71.102	5.8	5.912	0.0	80.67	30.543	-1.3	35.0	0.0	172.234	5.7	6.725	0.0	81.478	11.363	-9.415	0.0	1.265	36.617	5.67	5.475	0.0	80.95	0.0	0.0	0.2	0.0	163.322	6.28	5.725	0.0	80.252	8.53	-1.0	0.0	1.399	191.221	5.29	5.6	0.0	80.078	26.547	-11.166	31.6	0.0	176.884	5.95	5.6	0.0	80.513	21.098	-9.853	0.0	0.0	142.302	5.33	5.475	0.0	83.748	8.675	-1.0	37.2	0.0	67.034	5.86
6.04	4.412	0.0	79.38	25.239	-13.866	34.8	0.0	65.29	4.69	4.662	0.0	79.8	32.504	-7.936	28.8	0.0	211.951	5.04	5.225	0.0	81.961	24.367	-13.406	0.0	1.609	56.669	5.6	5.725	0.0	82.091	30.688	-1.204	35.0	0.0	137.264	5.43	6.475	0.0	83.147	11.0	-9.403	0.0	1.919	52.503	5.62	5.537	0.0	81.27	0.0	0.0	0.2	0.0	341.66	6.26	5.6	0.532	81.417	9.184	-1.0	0.0	0.0	237.622	5.26	5.475	0.0	80.119	26.692	-11.084	31.6	0.0	276.563	5.85	5.475	0.0	81.181	20.517	-9.938	0.0	0.0	145.983	5.25	5.412	0.0	83.729	9.256	-1.0	37.2	0.0	91.736	5.96
5.94	4.412	0.532	80.892	25.167	-13.994	34.8	1.332	42.429	4.68	4.725	0.0	80.559	32.65	-7.881	28.8	0.0	42.429	4.88	5.35	0.0	83.388	23.859	-13.313	0.0	1.71	108.204	5.57	6.1	0.0	81.755	30.47	-1.468	35.0	0.0	133.971	5.37	6.412	0.0	84.445	10.927	-9.426	0.0	1.978	67.228	5.52	5.412	0.0	81.602	0.0	0.0	0.2	1.844	11.721	6.26	5.725	1.063	80.44	9.547	-1.0	0.0	0.0	213.404	5.2	5.6	0.0	79.914	26.838	-11.102	31.6	0.0	187.056	5.8	5.537	0.0	81.454	20.808	-9.946	0.0	0.0	156.832	4.98	5.225	0.0	84.032	9.256	-1.0	37.2	1.944	73.04	5.9
6.02	4.412	1.063	80.768	24.658	-14.191	34.8	0.0	54.441	4.61	4.787	0.0	81.04	32.795	-7.913	28.8	0.0	42.913	4.93	5.225	0.0	82.566	24.15	-13.406	0.0	1.601	81.371	5.56	6.037	0.0	82.245	30.543	-1.447	35.0	0.964	165.744	5.28	6.475	0.0	84.88	11.218	-9.291	0.0	1.257	65.581	5.48	5.35	0.0	81.663	0.0	0.0	0.2	0.0	295.84	6.21	5.725	0.0	82.09	8.603	-1.0	0.0	2.062	213.017	5.09	5.537	0.0	81.031	26.111	-11.157	31.6	0.0	182.018	5.64	5.537	0.0	82.848	20.88	-9.999	0.0	0.0	145.208	5.1	5.35	0.0	84.427	9.111	-1.0	37.2	1.232	72.749	5.9
5.88	4.35	1.063	80.235	24.513	-13.983	34.8	0.0	101.035	4.62	4.662	0.0	81.911	32.795	-2.003	28.8	0.0	62.578	4.88	5.1	0.0	82.484	24.15	-13.501	0.0	1.316	136.49	5.48	6.037	0.0	82.834	31.051	-1.341	35.0	1.257	206.43	5.24	6.162	0.0	84.643	11.0	-9.261	0.0	1.274	77.205	5.46	5.225	0.0	81.776	0.0	0.0	0.2	0.0	202.458	6.15	5.6	0.0	81.652	8.675	-1.0	0.0	0.0	193.643	5.08	5.6	0.0	80.816	26.547	-10.948	31.6	1.014	217.279	5.62	5.225	0.0	83.029	20.444	-10.071	0.0	0.0	155.96	5.04	5.225	0.0	84.275	8.893	-1.0	37.2	1.299	81.661	5.8
5.84	4.225	1.063	81.155	25.094	-13.896	34.8	0.0	67.421	4.52	4.6	3.19	79.929	32.577	-7.841	28.8	1.358	62.481	4.84	5.225	0.0	83.101	24.295	-13.703	0.0	0.0	154.41	5.48	5.85	0.0	82.904	31.415	-1.42	35.0	1.919	177.659	5.22	6.225	0.0	83.814	11.145	-9.334	0.0	0.0	75.752	5.42	5.475	0.0	82.096	0.0	0.0	0.2	1.207	202.167	6.14	5.537	0.0	81.744	8.675	-1.0	0.0	2.129	203.039	4.98	5.412	0.0	82.041	26.62	-11.012	31.6	0.98	199.261	5.62	5.35	0.0	83.122	20.372	-10.188	0.0	0.0	156.735	4.96	5.1	0.0	84.302	8.966	-1.0	37.2	0.0	76.43	5.84
5.76	4.037	0.0	79.944	24.585	-13.799	34.8	1.852	83.599	4.48	4.475	0.532	81.457	32.577	-7.855	28.8	1.508	63.159	4.82	5.037	0.0	83.212	23.859	-13.373	0.0	0.0	240.528	5.42	5.725	0.0	84.389	30.47	-1.379	35.0	0.0	187.637	5.2	6.475	0.0	83.809	10.855	-9.309	0.0	0.0	75.655	5.34	5.162	0.0	82.917	0.0	0.0	0.2	1.383	199.746	5.9	5.412	1.063	83.025	8.748	-1.0	0.0	2.07	184.149	5.0	5.225	0.0	81.341	26.184	-10.751	31.6	1.039	191.996	5.52	5.35	0.0	83.469	20.517	-10.03	0.0	0.0	162.935	4.94	4.85	0.0	84.411	8.675	-1.0	37.2	0.0	114.306	5.68
5.6	4.037	0.532	80.004	24.585	-13.799	34.8	1.659	83.211	4.42	4.475	6.381	80.239	32.795	-7.846	28.8	1.182	103.748	4.71	4.85	0.0	84.013	23.859	-13.456	0.0	1.508	202.845	5.37	5.537	0.0	83.619	31.124	-1.177	35.0	0.0	185.506	5.18	6.1	0.0	83.896	11.363	-9.263	0.0	0.0	83.017	5.4	5.037	0.0	83.787	0.0	0.0	0.2	2.003	221.735	6.0	5.6	0.532	83.86	9.111	-1.0	0.0	0.0	196.258	4.92	5.537	0.0	82.167	26.184	-10.881	31.6	1.098	189.09	5.56	5.225	0.0	83.433	20.59	-9.923	0.0	0.0	159.157	4.78	4.85	0.0	84.076	9.256	-1.0	37.2	0.0	64.128	5.58
5.62	3.913	0.532	80.51	24.658	-13.776	34.8	1.567	89.798	4.3	4.287	1.595	80.046	32.795	-7.836	28.8	1.224	109.075	4.64	4.6	0.0	84.68	24.077	-13.412	0.0	1.726	223.769	5.36	5.6	0.0	82.876	31.051	-1.337	35.0	0.939	209.723	5.2	6.162	0.0	85.133	10.927	-9.235	0.0	1.877	218.054	5.26	4.975	0.0	83.2	0.0	0.0	0.2	2.036	206.236	5.97	5.475	1.063	82.551	9.184	-1.0	0.0	0.955	208.948	4.9	5.475	0.0	82.349	26.838	-10.843	31.6	1.416	208.464	5.55	5.225	0.0	83.384	20.88	-9.959	0.0	0.0	146.564	4.76	4.725	0.0	84.254	8.966	-1.0	37.2	1.173	206.623	5.6
5.45	3.6	0.532	81.35	25.021	-14.73	34.8	1.106	138.427	4.26	4.225	1.595	80.842	32.795	-7.812	28.8	1.123	113.338	4.62	4.662	0.0	84.289	23.714	-13.542	0.0	0.0	266.004	5.33	5.662	0.0	84.527	31.197	-1.183	35.0	0.0	188.121	5.06	5.975	0.0	85.212	11.145	-9.212	0.0	1.182	198.583	5.28	5.1	0.0	84.355	0.0	0.0	0.2	0.0	208.948	5.98	5.6	1.595	82.296	8.966	-1.0	0.0	2.062	216.795	4.8	5.162	0.0	82.744	26.983	-10.742	31.6	0.0	230.356	5.49	5.037	0.0	83.532	20.59	-9.989	0.0	0.0	161.094	4.73	4.662	0.0	84.292	8.821	-1.0	37.2	1.86	176.109	5.68
5.56	3.6	0.0	80.521	24.803	-13.783	34.8	0.0	50.663	4.28	4.1	0.532	80.137	32.94	-7.8	28.8	1.349	122.637	4.64	4.725	0.0	84.179	23.859	-13.434	0.0	0.0	118.762	5.42	5.412	0.0	82.283	30.833	-1.101	35.0	1.014	177.369	5.12	6.037	0.0	83.928	10.855	-9.211	0.0	0.0	217.666	5.26	4.6	0.0	82.759	0.0	0.0	0.2	0.0	173.009	6.02	5.6	5.849	82.282	8.675	-1.0	0.0	1.358	188.218	4.84	5.162	0.0	82.382	26.329	-10.714	31.6	0.0	192.383	5.53	5.162	0.0	83.148	20.735	-9.932	0.0	0.0	168.263	4.68	4.662	0.0	84.28	8.821	-1.0	37.2	1.383	183.471	5.65
5.61	4.1	2.659	80.532	24.803	-14.002	34.8	0.0	75.655	4.3	4.162	0.0	81.134	32.722	-7.806	28.8	1.358	92.317	4.64	4.787	0.0	83.584	23.859	-13.387	0.0	0.93	171.944	5.3	5.412	0.0	84.131	30.397	-1.032	35.0	2.103	193.158	5.08	6.037	0.0	84.65	11.799	-9.203	0.0	0.0	203.233	5.21	5.1	0.0	83.627	0.0	0.0	0.2	1.022	214.276	5.99	5.475	0.532	82.157	9.329	-1.0	0.0	1.751	190.543	4.9	5.225	0.0	81.507	26.111	-10.723	31.6	0.0	235.103	5.56	5.475	0.0	82.596	21.244	-9.938	0.0	0.0	180.081	4.64	4.6	0.0	84.271	8.53	-1.0	37.2	0.972	171.072	5.61
5.54	3.788	0.0	80.23	24.513	-13.156	34.8	0.0	176.109	4.22	4.1	0.532	80.951	32.795	-7.809	28.8	0.98	91.736	4.62	4.6	0.0	83.855	24.077	-13.53	0.0	0.0	222.607	5.29	5.475	0.0	83.784	30.833	-1.261	35.0	1.802	178.24	5.09	6.037	0.0	84.356	11.291	-9.194	0.0	0.0	33.808	5.14	4.662	0.0	83.703	0.0	0.0	0.2	1.819	188.412	5.92	5.412	1.063	81.953	8.893	-1.0	0.0	1.877	188.412	4.82	5.225	0.0	82.237	26.184	-10.779	31.6	0.0	194.708	5.5	5.225	0.0	83.117	20.953	-9.888	0.0	0.0	145.208	4.64	4.537	0.0	83.974	8.457	-1.0	37.2	1.098	5.522	5.61
5.56	3.6	0.532	80.234	25.312	-12.536	34.8	0.0	184.343	4.26	3.975	0.0	81.219	32.795	-7.805	28.8	0.0	91.736	4.74	4.975	0.0	83.147	23.641	-13.478	0.0	0.913	86.602	5.38	5.662	0.0	83.921	30.543	-1.603	35.0	1.877	194.708	5.12	5.975	0.0	84.386	11.363	-9.178	0.0	1.617	53.956	5.2	4.912	0.0	82.838	0.0	0.0	0.2	0.0	147.242	5.92	5.475	0.532	81.882	8.603	-1.0	0.0	0.905	189.284	4.91	5.35	0.0	81.485	26.474	-10.769	31.6	1.693	218.829	5.52	5.162	0.0	83.192	21.026	-9.88	0.0	0.0	146.661	4.7	4.725	0.0	84.308	8.821	-1.0	37.2	0.0	103.748	5.54
5.51	3.85	0.0	80.557	25.094	-13.167	34.8	0.0	237.718	4.24	4.287	0.0	80.767	33.013	-7.836	28.8	1.525	115.081	4.74	5.037	0.0	83.193	24.15	-13.608	0.0	0.0	98.71	5.34	5.787	0.0	83.335	30.761	-1.47	35.0	0.0	182.309	5.13	6.162	0.0	83.838	10.927	-9.235	0.0	0.0	49.307	5.21	4.85	0.0	82.747	0.0	0.0	0.2	0.0	185.796	6.07	5.6	1.063	82.762	8.675	-1.0	0.0	0.0	250.893	4.88	5.225	0.0	82.018	25.893	-10.779	31.6	1.886	209.917	5.56	5.412	0.0	82.922	20.953	-9.895	0.0	0.0	156.057	4.8	4.912	0.0	83.989	9.329	-1.0	37.2	1.031	63.45	5.7
