-1.0	3.163	576.917	0.0	24.367	-13.832	0.0	2.212	48.144	-7.49	-0.775	587.019	86.608	32.286	-7.671	0.0	3.285	86.408	-8.0	-4.338	0.0	90.618	23.496	-19.963	0.0	2.296	38.651	-4.46	7.162	0.0	71.294	0.0	-8.35	0.0	2.883	43.591	-6.86	0.975	0.0	91.873	3.517	-1.0	43.0	1.978	56.281	-8.34	-1.087	0.0	85.113	0.0	0.0	0.0	2.673	31.192	-6.17	-1.212	170.151	77.504	6.423	-1.0	0.2	2.916	22.28	-7.02	-1.837	0.0	87.909	27.346	-14.032	0.4	1.927	22.183	-5.98	-0.838	0.0	74.794	20.88	0.0	0.2	2.321	15.209	-4.81	10.537	0.0	72.521	11.872	-27.622	0.0	1.902	97.064	-5.82
-1.0	2.788	564.155	0.0	24.658	-13.703	0.0	2.992	56.766	-7.1	0.037	611.479	86.873	32.722	-7.784	0.0	3.662	85.924	-7.94	-4.15	0.0	90.654	23.568	-20.201	0.0	2.757	37.973	-4.94	5.412	0.0	71.295	0.0	-8.159	0.0	2.564	46.885	-7.2	1.038	0.0	90.51	3.372	-1.0	45.4	2.321	58.219	-8.02	-1.462	0.0	84.695	0.0	0.0	0.0	2.866	35.358	-6.17	-0.713	224.918	78.145	5.842	-1.0	0.2	2.028	21.699	-7.17	-1.712	0.0	87.99	27.056	-14.556	0.4	2.087	28.867	-5.94	-0.338	0.0	74.471	20.372	0.0	0.2	1.475	2.712	-4.76	10.037	0.0	72.312	11.726	-27.938	0.0	2.028	90.961	-5.97
-1.0	1.038	172.277	0.0	24.513	-13.527	0.0	2.933	46.304	-6.84	0.225	495.032	86.981	32.432	-7.764	0.0	3.319	88.345	-8.0	-4.463	0.0	90.637	23.133	-20.221	0.0	2.539	52.503	-5.18	0.787	0.0	72.371	0.0	-7.671	0.0	2.137	51.825	-7.28	-0.775	0.0	90.138	3.88	-1.0	45.6	2.087	50.566	-7.72	-0.588	0.0	85.23	0.0	0.0	0.0	2.43	36.907	-5.88	-1.9	138.779	77.799	6.132	-1.0	0.2	2.573	22.28	-7.14	-1.712	0.0	88.459	27.564	-14.265	0.4	1.508	41.267	-6.05	-2.025	0.0	74.114	20.953	0.0	0.2	2.413	2.615	-5.5	2.225	0.0	72.79	11.654	-1.0	0.0	1.768	91.736	-5.92
-1.0	-2.962	132.93	0.0	25.094	-12.762	0.0	2.246	62.772	-7.64	-2.712	134.525	86.569	32.359	-7.503	0.0	3.369	94.254	-7.81	-4.025	0.0	90.69	23.35	-20.424	0.0	2.296	45.335	-5.34	0.412	0.0	74.026	0.0	-7.668	0.0	3.168	40.685	-7.23	-1.712	0.0	87.813	3.953	-1.0	45.6	1.768	60.156	-7.72	-1.712	0.0	85.354	0.0	0.0	0.0	1.986	38.554	-6.04	-1.337	265.328	78.083	5.915	-1.0	0.2	3.746	23.346	-6.91	-1.775	0.0	87.978	27.491	-14.545	0.4	2.388	39.62	-5.74	-0.275	0.0	74.822	19.936	0.0	0.2	2.958	12.69	-5.7	1.538	0.0	74.736	11.872	-24.753	0.0	1.492	90.089	-5.84
-1.0	-0.212	414.742	0.0	24.513	-12.957	0.0	2.564	58.122	-7.4	-0.65	465.255	86.713	32.432	-7.675	0.0	3.545	74.687	-7.82	-4.15	0.0	90.725	23.133	-20.297	0.0	3.193	45.722	-4.94	4.85	0.0	74.111	0.0	-8.108	0.0	3.637	47.466	-6.71	0.412	0.0	86.068	3.735	-1.0	45.8	2.665	59.865	-7.82	-1.962	0.0	84.85	0.0	0.0	0.0	3.168	45.044	-6.06	-1.4	127.613	77.344	5.915	-1.0	0.2	3.101	24.605	-6.93	-0.212	0.0	86.177	27.564	-14.903	0.4	2.757	16.371	-5.76	-0.9	0.0	73.218	20.372	0.0	0.2	2.506	2.325	-4.64	8.162	0.0	72.019	11.872	-26.27	0.0	1.986	90.186	-5.73
-1.0	2.288	520.023	0.0	24.44	-13.553	0.0	3.905	57.734	-6.94	0.225	547.672	86.955	32.504	-7.757	0.0	3.746	90.67	-7.96	-4.4	0.0	90.687	22.987	-20.428	0.0	3.545	31.967	-5.37	-0.338	0.0	73.685	0.0	-8.135	0.0	2.916	59.187	-7.04	-1.087	0.0	83.972	3.735	-1.0	47.0	2.673	64.031	-7.63	-1.587	0.0	84.332	0.0	0.0	0.0	3.31	47.466	-6.12	-2.212	125.486	77.146	6.35	-1.0	0.2	2.883	37.004	-7.05	-1.837	0.0	87.375	27.709	-14.683	0.4	2.045	33.033	-6.06	-2.212	0.0	73.826	20.081	0.0	0.2	2.38	16.371	-5.08	4.912	0.0	72.684	11.799	-25.986	0.0	2.154	97.838	-5.91
-1.0	-2.712	134.525	0.0	24.658	-12.569	0.0	2.581	73.137	-7.44	-2.4	148.35	86.723	32.432	-7.559	0.0	3.26	104.619	-8.08	-4.4	0.0	90.615	23.133	-20.428	0.0	2.564	57.928	-5.4	1.975	0.0	73.606	0.0	-7.825	0.0	3.101	59.284	-6.94	-1.837	0.0	84.336	3.662	-1.0	47.4	1.542	61.706	-7.96	-1.775	0.0	84.165	0.0	0.0	0.0	2.598	51.632	-5.77	1.1	537.569	77.869	5.551	-1.0	0.2	2.765	34.776	-7.14	-2.087	0.0	87.229	27.273	-14.713	0.4	2.263	40.685	-5.54	1.663	0.0	74.461	20.227	0.0	0.2	2.145	10.752	-5.72	0.475	0.0	73.994	11.654	-24.325	0.0	1.508	88.636	-6.1
-1.0	-1.462	468.446	0.0	24.731	-13.055	0.0	2.707	59.478	-7.44	-1.337	490.246	86.682	32.432	-7.612	0.0	3.377	89.217	-8.09	-4.4	0.0	90.612	23.496	-20.428	0.0	3.201	45.722	-5.02	2.538	0.0	71.082	0.0	-7.92	0.0	2.472	56.475	-6.84	-0.212	0.0	81.214	3.299	-1.0	47.8	2.732	52.794	-7.4	-1.337	0.0	84.137	0.0	0.0	0.0	2.833	47.369	-6.1	-0.713	184.507	75.709	5.551	-1.0	0.2	1.827	38.457	-7.08	-1.087	0.0	86.283	27.201	-15.204	0.4	1.927	32.742	-5.86	-0.775	0.0	72.618	20.372	0.0	0.2	1.458	13.852	-4.89	7.225	0.0	72.09	12.162	-26.436	0.0	1.877	91.639	-5.76
-1.0	2.85	537.569	0.0	24.44	-13.227	0.0	3.277	55.991	-7.07	0.037	557.243	86.88	32.432	-7.762	0.0	3.444	84.664	-8.04	-3.837	0.0	90.626	22.915	-20.374	0.0	2.397	58.897	-4.36	7.6	0.0	70.894	0.0	-8.441	0.0	2.791	46.594	-6.74	0.037	0.0	81.501	3.953	-1.0	48.2	2.12	68.874	-7.92	-1.337	0.0	82.216	0.0	0.0	0.0	2.246	53.569	-5.54	1.538	634.342	75.949	6.35	-1.0	0.2	3.277	26.349	-6.84	-0.525	0.0	88.137	27.346	-15.153	0.4	1.215	46.788	-5.33	2.913	0.0	72.971	20.444	-0.153	0.2	2.757	4.553	-4.91	10.6	0.0	71.203	12.017	-1.0	0.0	1.944	104.91	-5.7
-1.0	2.85	570.004	0.0	24.44	-13.588	0.0	3.017	65.193	-7.38	-0.463	584.361	86.739	32.286	-7.758	0.0	4.24	93.189	-7.76	-3.775	0.0	90.742	23.35	-20.389	0.0	2.874	46.304	-4.12	7.35	0.0	69.168	0.0	-8.37	0.0	3.436	39.232	-6.42	1.1	0.0	79.266	3.154	-1.0	50.8	2.564	59.187	-7.38	-0.15	0.0	80.226	0.0	0.0	0.0	2.33	43.979	-5.86	0.35	381.775	76.136	5.842	-1.0	0.2	3.394	24.799	-6.74	0.35	0.0	84.153	27.346	-15.639	0.4	2.757	34.098	-5.06	2.788	0.0	72.858	21.098	0.0	0.2	2.64	5.425	-4.74	10.162	0.0	70.147	12.017	-27.99	0.0	2.455	82.436	-5.12
-1.0	3.475	513.642	0.0	24.295	-13.453	0.0	3.319	68.778	-7.48	-1.087	481.739	86.692	32.286	-7.568	0.0	4.467	95.417	-7.84	-4.15	0.0	90.758	23.278	-20.49	0.0	3.478	52.891	-4.48	5.787	0.0	72.174	0.0	-8.191	0.0	3.226	56.475	-6.24	0.975	0.0	81.313	3.953	-1.0	1.8	2.196	60.156	-7.34	0.225	0.0	77.698	0.0	0.0	0.0	3.285	43.785	-5.59	-0.65	168.555	77.403	5.697	-1.0	0.2	2.975	21.699	-6.69	0.037	0.0	82.515	27.637	-15.66	0.4	2.657	31.967	-5.26	1.413	0.0	73.034	20.88	0.0	0.2	2.305	0.0	-4.97	9.662	0.0	72.025	12.017	-1.0	0.0	2.137	95.901	-5.26
-1.0	0.163	263.202	0.0	24.658	-13.076	0.0	2.933	43.882	-7.4	-1.4	439.201	86.713	32.432	-7.628	0.0	3.955	92.414	-7.9	-4.338	0.0	90.722	23.423	-20.539	0.0	2.891	55.216	-4.22	6.912	0.0	70.823	0.0	-8.2	0.0	2.363	48.822	-6.12	1.225	0.0	79.223	3.227	-1.0	2.6	2.43	50.179	-7.33	-0.65	0.0	78.335	0.0	0.0	0.0	2.983	39.135	-5.98	1.913	554.053	74.983	6.278	-1.0	0.2	2.69	53.472	-6.69	-0.775	0.0	82.428	27.564	-15.748	0.4	2.129	24.992	-5.2	3.288	0.0	72.197	20.081	-0.013	0.2	1.936	0.291	-5.26	8.412	0.0	72.355	11.581	-27.088	0.0	2.154	99.679	-5.44
-1.0	2.788	517.364	0.0	24.295	-13.895	0.0	2.606	53.375	-6.88	0.475	527.998	87.052	32.359	-7.751	0.0	3.017	87.183	-7.92	-4.275	0.0	90.717	23.496	-22.583	0.0	2.497	46.498	-4.28	8.85	0.0	69.589	0.0	-8.435	0.0	2.69	50.469	-6.2	1.225	0.0	80.08	3.227	-1.0	4.0	2.112	74.299	-6.84	-0.275	0.0	77.765	0.0	0.0	0.0	2.271	45.335	-5.56	1.85	588.083	74.195	5.915	-1.0	0.2	1.936	29.061	-6.28	0.85	0.0	85.846	27.782	-15.738	0.4	1.785	34.098	-4.67	4.975	0.0	71.743	20.299	-0.41	0.2	1.852	355.996	-4.56	9.725	0.0	72.158	11.872	-27.811	0.0	1.693	106.363	-5.48
-1.0	4.287	539.696	0.0	24.658	-14.036	0.0	2.707	90.864	-7.06	-0.15	556.711	86.965	32.795	-7.773	0.0	3.495	90.476	-8.0	-4.338	0.0	90.676	23.496	-20.539	0.0	2.506	54.538	-4.46	8.037	0.0	70.898	0.0	-8.369	0.0	2.606	76.915	-6.12	1.038	0.0	78.293	4.026	-1.0	4.4	1.735	67.615	-7.0	0.225	0.0	76.095	0.0	0.0	0.0	2.338	47.466	-5.38	2.225	553.521	73.683	6.132	-1.0	0.2	2.531	41.945	-6.26	0.35	0.0	84.802	27.564	-15.162	0.4	1.366	42.913	-4.97	2.725	0.0	69.703	21.026	0.0	0.2	1.961	352.509	-5.38	10.85	0.0	70.417	11.581	-1.0	0.0	1.827	111.594	-5.24
-1.0	2.163	501.412	0.0	24.585	-13.657	0.0	2.707	77.108	-7.64	-1.087	526.403	86.59	32.359	-7.62	0.0	4.064	85.149	-7.9	-4.338	0.0	90.703	22.915	-20.92	0.0	2.33	39.232	-3.94	7.35	0.0	69.932	0.0	-8.345	0.0	2.221	51.147	-6.0	0.975	0.0	76.919	3.808	-1.0	5.6	1.919	59.769	-7.06	0.35	0.0	75.64	0.0	0.0	0.0	1.978	51.535	-5.26	1.475	535.974	75.375	6.35	-1.0	0.2	2.791	18.115	-6.1	0.537	0.0	84.843	27.564	-15.12	0.4	1.039	51.535	-4.36	3.538	0.0	71.092	20.227	-0.092	0.2	2.028	12.109	-4.39	8.412	0.0	69.868	12.453	-1.0	0.0	2.02	95.126	-5.2
-1.0	1.788	499.285	0.0	24.367	-13.655	0.0	3.025	66.162	-7.57	-1.4	525.34	86.648	32.359	-7.678	0.0	4.106	96.579	-7.85	-4.463	0.0	90.717	22.987	-20.889	0.0	1.81	63.45	-3.97	7.225	0.0	67.292	0.0	-8.287	0.0	3.218	42.526	-5.96	1.288	0.0	78.626	3.444	-1.0	6.0	1.399	67.131	-6.66	0.537	0.0	75.142	0.0	0.0	0.0	1.525	41.557	-5.76	1.725	511.515	72.47	6.06	-1.0	0.2	2.665	42.332	-6.22	0.6	0.0	78.929	27.346	-18.003	0.4	2.263	31.773	-5.24	4.1	0.0	67.992	20.154	-0.137	0.2	2.078	12.012	-4.98	10.725	0.0	72.801	12.09	-1.0	0.0	1.919	90.767	-5.26
-1.0	2.538	503.008	0.0	24.585	-14.319	0.0	2.657	45.432	-7.4	-0.775	522.149	86.693	32.286	-7.634	0.0	3.88	89.992	-7.86	-4.463	0.0	90.714	23.496	-20.699	0.0	3.235	54.247	-4.3	7.787	0.0	67.995	0.0	-8.563	0.0	2.447	57.928	-5.5	1.288	0.0	76.472	3.227	-1.0	6.0	2.397	61.997	-6.68	-0.087	0.0	73.169	0.0	0.0	0.0	3.134	41.654	-5.78	2.475	550.331	72.901	6.132	-1.0	0.2	2.062	41.46	-6.36	0.537	0.0	78.466	27.491	-15.434	0.4	1.869	45.238	-4.6	5.162	0.0	68.722	20.517	-0.298	0.2	1.609	349.022	-4.6	8.725	0.0	68.343	11.581	-27.411	0.0	2.33	99.873	-5.46
-1.0	2.788	517.896	0.0	24.658	-15.558	0.0	2.757	50.663	-7.6	-1.15	535.974	86.62	32.359	-7.607	0.0	3.838	89.605	-7.72	-4.213	0.0	90.791	23.641	-20.378	0.0	2.103	48.338	-4.37	8.412	0.0	68.362	0.0	-8.394	0.0	2.522	55.894	-5.96	1.288	0.0	76.021	3.953	-1.0	8.2	1.819	62.772	-6.92	0.412	0.0	73.548	0.0	0.0	0.0	2.204	42.72	-5.3	2.475	580.107	73.627	5.769	-1.0	0.2	2.724	29.061	-5.86	0.85	0.0	75.902	27.637	-14.724	0.4	1.282	27.705	-4.34	5.225	0.0	69.653	20.59	-0.626	0.2	1.986	0.0	-4.62	9.287	0.0	69.722	11.872	-1.0	0.0	2.045	98.517	-5.46
-1.0	4.475	532.784	0.0	24.585	-14.136	0.0	2.246	71.199	-7.2	-0.338	550.331	86.847	33.231	-7.712	0.0	3.277	99.582	-7.8	-4.15	0.0	90.769	23.133	-20.393	0.0	2.33	37.779	-3.44	8.662	0.0	66.362	0.0	-8.572	0.0	2.749	48.144	-5.57	1.725	0.0	76.34	3.081	-1.0	8.2	1.86	62.868	-6.84	0.225	0.0	73.708	0.0	0.0	0.0	2.196	50.953	-5.51	2.038	575.322	72.885	5.769	-1.0	0.2	2.967	15.015	-5.46	0.787	0.0	75.755	27.419	-14.351	0.4	2.045	26.639	-4.92	4.85	0.0	68.154	20.88	-0.371	0.2	2.346	9.009	-4.51	10.162	0.0	69.318	11.799	-27.99	0.0	1.735	92.898	-5.1
-1.0	4.037	525.34	0.0	24.585	-14.188	0.0	2.271	70.231	-7.38	-0.212	549.799	86.718	32.214	-7.708	0.0	3.536	85.245	-7.8	-4.338	0.0	90.769	23.278	-20.444	0.0	2.489	46.982	-4.2	6.037	0.0	67.759	0.0	-8.201	0.0	2.397	48.338	-5.74	0.787	0.0	75.811	3.227	-1.0	8.6	1.827	59.575	-6.28	0.35	0.0	72.362	0.0	0.0	0.0	2.413	37.101	-5.32	1.725	462.597	72.464	6.06	-1.0	0.2	1.609	36.714	-5.76	0.475	0.0	73.555	27.564	-14.438	0.4	1.936	33.42	-4.83	2.225	0.0	67.969	20.808	0.0	0.2	1.777	333.426	-4.18	8.35	0.0	68.424	11.726	-1.0	0.0	1.76	95.611	-5.08
-1.0	1.413	413.678	0.0	24.367	-13.718	0.0	2.02	30.514	-7.48	-1.65	439.201	86.692	32.359	-7.583	0.0	2.833	88.345	-7.94	-4.15	0.0	90.692	23.133	-20.393	0.0	2.187	60.737	-4.44	8.35	0.0	68.146	0.0	-8.475	0.0	2.062	58.509	-5.72	1.725	0.0	76.912	3.517	-1.0	9.0	1.601	61.512	-6.66	-0.588	0.0	73.508	0.0	0.0	0.0	2.154	51.147	-5.16	2.1	520.554	73.03	5.915	-1.0	0.2	1.341	42.526	-5.8	0.475	0.0	73.929	27.346	-14.225	0.4	1.014	39.426	-4.3	5.162	0.0	70.01	20.081	-0.812	0.2	1.534	18.018	-4.6	7.412	0.0	69.751	12.017	-26.405	0.0	1.634	113.628	-4.9
-1.0	3.038	505.134	0.0	24.876	-13.81	0.0	1.525	64.806	-7.36	-0.525	523.213	86.764	32.359	-7.731	0.0	2.531	85.245	-7.88	-4.213	0.0	90.709	23.06	-20.474	0.0	2.12	56.959	-4.06	5.975	0.0	68.371	0.0	-8.099	0.0	2.405	47.176	-5.78	0.225	0.0	76.736	3.081	-1.0	9.8	1.651	70.037	-6.72	0.475	0.0	72.464	0.0	0.0	0.0	1.802	34.583	-5.52	-0.212	156.326	73.797	5.697	-1.0	0.2	2.522	36.423	-5.38	0.787	0.0	74.495	27.128	-14.281	0.4	1.106	46.594	-4.66	3.1	0.0	70.238	20.081	-0.084	0.2	1.777	356.771	-4.78	9.475	0.0	69.115	12.162	-1.0	0.0	1.877	97.354	-4.72
-1.0	-1.712	239.274	0.0	24.731	-12.955	0.0	2.464	69.649	-7.52	-2.087	167.492	86.723	32.359	-7.544	0.0	3.511	85.924	-7.6	-3.962	0.0	90.844	23.496	-20.632	0.0	2.388	59.575	-4.0	6.1	0.0	68.788	0.0	-8.224	0.0	2.858	41.073	-5.66	0.537	0.0	77.203	3.735	-1.0	11.0	1.768	64.612	-6.2	-1.025	0.0	74.865	0.0	0.0	0.0	2.103	41.557	-5.32	1.85	514.174	73.863	5.769	-1.0	0.2	2.623	17.921	-5.56	0.163	0.0	74.695	27.491	-13.964	0.4	1.994	32.451	-4.45	4.6	0.0	69.505	20.517	-0.53	0.2	2.145	5.231	-4.66	7.6	0.0	70.039	11.363	-1.0	0.0	1.944	93.867	-5.32
-1.0	1.725	478.548	0.0	24.513	-13.772	0.0	2.724	58.219	-7.39	-1.087	497.69	86.716	32.65	-7.612	0.0	3.771	83.986	-7.78	-4.15	0.0	90.813	23.205	-20.586	0.0	2.799	55.603	-4.46	4.037	0.0	67.786	0.0	-8.04	0.0	2.799	51.632	-5.71	0.475	0.0	77.515	3.154	-1.0	12.6	2.33	58.219	-6.84	-0.212	0.0	72.511	0.0	0.0	0.0	2.69	37.973	-5.32	0.787	495.563	73.431	5.915	-1.0	0.2	3.193	30.998	-5.62	-0.775	0.0	74.634	27.346	-13.671	0.4	2.246	43.591	-4.79	1.913	0.0	69.363	20.444	0.0	0.2	2.422	356.384	-4.45	6.537	0.0	70.454	11.944	-1.0	0.0	2.17	95.126	-4.89
-1.0	1.725	478.548	0.0	24.513	-13.772	0.0	2.724	58.219	-7.39	-1.087	497.69	86.716	32.65	-7.612	0.0	3.771	83.986	-7.78	-4.15	0.0	90.813	23.205	-20.586	0.0	2.799	55.603	-4.46	4.037	0.0	67.786	0.0	-8.04	0.0	2.799	51.632	-5.71	0.475	0.0	77.515	3.154	-1.0	12.6	2.33	58.219	-6.84	-0.212	0.0	72.511	0.0	0.0	0.0	2.69	37.973	-5.32	0.787	495.563	73.431	5.915	-1.0	0.2	3.193	30.998	-5.62	-0.775	0.0	74.634	27.346	-13.671	0.4	2.246	43.591	-4.79	1.913	0.0	69.363	20.444	0.0	0.2	2.422	356.384	-4.45	6.537	0.0	70.454	11.944	-1.0	0.0	2.17	95.126	-4.89
-1.0	2.413	480.144	0.0	24.731	-13.637	0.0	2.74	67.712	-7.52	-1.4	507.261	86.662	32.286	-7.577	0.0	3.972	98.614	-7.82	-3.9	0.0	90.745	23.133	-19.778	0.0	2.631	61.706	-3.9	5.662	0.0	68.959	0.0	-8.16	0.0	3.562	44.754	-5.61	0.787	0.0	77.075	3.517	-1.0	13.4	1.944	64.612	-6.52	-0.525	0.0	74.109	0.0	0.0	0.0	2.548	36.036	-5.06	1.725	548.204	73.413	6.132	-1.0	0.2	3.746	28.674	-5.62	0.287	0.0	73.68	27.346	-14.123	0.4	2.439	37.198	-4.42	3.975	0.0	69.135	20.299	-0.297	0.2	2.883	3.778	-4.12	8.912	0.0	69.168	11.944	-27.485	0.0	1.852	93.673	-5.08
-1.0	2.163	467.914	0.0	24.077	-13.47	0.0	2.841	58.8	-7.4	-1.275	500.349	86.754	32.286	-7.617	0.0	3.863	93.479	-7.6	-4.025	0.0	90.825	23.205	-19.845	0.0	3.754	42.041	-3.96	5.6	0.0	69.627	0.0	-8.171	0.0	3.461	45.529	-5.72	0.6	0.0	76.47	2.936	-1.0	14.2	3.092	56.184	-6.44	-0.463	0.0	72.739	0.0	0.0	0.0	3.26	44.27	-5.18	1.538	435.479	73.845	6.06	-1.0	0.2	3.168	20.052	-5.45	-0.4	0.0	74.361	27.346	-14.281	0.4	3.008	34.776	-4.82	3.6	0.0	70.529	20.953	-0.31	0.2	2.363	3.681	-3.48	8.537	0.0	67.257	12.235	-1.0	0.0	2.238	100.26	-5.18
-1.0	1.85	452.494	0.0	24.295	-13.666	0.0	2.958	46.207	-7.26	-1.15	411.552	86.831	32.359	-7.614	0.0	3.453	78.755	-7.51	-4.15	0.0	90.888	23.496	-19.718	0.0	3.05	41.945	-4.02	3.1	0.0	68.632	0.0	-7.871	0.0	2.941	51.438	-5.56	0.475	0.0	76.878	3.808	-1.0	14.4	2.539	57.928	-6.24	-0.588	0.0	73.836	0.0	0.0	0.0	3.176	36.52	-5.28	1.475	461.002	73.487	5.551	-1.0	0.2	2.64	38.651	-5.32	-0.525	0.0	74.888	27.419	-14.402	0.4	2.405	21.118	-4.7	2.913	0.0	69.757	20.808	-0.056	0.2	2.003	14.24	-4.43	6.85	0.0	68.603	11.872	-1.0	0.0	2.196	95.126	-4.98
-1.0	0.1	382.307	0.0	24.367	-12.834	0.0	2.891	52.116	-7.14	-1.212	345.618	86.903	32.65	-7.645	0.0	3.26	101.52	-7.67	-3.9	0.0	90.805	23.568	-19.971	0.0	3.042	50.566	-4.06	6.85	0.0	68.852	0.0	-8.289	0.0	2.774	49.307	-5.79	0.287	0.0	76.268	3.154	-1.0	15.0	2.589	60.253	-6.6	-1.587	0.0	74.092	0.0	0.0	0.0	2.891	35.164	-4.92	1.85	332.325	72.887	6.423	-1.0	0.2	1.927	25.671	-5.48	0.6	0.0	74.188	27.564	-14.752	0.4	2.053	32.742	-4.54	4.475	0.0	69.738	20.662	-0.591	0.2	2.053	14.24	-4.64	5.6	0.0	70.018	12.017	-1.0	0.0	2.439	81.08	-5.02
-1.0	2.413	490.246	0.0	24.295	-13.7	0.0	3.562	70.134	-7.36	-0.9	497.69	86.764	32.286	-7.659	0.0	4.006	90.089	-7.5	-3.525	0.0	90.852	22.769	-19.673	0.0	2.615	56.184	-4.38	1.475	0.0	68.84	0.0	-7.737	0.0	2.439	57.831	-5.72	-0.588	0.0	76.772	3.662	-1.0	16.2	2.045	61.319	-6.66	-0.588	0.0	73.005	0.0	0.0	0.0	2.581	42.816	-5.33	-0.775	160.58	72.462	6.06	-1.0	0.2	2.774	21.505	-5.33	-1.212	0.0	74.315	27.128	-15.419	0.4	1.844	34.583	-4.92	-0.212	0.0	68.71	20.081	0.0	0.2	2.279	6.006	-5.04	5.162	0.0	68.762	11.799	-1.0	0.0	1.793	116.825	-4.9
