-1.0	-9.65	1.063	0.0	24.222	-12.629	0.0	4.576	92.511	-6.21	-8.65	0.0	45.829	33.231	-7.058	0.0	7.291	104.619	-6.7	-7.463	0.0	54.275	22.987	-17.764	0.0	3.821	108.591	-6.84	-7.713	0.0	73.374	0.0	-7.009	0.0	0.0	88.733	-6.84	-6.463	0.0	59.34	9.038	-1.0	14.0	1.039	80.014	-7.41	-5.025	0.0	65.161	0.0	0.0	0.0	1.399	66.259	-7.14	-6.463	0.532	82.557	6.859	-1.0	0.2	0.0	176.012	-6.47	-4.213	0.0	61.304	27.564	-15.924	0.4	1.031	147.726	-7.2	-7.088	0.0	68.041	20.081	0.0	0.2	0.0	144.82	-6.83	-7.9	0.0	55.233	11.872	-21.634	0.0	1.71	111.981	-7.38
-1.0	-9.025	0.532	0.0	24.731	-12.779	0.0	4.207	125.931	-5.9	-8.65	0.0	40.518	32.504	-7.058	0.0	7.14	117.987	-6.48	-7.4	0.0	49.462	22.987	-17.594	0.0	2.799	123.315	-6.44	-7.65	0.0	61.734	0.0	-6.943	0.0	0.0	125.156	-6.83	-6.525	0.0	57.412	8.385	-1.0	14.0	0.0	88.248	-7.26	-5.088	0.0	61.539	0.0	0.0	0.0	0.0	74.396	-7.08	-6.463	0.0	80.452	6.714	-1.0	0.2	0.0	176.206	-6.34	-4.213	0.0	59.261	27.782	-15.756	0.4	0.0	159.545	-7.37	-7.588	0.0	70.948	20.735	0.0	0.2	0.0	145.014	-6.82	-8.338	0.0	52.793	11.726	-21.358	0.0	2.036	125.059	-7.17
-1.0	-9.713	0.0	0.0	24.367	-12.438	0.0	3.997	97.257	-6.15	-8.838	0.0	43.562	32.359	-7.043	0.0	6.545	145.305	-6.48	-7.588	0.0	48.356	23.205	-19.767	0.0	1.701	93.964	-6.58	-9.025	0.0	65.725	0.0	-6.86	0.0	0.0	102.682	-6.65	-6.15	0.0	51.824	8.312	-1.0	14.0	0.972	107.138	-7.1	-5.15	0.0	57.696	0.0	0.0	0.0	0.0	127.19	-7.2	-6.463	1.063	77.501	7.44	-1.0	0.2	0.0	176.109	-6.36	-4.025	0.0	59.258	27.782	-15.299	0.4	0.0	161.094	-7.28	-7.275	0.0	69.073	20.444	0.0	0.2	0.0	144.82	-6.68	-8.588	0.0	50.502	12.162	-20.872	0.0	1.743	104.91	-6.84
-1.0	-9.025	0.0	0.0	23.932	-12.97	0.0	4.324	137.652	-6.16	-8.4	0.0	43.742	32.432	-7.09	0.0	7.065	112.756	-6.64	-7.588	0.0	50.623	23.35	-17.466	0.0	1.123	127.287	-6.72	-9.088	0.0	61.048	0.0	-6.938	0.0	0.0	102.391	-6.5	-6.588	0.0	49.256	8.821	-1.0	14.2	1.483	161.385	-7.18	-5.713	0.0	59.579	0.0	0.0	0.0	0.0	127.384	-7.1	-6.588	0.0	76.49	7.658	-1.0	0.2	0.0	176.206	-6.46	-4.525	0.0	60.211	27.637	-15.615	0.4	0.0	164.001	-7.24	-6.963	0.0	67.732	20.953	0.0	0.2	0.0	144.723	-6.44	-7.963	0.0	43.918	11.872	-21.366	0.0	2.179	167.197	-6.94
-1.0	-9.025	0.532	0.0	24.658	-12.842	0.0	4.416	106.654	-5.92	-8.713	0.0	40.7	32.432	-7.053	0.0	6.863	112.563	-6.58	-7.65	0.0	49.129	23.423	-17.544	0.0	1.659	97.935	-6.72	-9.65	0.0	59.871	0.0	-6.834	0.0	0.0	103.36	-6.58	-6.525	0.0	50.488	8.748	-1.0	14.2	1.215	127.674	-7.06	-4.9	0.0	56.111	0.0	0.0	0.0	0.0	133.196	-7.13	-6.4	0.0	73.647	7.222	-1.0	0.2	0.0	176.109	-6.42	-4.338	0.0	56.901	27.855	-15.567	0.4	0.0	164.097	-7.14	-7.15	0.0	67.021	20.662	0.0	0.2	0.0	144.82	-6.48	-8.4	0.0	44.991	12.162	-21.259	0.0	1.927	134.068	-7.06
-1.0	-9.088	0.0	0.0	24.44	-12.77	0.0	4.768	80.886	-6.08	-8.775	0.532	42.361	32.795	-7.137	0.0	6.989	110.432	-6.74	-7.838	0.0	53.116	23.423	-17.597	0.0	1.86	50.663	-6.84	-9.9	0.0	68.336	0.0	-6.773	0.0	0.0	102.973	-6.6	-6.338	0.0	51.831	8.385	-1.0	14.2	1.399	167.294	-7.02	-5.275	0.0	53.806	0.0	0.0	0.0	0.0	142.399	-7.29	-6.713	3.19	74.865	7.15	-1.0	0.2	0.0	175.722	-6.54	-4.713	0.0	59.173	27.782	-19.106	0.4	0.0	149.47	-7.16	-7.4	0.0	66.256	20.299	0.0	0.2	0.0	144.82	-6.62	-8.025	0.0	46.93	11.726	-21.351	0.0	2.481	136.296	-7.11
-1.0	-10.088	1.063	0.0	24.44	-12.568	0.0	3.93	85.633	-6.28	-8.463	0.0	44.777	32.141	-7.066	0.0	7.098	95.32	-6.62	-7.4	0.0	48.25	23.568	-17.594	0.0	2.38	117.697	-6.58	-8.775	0.0	61.71	0.0	-6.886	0.0	0.0	109.947	-6.5	-6.588	0.0	51.846	8.167	-1.0	21.6	1.441	94.448	-7.29	-5.4	0.0	61.587	0.0	0.0	0.0	0.0	126.996	-7.04	-6.588	0.0	71.987	7.368	-1.0	0.2	0.0	176.206	-6.57	-4.463	0.0	60.299	27.564	-15.462	0.4	0.0	149.083	-7.24	-7.65	0.0	66.85	20.88	0.0	0.2	0.0	145.111	-6.66	-8.4	0.0	49.842	11.872	-21.914	0.0	1.785	117.212	-7.14
-1.0	-9.338	0.0	0.0	24.44	-13.876	0.0	3.763	117.309	-6.14	-8.775	0.0	43.353	32.504	-7.035	0.0	6.964	96.773	-6.63	-7.775	0.0	48.744	23.205	-17.518	0.0	1.5	92.511	-6.28	-7.9	0.0	57.144	0.0	-6.967	0.0	1.458	110.335	-6.46	-6.588	0.0	49.145	8.312	-1.0	22.0	0.0	207.398	-7.24	-5.4	0.0	56.386	0.0	0.0	0.0	0.0	127.674	-6.26	-6.025	3.722	62.849	7.44	-1.0	0.2	0.0	197.421	-6.54	-4.4	0.0	59.713	27.855	-15.312	0.4	0.0	99.582	-6.9	-7.275	0.0	62.499	20.299	0.0	0.2	0.0	65.775	-6.62	-7.963	0.0	46.517	11.872	-20.673	0.0	2.078	150.633	-6.58
-1.0	-9.463	2.127	0.0	24.513	-12.655	0.0	4.928	109.172	-5.98	-8.463	0.0	41.0	32.286	-7.046	0.0	7.66	105.976	-6.6	-7.588	0.0	49.908	23.496	-17.647	0.0	2.346	100.357	-6.14	-7.713	0.0	56.367	0.0	-6.988	0.0	1.701	94.448	-6.62	-6.525	0.0	53.162	8.312	-1.0	22.2	1.441	56.088	-7.08	-5.275	0.0	55.166	0.0	0.0	0.0	0.0	100.454	-6.68	-6.588	1.063	67.991	7.368	-1.0	0.2	0.0	140.074	-6.38	-4.4	0.0	56.605	27.637	-15.312	0.4	0.0	155.96	-6.92	-6.963	0.0	65.123	21.098	0.0	0.2	0.0	64.806	-6.6	-7.588	0.0	47.403	11.872	-21.374	0.0	2.765	115.856	-6.43
-1.0	-8.775	0.0	0.0	24.658	-12.568	0.0	5.598	102.585	-5.98	-8.4	0.0	40.816	32.504	-7.051	0.0	8.481	108.591	-6.62	-7.65	0.0	48.833	23.278	-17.634	0.0	2.103	125.834	-6.21	-8.525	0.0	54.434	0.0	-6.905	0.0	0.0	93.964	-6.74	-6.525	0.0	52.861	8.167	-1.0	22.4	0.0	123.509	-6.98	-5.088	0.0	54.708	0.0	0.0	0.0	0.947	110.432	-6.74	-6.4	0.532	69.477	7.295	-1.0	0.2	0.0	140.171	-6.32	-4.338	0.0	56.476	27.564	-15.567	0.4	0.0	165.163	-6.84	-6.775	0.0	64.233	20.081	0.0	0.2	0.0	70.812	-6.74	-8.338	0.0	50.724	11.944	-21.274	0.0	1.986	97.645	-6.44
-1.0	-8.65	0.532	0.0	24.367	-12.833	0.0	5.707	123.218	-6.02	-8.338	0.0	40.658	32.432	-7.069	0.0	9.009	118.859	-6.7	-7.775	0.0	49.865	22.987	-17.609	0.0	1.793	102.488	-6.32	-8.775	0.0	57.905	0.0	-6.893	0.0	0.0	94.835	-6.56	-6.65	0.0	49.971	8.966	-1.0	22.4	0.0	130.484	-7.04	-5.088	0.0	56.197	0.0	0.0	0.0	0.0	142.689	-6.72	-6.588	0.532	68.635	6.786	-1.0	0.2	0.0	140.461	-6.44	-4.4	0.0	58.892	27.782	-15.721	0.4	0.0	127.771	-6.81	-7.088	0.0	61.882	20.953	0.0	0.2	0.0	136.296	-6.54	-8.025	0.0	43.906	12.09	-21.435	0.0	1.467	147.436	-6.34
-1.0	-8.713	0.0	0.0	24.658	-12.824	0.0	3.964	131.646	-6.13	-8.463	0.0	42.628	32.359	-7.046	0.0	6.134	109.366	-6.8	-7.713	0.0	51.374	23.496	-17.531	0.0	1.408	94.739	-6.38	-8.338	0.0	58.168	0.0	-6.912	0.0	0.0	104.523	-6.54	-6.525	0.0	49.656	8.748	-1.0	22.4	1.148	75.074	-7.04	-5.213	0.0	54.922	0.0	0.0	0.0	0.0	157.317	-6.39	-6.525	0.0	61.743	7.222	-1.0	0.2	0.0	139.977	-6.42	-4.275	0.0	57.533	27.855	-15.415	0.4	0.0	110.432	-6.44	-6.338	0.0	58.485	20.662	0.0	0.2	1.701	127.771	-6.54	-8.025	0.0	43.243	11.726	-21.519	0.0	2.095	147.145	-6.48
-1.0	-9.4	0.0	0.0	24.731	-12.541	0.0	4.006	124.09	-5.92	-8.775	0.0	39.993	32.359	-7.022	0.0	6.62	96.676	-6.64	-7.65	0.0	49.556	23.496	-17.453	0.0	2.305	91.251	-6.28	-8.088	0.0	54.983	0.0	-6.931	0.0	1.014	60.156	-6.7	-6.775	0.0	54.639	8.966	-1.0	22.4	0.0	110.722	-7.2	-5.213	0.0	59.091	0.0	0.0	0.0	0.0	32.936	-6.4	-6.4	1.063	61.741	6.786	-1.0	0.2	0.0	140.364	-6.32	-4.338	0.0	56.283	27.491	-15.816	0.4	0.0	100.163	-6.44	-6.9	0.0	57.146	20.444	0.0	0.2	0.0	121.281	-6.84	-8.775	0.0	51.739	11.726	-21.083	0.0	1.751	134.94	-6.34
-1.0	-9.213	5.849	0.0	24.367	-13.007	0.0	4.718	106.751	-6.14	-8.775	0.0	42.354	32.504	-7.022	0.0	7.157	97.451	-6.75	-7.588	0.0	51.838	23.278	-17.647	0.0	2.824	114.113	-6.2	-7.713	0.0	55.358	0.0	-6.967	0.0	1.659	123.025	-6.74	-6.65	0.0	55.051	8.748	-1.0	22.4	1.492	164.969	-7.3	-5.65	0.0	57.8	0.0	0.0	0.0	0.0	36.132	-6.36	-6.65	0.0	62.41	6.714	-1.0	0.2	0.0	140.171	-6.3	-4.525	0.0	55.147	27.419	-16.034	0.4	0.0	141.624	-6.52	-7.338	0.0	58.172	20.227	0.0	0.2	0.0	158.963	-6.85	-8.65	0.0	52.108	11.872	-21.282	0.0	1.542	160.32	-6.38
-1.0	-9.088	0.0	0.0	24.731	-12.77	0.0	3.93	126.512	-6.33	-9.213	0.0	44.591	32.504	-7.001	0.0	5.908	106.266	-6.84	-7.775	0.0	50.221	23.496	-17.882	0.0	1.55	120.312	-6.26	-7.65	0.0	56.403	0.0	-6.965	0.0	1.433	127.287	-6.68	-6.588	0.0	53.97	8.167	-1.0	22.6	0.0	64.031	-7.0	-5.4	0.0	53.049	0.0	0.0	0.0	1.081	92.026	-6.3	-6.275	0.0	59.915	6.714	-1.0	0.2	0.0	140.171	-6.32	-4.4	0.0	56.145	27.782	-16.229	0.4	0.0	146.37	-6.5	-7.088	0.0	58.012	20.953	0.0	0.2	0.0	157.898	-6.93	-9.463	0.0	54.52	11.872	-20.834	0.0	1.148	137.071	-6.26
-1.0	-9.338	0.532	0.0	24.658	-12.925	0.0	3.461	119.634	-6.27	-8.775	0.0	43.427	32.068	-6.995	0.0	6.067	116.05	-6.78	-7.65	0.0	50.402	23.133	-17.726	0.0	1.626	103.166	-6.34	-7.9	0.0	57.381	0.0	-6.945	0.0	1.467	111.981	-6.74	-6.588	0.0	51.953	8.094	-1.0	24.0	0.0	156.057	-7.11	-5.4	0.0	55.328	0.0	0.0	0.0	0.0	77.69	-6.33	-6.65	0.532	59.694	6.641	-1.0	0.2	0.0	140.558	-6.46	-4.525	0.0	58.373	27.855	-16.034	0.4	0.0	121.378	-6.55	-7.275	0.0	58.195	20.662	0.0	0.2	0.0	158.285	-6.84	-8.838	0.0	48.015	12.017	-20.898	0.0	1.006	175.044	-6.34
-1.0	-9.275	0.532	0.0	24.367	-12.681	0.0	4.006	111.691	-6.4	-9.025	0.0	45.269	32.214	-6.99	0.0	6.838	116.437	-7.0	-7.713	0.0	55.927	22.915	-18.17	0.0	1.793	105.394	-6.52	-8.213	0.0	61.402	0.0	-6.914	0.0	1.115	87.473	-6.84	-6.525	0.0	53.411	8.457	-1.0	28.4	0.0	161.579	-7.36	-5.275	0.0	59.764	0.0	0.0	0.0	0.0	77.98	-6.49	-6.65	5.317	62.676	7.585	-1.0	0.2	0.0	140.171	-6.56	-4.4	0.0	59.791	27.346	-15.888	0.4	0.0	70.715	-6.82	-7.4	0.0	61.138	20.517	0.0	0.2	0.0	210.498	-6.84	-8.65	0.0	49.961	12.162	-21.113	0.0	1.391	129.321	-6.44
-1.0	-9.088	0.0	0.0	24.658	-12.833	0.0	5.305	103.651	-6.84	-8.9	0.0	52.053	32.504	-6.986	0.0	7.961	136.586	-6.96	-7.588	0.0	54.152	23.133	-18.197	0.0	2.179	68.003	-6.62	-8.463	0.0	61.305	0.0	-6.859	0.0	1.24	45.819	-6.94	-6.338	0.0	58.104	8.966	-1.0	31.8	1.282	80.886	-7.46	-5.713	0.0	60.841	0.0	0.0	0.0	0.0	68.196	-6.65	-6.65	1.063	64.734	6.786	-1.0	0.2	0.0	129.418	-6.76	-4.525	0.0	62.786	27.709	-16.291	0.4	0.0	67.615	-6.94	-7.588	0.0	64.552	20.808	0.0	0.2	0.0	210.207	-7.12	-8.775	0.0	58.753	11.872	-21.251	0.0	1.869	78.368	-6.54
-1.0	-9.588	0.0	0.0	24.44	-12.7	0.0	4.157	152.764	-6.98	-9.15	0.0	55.126	32.504	-6.98	0.0	6.964	118.375	-6.98	-7.775	0.0	55.93	23.714	-17.609	0.0	2.003	79.046	-6.74	-9.025	0.0	64.898	0.0	-6.845	0.0	0.0	46.207	-6.87	-6.463	0.0	56.086	8.385	-1.0	33.6	0.0	143.561	-7.62	-5.4	0.0	63.183	0.0	0.0	0.0	1.031	68.293	-6.84	-6.838	0.0	67.457	7.295	-1.0	0.2	0.0	129.999	-6.84	-4.525	0.0	64.648	27.637	-16.465	0.4	0.0	63.256	-7.06	-7.588	0.0	65.38	20.372	0.0	0.2	0.0	210.111	-7.08	-8.4	0.0	54.665	11.872	-21.426	0.0	1.014	127.481	-6.52
-1.0	-9.775	0.532	0.0	24.585	-12.736	0.0	2.941	96.773	-6.78	-9.088	0.0	50.344	32.577	-6.965	0.0	5.539	106.363	-7.2	-7.9	0.0	59.844	23.205	-17.766	0.0	0.0	98.904	-6.84	-9.775	0.0	66.596	0.0	-6.804	0.0	0.0	46.11	-7.01	-6.525	0.0	57.219	8.966	-1.0	33.8	0.0	106.072	-7.72	-5.4	0.0	63.581	0.0	0.0	0.0	0.0	68.1	-6.84	-6.713	0.532	69.408	7.295	-1.0	0.2	0.0	129.224	-7.01	-4.588	0.0	66.054	27.782	-16.895	0.4	0.0	63.547	-7.22	-7.775	0.0	66.499	20.517	0.0	0.2	0.0	210.207	-7.09	-9.4	0.0	54.244	11.654	-21.182	0.0	0.0	169.619	-6.68
-1.0	-9.025	0.532	0.0	24.658	-12.717	0.0	4.852	117.794	-6.84	-9.025	0.0	52.422	32.359	-6.97	0.0	6.989	119.925	-7.54	-8.088	0.0	64.571	23.641	-16.655	0.0	1.064	56.475	-7.02	-9.588	0.0	69.149	0.0	-6.825	0.0	0.0	45.916	-7.2	-6.65	0.0	61.072	8.457	-1.0	36.0	1.215	59.769	-7.86	-5.588	0.0	66.225	0.0	0.0	0.0	0.0	68.1	-7.02	-6.4	0.0	73.623	7.15	-1.0	0.2	0.0	33.323	-7.18	-4.963	0.0	68.894	27.709	-16.643	0.4	0.0	63.159	-7.52	-7.15	0.0	70.747	20.444	0.0	0.2	0.0	28.48	-7.3	-8.588	0.0	59.908	11.799	-21.213	0.0	1.249	170.685	-6.84
-1.0	-9.15	0.0	0.0	24.44	-12.824	0.0	4.274	126.028	-6.84	-9.088	0.0	52.422	32.359	-6.965	0.0	7.023	121.862	-7.72	-8.025	0.0	66.277	23.133	-17.74	0.0	0.0	57.928	-7.3	-8.4	0.0	74.58	0.0	-6.871	0.0	1.014	22.958	-7.1	-6.65	0.0	58.512	8.312	-1.0	38.0	1.14	135.424	-8.1	-5.4	0.0	68.688	0.0	0.0	0.0	0.0	68.39	-7.5	-6.838	0.0	78.138	7.513	-1.0	0.2	1.022	32.936	-7.33	-4.588	0.0	72.12	27.564	-16.628	0.4	0.0	60.737	-7.93	-7.588	0.0	74.843	20.808	0.0	0.2	0.0	25.186	-7.14	-8.525	0.0	52.802	11.944	-21.312	0.0	1.785	166.616	-6.95
-1.0	-9.588	0.0	0.0	24.585	-12.515	0.0	4.006	105.104	-6.84	-9.025	0.0	52.223	32.359	-6.963	0.0	7.266	99.97	-7.98	-8.088	0.0	71.697	23.278	-17.91	0.0	1.198	57.347	-7.68	-8.775	0.0	78.639	0.0	-6.864	0.0	1.156	36.907	-7.74	-6.525	0.0	73.707	9.038	-1.0	40.6	0.0	77.108	-8.34	-5.4	0.0	73.224	0.0	0.0	0.0	0.964	33.13	-7.91	-6.838	0.0	80.915	7.004	-1.0	0.2	0.0	34.292	-7.77	-4.963	0.0	78.212	27.637	-16.731	0.4	0.0	48.047	-8.24	-7.338	0.0	77.63	20.662	0.0	0.2	0.0	26.445	-7.6	-9.463	0.0	69.331	12.017	-20.665	0.0	0.0	113.047	-7.57
-1.0	-9.775	2.127	0.0	24.658	-12.611	0.0	3.939	106.847	-7.16	-9.338	0.0	57.441	32.504	-6.939	0.0	6.83	104.716	-8.46	-8.213	0.0	78.482	22.915	-17.431	0.0	1.559	49.888	-7.94	-8.775	0.0	81.257	0.0	-6.893	0.0	1.098	37.004	-8.16	-6.838	0.0	80.373	8.748	-1.0	41.4	1.257	66.162	-8.67	-5.275	0.0	77.329	0.0	0.0	0.0	1.064	43.301	-8.16	-6.588	0.532	85.82	7.44	-1.0	0.2	0.0	33.517	-8.01	-4.775	0.0	79.524	27.637	-17.309	0.4	0.0	48.241	-8.54	-7.4	0.0	79.843	20.372	0.0	0.2	0.0	26.833	-8.0	-9.65	0.0	74.781	11.726	-1.0	0.0	0.0	88.248	-7.84
-1.0	-9.9	0.532	0.0	24.367	-12.718	0.0	3.52	97.16	-6.84	-9.025	0.0	52.024	32.432	-6.949	0.0	6.78	99.776	-8.76	-8.338	0.0	80.843	22.987	-17.587	0.0	1.483	53.956	-8.19	-8.15	0.0	86.181	0.0	-6.94	0.0	1.307	38.554	-8.48	-6.775	0.0	81.735	8.385	-1.0	44.2	1.089	66.065	-8.97	-5.338	0.0	80.422	0.0	0.0	0.0	0.0	44.076	-8.32	-5.838	1.063	87.485	7.295	-1.0	0.2	0.0	33.13	-8.36	-4.713	0.0	84.484	27.491	-17.049	0.4	0.0	48.435	-8.58	-6.213	0.0	81.624	20.88	0.0	0.2	0.0	26.542	-8.32	-9.713	0.0	79.096	11.799	-20.942	0.0	0.0	71.49	-8.09
-1.0	-10.275	0.532	0.0	24.658	-12.603	0.0	3.989	87.861	-7.01	-9.15	0.0	54.787	32.359	-6.947	0.0	7.081	95.514	-8.96	-8.088	0.0	84.082	23.568	-17.819	0.0	1.408	51.535	-8.22	-6.65	0.0	88.647	0.0	-7.05	0.0	0.955	39.813	-8.64	-6.4	0.0	87.119	8.893	-1.0	44.4	1.542	59.769	-9.14	-5.338	0.0	84.93	0.0	0.0	0.0	1.14	40.298	-8.28	-4.4	3.19	89.241	6.859	-1.0	0.2	0.0	33.711	-8.56	-4.275	0.0	86.777	27.564	-16.69	0.4	0.0	47.951	-8.44	-4.713	0.0	83.073	20.953	0.0	0.2	0.0	26.542	-8.64	-8.713	0.0	85.12	11.654	-21.183	0.0	0.905	85.827	-8.36
-1.0	-10.713	0.532	0.0	24.658	-12.421	0.0	2.204	45.626	-7.54	-9.525	0.0	61.014	32.432	-6.911	0.0	5.665	76.333	-9.12	-7.588	0.0	87.394	23.496	-17.647	0.0	1.525	42.816	-8.32	-5.775	0.0	90.587	0.0	-7.099	0.0	1.131	62.287	-8.76	-5.4	0.0	91.114	9.329	-1.0	44.4	1.542	59.575	-9.29	-4.65	0.0	87.787	0.0	0.0	0.0	0.905	42.72	-8.24	-4.213	1.063	91.24	6.641	-1.0	0.2	0.0	33.13	-8.54	-3.275	0.0	88.264	27.782	-17.253	0.4	0.0	48.435	-8.3	-4.15	0.0	84.583	20.444	0.0	0.2	0.0	26.155	-8.78	-8.338	0.0	90.076	11.799	-21.607	0.0	0.0	82.921	-8.35
-1.0	-10.15	0.0	0.0	24.658	-12.683	0.0	2.64	69.94	-9.08	-9.9	0.0	85.09	32.359	-6.836	0.0	3.335	81.177	-9.12	-6.65	0.0	89.013	23.133	-20.076	0.0	1.601	43.785	-8.5	-5.463	0.0	92.446	0.0	-7.117	0.0	1.198	49.307	-8.88	-5.025	0.0	92.542	8.748	-1.0	44.4	1.383	60.737	-9.23	-4.338	0.0	88.632	0.0	0.0	0.0	0.0	45.044	-8.2	-4.025	5.317	92.064	6.932	-1.0	0.2	0.0	33.13	-8.58	-3.275	0.0	89.277	27.491	-16.891	0.4	0.0	47.951	-8.28	-4.275	0.0	85.501	20.735	0.0	0.2	0.0	26.349	-8.82	-7.588	0.0	91.776	11.436	-21.96	0.0	0.0	76.624	-8.36
-1.0	-9.213	0.0	0.0	24.44	-12.447	0.0	2.665	60.641	-9.04	-9.275	0.0	85.08	32.286	-6.93	0.0	3.721	77.786	-9.1	-5.838	0.0	89.834	23.568	-18.571	0.0	1.5	39.232	-8.4	-4.838	0.0	92.901	0.0	-7.13	0.0	0.0	49.21	-8.76	-4.15	0.0	93.349	8.239	-1.0	44.4	1.467	67.228	-9.24	-3.962	0.0	89.718	0.0	0.0	0.0	0.0	43.398	-8.18	-3.962	0.0	93.13	7.368	-1.0	0.2	0.0	32.548	-8.6	-3.212	0.0	89.855	27.564	-16.637	0.4	0.0	54.053	-8.37	-4.213	0.0	86.216	20.735	0.0	0.2	0.0	12.206	-8.88	-6.713	0.0	92.874	11.944	-22.103	0.0	0.0	77.786	-8.22
-1.0	-1.0	0.0	0.0	24.876	-13.968	0.0	2.011	37.876	-9.04	-9.025	0.0	84.977	32.432	-6.97	0.0	2.539	41.46	-9.18	-5.65	0.0	90.388	23.278	-17.863	0.0	0.972	49.113	-8.42	-4.838	0.0	93.006	0.0	-7.145	0.0	0.0	49.113	-8.78	-4.025	0.0	93.599	8.748	-1.0	44.4	0.0	64.225	-9.28	-3.775	0.0	89.862	0.0	0.0	0.0	0.0	44.56	-8.18	-3.837	1.063	93.553	7.44	-1.0	0.2	0.0	33.13	-8.54	-3.15	0.0	90.026	27.782	-16.213	0.4	0.0	53.666	-8.33	-4.213	0.0	86.492	20.299	0.0	0.2	0.0	12.593	-8.97	-6.4	0.0	92.904	11.799	-22.268	0.0	0.0	77.496	-8.13
