-1.0	-6.525	25.523	0.0	24.367	-13.544	0.0	0.997	73.718	-7.14	-5.9	30.308	87.046	31.269	-6.922	0.0	1.902	97.064	-1.0	-4.775	0.0	0.0	21.97	-1.0	0.0	1.433	55.991	-1.42	9.662	0.0	48.745	0.0	-8.81	0.0	1.349	64.225	-4.41	1.413	0.0	79.322	0.0	-1.0	32.2	0.0	58.413	-5.04	0.163	0.0	88.024	0.0	0.0	0.0	1.567	44.27	-4.26	3.975	473.231	80.421	0.0	-1.0	0.2	0.0	29.255	-3.89	1.788	0.0	80.033	8.094	-1.0	0.4	1.014	27.511	-2.08	7.225	0.0	55.714	18.628	-8.098	0.2	0.955	340.013	-1.96	12.225	0.0	48.672	11.654	-1.0	0.0	1.324	92.511
-1.0	-6.463	24.459	0.0	24.44	-13.622	0.0	1.182	77.883	-7.04	-5.9	22.332	87.113	31.487	-6.922	0.0	2.17	89.701	-1.0	-4.463	0.0	0.0	21.68	-1.0	0.0	1.534	51.05	-1.43	9.1	0.0	47.583	0.0	-8.734	0.0	0.98	59.284	-4.5	2.163	0.0	79.028	0.0	-1.0	32.2	0.93	58.025	-5.14	0.287	0.0	88.385	0.0	0.0	0.0	1.291	33.42	-4.23	3.913	470.573	80.315	0.0	-1.0	0.2	0.0	29.061	-3.5	1.788	0.0	79.805	7.949	-1.0	0.4	0.0	27.705	-2.08	6.912	0.0	54.864	19.209	-8.064	0.2	1.031	6.684	-1.3	11.975	0.0	50.385	11.872	-1.0	0.0	0.955	83.599
-1.0	-6.65	23.396	0.0	24.44	-13.457	0.0	0.0	78.174	-7.0	-5.838	22.332	87.144	31.487	-7.094	0.0	1.668	102.488	0.0	-4.463	0.0	0.0	22.115	-1.0	0.0	1.039	51.728	-1.57	8.912	0.0	49.376	0.0	-8.686	0.0	1.156	58.703	-4.46	1.725	0.0	82.882	0.0	-1.0	32.2	0.0	57.638	-5.0	-0.15	0.0	87.871	0.0	0.0	0.0	0.0	33.323	-4.29	3.35	463.129	79.007	0.0	-1.0	0.2	1.014	29.836	-3.11	1.85	0.0	79.575	8.312	-1.0	0.4	0.0	27.317	-2.28	6.1	0.0	53.35	18.628	-2.485	0.2	1.366	0.678	-1.8	13.412	0.0	48.901	11.944	-1.0	0.0	0.955	92.898
-1.0	-6.9	23.927	0.0	24.44	-13.486	0.0	1.148	82.339	-7.02	-5.775	21.8	87.138	31.415	-6.909	0.0	1.71	102.295	-1.0	-4.525	0.0	0.0	21.897	-1.0	0.0	1.349	54.053	-1.44	8.412	0.0	48.624	0.0	-8.652	0.0	1.383	51.244	-4.38	1.725	0.0	76.789	0.0	-1.0	32.2	0.0	58.025	-5.12	0.6	0.0	86.539	0.0	0.0	0.0	0.0	34.97	-4.14	3.538	464.192	79.566	0.0	-1.0	0.2	0.0	28.577	-3.56	1.725	0.0	78.668	8.094	-1.0	0.4	0.0	27.511	-1.94	6.037	0.0	52.507	18.265	-2.462	0.2	1.182	345.05	-1.87	12.225	0.0	49.394	11.726	-1.0	0.0	1.19	89.895
-1.0	-6.775	24.991	0.0	24.15	-15.05	0.0	0.0	84.374	-6.98	-5.713	20.205	87.149	31.197	-6.929	0.0	2.313	100.648	-5.12	-4.4	0.0	71.283	21.97	-1.0	0.0	1.089	65.0	-1.65	8.85	0.0	49.866	0.0	-8.679	0.0	1.056	52.6	-3.99	1.538	0.0	68.13	0.0	-1.0	32.2	0.0	58.025	-4.96	0.225	0.0	85.847	0.0	0.0	0.0	1.182	35.164	-4.06	3.6	461.002	79.402	0.0	-1.0	0.2	0.0	28.48	-3.42	1.913	0.0	79.891	8.239	-1.0	0.4	0.0	27.802	-1.91	5.85	0.0	53.031	18.991	-2.258	0.2	1.441	352.122	-1.36	12.225	0.0	50.582	11.944	-1.0	0.0	1.282	103.748
-1.0	-6.525	24.459	0.0	24.004	-13.681	0.0	1.115	83.695	-6.98	-5.713	20.737	87.149	31.051	-6.913	0.0	2.078	101.81	-1.0	-4.525	0.0	0.0	21.171	-1.0	0.0	1.106	57.444	-1.46	8.225	0.0	50.627	0.0	-8.597	0.0	1.391	52.407	-4.26	1.413	0.0	77.562	0.0	-1.0	32.2	0.0	59.672	-5.0	0.475	0.0	86.507	0.0	0.0	0.0	0.0	33.711	-4.08	3.1	457.811	79.078	0.0	-1.0	0.2	1.542	27.898	-3.64	1.788	0.0	78.65	8.239	-1.0	0.4	0.0	28.577	-2.05	5.537	0.0	54.471	18.846	-2.181	0.2	1.802	340.497	-1.42	11.412	0.0	51.188	11.944	-1.0	0.0	1.056	81.08
-1.0	-6.338	25.523	0.0	24.077	-13.505	0.0	1.299	79.433	-6.98	-6.088	21.269	87.149	30.615	0.0	0.0	1.911	88.927	-1.0	-4.4	0.0	0.0	22.115	-1.0	0.0	1.291	45.626	-1.52	7.162	0.0	50.589	0.0	-8.508	0.0	2.07	55.313	-4.48	1.475	0.0	78.918	0.0	-1.0	32.2	1.332	59.187	-4.94	-0.087	0.0	85.852	0.0	0.0	0.0	0.955	34.195	-4.08	2.538	453.026	77.439	0.0	-1.0	0.2	1.978	25.089	-3.88	1.475	0.0	79.169	8.094	-1.0	0.4	1.274	27.511	-2.24	4.85	0.0	54.982	18.846	-1.667	0.2	2.187	354.447	-1.66	11.787	0.0	51.562	11.654	-1.0	0.0	1.274	94.448
-1.0	-6.588	24.991	0.0	24.077	-13.202	0.0	1.341	68.293	-6.99	-6.088	22.332	87.146	30.761	-6.884	0.0	1.986	90.961	-4.92	-4.4	0.0	68.609	21.607	-1.0	0.0	2.212	52.891	-2.08	6.35	0.0	51.647	0.0	-8.384	0.0	2.221	49.791	-4.7	1.225	0.0	82.21	0.0	-1.0	32.2	1.944	69.649	-5.18	-0.15	0.0	86.043	0.0	0.0	0.0	1.827	48.919	-4.06	3.038	449.835	76.86	0.0	-1.0	0.2	1.819	26.058	-4.05	1.038	0.0	79.359	7.949	-1.0	0.4	1.802	34.098	-2.35	5.6	0.0	54.88	18.556	-2.272	0.2	1.584	356.675	-1.62	9.725	0.0	51.858	11.508	-1.0	0.0	1.693	89.605
-1.0	-6.588	23.927	0.0	24.367	-13.602	0.0	1.341	64.903	-6.96	-6.088	21.8	87.154	30.833	-6.876	0.0	2.087	85.439	-5.0	-4.4	0.0	68.493	21.897	-1.0	0.0	2.07	45.238	-1.78	7.1	0.0	52.762	0.0	-8.435	0.0	2.036	58.025	-4.58	1.475	0.0	81.575	0.0	-1.0	32.2	1.282	69.94	-5.36	-0.212	0.0	85.451	0.0	0.0	0.0	1.994	34.873	-4.1	2.788	446.113	76.523	0.0	-1.0	0.2	1.584	41.945	-4.04	1.288	0.0	78.213	8.094	-1.0	0.4	1.383	35.745	-2.07	5.225	0.0	54.354	19.137	-2.036	0.2	1.701	334.976	-1.54	10.35	0.0	52.305	11.726	-1.0	0.0	1.76	110.528
-1.0	-6.9	23.396	0.0	23.932	-14.264	0.0	0.98	79.336	-6.92	-6.275	20.737	87.185	30.761	0.0	0.0	1.819	96.676	-4.93	-4.4	0.0	69.236	21.825	-1.0	0.0	1.45	42.138	-1.97	7.1	0.0	52.214	0.0	-8.419	0.0	1.751	70.715	-4.46	1.725	0.0	82.223	0.0	-1.0	32.4	1.039	73.04	-5.48	-0.15	0.0	86.3	0.0	0.0	0.0	1.659	52.891	-3.98	3.225	442.923	75.438	0.0	-1.0	0.2	0.0	37.198	-4.06	1.288	0.0	78.347	8.094	-1.0	0.4	1.257	35.648	-2.02	5.412	0.0	53.847	18.846	-1.932	0.2	1.349	342.435	-2.12	10.475	0.0	52.221	11.654	-1.0	0.0	1.643	111.691
-1.0	-7.275	23.927	0.0	24.44	-13.633	0.0	0.0	79.627	-6.84	-5.838	20.737	87.226	30.252	0.0	0.0	2.12	99.582	-4.96	-4.15	0.0	71.635	21.825	-1.0	0.0	1.332	67.906	-1.88	6.912	0.0	51.995	0.0	-8.398	0.0	1.718	56.475	-4.43	1.538	0.0	76.027	0.0	-1.0	32.4	0.0	73.137	-5.61	-0.15	0.0	86.038	0.0	0.0	0.0	1.366	43.01	-4.04	3.475	439.201	75.639	0.0	-1.0	0.2	0.0	37.489	-4.02	1.35	0.0	78.149	7.585	-1.0	0.4	1.031	35.745	-2.04	5.412	0.0	55.494	18.483	-2.205	0.2	1.307	3.197	-1.41	10.787	0.0	51.102	11.944	-1.0	0.0	1.735	105.201
-1.0	-6.9	22.864	0.0	24.15	-13.691	0.0	1.19	84.567	-6.84	-5.9	21.269	87.267	31.633	0.0	0.0	2.43	97.451	-4.72	-3.837	0.0	64.488	22.043	-1.0	0.0	1.232	83.695	-2.14	7.537	0.0	52.102	0.0	-8.501	0.0	1.24	54.925	-4.4	1.475	0.0	75.537	0.0	-1.0	32.4	0.0	73.137	-5.58	-0.275	0.0	85.92	0.0	0.0	0.0	1.165	52.6	-3.84	3.038	437.074	75.111	0.0	-1.0	0.2	1.14	25.671	-3.91	1.475	0.0	77.64	8.167	-1.0	0.4	0.0	35.745	-2.19	5.787	0.0	53.85	19.282	-2.098	0.2	0.0	2.131	-1.96	10.475	0.0	52.533	11.654	-1.0	0.0	1.45	106.847
-1.0	-6.775	23.396	0.0	24.367	-13.711	0.0	1.584	83.017	-6.94	-6.213	21.269	87.18	30.833	0.0	0.0	2.062	99.582	-1.0	-3.087	0.0	0.0	21.68	-1.0	0.0	1.441	69.649	-1.94	6.662	0.0	53.458	0.0	-8.576	0.0	1.852	47.563	-4.11	1.788	0.0	75.742	0.0	-1.0	32.4	0.0	72.943	-5.56	-0.025	0.0	86.092	0.0	0.0	0.0	1.123	38.167	-4.1	2.913	431.757	74.314	0.0	-1.0	0.2	1.508	27.027	-3.78	1.413	0.0	77.669	7.803	-1.0	0.4	0.0	35.551	-2.2	4.975	0.0	55.498	18.991	-1.711	0.2	1.601	4.747	-2.22	9.912	0.0	53.474	11.872	-1.0	0.0	1.668	96.87
-1.0	-6.963	23.396	0.0	24.004	-13.681	0.0	1.978	81.952	-7.06	-6.15	21.269	87.128	31.197	-6.956	0.0	2.573	101.035	-4.48	-2.525	0.0	71.856	21.607	-1.0	0.0	1.492	60.35	-1.54	6.412	0.0	53.918	0.0	-8.326	0.0	1.71	52.116	-4.22	1.788	0.0	80.813	0.0	-1.0	32.4	0.0	72.943	-5.5	-0.087	0.0	86.045	0.0	0.0	0.0	1.19	39.329	-4.44	1.475	428.035	71.741	0.0	-1.0	0.2	2.154	20.052	-3.76	1.475	0.0	77.743	8.094	-1.0	0.4	0.0	35.745	-2.3	4.225	0.0	55.906	18.846	-1.516	0.2	2.028	0.097	-1.9	9.475	0.0	54.408	11.508	-1.0	0.0	1.668	97.451
-1.0	-6.963	22.864	0.0	24.367	-13.892	0.0	2.07	83.211	-7.06	-5.838	21.8	87.128	30.761	-6.904	0.0	2.866	97.742	-4.14	-2.525	0.0	0.0	22.043	-1.0	0.0	1.894	72.362	-2.28	5.537	0.0	54.806	0.0	-8.239	0.0	2.388	53.375	-4.49	1.225	0.0	80.525	0.0	-1.0	32.4	1.332	59.187	-5.4	0.475	0.0	86.154	0.0	0.0	0.0	1.383	40.201	-4.24	1.85	425.376	72.834	0.0	-1.0	0.2	2.363	28.286	-4.3	0.85	0.0	77.599	8.094	-1.0	0.4	1.768	35.551	-2.48	3.975	0.0	55.624	18.628	-1.429	0.2	1.953	12.109	-2.44	8.725	0.0	53.126	12.09	-1.0	0.0	1.626	91.929
-1.0	-7.275	23.396	0.0	24.367	-13.702	0.0	1.718	79.627	-6.96	-5.963	20.737	87.154	30.688	0.0	0.0	2.833	98.323	-1.0	-2.712	0.0	0.0	21.825	-1.0	0.0	2.363	46.788	-2.38	5.225	0.0	55.809	0.0	-8.181	0.0	2.38	49.113	-4.68	0.85	0.0	77.306	0.0	-1.0	32.4	2.036	55.313	-5.66	-0.4	0.0	85.459	0.0	0.0	0.0	2.413	41.751	-4.38	2.1	424.845	72.902	0.0	-1.0	0.2	2.07	30.417	-4.46	0.537	0.0	78.003	8.021	-1.0	0.4	1.86	34.776	-2.86	4.162	0.0	57.636	19.064	-1.428	0.2	1.953	356.578	-1.82	7.787	0.0	55.216	11.726	-1.0	0.0	1.751	94.061
-1.0	-6.713	31.372	0.0	24.367	-13.79	0.0	1.768	65.871	-6.9	-6.15	20.737	87.19	30.906	0.0	0.0	2.782	94.835	-1.0	-2.837	0.0	0.0	21.97	-1.0	0.0	2.413	52.697	-2.51	5.6	0.0	55.704	0.0	-8.245	0.0	1.969	57.25	-4.8	0.912	0.0	78.913	0.0	-1.0	32.4	2.112	58.509	-5.97	-0.338	0.0	85.044	0.0	0.0	0.0	2.305	50.566	-4.14	2.35	417.401	71.21	0.0	-1.0	0.2	1.299	29.352	-4.39	1.038	0.0	78.135	8.312	-1.0	0.4	1.559	35.648	-3.01	4.162	0.0	56.497	18.338	-1.228	0.2	1.567	343.985	-2.46	7.537	0.0	57.282	11.436	-1.0	0.0	2.212	100.454
-1.0	-6.9	22.332	0.0	24.367	-13.902	0.0	1.609	71.49	-7.07	-6.213	22.332	87.105	30.833	0.0	0.0	2.606	89.895	0.0	-2.4	0.0	1.907	21.68	-1.0	0.0	2.036	53.763	-2.74	5.85	0.0	56.428	0.0	-8.231	0.0	1.508	53.956	-4.5	1.225	0.0	77.183	0.0	-1.0	32.4	1.525	60.447	-6.08	-0.463	0.0	85.647	0.0	0.0	0.0	1.819	47.951	-4.2	2.413	412.615	72.158	0.0	-1.0	0.2	1.291	29.545	-4.19	0.912	0.0	77.67	7.658	-1.0	0.4	0.0	35.551	-2.6	4.037	0.0	58.316	18.338	-1.319	0.2	1.751	331.876	-2.6	6.912	0.0	55.803	12.162	-1.0	0.0	1.802	94.739
-1.0	-7.463	22.864	0.0	24.44	-13.673	0.0	1.735	74.493	-7.1	-6.338	20.205	87.077	31.124	0.0	0.0	2.598	95.998	-1.0	-2.025	0.0	0.0	21.897	-1.0	0.0	1.341	58.994	-2.57	6.1	0.0	56.538	0.0	-8.3	0.0	1.24	50.566	-5.0	1.225	0.0	80.136	0.0	-1.0	32.4	1.265	59.962	-5.98	-0.338	0.0	85.923	0.0	0.0	0.0	0.0	49.501	-3.74	3.163	408.361	67.336	0.0	-1.0	0.2	0.0	29.933	-4.28	1.1	0.0	76.858	8.167	-1.0	0.4	0.0	35.551	-2.38	4.787	0.0	56.512	18.483	-1.544	0.2	0.989	331.876	-2.58	8.35	0.0	56.312	11.654	-1.0	0.0	1.458	101.035
-1.0	-7.4	27.118	0.0	24.077	-13.822	0.0	1.374	78.077	-7.12	-6.713	20.737	87.072	30.906	0.0	0.0	2.296	90.379	-1.0	-1.9	0.0	0.0	21.752	-1.0	0.0	0.964	58.8	-2.62	6.225	0.0	55.038	0.0	-8.338	0.0	0.0	50.179	-4.88	-0.588	0.0	79.032	0.0	-1.0	32.4	0.0	59.478	-5.96	-0.525	0.0	85.299	0.0	0.0	0.0	1.24	35.745	-3.58	3.225	407.298	67.212	0.0	-1.0	0.2	0.0	28.867	-4.12	1.288	0.0	77.5	8.167	-1.0	0.4	0.0	35.648	-2.21	4.85	0.0	54.304	18.628	-1.464	0.2	0.0	331.973	-2.76	8.85	0.0	57.736	11.654	-1.0	0.0	1.156	98.71
-1.0	-7.338	24.991	0.0	24.44	-13.418	0.0	1.408	78.174	-7.06	-6.525	20.205	87.087	30.688	0.0	0.0	2.154	97.451	-1.0	-1.712	0.0	0.0	21.607	-1.0	0.0	1.341	50.857	-2.51	5.975	0.0	55.394	0.0	-8.245	0.0	0.0	50.566	-5.06	-1.775	0.0	77.891	0.0	-1.0	32.4	1.073	60.253	-5.95	-0.338	0.0	86.138	0.0	0.0	0.0	0.0	34.776	-3.36	3.163	401.449	64.419	0.0	-1.0	0.2	0.0	29.158	-3.72	1.288	0.0	75.993	7.658	-1.0	0.4	0.0	35.551	-1.25	4.912	0.0	51.649	18.773	-1.587	0.2	0.0	331.973	-2.58	9.475	0.0	57.514	11.654	-1.0	0.0	1.115	87.667
-1.0	-7.4	22.864	0.0	23.859	-13.682	0.0	1.232	75.752	-7.02	-6.338	24.991	87.138	30.761	0.0	0.0	2.036	96.579	-1.0	-1.775	0.0	0.0	21.752	-1.0	0.0	0.989	51.535	-2.36	6.35	0.0	54.025	0.0	-8.251	0.0	0.0	50.76	-5.29	-2.275	0.0	80.539	0.0	-1.0	32.4	0.972	59.769	-5.8	-0.025	0.0	86.135	0.0	0.0	0.0	0.0	34.679	-2.78	2.975	399.322	59.826	0.0	-1.0	0.2	0.0	29.545	-3.35	1.475	0.0	74.569	7.949	-1.0	0.4	0.0	36.326	-1.25	4.912	0.0	52.202	19.209	-1.553	0.2	0.0	331.101	-3.08	9.1	0.0	57.1	11.581	-1.0	0.0	0.98	90.186
-1.0	-7.65	21.8	0.0	24.222	-13.575	0.0	0.0	75.268	-7.02	-6.65	20.205	87.118	30.615	-6.833	0.0	1.643	86.698	-3.87	-1.587	0.0	64.956	22.043	-1.0	0.0	0.0	53.375	-2.0	6.287	0.0	54.905	0.0	-8.32	0.0	0.0	50.663	-4.68	-2.337	0.0	71.274	0.0	-1.0	32.4	1.098	59.575	-5.34	0.163	0.0	83.234	0.0	0.0	0.0	0.0	34.001	-3.36	2.413	390.815	66.014	0.0	-1.0	0.2	0.0	29.836	-3.36	1.413	0.0	74.831	8.094	-1.0	0.6	0.0	35.551	-1.61	4.475	0.0	52.353	19.573	-1.637	0.2	0.0	331.198	-2.88	9.287	0.0	57.188	11.654	-1.0	0.0	0.93	90.186
-1.0	-7.963	22.332	0.0	24.15	-13.734	0.0	0.0	75.462	-7.02	-6.525	19.142	87.138	30.761	0.0	0.0	1.5	83.502	-3.76	-1.525	0.0	69.591	21.97	-1.0	0.0	0.0	56.475	-2.06	5.475	0.0	54.07	0.0	-8.166	0.0	0.0	50.275	-5.12	-2.337	0.0	78.2	0.0	-1.0	32.4	1.022	59.381	-5.35	0.163	0.0	86.0	0.0	0.0	0.0	0.0	34.486	-3.84	2.1	394.537	68.21	0.0	-1.0	0.2	0.0	29.739	-3.37	1.288	0.0	74.733	8.239	-1.0	0.6	0.0	35.551	-1.84	3.6	0.0	53.357	18.991	-1.265	0.2	0.0	331.585	-2.26	9.475	0.0	56.615	11.291	-1.0	0.0	0.0	85.633
-1.0	-7.963	21.8	0.0	24.222	-13.527	0.0	0.0	75.171	-6.98	-6.65	19.142	87.149	30.688	0.0	0.0	1.316	87.377	-1.0	-1.9	0.0	0.0	21.68	-1.0	0.0	1.148	55.216	-2.66	5.6	0.0	56.188	0.0	-8.229	0.0	1.014	44.366	-4.72	-2.337	0.0	75.017	0.0	-1.0	32.4	1.198	59.865	-5.52	-0.15	0.0	84.734	0.0	0.0	0.0	0.0	34.486	-4.14	2.038	388.156	68.508	0.0	-1.0	0.2	0.922	29.448	-3.69	1.038	0.0	72.14	7.513	-1.0	0.6	0.0	35.745	-2.25	3.1	0.0	54.155	19.137	-7.71	0.2	1.366	340.885	-2.28	8.1	0.0	56.303	11.726	-1.0	0.0	1.148	77.883
-1.0	-7.963	21.8	0.0	24.44	-13.805	0.0	0.0	74.687	-6.96	-6.4	19.674	87.154	30.906	0.0	0.0	1.735	96.676	-1.0	-1.712	0.0	0.0	21.607	-1.0	0.0	1.567	51.341	-2.12	4.662	0.0	55.0	0.0	-8.249	0.0	1.24	46.982	-5.0	-2.212	0.0	76.325	0.0	-1.0	32.4	1.307	59.769	-5.64	-0.588	0.0	84.171	0.0	0.0	0.0	1.056	32.161	-4.16	1.975	383.37	67.435	0.0	-1.0	0.2	0.0	30.805	-4.09	0.85	0.0	76.549	7.876	-1.0	0.6	1.098	35.164	-2.84	3.413	0.0	55.089	18.846	-7.749	0.2	1.433	347.859	-2.42	8.475	0.0	56.112	11.436	-1.0	0.0	1.148	89.023
-1.0	-7.4	22.332	0.0	24.15	-13.613	0.0	0.997	79.433	-6.84	-6.213	20.737	87.226	30.688	0.0	0.0	2.338	111.885	-1.0	-2.212	0.0	0.0	21.607	-1.0	0.0	1.492	55.022	-2.46	4.6	0.0	55.203	0.0	-8.131	0.0	1.358	48.338	-4.88	-2.212	0.0	76.117	0.0	-1.0	32.4	1.374	59.672	-5.76	-0.463	0.0	84.461	0.0	0.0	0.0	1.131	32.839	-4.08	2.1	379.117	67.706	0.0	-1.0	0.2	0.0	31.192	-4.25	0.975	0.0	77.425	8.094	-1.0	0.6	0.0	35.745	-3.04	3.413	0.0	55.848	19.209	-7.844	0.2	1.006	345.922	-2.44	7.662	0.0	55.065	11.654	-1.0	0.0	1.349	99.582
-1.0	-7.275	22.332	0.0	24.44	-13.985	0.0	1.341	80.305	-6.84	-6.4	20.737	87.226	30.615	-7.034	0.0	2.372	93.964	-1.0	-1.962	0.0	0.0	21.534	-1.0	0.0	1.483	50.857	-2.51	4.787	0.0	55.337	0.0	-8.159	0.0	0.913	48.144	-5.1	-2.4	0.0	75.362	0.0	-1.0	32.4	1.374	59.769	-5.86	-0.338	0.0	84.521	0.0	0.0	0.0	1.056	33.711	-3.92	2.225	372.204	67.506	0.0	-1.0	0.2	0.0	30.708	-4.28	0.912	0.0	75.492	8.239	-1.0	0.6	0.0	35.842	-2.92	3.475	0.0	55.669	19.064	-7.747	0.2	0.0	345.922	-2.69	7.6	0.0	56.855	11.508	-1.0	0.0	1.291	82.339
-1.0	-7.838	22.864	0.0	24.295	-13.754	0.0	1.031	75.655	-6.95	-6.588	19.674	87.157	30.979	0.0	0.0	1.844	87.473	0.0	-1.712	0.0	0.0	21.97	-1.0	0.0	1.131	51.147	-2.24	5.225	0.0	54.556	0.0	-8.452	0.0	0.0	48.144	-5.24	-2.775	0.0	74.953	0.0	-1.0	32.4	1.165	59.575	-5.82	-0.713	0.0	83.827	0.0	0.0	0.0	0.0	33.904	-3.78	2.1	375.395	65.806	0.0	-1.0	0.2	0.0	30.708	-4.01	0.912	0.0	77.175	7.803	-1.0	0.6	0.0	36.132	-2.49	3.788	0.0	54.12	19.064	-7.742	0.2	0.0	345.922	-2.76	8.412	0.0	56.032	11.872	-1.0	0.0	0.98	88.151
-1.0	-8.025	22.332	0.0	24.004	-14.605	0.0	0.0	75.655	-6.93	-6.525	19.142	87.162	30.906	0.0	0.0	1.575	83.986	-2.9	-1.587	0.0	66.021	21.897	-1.0	0.0	0.0	51.632	-2.06	4.912	0.0	54.924	0.0	-8.172	0.0	0.0	48.144	-5.04	-2.587	0.0	74.449	0.0	-1.0	32.4	0.0	59.769	-5.7	-0.275	0.0	84.561	0.0	0.0	0.0	0.0	33.711	-3.66	2.1	366.887	65.438	0.0	-1.0	0.2	0.0	30.611	-3.82	1.1	0.0	73.383	7.803	-1.0	0.6	0.0	35.551	-2.02	3.788	0.0	53.331	19.137	-7.742	0.2	0.0	345.922	-3.06	7.725	0.0	55.732	11.363	-1.0	0.0	0.0	84.858
