10.52	18.038	580.639	49.309	24.803	-13.997	34.8	0.0	71.587	8.82	16.413	568.941	50.732	33.739	-9.884	28.8	0.0	110.432	8.78	15.287	0.0	48.987	24.077	-11.308	0.0	0.0	130.193	10.1	23.788	0.0	48.142	31.124	-10.394	35.0	0.0	73.427	9.08	15.412	0.0	51.314	10.782	-10.592	0.0	0.0	133.099	9.88	13.6	0.0	48.051	0.0	0.0	0.2	0.0	70.812	11.02	12.725	556.18	45.885	10.128	-1.0	0.0	0.0	58.606	9.96	11.037	0.0	50.4	26.402	-15.045	31.6	0.0	104.135	7.24	3.725	0.0	55.782	22.333	-1.0	0.0	0.0	125.931	10.74	22.1	0.0	47.665	10.056	-1.0	37.2	0.913	164.388	10.71
10.4	18.538	590.741	48.892	25.021	-14.155	34.8	0.0	70.618	9.31	18.288	611.479	51.255	33.521	-10.103	28.8	0.0	110.722	9.18	16.85	0.0	47.124	24.004	-11.542	0.0	0.0	129.612	10.9	24.225	0.0	49.544	30.47	-10.777	35.0	0.0	73.04	9.44	16.225	0.0	50.786	11.0	-10.681	0.0	0.0	133.196	10.78	14.225	0.0	45.981	0.0	0.0	0.2	0.0	70.715	11.22	13.787	580.639	45.278	10.419	-1.0	0.0	0.0	58.703	10.58	11.787	0.0	46.333	26.474	-14.807	31.6	0.0	104.523	7.38	3.725	0.0	54.185	22.769	-1.0	0.0	0.0	125.834	10.91	24.225	0.0	50.099	10.637	-1.0	37.2	0.0	164.388	11.48
11.46	19.475	542.355	49.278	25.53	-14.274	34.8	0.0	62.965	9.14	18.038	581.702	49.403	33.449	-10.027	28.8	0.0	110.528	9.7	16.788	0.0	46.785	23.714	-11.608	0.0	0.0	129.999	11.22	23.538	0.0	47.07	31.633	-10.35	35.0	0.0	73.234	9.99	16.288	0.0	50.312	11.363	-10.64	0.0	0.0	133.099	11.68	14.662	0.0	46.783	0.0	0.0	0.2	0.0	71.974	10.25	13.287	547.672	50.561	10.782	-1.0	0.0	0.0	58.509	10.37	11.725	0.0	45.805	26.62	-14.858	31.6	0.0	104.329	7.44	3.975	0.0	55.138	22.261	-1.0	0.0	0.0	125.834	10.58	22.475	0.0	44.885	10.128	-1.0	37.2	0.0	154.507	11.72
10.82	18.038	523.745	48.359	25.385	-14.091	34.8	0.0	61.512	9.52	17.288	570.536	47.261	33.521	-9.856	28.8	0.0	111.013	9.39	15.475	0.0	47.213	23.786	-11.284	0.0	0.0	167.488	11.7	23.6	0.0	47.475	31.269	-10.385	35.0	0.0	72.749	10.22	16.038	0.0	48.93	11.073	-10.561	0.0	0.0	133.002	11.24	14.537	0.0	44.711	0.0	0.0	0.2	0.0	71.006	9.83	13.412	547.14	49.831	9.692	-1.0	0.0	0.0	59.478	9.08	11.1	0.0	48.996	26.474	-15.197	31.6	0.0	141.624	7.62	4.35	0.0	53.568	22.842	-1.0	0.0	0.0	125.737	10.63	23.6	0.0	51.132	9.91	-1.0	37.2	0.0	134.746	11.4
11.48	18.663	528.53	47.26	24.513	-14.231	34.8	0.0	62.287	9.9	16.85	560.965	48.796	33.521	-9.916	28.8	0.0	110.722	8.56	14.162	0.0	49.203	23.786	-11.083	0.0	1.684	163.322	10.8	24.163	0.0	47.018	31.051	-10.521	35.0	0.0	171.072	10.1	15.975	0.0	49.745	11.291	-10.541	0.0	0.0	133.002	10.06	13.85	0.0	48.6	0.0	0.0	0.2	0.0	195.096	10.16	13.537	541.291	47.839	10.419	-1.0	0.0	0.0	58.8	8.63	10.975	0.0	51.222	26.474	-15.899	31.6	0.0	147.92	7.6	4.225	0.0	54.69	22.188	-1.0	0.0	0.0	125.834	11.24	23.163	0.0	45.912	10.056	-1.0	37.2	0.0	135.133	10.66
11.42	18.725	559.37	49.612	25.021	-14.443	34.8	0.0	186.184	8.88	16.163	577.98	49.674	33.449	-9.838	28.8	1.006	273.851	9.08	14.975	0.0	48.041	24.658	-11.236	0.0	1.249	187.54	10.86	24.35	0.0	47.618	30.761	-10.567	35.0	0.905	156.251	9.43	16.163	0.0	50.45	11.291	-10.553	0.0	0.0	133.777	9.18	13.1	0.0	50.294	0.0	0.0	0.2	1.341	163.807	10.37	14.162	565.219	47.711	9.838	-1.0	0.0	0.0	58.606	8.28	11.225	0.0	52.228	26.402	-15.582	31.6	0.0	189.38	7.72	4.35	0.0	54.028	22.842	-1.0	0.0	0.0	125.834	11.48	24.225	0.0	46.884	9.838	-1.0	37.2	0.0	134.94	10.85
10.72	18.788	587.019	51.57	25.312	-14.212	34.8	0.0	222.316	9.11	16.225	594.463	51.136	33.376	-9.795	28.8	0.0	269.686	9.16	15.975	0.0	48.483	25.021	-11.836	0.0	1.165	184.343	11.27	24.288	0.0	47.202	30.833	-10.544	35.0	0.0	155.185	9.4	16.288	0.0	51.449	10.782	-10.582	0.0	0.0	177.756	9.46	13.537	0.0	51.518	0.0	0.0	0.2	1.081	161.385	10.83	14.225	577.98	47.489	10.056	-1.0	0.0	0.0	58.994	8.48	11.037	0.0	52.226	26.547	-15.687	31.6	0.0	207.979	7.84	4.475	0.0	53.034	22.188	-1.0	0.0	0.0	126.221	11.8	23.913	0.0	44.905	10.128	-1.0	37.2	0.0	153.151	9.53
10.72	15.287	348.277	50.196	24.585	-13.55	34.8	0.0	228.806	8.68	14.037	425.908	53.064	33.449	-9.472	28.8	1.961	270.46	8.98	13.912	0.0	49.412	24.077	-11.079	0.0	1.751	195.871	11.04	21.538	0.0	49.562	30.688	-10.043	35.0	0.0	164.582	9.12	14.162	0.0	53.725	10.927	-10.626	0.0	0.947	179.306	9.76	13.225	0.0	52.888	0.0	0.0	0.2	0.0	186.281	9.64	12.35	383.902	49.469	10.201	-1.0	0.0	0.0	58.703	8.48	10.85	0.0	53.454	26.62	-15.645	31.6	0.0	187.443	8.01	4.787	0.0	53.654	22.842	-1.0	0.0	0.0	82.436	11.49	22.475	0.0	45.595	10.128	-1.0	37.2	1.307	192.868	9.78
10.21	17.35	607.756	52.981	25.312	-13.755	34.8	1.743	271.526	8.36	15.1	604.566	53.168	33.521	-9.507	28.8	1.634	305.14	9.14	14.725	0.0	50.441	24.004	-11.14	0.0	1.643	185.409	10.84	24.725	0.0	49.474	31.269	-10.612	35.0	0.0	133.874	9.56	15.6	0.0	50.651	11.291	-10.54	0.0	1.71	225.222	9.38	13.162	0.0	52.413	0.0	0.0	0.2	0.913	159.351	9.78	14.1	609.883	51.865	10.346	-1.0	0.0	0.0	58.509	8.61	11.537	0.0	53.592	26.474	-16.029	31.6	0.0	188.993	7.93	4.725	0.0	56.413	22.479	-1.0	0.0	0.0	43.688	10.57	21.6	0.0	50.482	9.91	-1.0	37.2	1.71	238.493	10.37
11.06	19.975	592.868	54.304	25.603	-14.487	34.8	0.0	194.418	8.64	15.662	642.85	51.132	33.521	-9.668	28.8	1.609	272.882	8.88	15.912	0.0	52.763	24.658	-11.202	0.0	1.659	199.261	10.28	24.85	0.0	51.449	31.269	-10.599	35.0	1.089	131.549	9.28	16.1	0.0	52.79	10.782	-10.66	0.0	1.45	210.595	9.34	14.162	0.0	52.467	0.0	0.0	0.2	1.098	165.357	9.79	14.662	611.479	53.192	9.91	-1.0	0.0	0.0	58.413	9.18	12.475	0.0	53.674	26.256	-16.328	31.6	0.0	188.993	8.03	5.162	0.0	55.343	22.188	-1.0	0.0	0.0	43.979	11.2	24.538	0.0	47.91	10.419	-1.0	37.2	1.19	195.096	9.92
10.82	17.788	517.364	51.462	24.658	-13.85	34.8	0.905	246.534	8.86	15.975	554.584	52.189	33.449	-9.696	28.8	1.081	265.326	8.82	15.85	0.0	50.824	24.658	-11.175	0.0	1.71	204.298	10.26	24.1	0.0	49.305	31.415	-10.45	35.0	1.081	58.025	9.36	15.725	0.0	53.041	11.218	-10.674	0.0	1.006	195.774	10.44	14.725	0.0	53.705	0.0	0.0	0.2	0.0	155.767	9.64	13.975	526.935	51.936	9.983	-1.0	0.0	0.0	58.316	9.32	12.475	0.0	54.231	26.474	-15.574	31.6	0.0	188.993	8.24	6.037	0.0	54.785	22.261	-1.0	0.0	0.0	43.591	11.51	24.475	0.0	49.809	10.201	-1.0	37.2	1.048	200.617	9.71
10.26	14.787	420.059	52.748	25.021	-13.402	34.8	2.078	191.221	8.92	15.1	449.835	53.696	33.594	-9.552	28.8	1.173	235.587	8.8	14.537	0.0	51.517	24.44	-10.957	0.0	1.441	207.592	10.43	22.288	0.0	46.908	30.761	-8.232	35.0	0.0	74.105	9.64	14.85	0.0	53.56	10.782	-10.503	0.0	0.0	212.242	9.83	13.912	0.0	49.525	0.0	0.0	0.2	0.0	59.865	9.56	13.1	434.947	50.833	10.419	-1.0	0.0	0.0	40.298	10.1	12.162	0.0	49.376	26.474	-15.432	31.6	0.0	188.993	8.48	8.725	0.0	55.557	22.261	-1.0	0.0	0.0	39.813	10.64	20.975	0.0	46.215	9.838	-1.0	37.2	1.508	195.386	9.8
9.91	15.162	381.244	49.474	25.675	-13.388	34.8	1.274	199.842	9.2	14.787	411.552	47.964	33.812	-9.481	28.8	0.0	163.129	8.8	13.725	0.0	51.306	24.004	-10.764	0.0	1.534	200.23	9.97	20.975	0.0	48.001	30.979	-7.715	35.0	0.0	56.378	9.54	14.6	0.0	51.256	10.927	-10.383	0.0	1.609	202.942	9.28	12.975	0.0	50.582	0.0	0.0	0.2	0.0	59.769	9.5	12.537	412.083	50.764	10.419	-1.0	0.0	0.0	40.395	10.4	11.787	0.0	47.777	26.62	-16.403	31.6	0.0	188.993	8.89	10.662	0.0	54.554	22.479	-1.0	0.0	0.0	32.742	10.16	19.85	0.0	48.459	10.346	-1.0	37.2	1.617	205.655	10.0
9.9	15.662	431.225	54.226	24.731	-13.315	34.8	0.0	188.993	8.79	14.1	430.694	53.886	33.521	-9.402	28.8	0.0	199.164	9.27	13.6	0.0	48.929	24.513	-10.76	0.0	0.0	174.753	9.92	21.163	0.0	47.933	31.342	-7.588	35.0	0.0	59.575	9.33	14.6	0.0	54.322	10.782	-10.326	0.0	0.0	180.468	9.62	12.725	0.0	51.964	0.0	0.0	0.2	0.0	59.672	10.04	12.787	405.171	49.553	9.91	-1.0	0.0	0.0	40.201	9.64	11.225	0.0	49.377	26.402	-14.752	31.6	0.0	188.993	9.43	11.287	0.0	49.962	22.624	-1.0	0.0	0.0	32.936	10.58	20.35	0.0	44.885	10.346	-1.0	37.2	1.215	191.996	9.99
10.17	14.225	322.754	54.861	25.53	-13.072	34.8	1.115	187.734	9.15	15.287	381.244	53.759	33.521	-9.579	28.8	0.0	200.52	9.56	14.037	0.0	46.55	24.585	-10.829	0.0	0.0	175.044	9.71	19.725	0.0	50.274	30.906	-7.27	35.0	0.0	59.478	8.94	13.975	0.0	55.42	10.782	-10.168	0.0	0.0	179.306	9.14	12.537	0.0	51.625	0.0	0.0	0.2	0.0	59.769	10.3	12.662	366.887	49.341	10.056	-1.0	0.0	0.0	40.104	10.04	11.412	0.0	48.783	26.547	-14.599	31.6	0.0	189.09	9.68	10.787	0.0	50.392	22.261	-1.0	0.0	0.0	32.645	10.92	20.225	0.0	49.916	10.056	-1.0	37.2	1.215	184.246	9.8
10.02	13.787	344.555	53.825	24.731	-12.864	34.8	1.265	193.062	8.64	13.662	362.102	52.879	33.376	-9.298	28.8	0.0	204.686	9.11	12.662	0.0	49.766	24.658	-10.614	0.0	0.0	201.005	9.74	18.413	0.0	52.312	30.688	-6.664	35.0	0.0	86.892	9.32	13.725	0.0	53.903	11.145	-10.105	0.0	1.073	211.757	9.74	11.912	0.0	51.98	0.0	0.0	0.2	0.0	61.028	9.93	11.787	334.984	51.825	10.419	-1.0	0.0	0.0	40.492	9.66	10.662	0.0	51.242	26.692	-14.319	31.6	0.0	164.194	9.84	10.412	0.0	48.88	22.624	-1.0	0.0	0.0	32.645	10.6	18.6	0.0	49.011	10.492	-1.0	37.2	0.0	195.774	10.34
9.79	13.787	331.794	53.642	25.167	-12.864	34.8	1.517	200.23	8.56	13.475	375.926	53.077	33.449	-9.264	28.8	0.964	194.708	9.0	12.162	0.0	49.812	24.15	-10.508	0.0	0.0	200.133	9.98	18.663	0.0	52.316	31.051	-6.052	35.0	0.0	137.943	9.59	13.725	0.0	52.231	11.291	-10.08	0.0	1.064	184.343	9.44	11.662	0.0	54.248	0.0	0.0	0.2	0.0	157.898	10.19	11.975	320.096	51.679	10.492	-1.0	0.0	0.0	40.298	9.31	10.6	0.0	51.709	26.474	-14.185	31.6	0.0	172.719	9.67	10.6	0.0	49.197	22.333	-1.0	0.0	0.0	32.936	10.06	18.35	0.0	48.57	9.91	-1.0	37.2	1.232	254.089	10.74
10.21	13.6	285.534	55.49	25.603	-12.748	34.8	0.0	194.418	8.54	12.85	308.93	53.373	33.667	-9.162	28.8	0.0	276.176	8.62	11.35	0.0	51.281	24.513	-10.416	0.0	1.701	210.692	10.12	17.6	0.0	52.456	30.688	-6.513	35.0	0.0	149.858	9.19	13.1	0.0	53.316	11.363	-10.005	0.0	1.81	206.623	9.22	11.1	0.0	55.402	0.0	0.0	0.2	0.0	170.297	10.22	11.6	294.573	50.74	9.692	-1.0	0.0	0.0	39.717	9.14	10.225	0.0	51.806	26.474	-13.992	31.6	0.0	149.761	9.96	10.162	0.0	51.01	22.551	-1.0	0.0	0.0	32.645	10.19	17.35	0.0	49.726	10.346	-1.0	37.2	1.131	197.808	10.37
10.42	14.1	303.612	53.041	24.513	-13.048	34.8	0.0	194.321	8.69	12.725	308.93	53.931	33.449	-9.128	28.8	0.0	278.888	8.28	11.225	0.0	53.336	23.714	-10.34	0.0	1.751	208.561	9.95	17.288	0.0	48.771	30.761	-6.267	35.0	1.592	202.555	9.23	12.975	0.0	51.698	11.436	-10.038	0.0	1.14	219.507	9.04	10.537	0.0	54.636	0.0	0.0	0.2	1.307	168.069	10.25	11.662	298.827	49.458	9.91	-1.0	0.0	0.0	40.201	8.61	9.85	0.0	53.979	26.765	-14.036	31.6	0.0	198.583	9.54	10.225	0.0	51.226	22.697	-1.0	0.0	0.0	32.936	9.62	16.35	0.0	50.933	10.128	-1.0	37.2	1.475	202.555	10.78
9.93	13.1	307.334	57.624	25.603	-12.694	34.8	1.073	195.968	8.44	12.287	328.603	55.227	33.594	-8.962	28.8	1.048	267.264	8.51	11.6	0.0	52.08	23.859	-10.396	0.0	1.584	190.64	10.01	17.475	0.0	52.712	30.979	-6.603	35.0	1.332	197.518	9.38	13.225	0.0	56.281	10.927	-10.11	0.0	0.0	208.658	9.45	10.662	0.0	49.167	0.0	0.0	0.2	1.575	209.82	10.15	11.912	321.159	53.033	10.346	-1.0	0.0	0.0	39.813	8.1	9.475	0.0	56.146	26.547	-13.962	31.6	1.098	214.082	9.62	10.725	0.0	51.903	22.333	-1.0	0.0	0.0	33.226	10.26	17.475	0.0	50.44	10.419	-1.0	37.2	0.0	202.555	9.9
9.73	12.662	300.954	54.974	25.167	-12.693	34.8	1.039	226.966	8.23	11.725	304.144	55.99	33.449	-8.963	28.8	1.399	259.514	8.32	11.662	0.0	54.441	24.658	-10.391	0.0	1.475	213.21	9.93	17.6	0.0	53.332	31.415	-9.409	35.0	1.282	166.519	9.35	13.162	0.0	57.184	10.782	-10.11	0.0	0.947	185.893	9.27	10.912	0.0	53.776	0.0	0.0	0.2	0.0	177.756	10.38	11.35	296.168	52.13	9.692	-28.382	0.0	0.0	40.104	8.3	9.725	0.0	55.03	26.184	-14.378	31.6	1.081	196.743	9.28	10.287	0.0	54.106	22.987	-1.0	0.0	0.0	157.995	9.83	16.475	0.0	50.229	10.492	-1.0	37.2	0.997	203.33	9.28
10.24	14.225	341.896	54.126	25.603	-12.907	34.8	0.0	221.541	8.42	13.162	379.648	55.725	33.521	-9.257	28.8	0.0	244.596	8.42	12.35	0.0	52.848	23.859	-10.494	0.0	1.374	223.285	10.32	18.1	0.0	53.898	30.979	-9.515	35.0	2.129	179.693	9.32	13.6	0.0	55.919	11.363	-10.231	0.0	0.0	211.273	9.38	10.725	0.0	52.383	0.0	0.0	0.2	1.81	191.318	10.2	11.912	320.096	53.251	10.492	-1.0	0.0	0.0	140.461	8.26	9.725	0.0	57.192	26.547	-14.569	31.6	1.056	213.404	9.36	10.85	0.0	52.801	22.479	-1.0	0.0	0.0	154.507	9.8	17.35	0.0	51.625	10.492	-1.0	37.2	1.048	201.683	9.29
10.26	14.412	347.213	52.748	24.585	-14.511	34.8	0.0	281.891	8.5	12.85	357.316	53.248	33.667	-9.233	28.8	1.056	232.778	8.66	12.85	0.0	52.792	24.513	-10.584	0.0	0.989	198.389	10.26	18.663	0.0	48.781	31.415	-9.653	35.0	1.098	175.819	9.44	13.975	0.0	52.572	11.218	-10.317	0.0	0.0	211.273	9.48	11.35	0.0	52.638	0.0	0.0	0.2	1.24	190.93	10.14	11.537	337.642	51.247	9.692	-27.926	0.0	1.374	180.856	8.58	10.037	0.0	54.894	26.547	-15.037	31.6	1.123	213.21	9.51	10.85	0.0	52.912	22.115	-1.0	0.0	0.0	130.871	10.32	18.288	0.0	47.362	10.201	-1.0	37.2	0.0	185.118	9.58
11.05	16.288	406.766	54.96	25.53	-13.193	34.8	0.0	205.655	9.02	14.725	464.192	53.561	32.867	-9.472	28.8	1.249	246.437	8.58	13.787	0.0	52.511	24.295	-10.659	0.0	0.0	218.829	10.34	19.913	0.0	52.336	30.761	-9.814	35.0	1.081	157.123	9.44	14.225	0.0	53.831	11.218	-10.269	0.0	1.022	171.556	9.48	11.787	0.0	52.035	0.0	0.0	0.2	0.0	170.394	10.29	13.162	428.035	48.197	9.765	-29.28	0.0	0.964	180.372	8.77	10.975	0.0	55.04	26.62	-15.31	31.6	0.0	195.58	9.77	12.162	0.0	50.953	22.406	-1.0	0.0	0.0	154.895	10.48	19.538	0.0	51.992	9.91	-1.0	37.2	1.073	213.792	9.82
10.49	14.975	411.02	51.265	24.585	-12.932	34.8	0.939	271.139	8.55	13.037	395.6	51.12	33.158	-9.275	28.8	1.693	259.611	8.6	13.1	0.0	52.002	24.15	-10.594	0.0	0.0	225.319	9.97	19.538	0.0	47.691	31.56	-7.344	35.0	1.659	202.167	9.57	14.1	0.0	51.896	11.073	-10.232	0.0	1.525	223.672	9.62	11.85	0.0	50.506	0.0	0.0	0.2	1.374	197.13	10.14	12.85	416.869	53.152	9.91	-1.0	0.0	1.014	174.85	8.76	10.725	0.0	54.565	26.474	-14.978	31.6	0.922	219.216	9.8	12.162	0.0	53.074	22.406	-1.0	0.0	0.0	123.122	10.22	18.475	0.0	52.742	10.201	-1.0	37.2	0.0	249.44	9.74
10.06	15.037	464.192	51.752	25.53	-13.024	34.8	1.349	210.207	8.7	13.475	458.875	50.169	33.667	-9.317	28.8	1.894	236.265	8.64	14.537	0.0	47.18	23.932	-10.806	0.0	2.011	244.015	10.34	20.663	0.0	46.052	30.543	-7.7	35.0	1.383	176.497	9.42	13.912	0.0	50.021	11.218	-10.195	0.0	1.508	199.649	9.82	12.162	0.0	47.485	0.0	0.0	0.2	1.257	195.193	10.51	13.287	457.28	51.693	9.765	-29.229	0.0	1.651	179.887	8.96	10.787	0.0	51.721	26.474	-14.469	31.6	1.768	195.58	10.05	12.662	0.0	49.983	22.406	-1.0	0.0	0.0	120.797	10.26	18.725	0.0	47.012	10.201	-1.0	37.2	1.182	232.584	10.1
10.04	14.975	510.983	54.544	25.893	-12.893	34.8	0.0	215.342	8.26	13.225	492.905	53.124	33.957	-9.326	28.8	0.0	238.3	8.79	15.037	0.0	52.96	24.004	-10.916	0.0	0.0	259.805	10.09	20.225	0.0	49.774	30.979	-9.853	35.0	0.0	185.118	9.59	14.912	0.0	55.013	11.726	-10.311	0.0	1.668	216.117	10.0	12.35	0.0	50.436	0.0	0.0	0.2	1.961	209.529	10.8	13.475	496.095	47.766	10.346	-29.313	0.0	0.972	177.272	9.15	11.537	0.0	52.109	26.474	-14.625	31.6	1.358	230.744	10.1	13.912	0.0	50.143	22.624	-1.0	0.0	0.0	163.419	10.24	19.1	0.0	50.039	10.128	-1.0	37.2	1.198	296.712	10.34
10.29	16.663	527.467	52.903	25.82	-13.189	34.8	1.693	211.079	8.44	14.725	554.584	53.209	33.521	-9.569	28.8	1.978	246.727	8.66	15.975	0.0	50.194	24.44	-11.072	0.0	2.103	232.391	10.61	22.663	0.0	48.858	31.124	-8.366	35.0	1.785	176.497	9.55	15.537	0.0	51.288	11.0	-10.426	0.0	1.869	195.774	9.98	13.35	0.0	49.79	0.0	0.0	0.2	0.0	198.486	10.58	14.1	541.291	47.084	9.692	-29.378	0.0	0.0	184.343	9.35	11.912	0.0	50.805	26.402	-14.334	31.6	0.0	237.428	10.32	14.475	0.0	48.603	22.261	-1.0	0.0	0.0	179.887	9.98	20.788	0.0	48.991	10.274	-1.0	37.2	1.626	210.207	10.32
10.1	15.225	448.24	57.27	25.167	-12.903	34.8	0.0	218.054	8.25	13.975	448.772	57.945	33.521	-9.394	28.8	1.793	250.602	8.72	15.037	0.0	50.84	24.44	-10.931	0.0	2.011	222.219	10.37	21.6	0.0	48.114	30.833	-7.938	35.0	2.07	184.537	9.7	14.912	0.0	55.148	11.073	-10.258	0.0	1.307	236.653	10.13	13.225	0.0	49.319	0.0	0.0	0.2	1.643	193.546	10.6	13.85	462.065	49.566	10.419	-29.374	0.0	1.131	173.397	9.09	11.912	0.0	52.613	26.474	-14.334	31.6	1.022	211.757	10.47	14.037	0.0	47.132	22.697	-1.0	0.0	0.0	148.308	10.57	20.975	0.0	46.832	10.637	-1.0	37.2	1.165	204.395	10.69
10.16	15.412	456.748	55.69	25.021	-13.018	34.8	0.0	208.658	8.07	13.412	470.573	56.054	33.449	-9.264	28.8	0.0	242.078	8.5	14.475	0.0	55.03	24.513	-10.825	0.0	0.0	233.553	10.32	19.913	0.0	50.02	30.833	-7.195	35.0	0.0	201.586	9.64	14.475	0.0	52.419	11.0	-10.192	0.0	2.045	200.811	10.09	12.975	0.0	51.635	0.0	0.0	0.2	1.802	206.042	10.61	13.287	431.757	47.399	10.346	-1.0	0.0	1.425	176.884	9.33	11.85	0.0	52.526	26.329	-14.144	31.6	1.45	226.869	10.56	13.975	0.0	46.8	22.697	-1.0	0.0	0.0	124.284	10.29	18.85	0.0	54.789	10.419	-1.0	37.2	1.483	242.078	10.35
