9.77	6.162	9.039	78.978	26.547	-8.466	25.6	0.0	128.546	7.36	6.412	10.103	80.831	34.756	-14.37	10.8	0.0	79.143	7.61	6.35	0.0	80.261	26.62	-2.4	30.6	0.0	126.899	7.36	7.35	0.0	87.174	32.577	-8.111	25.6	0.0	215.923	6.85	7.1	0.0	84.846	20.88	-9.027	2.2	0.0	218.732	6.93	6.225	0.0	80.686	0.0	0.0	24.2	0.0	167.875	7.45	6.662	9.039	87.129	15.432	-17.996	46.0	0.0	189.865	7.4	6.537	0.0	79.342	26.983	-1.0	17.8	0.0	201.392	7.42	6.412	0.0	81.515	25.893	-26.137	24.4	0.0	143.464	6.9	7.287	0.0	88.374	27.855	-21.847	35.0	0.0	305.624	7.66
-1.0	6.162	10.103	88.668	26.692	-8.451	25.6	0.0	129.612	7.52	6.475	8.508	80.434	34.902	-14.383	10.8	0.0	78.852	7.2	6.162	0.0	83.213	26.983	-2.299	30.6	0.0	127.093	7.44	7.412	0.0	87.171	32.577	-2.99	25.6	1.173	217.57	6.98	6.912	0.0	84.37	20.88	-9.142	2.2	0.0	219.216	6.8	6.037	0.0	82.955	0.0	0.0	24.2	0.0	184.731	7.53	6.725	9.571	87.441	16.085	-16.907	46.0	0.0	190.059	7.46	6.475	0.0	79.306	26.91	-1.0	17.8	0.0	201.199	7.74	6.725	0.0	78.609	26.038	-26.351	24.4	0.0	143.658	7.01	7.037	0.0	87.624	27.927	-22.556	35.0	0.0	304.849	7.77
-1.0	6.287	12.761	76.752	26.62	-8.457	25.6	0.0	129.515	7.48	6.475	9.571	80.69	34.393	-14.585	10.8	0.0	78.852	7.23	6.287	0.0	82.844	26.474	-2.027	30.6	0.0	118.375	7.54	7.412	0.0	86.064	32.577	-2.919	25.6	1.006	217.666	6.89	6.787	0.0	85.679	20.808	-9.112	2.4	0.0	219.216	7.01	6.225	0.0	81.469	0.0	0.0	24.2	0.0	184.731	7.52	6.6	12.761	87.573	15.432	-16.791	46.0	1.073	190.155	7.22	6.662	0.0	81.278	26.838	-1.0	17.8	0.0	201.683	7.75	6.85	0.0	80.22	26.256	-25.788	24.4	0.0	143.464	7.2	7.225	0.0	85.891	27.855	-22.841	35.2	0.0	305.624	7.72
-1.0	6.35	15.952	0.0	26.765	-8.51	25.6	0.0	167.682	7.46	6.537	17.015	81.333	34.321	-14.461	10.8	0.0	79.724	7.5	6.225	0.0	81.605	27.056	-2.216	30.6	1.064	120.797	7.46	7.537	0.0	86.363	32.432	-2.784	25.6	0.0	213.404	6.7	6.475	0.0	86.539	20.444	-9.081	2.4	0.0	219.216	6.87	5.975	0.0	81.841	0.0	0.0	24.2	0.0	184.44	7.84	6.787	15.42	85.313	15.65	-17.28	46.2	0.0	190.155	7.21	6.475	0.0	81.491	26.692	-1.0	17.8	0.0	201.683	7.42	6.662	0.0	82.085	26.547	-25.721	24.4	0.0	156.638	7.14	7.287	0.0	87.321	27.855	-23.2	35.2	0.0	305.624	7.8
13.7	6.475	15.952	83.165	26.765	-8.462	25.6	1.374	167.682	7.87	6.662	17.015	79.47	34.248	-14.486	10.8	1.198	78.852	7.22	6.35	0.0	84.196	26.692	-2.154	30.8	0.0	172.234	7.29	7.6	0.0	88.826	32.286	-2.986	25.8	1.676	219.991	6.94	6.787	0.0	85.326	20.808	-9.032	2.4	0.0	219.604	6.9	6.037	0.0	82.908	0.0	0.0	24.2	0.0	213.792	7.54	6.787	20.737	88.313	15.795	-17.463	46.2	1.399	195.58	7.21	6.662	0.0	82.061	26.838	-1.0	17.8	0.0	201.586	7.96	6.787	0.0	78.239	25.893	-25.869	24.4	1.366	171.072	7.07	7.287	0.0	87.125	28.073	-23.087	35.2	0.0	243.24	7.88
-1.0	6.475	15.952	0.0	26.765	-8.462	25.6	0.0	159.738	8.56	6.787	15.42	77.276	34.466	-14.927	10.8	1.944	79.143	7.21	6.162	0.0	83.682	26.547	-1.666	30.8	0.0	141.721	7.66	7.537	0.0	85.957	32.722	-2.856	25.8	1.081	221.154	6.92	7.287	0.0	85.504	20.517	-9.136	2.4	0.0	219.216	7.02	5.975	0.0	82.772	0.0	0.0	24.2	1.123	214.179	7.74	7.037	19.142	87.65	16.013	-17.068	46.2	1.064	197.13	7.24	6.537	0.0	82.423	27.056	-1.0	17.8	0.0	201.683	7.76	6.85	0.0	80.488	26.765	-25.788	24.4	0.0	171.169	7.21	7.35	0.0	87.204	27.927	-22.655	35.2	0.0	245.081	7.95
-1.0	6.6	14.888	0.0	26.474	-8.46	25.6	0.0	144.82	7.95	6.912	14.888	80.338	34.393	-14.81	10.8	0.0	79.24	7.44	6.225	0.0	83.456	27.419	-1.828	30.8	0.0	131.065	7.53	7.6	0.0	88.776	32.286	-2.986	25.8	0.0	221.154	7.16	6.912	0.0	85.333	20.953	-9.054	2.4	0.0	219.023	6.92	6.225	0.0	82.913	0.0	0.0	24.2	0.0	213.695	7.72	6.787	13.293	87.285	16.013	-16.834	46.2	0.0	197.13	7.27	6.725	0.0	82.43	26.838	-1.0	18.0	0.0	201.78	7.71	6.85	0.0	81.126	26.692	-25.788	24.4	0.0	171.169	7.34	7.287	0.0	85.72	27.927	-23.2	35.4	0.0	352.897	8.04
-1.0	6.412	21.269	0.0	26.692	-8.383	25.8	0.0	265.811	7.89	7.037	17.015	79.961	34.684	-14.977	10.8	0.0	79.336	7.12	6.287	0.0	86.144	26.765	-2.027	30.8	0.0	177.853	7.21	7.6	0.0	90.204	32.722	-2.986	25.8	0.0	221.154	6.98	6.787	0.0	85.473	20.372	-9.06	2.6	0.0	219.216	6.76	6.162	0.0	83.948	0.0	0.0	24.4	0.0	213.792	7.95	7.1	19.142	84.206	16.158	-18.396	46.4	0.0	135.327	7.2	6.85	0.0	82.978	27.346	-1.0	18.0	0.0	201.392	7.81	6.85	0.0	79.041	26.62	-25.891	24.6	0.0	118.859	7.32	7.225	0.0	87.724	27.855	-22.728	35.4	0.0	352.8	8.08
-1.0	6.35	14.888	95.0	26.402	-8.352	25.8	0.0	266.101	7.89	6.975	16.483	79.499	34.466	-15.256	11.0	0.0	79.046	7.1	6.1	0.0	84.998	26.62	-1.609	30.8	0.0	177.756	7.22	7.6	0.0	88.786	32.795	-2.95	25.8	0.0	221.154	6.94	6.6	0.0	85.509	20.517	-9.067	2.6	0.0	219.119	6.8	5.975	0.0	83.864	0.0	0.0	24.4	0.0	214.47	8.16	6.85	15.952	83.484	16.085	-16.848	46.4	0.0	330.81	7.21	6.787	0.0	82.887	27.346	-1.0	18.0	0.0	201.683	7.92	6.787	0.0	79.383	26.91	-25.971	24.6	0.0	137.943	7.31	7.412	0.0	89.664	28.218	-23.014	35.4	0.0	352.897	7.74
-1.0	6.475	19.674	90.767	26.474	-8.406	25.8	0.0	265.908	7.86	7.037	18.078	80.848	34.974	-15.344	11.0	0.0	79.53	7.11	6.287	0.0	85.413	27.346	-1.85	30.8	0.0	143.658	7.27	7.725	0.0	89.61	32.795	-8.152	25.8	0.0	221.347	6.87	6.912	0.0	87.21	20.372	-9.061	2.6	0.0	218.829	6.88	5.85	0.0	82.997	0.0	0.0	24.4	0.0	213.792	7.54	6.725	20.205	89.021	15.359	-17.356	46.4	0.0	225.803	7.36	6.662	0.0	81.549	27.273	-1.0	18.0	0.0	201.683	7.7	6.787	0.0	81.076	25.966	-26.473	24.6	0.0	154.895	7.3	7.412	0.0	88.718	27.855	-22.788	35.4	0.0	353.575	7.7
-1.0	6.725	22.864	89.498	26.402	-8.49	25.8	0.0	266.101	7.72	6.912	23.927	81.488	34.466	-15.024	11.0	0.0	79.336	7.21	6.225	0.0	84.909	26.91	-1.793	30.8	0.0	143.658	7.42	7.6	0.0	88.615	32.65	-2.842	25.8	1.207	221.444	6.88	6.912	0.0	87.659	20.953	-9.04	2.6	0.0	219.119	6.68	5.975	0.0	84.621	0.0	0.0	24.4	0.0	213.985	7.5	6.725	24.459	88.945	15.722	-18.012	46.4	1.291	190.93	7.2	6.725	0.0	83.049	26.62	-1.0	18.0	0.0	201.586	7.76	6.85	0.0	80.777	27.056	-26.197	24.6	1.215	161.869	7.28	7.35	0.0	87.356	28.073	-22.881	35.4	0.0	352.897	7.55
-1.0	6.537	24.459	0.0	26.692	-8.381	25.8	0.0	265.811	7.57	6.6	24.459	83.064	34.902	-15.403	11.0	0.0	78.561	6.94	6.287	0.0	86.53	26.692	-1.743	30.8	0.0	144.045	7.59	7.85	0.0	88.281	32.795	-8.175	25.8	0.0	221.735	6.74	6.787	0.0	88.001	20.517	-9.097	2.6	0.0	219.41	7.01	6.475	0.0	83.425	0.0	0.0	24.4	0.0	214.567	7.56	6.662	24.459	89.51	15.94	-17.901	46.4	0.939	190.543	7.37	6.787	0.0	81.67	27.709	-1.0	18.0	0.0	201.78	7.75	6.975	0.0	80.703	25.82	-26.343	24.6	0.0	161.482	7.33	7.537	0.0	87.949	27.855	-22.941	35.4	0.0	352.897	8.1
-1.0	6.6	30.308	0.0	26.62	-8.673	25.8	0.0	266.392	7.66	6.787	27.118	82.236	34.248	-15.367	11.0	0.0	79.24	7.05	6.225	0.0	85.581	26.62	-1.58	30.8	0.0	144.82	7.45	7.725	0.0	89.174	32.359	-8.198	25.8	0.0	222.316	6.66	6.787	0.0	87.515	20.444	-8.996	2.6	0.0	219.216	6.78	6.162	0.0	83.952	0.0	0.0	24.4	0.0	175.722	7.58	6.975	26.586	88.744	15.432	-17.324	46.4	0.0	190.543	7.21	6.662	0.0	82.981	26.91	-1.0	18.0	0.0	201.78	7.8	7.037	0.0	80.401	26.91	-26.466	24.6	0.0	160.223	7.48	7.662	0.0	89.379	27.927	-22.527	35.4	0.0	353.187	8.08
-1.0	6.725	28.181	85.084	26.474	-8.458	25.8	0.0	266.101	7.51	6.912	24.459	83.543	34.321	-15.622	11.0	0.0	79.336	7.42	6.537	0.0	83.498	26.692	-1.97	30.8	1.198	133.487	7.2	7.787	0.0	91.535	32.214	-8.296	25.8	0.0	221.541	6.78	6.662	0.0	87.254	20.299	-9.017	2.6	0.0	219.216	6.94	6.35	0.0	83.315	0.0	0.0	24.4	0.0	176.206	7.69	6.975	27.118	87.906	16.085	-16.789	46.4	0.0	190.833	7.42	6.6	0.0	81.943	27.273	-26.305	18.0	0.0	201.586	7.78	6.85	0.0	81.477	25.82	-26.297	24.6	0.0	160.32	7.19	7.537	0.0	89.524	27.855	-22.487	35.4	0.0	329.164	8.07
-1.0	6.85	28.181	87.151	26.692	-8.48	25.8	0.0	265.714	7.59	6.912	28.713	82.881	34.611	-16.019	11.0	0.0	79.24	7.48	6.35	0.0	83.418	27.419	-1.942	30.8	1.19	125.156	7.53	7.912	0.0	87.866	32.432	-8.246	25.8	1.165	221.541	6.98	6.912	0.0	86.833	20.444	-9.127	2.6	0.0	219.216	6.94	6.35	0.0	83.595	0.0	0.0	24.4	0.0	175.722	7.7	6.85	29.776	88.775	16.085	-16.251	46.4	0.0	191.221	7.47	6.725	0.0	82.144	27.419	-26.547	18.0	0.0	201.586	7.84	7.037	0.0	80.94	27.056	-1.0	24.6	0.0	159.932	7.21	7.35	0.0	88.186	27.855	-22.768	35.4	0.0	245.468	7.97
-1.0	6.787	30.308	88.417	26.547	-8.457	25.8	0.0	266.101	7.54	6.85	29.776	83.128	34.829	-16.005	11.0	0.0	79.433	7.37	6.6	0.0	84.532	26.547	-2.312	30.8	0.0	125.059	7.82	8.037	0.0	85.904	32.577	-8.297	25.8	0.0	221.541	7.39	7.037	0.0	84.906	20.662	-9.034	2.6	0.0	219.216	7.16	6.537	0.0	82.404	0.0	0.0	24.4	0.0	199.842	7.81	7.037	32.435	87.958	15.722	-17.339	46.4	0.0	190.93	7.6	6.787	0.0	81.269	26.62	-1.0	18.0	0.0	201.683	7.96	7.1	0.0	79.806	26.547	-26.49	24.6	0.0	160.223	7.34	7.412	0.0	88.838	28.0	-22.335	35.4	0.0	245.565	8.08
-1.0	7.162	30.84	0.0	26.765	-8.516	25.8	0.0	265.908	7.57	6.975	30.308	82.451	34.611	-16.114	11.0	0.0	79.724	7.21	6.475	0.0	86.889	27.491	-2.056	30.8	0.0	97.838	7.9	7.975	0.0	85.924	32.722	-8.308	25.8	0.0	221.541	7.52	7.35	0.0	84.568	20.662	-9.029	2.6	0.0	219.216	7.16	6.037	0.0	83.203	0.0	0.0	24.4	0.0	200.036	7.98	7.1	31.903	86.831	16.303	-18.298	46.4	0.0	190.93	7.48	6.85	0.0	82.242	27.201	-1.0	18.0	0.0	201.683	7.9	7.1	0.0	80.689	26.111	-26.687	24.6	0.0	159.835	7.6	7.6	0.0	87.435	28.0	-23.075	35.4	0.0	249.44	8.43
-1.0	7.1	36.689	85.692	26.765	-8.484	25.8	0.0	266.004	7.53	6.975	37.22	83.711	34.538	-16.279	11.0	0.0	78.755	7.08	6.6	0.0	86.248	27.346	-1.956	30.8	0.0	106.46	7.78	8.225	0.0	89.06	32.432	-8.318	25.8	0.0	221.541	7.21	7.1	0.0	85.345	20.372	-9.091	2.6	0.0	219.216	7.02	6.475	0.0	83.684	0.0	0.0	24.4	0.0	199.842	7.87	7.162	36.157	88.507	16.231	-18.51	46.4	0.0	190.833	7.62	6.975	0.0	81.226	27.491	-1.0	18.0	0.0	201.392	7.94	7.287	0.0	80.577	26.111	-26.856	24.6	0.0	160.126	7.6	7.725	0.0	88.351	27.709	-22.774	35.4	0.0	249.343	8.44
-1.0	7.037	43.069	78.899	26.402	-8.477	25.8	0.0	127.093	7.7	7.162	41.474	81.22	34.393	-15.992	11.0	1.073	79.336	7.22	6.6	0.0	85.713	26.692	-1.848	30.8	0.922	129.127	7.6	8.1	0.0	90.218	32.432	-8.438	25.8	0.0	221.444	6.99	7.162	0.0	86.112	20.154	-9.02	2.6	0.0	219.216	7.08	6.35	0.0	83.184	0.0	0.0	24.4	0.0	200.617	7.98	7.287	44.664	86.717	15.432	-18.151	46.4	0.0	191.124	7.66	7.1	0.0	80.659	26.765	-1.0	18.0	0.0	201.683	7.78	7.162	0.0	82.547	26.111	-1.0	24.6	0.0	160.32	7.2	7.85	0.0	89.81	27.927	-22.7	35.4	0.0	249.633	8.26
-1.0	7.287	47.855	80.84	26.256	-8.456	25.8	0.0	126.996	7.94	6.912	48.387	81.13	34.321	-16.602	11.0	2.053	78.949	7.74	6.975	0.0	82.68	27.346	-2.011	30.8	0.972	124.284	7.63	8.287	0.0	88.469	32.577	-8.307	25.8	1.022	221.832	7.1	7.225	0.0	85.433	20.299	-9.014	2.6	0.0	219.216	7.1	6.35	0.0	83.353	0.0	0.0	24.4	0.0	200.133	7.84	7.225	46.26	90.019	16.013	-18.135	46.4	0.0	190.93	7.82	7.162	0.0	80.26	27.201	-1.0	18.0	0.0	201.683	7.66	7.225	0.0	83.484	25.893	-26.436	24.6	0.0	160.126	7.21	7.912	0.0	89.987	27.855	-23.29	35.4	0.0	226.094	8.1
-1.0	7.35	48.387	81.795	26.547	-8.488	25.8	0.0	127.19	8.15	7.1	50.513	80.14	34.974	-16.905	11.0	1.433	79.24	7.54	6.85	0.0	84.457	26.692	-2.148	30.8	0.0	124.671	7.7	8.537	0.0	88.176	32.504	-8.371	25.8	0.0	221.541	7.21	6.725	0.0	85.391	20.227	-8.926	2.6	0.0	218.829	7.2	6.537	0.0	83.096	0.0	0.0	24.4	0.0	200.036	7.57	7.35	46.26	89.971	15.504	-18.07	46.4	0.0	32.936	7.64	7.1	0.0	81.922	27.491	-1.0	18.0	0.0	201.683	7.16	7.287	0.0	85.927	26.329	-26.256	24.6	0.0	353.672	7.24	8.037	0.0	89.121	28.073	-23.102	35.4	0.0	226.094	8.34
-1.0	7.6	48.918	80.885	26.765	-8.558	25.8	0.0	126.996	8.03	7.35	50.513	82.059	34.321	-16.115	11.0	0.0	79.24	7.58	6.85	0.0	84.374	27.491	-8.066	30.8	0.0	124.671	7.2	8.1	0.0	92.404	32.577	-8.455	25.8	0.0	13.949	7.39	7.037	0.0	85.205	20.517	-8.977	2.6	0.0	219.507	7.16	6.662	0.0	83.717	0.0	0.0	24.4	0.0	40.879	6.7	7.162	54.236	94.799	15.94	-17.739	46.4	1.366	28.286	6.82	7.1	0.0	87.108	27.346	-1.0	18.0	0.0	37.779	6.68	7.037	0.0	87.587	26.91	-26.266	24.6	0.0	0.097	7.32	8.1	0.0	89.841	27.855	-23.58	35.4	0.0	225.997	7.26
-1.0	7.6	41.474	80.243	26.62	-8.558	25.8	0.0	127.384	8.01	7.35	44.133	82.126	34.829	-16.034	11.0	0.0	79.24	6.18	6.6	0.0	91.308	27.056	-2.063	30.8	1.517	72.459	6.74	8.037	0.0	94.871	32.577	-8.315	25.8	0.0	33.517	6.94	7.162	0.0	87.204	20.517	-9.188	2.6	0.0	74.687	6.15	6.35	0.0	88.602	0.0	0.0	24.4	1.643	35.551	6.58	7.1	38.816	95.937	15.94	-17.818	46.4	0.0	28.189	6.31	6.975	0.0	89.538	26.765	-26.738	18.0	0.0	34.873	6.45	7.162	0.0	88.371	26.838	-26.413	24.6	0.0	0.097	7.44	8.35	0.0	90.523	27.709	-23.549	35.4	0.0	226.191	6.9
-1.0	7.287	46.26	0.0	26.62	-8.554	25.8	0.913	66.743	7.8	7.35	50.513	83.634	34.829	-16.034	11.0	0.0	80.305	6.38	6.662	0.0	90.978	26.474	-2.013	30.8	1.659	111.4	6.46	8.1	0.0	95.803	32.504	-8.358	25.8	1.073	55.506	6.48	7.1	0.0	89.712	20.009	-8.999	2.6	0.0	83.114	5.98	6.162	0.0	89.627	0.0	0.0	24.4	0.0	45.626	6.53	7.287	46.26	96.383	16.231	-17.037	46.4	0.0	28.286	6.17	6.975	0.0	90.43	26.838	-26.738	18.0	0.0	91.833	6.4	7.037	0.0	88.995	26.402	-25.856	24.6	0.0	9.106	6.72	8.037	0.0	93.343	27.927	-23.102	35.4	0.0	70.812	6.78
-1.0	7.1	42.006	0.0	26.765	-8.476	25.8	0.0	40.976	6.82	7.162	41.474	87.108	34.393	-15.833	11.0	1.232	79.24	6.08	6.6	0.0	92.043	26.547	-2.524	30.8	1.232	33.808	6.46	8.225	0.0	95.844	32.722	-8.318	25.8	0.0	60.35	6.38	6.662	0.0	91.467	20.009	-8.905	2.6	0.0	76.43	5.9	6.412	0.0	90.016	0.0	0.0	24.4	0.0	45.722	6.52	7.225	37.22	96.539	15.94	-19.13	46.4	0.0	27.608	6.2	7.037	0.0	90.331	27.273	-1.0	18.0	0.0	70.231	6.34	7.1	0.0	89.241	25.893	-26.085	24.6	0.0	9.203	6.31	7.787	0.0	96.519	29.162	-22.68	35.4	0.0	51.535	7.02
-1.0	7.1	29.245	0.0	26.692	-8.427	25.8	0.0	41.073	6.6	7.1	34.03	89.417	34.829	-15.432	11.0	0.0	79.724	5.86	6.6	0.0	92.841	27.273	-2.205	30.8	1.257	29.642	6.32	7.975	0.0	96.004	32.504	-8.226	25.8	0.0	60.544	6.3	6.975	0.0	92.206	19.936	-9.012	2.6	0.0	76.043	6.0	6.225	0.0	90.193	0.0	0.0	24.4	0.0	45.916	6.34	7.162	26.586	96.785	15.65	-16.92	46.4	0.0	27.898	6.24	6.912	0.0	90.406	27.273	-1.0	18.0	0.0	70.037	6.22	7.1	0.0	89.732	26.838	-25.982	24.6	0.0	9.493	6.28	7.6	0.0	97.103	27.782	-23.529	35.4	0.0	325.386	6.96
-1.0	6.787	21.8	0.0	26.547	-8.489	25.8	0.905	146.177	6.59	7.037	23.927	89.784	34.466	-15.965	11.0	0.0	78.949	5.9	6.412	0.0	93.287	27.273	-2.14	30.8	0.0	29.545	6.3	7.725	0.0	96.318	32.577	-8.189	25.8	0.0	57.831	6.2	6.975	0.0	92.285	20.081	-9.098	2.6	0.0	74.977	5.8	6.287	0.0	90.57	0.0	0.0	24.4	0.0	45.819	6.29	6.975	18.61	96.988	15.94	-16.789	46.4	0.0	28.48	6.0	7.037	0.0	91.346	26.91	-1.0	18.0	0.0	65.775	6.18	6.787	0.0	89.938	25.748	-25.766	24.6	0.0	9.009	6.6	7.85	0.0	96.8	27.855	-23.27	35.4	0.0	338.463	6.65
-1.0	6.787	22.864	0.0	26.62	-8.505	25.8	0.0	151.601	6.68	6.912	20.205	88.495	34.611	-15.622	11.0	0.0	79.143	5.78	6.412	0.0	93.584	26.765	-2.282	30.8	0.0	29.545	6.24	7.787	0.0	96.993	32.359	-8.242	26.0	0.0	99.679	6.22	6.975	0.0	92.458	20.081	-8.956	2.6	0.0	74.977	5.78	6.287	0.0	90.842	0.0	0.0	24.4	0.0	45.626	6.32	6.912	18.61	97.193	15.432	-16.432	46.4	0.0	27.898	5.96	6.787	0.0	91.8	27.564	-1.0	18.0	0.0	66.162	6.0	6.787	0.0	90.365	26.038	-26.274	24.6	0.0	9.3	6.4	7.6	0.0	96.763	27.637	-22.961	35.4	0.0	202.361	6.8
-1.0	6.725	24.459	0.0	26.692	-8.49	26.0	0.0	151.601	6.8	6.85	21.8	87.438	34.466	-15.305	11.0	0.0	79.24	5.8	6.6	0.0	93.445	27.346	-1.884	31.0	0.0	29.448	6.2	7.6	0.0	96.962	32.795	-8.203	26.0	0.972	162.257	6.19	6.787	0.0	92.324	20.227	-8.954	2.8	0.0	75.558	5.73	6.1	0.0	91.062	0.0	0.0	24.4	0.0	45.432	6.33	6.85	22.332	97.392	15.068	-16.418	46.4	0.0	27.995	5.9	6.85	0.0	91.953	27.346	-26.691	18.2	0.0	141.042	6.05	6.912	0.0	90.72	26.838	-26.119	24.8	0.0	171.363	6.29	7.537	0.0	96.533	27.927	-23.395	35.6	0.0	202.845	6.62
-1.0	6.787	27.649	0.0	26.474	-8.56	26.0	0.0	152.086	6.66	6.6	27.118	88.842	34.756	-15.328	11.2	0.0	79.24	5.8	6.537	0.0	93.589	26.62	-1.899	31.0	0.0	29.836	6.38	7.787	0.0	96.737	32.577	-8.233	26.0	1.064	200.811	6.25	7.037	0.0	92.214	20.227	-9.091	2.8	0.0	75.462	5.84	6.225	0.0	91.219	0.0	0.0	24.6	0.0	45.722	6.42	7.162	25.523	97.418	15.359	-16.155	46.4	0.964	28.092	5.9	6.975	0.0	92.037	26.91	-1.0	18.2	0.0	185.312	6.06	6.912	0.0	90.83	25.893	-26.32	24.8	0.0	185.99	6.35	7.6	0.0	96.332	27.927	-23.868	35.6	0.0	202.942	6.68
