-1.0	-11.275	1.063	0.0	24.15	-11.504	0.0	1.525	51.244	-8.52	-11.463	0.0	76.702	32.286	-6.715	0.0	1.986	87.473	-1.0	-7.088	0.0	0.0	23.205	-1.0	0.0	1.274	65.29	-7.82	-9.338	0.0	80.498	0.0	-6.808	0.0	0.0	75.074	-8.33	-6.525	0.0	81.901	1.338	-1.0	43.8	0.947	59.962	-8.8	-5.838	0.0	78.044	0.0	0.0	0.0	0.0	133.971	-7.86	-7.15	0.0	80.201	5.261	-1.0	0.2	0.0	61.609	-7.94	-4.963	0.0	78.173	27.201	-16.467	0.4	0.0	74.396	-8.11	-7.338	0.0	75.107	20.372	0.0	0.2	0.0	54.538	-8.28	-9.4	0.0	80.477	11.726	-21.345	0.0	0.0	80.402
-1.0	-12.025	0.532	0.0	24.295	-11.159	0.0	1.207	51.438	-8.62	-11.338	0.0	77.702	32.068	-6.724	0.0	1.777	83.695	-1.0	-6.963	0.0	0.0	23.496	-1.0	0.0	0.0	65.193	-7.84	-9.025	0.0	80.361	0.0	-7.184	0.0	0.0	75.268	-8.38	-6.4	0.0	82.061	1.338	-1.0	43.8	0.0	60.059	-8.76	-5.65	0.0	77.422	0.0	0.0	0.0	0.0	134.262	-7.88	-6.963	0.0	81.185	5.115	-1.0	0.2	0.0	31.095	-7.9	-5.088	0.0	78.183	27.346	-19.308	0.4	0.0	74.493	-8.3	-7.4	0.0	75.6	20.372	0.0	0.2	0.0	19.083	-8.34	-9.65	0.0	80.922	11.944	-21.204	0.0	0.0	80.789
-1.0	-12.275	0.0	0.0	24.803	-11.178	0.0	0.98	55.216	-8.6	-11.275	0.0	76.73	32.286	-6.694	0.0	2.095	83.308	-1.0	-7.15	0.0	0.0	23.278	-1.0	0.0	1.198	55.119	-7.98	-8.9	0.0	80.767	0.0	-6.797	0.0	1.048	49.597	-8.24	-6.338	0.0	83.441	1.483	-1.0	43.8	0.0	60.641	-8.76	-5.9	0.0	77.648	0.0	0.0	0.0	0.0	134.552	-8.0	-6.838	1.595	81.112	5.842	-1.0	0.2	0.922	26.833	-7.94	-4.838	0.0	78.601	27.346	-17.571	0.4	0.0	74.977	-8.5	-7.463	0.0	77.094	20.88	0.0	0.2	0.0	19.955	-8.24	-9.588	0.0	81.033	11.944	-21.3	0.0	0.0	80.983
-1.0	-12.15	1.595	0.0	24.658	-12.471	0.0	1.19	57.056	-8.7	-11.213	0.0	77.026	32.214	-6.74	0.0	2.112	76.043	-1.0	-7.025	0.0	0.0	23.496	-1.0	0.0	1.265	44.851	-8.17	-8.775	0.0	81.311	0.0	-6.836	0.0	1.006	49.501	-8.26	-6.4	0.0	82.434	1.192	-1.0	43.8	0.964	60.253	-8.96	-5.775	0.0	78.367	0.0	0.0	0.0	0.0	133.971	-8.08	-7.088	1.595	81.398	5.261	-1.0	0.2	0.0	26.833	-8.16	-4.775	0.0	79.799	26.983	-17.127	0.4	0.0	72.652	-8.54	-7.65	0.0	77.471	21.171	0.0	0.2	0.0	19.955	-8.32	-9.588	0.0	80.511	11.799	-21.618	0.0	0.0	80.111
-1.0	-11.338	0.0	0.0	24.295	-11.393	0.0	1.508	43.204	-8.66	-11.463	0.0	78.009	32.214	-6.701	0.0	1.735	67.228	-1.0	-7.275	0.0	0.0	24.077	-1.0	0.0	1.215	44.754	-8.2	-8.525	0.0	81.76	0.0	-6.847	0.0	0.0	49.501	-8.42	-6.4	0.0	82.972	0.829	-1.0	43.8	1.19	59.769	-9.1	-6.213	0.0	79.447	0.0	0.0	0.0	0.0	133.777	-8.21	-7.213	1.063	82.189	5.624	-1.0	0.2	0.0	26.542	-8.38	-5.025	0.0	79.858	27.564	-18.183	0.4	0.0	66.55	-8.63	-7.588	0.0	77.948	20.299	0.0	0.2	0.0	19.955	-8.46	-9.463	0.0	81.35	11.944	-21.33	0.0	0.0	84.955
-1.0	-11.4	0.532	0.0	24.222	-11.385	0.0	1.668	39.62	-8.88	-11.9	0.0	78.743	32.214	-6.657	0.0	1.76	65.29	-1.0	-7.213	0.0	82.247	23.205	-1.0	0.0	1.215	44.754	-8.16	-9.338	0.0	81.596	0.0	-6.836	0.0	0.0	49.501	-8.62	-6.588	0.0	82.901	0.611	-1.0	43.8	1.224	60.156	-9.16	-6.025	0.0	78.878	0.0	0.0	0.0	0.0	133.874	-8.28	-7.15	0.0	82.601	5.406	-1.0	0.2	0.0	26.639	-8.44	-5.213	0.0	80.876	27.491	-18.898	0.4	0.0	66.453	-8.58	-7.338	0.0	78.027	19.791	0.0	0.2	0.0	19.761	-8.65	-9.463	0.0	82.039	11.581	-21.491	0.0	0.0	92.898
-1.0	-1.0	0.532	0.0	24.513	-12.89	0.0	1.827	52.019	-9.04	-11.463	0.0	79.416	32.286	-6.681	0.0	1.978	75.365	-1.0	-7.088	0.0	0.0	23.278	-1.0	0.0	1.232	48.338	-8.2	-8.9	0.0	81.543	0.0	-6.841	0.0	0.0	49.016	-8.73	-6.525	0.0	83.404	1.265	-1.0	43.8	1.249	59.962	-9.22	-5.838	0.0	79.529	0.0	0.0	0.0	0.0	133.971	-8.3	-7.025	0.532	82.574	5.769	-1.0	0.2	0.0	26.639	-8.44	-4.963	0.0	80.636	27.056	-18.197	0.4	0.0	66.55	-8.55	-7.4	0.0	77.921	20.662	0.0	0.2	0.0	19.277	-8.62	-9.713	0.0	82.303	11.581	-21.27	0.0	0.0	87.473
-1.0	-1.0	0.532	0.0	24.222	-13.068	0.0	1.265	59.575	-9.06	-11.4	0.0	80.204	32.214	-6.672	0.0	2.355	86.795	-1.0	-7.213	0.0	0.0	23.496	-1.0	0.0	1.123	67.712	-8.28	-9.463	0.0	82.129	0.0	-6.763	0.0	0.0	49.694	-8.84	-6.65	0.0	84.008	1.556	-1.0	43.8	0.0	60.059	-9.28	-6.275	0.0	80.24	0.0	0.0	0.0	0.0	135.424	-8.36	-7.213	5.317	82.474	5.769	-1.0	0.2	0.0	26.639	-8.5	-5.15	0.0	81.123	27.419	-17.783	0.4	0.0	66.453	-8.62	-7.775	0.0	78.018	20.88	0.0	0.2	0.0	19.665	-8.75	-9.463	0.0	82.571	11.581	-21.411	0.0	0.0	87.183
-1.0	-1.0	0.0	0.0	24.367	-13.068	0.0	1.048	61.222	-9.18	-10.838	0.0	80.307	32.214	-6.719	0.0	2.179	89.508	-1.0	-7.15	0.0	0.0	23.278	-22.315	0.0	0.0	67.906	-8.14	-8.9	0.0	82.033	0.0	-6.739	0.0	0.0	49.501	-8.88	-6.9	0.0	84.102	0.466	-1.0	43.8	0.0	60.059	-9.33	-5.9	0.0	79.965	0.0	0.0	0.0	0.0	133.874	-8.4	-7.4	0.532	83.126	5.842	-1.0	0.2	0.0	26.833	-8.51	-4.963	0.0	81.251	27.201	-19.05	0.4	0.0	66.453	-8.59	-7.4	0.0	78.541	20.517	0.0	0.2	0.0	19.665	-8.88	-9.525	0.0	82.986	11.944	-21.395	0.0	0.0	87.377
-1.0	-1.0	0.0	0.0	24.585	-12.89	0.0	1.123	71.684	-9.29	-11.213	0.0	80.368	32.795	-6.657	0.0	2.338	89.605	-1.0	-7.213	0.0	0.0	23.423	-21.724	0.0	0.0	67.228	-8.19	-8.9	0.0	82.751	0.0	-6.812	0.0	0.0	49.597	-8.89	-6.525	0.0	84.663	1.338	-1.0	43.8	0.0	60.156	-9.32	-6.088	0.0	80.47	0.0	0.0	0.0	0.0	133.971	-8.36	-7.275	0.532	83.496	5.551	-1.0	0.2	0.0	26.833	-8.5	-4.9	0.0	82.376	27.346	-19.542	0.4	0.0	66.84	-8.54	-7.15	0.0	78.665	20.59	0.0	0.2	0.0	19.858	-8.86	-9.588	0.0	83.604	11.799	-20.972	0.0	0.0	87.28
-1.0	-1.0	0.0	0.0	24.222	-12.949	0.0	1.349	71.587	-9.28	-10.838	0.0	81.369	32.141	-6.642	0.0	2.397	92.995	-1.0	-7.338	0.0	0.0	22.987	-22.266	0.0	1.039	63.837	-8.2	-8.775	0.0	83.366	0.0	-6.836	0.0	0.989	49.597	-8.86	-6.65	0.0	85.865	1.047	-1.0	43.8	1.014	60.156	-9.25	-6.088	0.0	81.29	0.0	0.0	0.0	0.0	134.358	-8.32	-7.088	0.532	83.675	5.261	-1.0	0.2	0.0	26.349	-8.46	-5.088	0.0	82.407	27.273	-18.547	0.4	0.0	66.84	-8.52	-7.275	0.0	79.027	20.009	0.0	0.2	0.0	20.149	-8.88	-9.463	0.0	85.183	11.726	-20.494	0.0	0.0	88.055
-1.0	-1.0	0.0	0.0	24.658	-13.189	0.0	1.358	64.128	-9.17	-10.963	0.0	83.02	32.286	-6.689	0.0	2.673	85.052	-1.0	-7.4	0.0	0.0	23.35	-22.25	0.0	1.257	69.262	-8.29	-8.713	0.0	84.292	0.0	-6.833	0.0	0.0	49.597	-8.9	-6.463	0.0	86.324	1.41	-1.0	43.8	1.056	60.156	-9.22	-6.213	0.0	81.599	0.0	0.0	0.0	0.0	64.903	-8.36	-6.838	6.381	84.191	5.769	-1.0	0.2	0.0	26.833	-8.48	-4.838	0.0	82.423	27.564	-18.792	0.4	0.0	66.646	-8.52	-7.088	0.0	79.87	20.227	0.0	0.2	0.0	19.955	-8.82	-9.338	0.0	85.322	11.654	-21.115	0.0	0.0	89.411
-1.0	-1.0	0.532	0.0	24.367	-13.008	0.0	1.575	55.022	-9.2	-10.963	0.0	83.351	32.432	-6.682	0.0	2.439	82.243	-1.0	-7.213	0.0	0.0	23.786	-1.0	0.0	1.19	60.447	-8.19	-8.4	0.0	85.874	0.0	-6.878	0.0	0.0	49.791	-8.86	-6.463	0.0	87.102	0.684	-1.0	43.8	1.19	59.962	-9.22	-6.088	0.0	82.072	0.0	0.0	0.0	0.0	64.806	-8.42	-7.088	1.063	85.217	5.842	-1.0	0.2	0.0	26.349	-8.51	-4.838	0.0	85.298	27.564	-20.889	0.4	0.0	66.743	-8.62	-7.838	0.0	80.68	20.808	0.0	0.2	0.0	19.374	-8.82	-9.088	0.0	86.141	11.799	-21.422	0.0	0.0	87.764
-1.0	-1.0	1.595	0.0	24.222	-12.89	0.0	1.115	47.854	-9.24	-11.213	0.0	83.341	32.504	-6.636	0.0	1.575	67.712	-1.0	-7.15	0.0	0.0	23.423	-1.0	0.0	0.0	60.253	-8.14	-8.525	0.0	87.049	0.0	-6.847	0.0	0.0	49.597	-8.76	-6.525	0.0	88.502	0.974	-1.0	43.8	0.0	60.253	-9.24	-6.15	0.0	84.054	0.0	0.0	0.0	0.0	65.0	-8.36	-6.9	0.0	87.193	5.551	-1.0	0.2	0.0	26.542	-8.58	-5.088	0.0	85.403	27.855	-19.88	0.4	0.0	66.453	-8.68	-7.4	0.0	81.644	20.953	0.0	0.2	0.0	19.568	-8.87	-9.463	0.0	87.38	11.726	-21.491	0.0	0.0	87.473
-1.0	-1.0	0.532	0.0	24.295	-13.008	0.0	1.257	47.757	-9.3	-11.275	0.0	84.101	32.214	-6.632	0.0	1.609	74.687	-1.0	-7.275	0.0	0.0	23.278	-1.0	0.0	1.534	64.128	-8.2	-8.713	0.0	86.117	0.0	-6.848	0.0	0.0	49.694	-8.86	-6.525	0.0	88.731	1.41	-1.0	43.8	1.224	60.156	-9.24	-6.15	0.0	84.678	0.0	0.0	0.0	0.0	64.903	-8.37	-7.025	1.063	87.672	5.769	-1.0	0.2	0.0	26.833	-8.56	-5.025	0.0	85.614	27.564	-19.322	0.4	0.0	66.937	-8.76	-7.588	0.0	82.098	20.662	0.0	0.2	0.0	20.149	-8.88	-9.088	0.0	88.075	11.654	-21.422	0.0	0.0	90.476
-1.0	-1.0	0.532	0.0	24.513	-12.717	0.0	0.0	53.085	-9.44	-11.025	0.0	84.875	32.068	-6.635	0.0	1.911	86.602	-1.0	-7.213	0.0	0.0	22.842	-1.0	0.0	0.0	65.193	-8.28	-9.025	0.0	87.415	0.0	-6.831	0.0	0.0	49.791	-8.92	-6.4	0.0	88.794	0.974	-1.0	43.8	0.0	59.962	-9.28	-6.213	0.0	84.564	0.0	0.0	0.0	0.0	65.0	-8.36	-7.15	0.0	88.233	5.551	-1.0	0.2	0.0	26.542	-8.64	-5.088	0.0	86.432	27.128	-19.498	0.4	0.0	66.453	-8.8	-7.838	0.0	82.559	20.88	0.0	0.2	0.0	19.665	-8.92	-9.713	0.0	88.794	11.654	-21.43	0.0	0.0	89.411
-1.0	-1.0	0.532	0.0	24.658	-13.008	0.0	0.0	52.988	-9.42	-11.525	0.0	85.373	32.504	-6.586	0.0	1.366	86.311	-1.0	-7.275	0.0	0.0	23.205	-1.0	0.0	0.0	64.515	-8.36	-9.713	0.0	88.114	0.0	-7.154	0.0	0.0	49.888	-8.99	-6.65	0.0	88.775	0.538	-1.0	43.8	0.0	59.962	-9.34	-6.213	0.0	85.312	0.0	0.0	0.0	0.0	65.484	-8.42	-7.275	0.0	88.376	5.188	-1.0	0.2	0.0	26.639	-8.67	-5.025	0.0	86.708	27.201	-21.399	0.4	0.0	66.356	-8.76	-7.588	0.0	82.994	20.953	0.0	0.2	0.0	19.955	-9.04	-9.963	0.0	89.191	11.799	-21.209	0.0	0.0	89.314
-1.0	-1.0	0.0	0.0	24.15	-12.949	0.0	0.0	52.988	-9.33	-11.963	0.0	85.621	32.214	-6.555	0.0	1.232	86.989	-1.0	-7.275	0.0	0.0	23.568	-1.0	0.0	0.0	65.678	-8.4	-9.338	0.0	88.342	0.0	-6.815	0.0	0.0	49.694	-8.94	-6.525	0.0	89.607	0.611	-1.0	43.8	0.0	59.962	-9.36	-6.15	0.0	85.899	0.0	0.0	0.0	0.0	65.0	-8.5	-7.338	0.0	88.394	5.406	-1.0	0.2	0.0	26.639	-8.68	-5.213	0.0	87.028	27.637	-21.168	0.4	0.0	66.55	-8.74	-7.588	0.0	83.275	20.444	0.0	0.2	0.0	19.665	-9.02	-9.838	0.0	89.585	11.799	-21.399	0.0	0.0	89.411
-1.0	-1.0	0.0	0.0	24.731	-13.008	0.0	0.0	53.569	-9.44	-12.025	0.0	85.777	32.359	-6.537	0.0	1.341	86.989	-1.0	-7.4	0.0	0.0	23.06	-1.0	0.0	0.0	64.515	-8.44	-9.838	0.0	88.252	0.0	-6.757	0.0	0.0	49.404	-8.88	-6.588	0.0	90.048	1.047	-1.0	43.8	0.0	59.865	-9.32	-5.963	0.0	86.052	0.0	0.0	0.0	0.0	65.0	-8.44	-7.275	3.19	88.982	5.479	-1.0	0.2	0.0	26.542	-8.74	-5.338	0.0	87.214	27.346	-20.484	0.4	0.0	65.871	-8.68	-7.588	0.0	83.649	20.59	0.0	0.2	0.0	19.761	-8.96	-9.9	0.0	89.563	11.508	-21.305	0.0	0.0	89.798
-1.0	-1.0	0.532	0.0	24.658	-13.068	0.0	0.0	53.278	-9.4	-12.088	0.0	85.399	32.286	-6.525	0.0	0.0	87.086	-1.0	-7.275	0.0	0.0	23.496	-1.0	0.0	0.0	64.322	-8.54	-9.588	0.0	88.758	0.0	-6.803	0.0	0.0	49.501	-8.96	-6.713	0.0	89.988	0.321	-1.0	43.8	0.0	60.35	-9.37	-6.525	0.0	86.364	0.0	0.0	0.0	0.0	65.0	-8.48	-7.275	1.595	89.108	5.479	-1.0	0.2	0.0	26.736	-8.78	-5.15	0.0	87.263	27.564	-20.529	0.4	0.0	66.646	-8.72	-7.275	0.0	83.639	20.735	0.0	0.2	0.0	19.858	-9.05	-10.963	0.0	89.189	11.363	-1.0	0.0	0.0	89.314
-1.0	-1.0	0.0	0.0	24.513	-12.89	0.0	0.0	53.278	-9.36	-11.775	0.532	86.245	32.214	-6.554	0.0	1.022	86.02	-1.0	-7.463	0.0	0.0	23.06	-1.0	0.0	0.0	57.541	-8.46	-8.463	0.0	88.76	0.0	-6.881	0.0	0.98	49.501	-8.74	-6.4	0.0	90.318	0.321	-1.0	43.8	0.0	59.575	-9.32	-6.213	0.0	86.457	0.0	0.0	0.0	0.0	65.29	-8.48	-7.213	0.532	89.108	5.333	-1.0	0.2	0.0	26.542	-8.62	-5.213	0.0	87.566	27.273	-20.702	0.4	0.0	66.55	-8.75	-7.338	0.0	83.484	20.081	0.0	0.2	0.0	19.665	-8.8	-9.588	0.0	89.529	11.581	-21.38	0.0	0.0	63.256
-1.0	-1.0	0.0	0.0	24.513	-13.008	0.0	0.0	53.181	-9.34	-11.213	0.0	86.189	32.359	-6.615	0.0	1.785	87.958	-1.0	-7.463	0.0	0.0	23.205	-1.0	0.0	1.165	57.541	-8.52	-10.025	0.0	88.823	0.0	-6.764	0.0	0.0	49.404	-8.96	-6.713	0.0	89.756	0.756	-1.0	43.8	0.0	60.253	-9.34	-6.213	0.0	86.432	0.0	0.0	0.0	0.0	64.903	-8.52	-7.275	0.532	89.254	5.915	-1.0	0.2	0.0	26.542	-8.67	-5.15	0.0	87.312	27.201	-21.909	0.4	0.0	66.55	-8.72	-7.588	0.0	83.512	20.88	0.0	0.2	0.0	19.761	-8.92	-9.713	0.0	89.729	11.654	-20.942	0.0	0.0	62.965
-1.0	-14.838	0.532	0.0	24.513	-11.126	0.0	0.0	53.181	-9.28	-11.15	0.0	86.468	32.359	-6.598	0.0	1.592	102.295	-1.0	-7.275	0.0	0.0	23.423	-1.0	0.0	0.0	58.219	-8.44	-9.15	0.0	89.08	0.0	-6.836	0.0	0.0	49.694	-9.0	-6.65	0.0	89.977	0.466	-1.0	43.8	0.0	60.156	-9.39	-6.4	0.0	86.48	0.0	0.0	0.0	0.0	65.0	-8.6	-7.463	0.532	89.252	5.697	-1.0	0.2	0.0	26.93	-8.64	-5.213	0.0	87.441	27.419	-22.069	0.4	0.0	66.356	-8.8	-7.338	0.0	83.661	20.662	0.0	0.2	0.0	19.761	-8.96	-9.9	0.0	89.834	11.508	-21.305	0.0	0.0	63.062
-1.0	-1.0	0.532	0.0	24.222	-13.068	0.0	0.0	52.988	-9.28	-11.088	0.0	86.326	32.359	-6.573	0.0	1.634	93.382	-1.0	-7.088	0.0	0.0	23.496	-1.0	0.0	0.0	57.638	-8.4	-8.775	0.0	88.894	0.0	-6.85	0.0	0.0	49.985	-9.07	-6.588	0.0	89.842	0.321	-1.0	43.8	0.0	60.35	-9.36	-6.213	0.0	86.407	0.0	0.0	0.0	0.0	64.515	-8.54	-7.213	0.0	89.522	5.406	-1.0	0.2	0.0	26.542	-8.61	-5.213	0.0	87.026	27.419	-20.796	0.4	0.0	66.646	-8.8	-7.588	0.0	83.745	19.791	0.0	0.2	0.0	20.536	-9.02	-9.713	0.0	90.164	11.654	-21.27	0.0	0.0	65.097
-1.0	-1.0	5.317	0.0	24.367	-12.949	0.0	0.0	52.988	-9.36	-11.463	0.0	85.797	32.214	-6.583	0.0	1.575	93.964	-1.0	-7.338	0.0	0.0	22.915	-1.0	0.0	0.0	57.928	-8.46	-9.963	0.0	88.76	0.0	-6.783	0.0	0.0	49.501	-9.14	-6.838	0.0	89.765	0.829	-1.0	43.8	0.0	61.319	-9.35	-5.963	0.0	86.53	0.0	0.0	0.0	0.0	64.903	-8.64	-7.463	0.0	89.96	5.769	-1.0	0.2	0.0	26.736	-8.68	-4.963	0.0	86.948	27.128	-21.689	0.4	0.0	66.937	-8.71	-7.588	0.0	84.019	20.662	0.0	0.2	0.0	19.665	-9.02	-10.088	0.0	90.623	11.872	-1.0	0.0	0.0	64.903
-1.0	-1.0	0.532	0.0	24.658	-12.89	0.0	0.0	53.956	-9.25	-12.463	0.0	85.867	32.504	-6.506	0.0	0.0	93.576	-1.0	-7.588	0.0	0.0	22.697	-1.0	0.0	0.0	57.541	-8.61	-10.275	0.0	88.838	0.0	-6.718	0.0	0.0	49.694	-9.2	-6.525	0.0	90.421	0.611	-1.0	43.8	0.0	59.962	-9.36	-6.275	0.0	86.407	0.0	0.0	0.0	0.0	65.0	-8.74	-7.275	0.0	89.7	5.333	-1.0	0.2	0.0	26.736	-8.68	-5.15	0.0	87.35	27.273	-22.517	0.4	0.0	66.55	-8.86	-7.713	0.0	84.087	20.444	0.0	0.2	0.0	19.955	-9.06	-10.65	0.0	90.612	11.654	-21.282	0.0	0.0	65.387
-1.0	-1.0	0.0	0.0	24.585	-12.89	0.0	0.0	53.181	-9.22	-12.525	0.0	85.834	32.359	-6.725	0.0	0.0	93.673	-1.0	-7.588	0.0	0.0	23.423	-1.0	0.0	0.0	57.638	-8.71	-10.275	0.0	89.164	0.0	-6.718	0.0	0.0	49.404	-9.2	-6.65	0.0	91.048	0.321	-1.0	43.8	0.0	59.962	-9.46	-6.275	0.0	86.138	0.0	0.0	0.0	0.0	64.515	-8.69	-7.4	0.532	90.408	5.551	-1.0	0.2	0.0	26.639	-8.79	-5.213	0.0	87.02	27.419	-1.0	0.4	0.0	66.646	-8.88	-7.65	0.0	84.186	20.154	0.0	0.2	0.0	20.052	-9.1	-10.9	0.0	90.486	11.726	-20.986	0.0	0.0	65.29
-1.0	-1.0	1.063	0.0	24.15	-12.774	0.0	0.0	52.988	-9.36	-13.025	0.0	85.307	32.359	-6.454	0.0	0.0	93.576	-1.0	-7.588	0.0	0.0	23.205	-1.0	0.0	0.0	57.734	-8.58	-9.588	0.0	89.433	0.0	-6.796	0.0	0.0	49.501	-9.22	-6.775	0.0	91.174	0.756	-1.0	43.8	0.0	60.059	-9.44	-6.775	0.0	86.708	0.0	0.0	0.0	0.0	65.0	-8.68	-7.588	0.0	90.296	5.842	-1.0	0.2	0.0	26.833	-8.78	-5.088	0.0	86.921	27.346	-22.276	0.4	0.0	66.646	-8.92	-7.463	0.0	84.26	20.88	0.0	0.2	0.0	19.858	-9.28	-10.775	0.0	90.092	11.654	-21.016	0.0	0.0	65.097
-1.0	-1.0	0.0	0.0	24.44	-14.176	0.0	0.0	52.503	-9.24	-13.15	0.0	85.624	32.432	-6.445	0.0	0.0	93.576	-1.0	-7.588	0.0	0.0	22.915	-1.0	0.0	0.0	57.638	-8.64	-10.025	0.0	89.397	0.0	-6.778	0.0	0.0	49.404	-9.26	-6.65	0.0	90.936	0.684	-1.0	43.8	0.0	60.059	-9.5	-6.275	0.0	86.309	0.0	0.0	0.0	0.0	64.709	-8.73	-7.463	1.063	90.128	5.333	-1.0	0.2	0.0	26.058	-8.87	-5.338	0.0	87.019	27.637	-21.771	0.4	0.0	66.453	-8.98	-7.838	0.0	84.244	20.735	0.0	0.2	0.0	19.858	-9.32	-10.838	0.0	90.806	11.581	-21.001	0.0	0.0	65.193
-1.0	-1.0	0.0	0.0	24.367	-12.832	0.0	0.0	53.278	-9.24	-12.4	1.063	85.951	32.214	-6.525	0.0	0.0	93.673	-1.0	-7.588	0.0	0.0	22.842	-1.0	0.0	0.0	57.638	-8.66	-10.025	0.0	89.489	0.0	-6.778	0.0	0.0	49.501	-9.28	-6.838	0.0	90.817	0.829	-1.0	43.8	0.0	59.962	-9.4	-6.338	0.0	86.437	0.0	0.0	0.0	0.0	65.0	-8.56	-7.275	1.063	89.497	5.406	-1.0	0.2	0.0	26.833	-8.82	-5.338	0.0	87.313	27.201	-21.86	0.4	0.0	66.55	-8.86	-7.775	0.0	84.233	20.808	0.0	0.2	0.0	19.761	-9.34	-11.088	0.0	90.762	11.436	-20.942	0.0	0.0	65.0
