-1.0	21.538	582.234	45.986	25.021	-14.816	0.4	1.768	228.903	12.79	12.912	616.796	50.474	34.248	-1.0	40.6	0.0	273.463	11.76	15.975	0.0	51.102	25.021	-5.803	11.2	0.0	222.704	14.05	26.1	0.0	47.017	30.979	-11.241	0.0	0.0	163.032	13.24	17.913	0.0	48.015	11.654	-10.617	24.8	1.098	175.431	12.62	15.1	0.0	50.235	0.0	0.0	0.0	0.0	171.46	13.62	16.975	621.581	47.656	11.218	-27.877	19.0	0.0	163.613	11.96	15.1	0.0	50.331	27.128	-27.435	46.2	2.095	211.079	13.01	18.225	0.0	48.08	26.692	-1.0	0.0	1.726	161.094	13.64	26.913	0.0	44.999	12.162	-34.002	8.6	1.458	138.233	13.33
-1.0	20.85	605.098	46.77	25.457	-14.797	0.4	0.0	225.9	12.5	12.85	626.367	49.011	33.957	-1.0	40.6	0.0	254.186	11.79	14.975	0.0	49.291	25.312	-9.164	11.2	0.972	218.732	14.41	25.6	0.0	47.724	31.56	-11.422	0.0	1.978	188.412	13.53	18.163	0.0	48.709	11.726	-10.668	24.8	0.0	225.319	12.94	14.787	0.0	46.152	0.0	0.0	0.0	1.584	191.996	13.82	17.413	631.152	48.934	10.419	-28.338	19.0	1.785	181.825	12.59	15.725	0.0	50.447	27.346	-27.196	46.2	0.0	183.956	13.32	18.663	0.0	46.61	26.765	-1.0	0.0	1.165	194.611	13.98	27.35	0.0	46.248	12.09	-33.817	8.6	1.986	230.066	13.71
-1.0	20.225	543.95	46.468	24.949	-14.595	0.4	0.0	207.689	12.33	13.162	611.479	48.055	34.103	-1.0	40.6	0.0	264.358	11.9	15.225	0.0	50.293	25.094	-5.624	11.2	0.0	204.395	14.24	23.6	0.0	45.645	31.197	-10.782	0.0	1.19	193.158	13.48	18.1	0.0	47.103	11.799	-10.807	24.8	1.684	171.556	13.17	14.725	0.0	47.096	0.0	0.0	0.0	0.0	190.059	13.92	16.1	578.512	45.032	11.073	-28.381	19.0	0.0	194.611	12.55	15.225	0.0	50.688	26.765	-27.74	46.2	0.0	225.803	13.1	18.163	0.0	46.425	26.62	-1.0	0.0	1.467	196.355	14.06	26.85	0.0	43.123	12.09	-33.961	8.6	1.542	229.097	13.98
-1.0	21.538	545.013	47.16	25.53	-14.916	0.4	1.668	252.152	12.55	13.037	533.316	49.142	33.739	-1.0	40.6	0.0	261.064	11.74	13.912	0.0	49.253	25.457	-5.241	11.2	2.078	168.069	13.34	22.475	0.0	49.96	31.051	-10.579	0.0	0.0	189.284	13.57	17.85	0.0	48.245	11.726	-10.65	24.8	1.743	193.158	12.12	14.287	0.0	48.807	0.0	0.0	0.0	0.0	190.446	13.31	16.1	545.545	49.273	10.346	-27.616	19.0	0.0	169.813	12.14	14.975	0.0	52.101	26.91	-27.631	46.2	0.0	183.568	12.86	16.475	0.0	47.497	26.111	-1.0	0.0	1.71	157.123	14.31	25.975	0.0	43.313	12.017	-32.471	8.6	0.0	204.105	13.73
-1.0	23.663	535.443	48.326	24.658	-15.26	0.4	0.0	138.136	12.78	13.6	582.234	48.581	34.248	-1.0	40.6	1.291	243.24	11.81	14.912	0.0	49.633	25.239	-5.683	11.2	1.634	156.251	13.16	23.288	0.0	47.535	31.124	-10.789	0.0	1.894	130.968	13.56	18.35	0.0	47.899	11.508	-10.786	24.8	0.0	191.512	12.3	14.287	0.0	48.923	0.0	0.0	0.0	1.835	171.169	13.74	17.163	606.161	49.547	11.0	-28.484	19.0	1.483	192.48	12.59	15.1	0.0	49.953	27.346	-27.435	46.2	1.165	130.484	13.3	18.225	0.0	46.608	26.692	-1.0	0.0	1.324	153.926	14.14	25.913	0.0	43.648	11.799	-33.205	8.6	1.55	185.312	13.43
-1.0	20.475	641.787	45.683	25.603	-14.461	0.4	1.156	295.55	12.64	12.287	435.479	48.157	33.957	-1.0	40.6	1.927	277.726	11.64	14.412	0.0	50.626	24.876	-8.956	11.2	1.358	75.946	14.09	24.85	0.0	45.499	31.56	-11.094	0.0	1.24	188.799	13.53	18.288	0.0	45.717	11.436	-10.706	24.8	0.0	172.234	12.54	13.85	0.0	44.293	0.0	0.0	0.0	0.0	143.077	13.52	16.288	583.297	45.43	11.0	-28.466	19.0	0.0	213.792	12.84	15.35	0.0	47.274	26.91	-28.169	46.2	0.0	59.381	12.98	17.975	0.0	43.449	26.038	-1.0	0.0	0.0	245.565	13.08	23.413	0.0	48.245	12.235	-31.703	8.6	1.165	137.652	14.16
-1.0	17.725	525.34	48.564	25.021	-13.836	0.4	0.0	179.693	12.73	10.787	229.172	49.848	33.667	-1.0	40.6	0.0	259.708	12.2	13.35	0.0	47.037	25.021	-8.828	11.2	0.0	190.059	14.25	22.663	0.0	44.944	31.415	-10.696	0.0	0.0	191.318	12.98	16.475	0.0	48.139	11.799	-10.393	24.8	1.944	210.692	12.92	13.662	0.0	43.41	0.0	0.0	0.0	0.0	147.726	13.7	14.287	273.836	43.146	11.073	-27.582	19.0	1.207	182.018	13.09	14.975	0.0	47.432	27.056	-28.613	46.2	0.0	66.453	13.48	17.413	0.0	45.266	26.62	-1.0	0.0	0.0	238.978	13.46	21.288	0.0	46.058	12.017	-30.108	8.6	1.022	165.357	14.5
-1.0	18.85	424.845	48.445	24.803	-13.861	0.4	1.073	185.409	13.11	13.537	509.92	50.084	33.667	-1.0	40.6	0.0	145.692	11.82	13.287	0.0	48.27	25.021	-8.83	11.2	1.819	202.845	13.97	19.538	0.0	45.293	31.415	-10.21	0.0	0.0	175.819	12.8	16.288	0.0	46.703	11.508	-10.257	24.8	1.894	186.862	13.33	13.912	0.0	44.003	0.0	0.0	0.0	0.0	166.907	13.88	14.6	352.531	42.553	10.782	-27.716	19.0	1.106	203.136	12.88	14.412	0.0	45.67	27.273	-28.122	46.2	0.0	117.987	13.37	15.6	0.0	44.456	26.111	-1.0	0.0	0.0	236.653	13.02	19.538	0.0	45.814	11.799	-29.627	8.6	2.103	252.927	14.38
-1.0	21.225	551.926	46.167	25.094	-14.408	0.4	0.997	237.815	12.79	14.037	515.237	45.501	34.321	-1.0	40.6	1.45	0.0	11.92	14.412	0.0	47.44	25.021	-5.335	11.2	1.668	207.883	13.7	20.913	0.0	47.572	31.415	-10.36	0.0	1.467	157.51	13.11	16.85	0.0	47.151	11.363	-10.362	24.8	1.467	216.698	12.77	13.912	0.0	46.163	0.0	0.0	0.0	1.316	159.641	13.74	14.787	360.506	47.23	10.782	-28.409	19.0	0.0	199.455	12.22	14.475	0.0	48.882	26.838	-28.27	46.2	0.0	164.485	12.85	15.162	0.0	46.741	26.91	-1.0	0.0	1.433	151.989	13.82	23.663	0.0	45.435	11.944	-31.258	8.6	0.964	188.315	13.95
-1.0	25.788	672.626	45.925	25.385	-15.542	0.4	0.0	114.016	13.36	14.912	671.031	47.497	34.321	-1.0	40.6	1.224	323.061	12.2	17.35	0.0	45.84	25.385	-6.469	11.2	2.137	263.001	14.62	27.038	0.0	42.313	31.415	-11.546	0.0	1.852	190.543	13.78	19.35	0.0	44.728	11.581	-10.742	24.8	0.0	174.656	13.06	14.975	0.0	44.993	0.0	0.0	0.0	1.659	211.854	13.95	18.1	698.681	46.213	10.855	-29.709	19.0	1.165	183.956	12.39	15.1	0.0	50.42	26.765	-27.56	46.2	1.089	199.067	13.26	18.663	0.0	44.187	26.402	-1.0	0.0	1.24	169.619	13.93	24.788	0.0	46.052	11.944	-31.758	8.6	1.048	1.647	13.56
-1.0	23.85	667.309	46.95	24.949	-15.162	0.4	0.0	136.296	13.76	16.663	671.563	47.264	34.175	-1.0	40.6	0.0	284.603	12.98	18.1	0.0	43.385	24.876	-6.782	11.2	0.0	269.395	15.51	28.225	0.0	42.153	31.269	-11.708	0.0	0.0	222.316	13.61	19.1	0.0	44.995	11.436	-10.716	24.8	0.0	158.576	13.29	16.538	0.0	41.742	0.0	0.0	0.0	0.0	222.607	14.09	18.725	710.91	44.765	10.346	-29.359	19.0	1.433	172.331	13.12	16.413	0.0	46.49	27.056	-27.884	46.2	0.0	161.869	13.83	19.725	0.0	42.903	26.111	-1.0	0.0	1.089	149.47	14.18	27.475	0.0	44.167	11.799	-33.42	8.6	0.0	125.446	13.87
-1.0	23.288	649.231	46.016	25.167	-15.314	0.4	0.997	142.399	13.81	15.6	659.333	46.418	33.957	-1.0	40.6	0.0	108.107	12.87	18.038	0.0	44.747	25.385	-9.463	11.2	0.0	91.833	15.3	27.038	0.0	38.812	31.415	-11.623	0.0	0.0	185.409	13.92	19.475	0.0	48.603	11.436	-10.781	24.8	0.0	175.431	13.41	16.538	0.0	41.56	0.0	0.0	0.0	0.0	88.636	14.92	19.6	693.363	44.575	10.492	-30.597	19.0	0.0	150.245	13.42	16.85	0.0	44.845	26.91	-27.297	46.2	0.0	285.863	13.89	19.6	0.0	45.602	26.329	-1.0	0.0	0.0	276.176	14.4	28.163	0.0	43.388	11.944	-34.36	8.6	1.115	161.094	14.6
-1.0	20.663	579.044	46.408	25.603	-14.853	0.4	1.718	132.808	13.66	14.787	613.605	47.724	33.957	-1.0	40.6	1.425	261.064	13.34	16.85	0.0	43.362	25.239	-9.291	11.2	0.0	183.084	15.01	27.788	0.0	42.552	31.051	-11.762	0.0	0.0	179.5	12.78	18.163	0.0	49.638	11.944	-10.551	24.8	0.0	185.893	13.44	16.1	0.0	43.566	0.0	0.0	0.0	0.0	164.485	15.01	18.538	630.089	40.365	10.709	-30.313	19.0	0.0	260.677	13.63	16.913	0.0	45.252	27.056	-27.456	46.2	0.0	285.863	14.24	20.663	0.0	44.783	26.184	-1.0	0.0	0.0	193.836	13.88	26.413	0.0	45.537	12.017	-33.211	8.6	1.844	180.468	15.28
-1.0	20.975	556.18	45.137	24.949	-14.533	0.4	1.274	238.493	12.9	14.662	593.932	52.39	34.03	-1.0	40.6	1.366	274.142	12.78	16.413	0.0	46.984	25.021	-6.265	11.2	1.123	218.441	14.46	25.163	0.0	45.001	30.833	-11.198	0.0	1.156	167.682	12.86	18.288	0.0	49.989	11.654	-10.58	24.8	1.156	169.425	13.18	16.163	0.0	44.401	0.0	0.0	0.0	0.0	181.243	14.38	17.975	591.805	43.901	10.782	-30.158	19.0	0.0	151.407	13.11	15.912	0.0	48.78	26.91	-26.632	46.2	1.089	165.744	12.93	17.288	0.0	46.971	26.62	-1.0	0.0	0.0	160.126	13.78	27.538	0.0	45.78	11.726	-34.1	8.6	1.802	189.768	14.84
-1.0	20.413	481.739	48.594	24.876	-14.216	0.4	1.601	178.919	12.75	13.1	492.373	50.283	35.338	-1.0	40.6	2.053	233.844	12.05	15.412	0.0	47.988	25.312	-5.82	11.2	0.0	210.304	13.68	23.413	0.0	45.386	31.124	-10.843	0.0	0.0	174.656	13.12	17.913	0.0	49.714	11.073	-10.509	24.8	1.994	179.112	13.12	14.662	0.0	48.031	0.0	0.0	0.0	1.886	197.808	14.3	17.1	505.134	47.679	11.508	-29.604	19.0	1.684	174.172	12.48	14.725	0.0	51.17	26.62	-26.012	46.2	1.575	199.842	13.4	17.725	0.0	47.313	26.402	-1.0	0.0	1.777	138.233	13.64	23.288	0.0	49.222	11.872	-30.9	8.6	1.835	198.292	14.08
-1.0	20.913	566.814	49.335	25.893	-14.472	0.4	1.173	241.593	12.8	13.85	564.155	49.268	34.829	-1.0	40.6	1.659	264.358	12.42	16.038	0.0	46.53	25.457	-9.218	11.2	1.525	199.455	13.78	24.6	0.0	48.053	30.906	-11.056	0.0	0.0	165.744	13.08	18.6	0.0	48.557	11.436	-10.607	24.8	1.441	179.112	12.97	15.1	0.0	45.491	0.0	0.0	0.0	1.927	154.41	14.24	17.225	539.696	45.23	10.637	-29.789	19.0	0.0	179.306	12.83	15.475	0.0	47.994	27.201	-26.577	46.2	1.542	198.196	13.6	18.6	0.0	44.483	26.547	-1.0	0.0	1.106	153.345	13.77	25.35	0.0	46.95	12.308	-32.398	8.6	1.601	228.806	13.92
-1.0	22.725	574.258	48.713	25.603	-14.731	0.4	1.316	319.573	12.68	14.1	641.787	47.411	34.248	-29.378	40.6	0.0	297.778	12.3	16.788	0.0	46.452	24.803	-9.282	11.2	1.911	239.365	14.64	22.913	0.0	45.31	31.124	-10.752	0.0	1.517	221.541	13.64	19.163	0.0	45.254	11.291	-10.702	24.8	0.913	218.054	13.11	15.787	0.0	47.748	0.0	0.0	0.0	1.249	168.457	14.22	19.038	637.001	46.468	10.419	-29.913	19.0	1.626	162.451	13.31	16.663	0.0	48.774	27.056	-26.69	46.2	0.0	143.852	13.59	18.288	0.0	46.58	26.111	-1.0	0.0	1.24	141.333	13.81	24.6	0.0	45.942	12.162	-31.799	8.6	1.886	295.162	14.1
-1.0	21.975	428.035	48.028	25.385	-17.214	0.4	0.0	219.119	13.0	15.037	581.17	48.235	33.885	-1.0	40.6	1.123	248.471	12.54	17.225	0.0	46.04	25.167	-9.376	11.2	1.249	276.176	14.16	23.538	0.0	41.774	31.124	-10.898	0.0	2.112	201.199	13.8	18.35	0.0	44.282	11.799	-10.557	24.8	0.0	16.565	12.84	15.1	0.0	43.111	0.0	0.0	0.0	0.0	191.318	14.19	16.85	465.787	45.575	10.346	-29.608	19.0	1.936	184.149	13.16	15.85	0.0	45.958	26.474	-26.476	46.2	1.86	228.419	13.58	17.975	0.0	46.009	26.184	-1.0	0.0	1.492	190.543	14.1	24.6	0.0	44.67	11.872	-31.95	8.6	0.0	70.134	14.24
-1.0	22.663	613.605	51.13	25.457	-14.761	0.4	0.0	105.588	13.37	14.85	594.995	51.383	33.885	-1.0	40.6	0.0	259.902	12.44	15.85	0.0	47.193	25.312	-5.933	11.2	0.0	162.16	13.81	24.1	0.0	43.77	30.979	-11.003	0.0	0.0	138.814	14.22	19.6	0.0	45.865	11.654	-10.777	24.8	0.0	167.294	13.44	15.912	0.0	41.953	0.0	0.0	0.0	0.0	191.899	14.06	18.413	657.738	46.48	10.927	-30.378	19.0	1.735	180.468	13.12	16.225	0.0	50.456	27.201	-26.374	46.2	0.0	189.671	13.56	19.288	0.0	45.753	26.184	-1.0	0.0	1.282	189.187	14.12	25.35	0.0	45.248	11.944	-32.092	8.6	0.0	138.718	14.3
-1.0	21.6	545.545	48.207	25.53	-14.591	0.4	0.0	38.748	13.88	15.287	498.222	48.786	34.175	-1.0	40.6	0.0	190.833	12.28	15.662	0.0	47.549	25.312	-5.866	11.2	1.215	143.561	13.75	23.788	0.0	46.569	31.051	-11.126	0.0	1.349	162.935	13.58	18.35	0.0	47.996	11.799	-10.557	24.8	0.0	195.968	13.31	15.85	0.0	45.722	0.0	0.0	0.0	0.0	127.965	14.12	18.163	565.219	45.088	10.782	-30.378	19.0	1.349	188.896	13.46	16.288	0.0	45.614	26.983	-26.27	46.2	0.0	152.764	13.75	19.038	0.0	43.86	26.329	-1.0	0.0	0.0	144.82	14.52	25.35	0.0	43.305	11.799	-32.092	8.6	1.156	165.744	14.32
-1.0	21.225	521.618	36.603	25.603	-14.275	0.4	0.0	152.182	13.88	14.787	524.808	47.405	34.756	-1.0	40.6	0.0	248.665	12.08	16.163	0.0	48.708	25.239	-6.132	11.2	1.86	228.128	13.91	23.975	0.0	46.176	31.705	-10.969	0.0	1.366	178.531	13.41	18.288	0.0	47.503	11.508	-10.514	24.8	0.0	119.634	13.12	15.475	0.0	46.995	0.0	0.0	0.0	1.089	177.272	14.2	17.975	554.053	45.512	11.073	-30.284	19.0	1.14	182.696	13.46	16.225	0.0	47.132	26.983	-26.244	46.2	0.0	175.819	13.79	18.725	0.0	42.057	26.111	-1.0	0.0	0.0	159.545	13.83	24.1	0.0	46.357	11.799	-31.657	8.6	0.0	83.211	15.01
-1.0	21.538	555.116	36.508	25.603	-14.35	0.4	0.0	203.717	13.08	14.412	560.965	50.204	34.393	-1.0	40.6	0.0	228.903	12.22	16.1	0.0	48.789	25.312	-5.847	11.2	1.643	181.825	14.05	24.788	0.0	45.971	31.269	-11.103	0.0	1.081	171.944	13.5	18.475	0.0	51.8	11.726	-10.578	24.8	1.433	202.942	13.39	16.1	0.0	48.191	0.0	0.0	0.0	0.989	172.719	14.1	18.288	581.702	46.358	10.564	-30.693	19.0	1.609	165.357	13.54	16.6	0.0	47.834	26.91	-25.877	46.2	0.0	206.817	13.78	19.163	0.0	44.952	26.038	-1.0	0.0	1.148	173.784	13.92	24.85	0.0	46.779	12.09	-31.795	8.6	0.0	195.193	14.14
-1.0	21.163	494.5	48.683	25.239	-14.823	0.4	1.76	210.982	12.5	12.975	501.412	49.384	33.594	-1.0	40.6	0.0	279.954	11.8	15.6	0.0	52.145	25.021	-5.583	11.2	0.0	221.832	14.09	22.538	0.0	48.343	31.051	-10.674	0.0	1.592	186.474	13.17	17.913	0.0	49.161	11.291	-10.452	24.8	1.726	172.331	13.38	15.787	0.0	48.346	0.0	0.0	0.0	0.0	183.181	14.42	18.35	530.657	45.475	10.637	-30.725	19.0	0.0	188.218	13.42	15.912	0.0	48.726	27.056	-25.595	46.2	0.0	203.136	13.77	17.975	0.0	46.982	26.402	-1.0	0.0	0.905	172.622	13.41	22.913	0.0	47.755	12.09	-30.547	8.6	0.0	202.167	14.34
-1.0	21.35	580.107	48.861	25.094	-14.484	0.4	0.922	236.556	12.56	12.912	551.394	48.116	34.103	-1.0	40.6	0.0	267.554	12.05	16.85	0.0	49.634	25.312	-5.708	11.2	2.112	267.554	14.61	25.975	0.0	47.718	31.051	-11.36	0.0	1.525	187.443	13.43	18.788	0.0	50.775	11.944	-10.58	24.8	0.0	181.437	12.98	15.412	0.0	45.492	0.0	0.0	0.0	2.053	197.518	14.14	17.85	622.645	46.743	11.0	-30.471	19.0	2.087	199.746	12.64	15.162	0.0	49.123	26.983	-25.807	46.2	0.0	215.729	13.56	18.975	0.0	47.931	26.256	-1.0	0.0	1.492	187.346	13.91	23.913	0.0	47.598	12.017	-30.953	8.6	0.0	307.949	14.03
-1.0	19.725	580.107	51.947	25.094	-14.239	0.4	1.55	228.903	12.6	13.037	566.282	51.982	34.321	-1.0	40.6	0.0	252.152	12.16	16.1	0.0	48.314	24.803	-5.626	11.2	1.726	208.367	14.51	25.6	0.0	47.042	31.124	-11.285	0.0	1.123	217.279	13.6	18.85	0.0	48.781	11.726	-10.607	24.8	1.5	195.58	13.34	16.163	0.0	49.463	0.0	0.0	0.0	1.106	185.893	14.63	19.725	622.645	48.161	10.709	-1.0	19.0	1.131	186.571	13.08	16.85	0.0	51.159	26.91	-25.718	46.2	0.964	212.823	13.99	20.288	0.0	47.545	26.038	-1.0	0.0	0.0	173.494	13.91	25.788	0.0	44.328	12.017	-32.202	8.6	1.349	240.528	14.6
-1.0	18.163	372.736	52.991	24.949	-13.71	0.4	0.0	241.303	12.69	12.787	521.618	50.553	34.393	-25.251	40.6	1.056	254.477	12.1	15.975	0.0	49.95	25.021	-5.538	11.2	1.006	249.44	13.86	21.288	0.0	46.614	31.415	-10.434	0.0	0.0	186.474	13.57	17.413	0.0	49.618	11.581	-10.412	24.8	0.0	184.343	13.16	15.35	0.0	49.967	0.0	0.0	0.0	0.0	189.38	14.5	17.35	426.972	47.136	10.927	-29.472	19.0	0.939	177.562	12.79	15.787	0.0	50.258	26.91	-25.287	46.2	1.467	186.474	13.5	17.475	0.0	46.601	26.692	-1.0	0.0	0.0	160.223	14.03	24.413	0.0	46.318	11.872	-31.238	8.6	1.559	194.03	14.32
-1.0	18.413	471.636	50.691	25.603	-13.722	0.4	0.0	216.698	12.38	12.412	518.427	48.903	33.739	-28.84	40.6	1.257	306.399	12.15	15.287	0.0	48.873	25.021	-9.146	11.2	1.224	227.741	14.08	21.288	0.0	42.673	31.051	-10.494	0.0	0.0	206.042	13.0	17.163	0.0	48.828	11.436	-10.388	24.8	0.0	228.516	12.94	14.85	0.0	49.318	0.0	0.0	0.0	0.0	197.421	14.0	17.225	487.056	48.77	11.0	-29.538	19.0	0.0	170.685	12.68	15.287	0.0	52.176	27.201	-24.961	46.2	1.961	200.23	13.62	17.913	0.0	47.31	26.256	-1.0	0.0	1.458	140.171	13.73	21.913	0.0	45.646	12.09	-29.866	8.6	0.0	237.815	13.87
-1.0	20.913	524.276	50.338	24.876	-14.115	0.4	1.508	238.203	12.64	13.662	571.068	51.926	33.739	-1.0	40.6	0.0	267.942	12.35	16.35	0.0	47.464	25.239	-5.535	11.2	1.45	233.166	14.26	23.1	0.0	42.337	31.051	-10.765	0.0	0.0	207.592	13.36	18.225	0.0	45.728	11.436	-10.644	24.8	2.112	205.848	13.26	14.725	0.0	45.081	0.0	0.0	0.0	0.0	203.33	14.1	17.538	522.681	43.192	10.637	-30.681	19.0	0.0	176.206	12.99	15.6	0.0	46.821	27.273	-24.827	46.2	0.0	228.903	13.64	19.1	0.0	44.328	26.692	-1.0	0.0	1.567	208.754	13.21	23.163	0.0	45.551	11.726	-30.537	8.6	0.0	231.519	14.24
-1.0	21.663	552.989	53.222	25.021	-14.336	0.4	1.048	234.716	12.81	13.912	570.004	52.164	33.885	-1.0	40.6	1.86	294.194	12.36	17.225	0.0	47.59	25.167	-5.609	11.2	1.693	216.795	14.88	25.288	0.0	44.281	30.833	-11.136	0.0	1.467	167.682	13.72	19.1	0.0	48.452	11.291	-10.716	24.8	0.0	252.152	13.14	15.787	0.0	42.921	0.0	0.0	0.0	2.095	188.896	14.68	18.35	607.756	44.161	11.0	-29.702	19.0	1.358	183.181	12.83	15.787	0.0	49.055	27.201	-25.029	46.2	2.103	194.03	13.72	19.475	0.0	46.185	26.329	-1.0	0.0	1.399	191.221	13.74	25.538	0.0	45.997	11.654	-32.051	8.6	0.0	151.311	14.66
-1.0	21.538	527.998	48.713	25.603	-14.263	0.4	0.0	214.082	12.85	13.975	561.497	47.056	34.103	-1.0	40.6	1.45	281.6	12.36	16.913	0.0	46.963	24.731	-5.639	11.2	0.0	253.315	14.76	23.038	0.0	41.874	31.269	-10.69	0.0	1.802	233.553	13.72	19.1	0.0	45.231	11.799	-10.708	24.8	0.0	236.653	13.22	15.787	0.0	42.381	0.0	0.0	0.0	1.115	206.623	14.37	18.975	574.258	44.766	10.419	-30.276	19.0	1.425	165.55	13.48	16.913	0.0	48.952	27.128	-25.089	46.2	0.0	196.161	13.75	19.538	0.0	44.501	26.474	-32.339	0.0	1.098	161.676	13.55	25.225	0.0	43.193	11.944	-31.557	8.6	1.224	227.16	14.66
