4.84	4.475	0.0	90.743	24.44	-13.508	34.8	0.0	40.007	3.4	4.662	0.0	0.0	32.722	-7.901	28.8	0.0	105.394	3.56	5.225	0.0	95.954	24.004	-13.348	0.0	0.0	43.495	4.25	6.287	0.0	30.565	30.761	-1.672	35.2	0.0	41.945	4.03	6.35	0.0	96.147	10.927	-9.207	0.2	0.0	61.706	3.99	5.412	0.0	96.914	0.0	0.0	0.4	0.0	43.882	4.58	5.537	1.063	94.152	9.038	-1.0	0.0	0.0	34.292	3.74	5.537	0.0	93.027	26.547	-11.29	31.8	0.0	43.01	4.31	5.537	0.0	96.578	21.098	-9.999	0.2	0.0	0.581	3.83	5.225	0.0	26.921	8.966	-1.0	37.4	0.0	83.986
4.68	4.475	1.595	90.723	24.585	-13.629	34.8	0.0	39.62	3.37	4.787	0.0	0.0	33.303	-7.913	28.8	0.0	105.685	3.58	5.037	0.0	95.979	23.714	-13.73	0.0	0.0	43.398	4.29	6.1	0.0	30.569	31.342	-1.503	35.2	0.0	42.332	4.04	6.225	0.0	96.149	11.0	-9.26	0.2	0.0	61.609	3.98	5.162	0.0	96.93	0.0	0.0	0.4	0.0	44.173	4.53	5.537	0.532	94.138	8.966	-1.0	0.0	0.0	34.098	3.75	5.6	0.0	93.03	26.983	-11.367	31.8	0.0	43.01	4.28	5.6	0.0	96.609	20.517	-10.063	0.2	0.0	0.097	3.92	5.412	0.0	26.894	9.038	-1.0	37.4	0.0	84.374
4.54	4.287	0.0	90.707	24.731	-13.475	34.8	0.0	39.62	3.34	4.787	0.0	0.0	32.577	-7.922	28.8	0.0	105.491	3.53	5.225	0.0	95.985	23.932	-14.145	0.0	0.0	43.01	4.22	6.162	0.0	30.563	30.761	-1.559	35.2	0.0	42.041	4.0	6.1	0.0	96.177	11.0	-9.227	0.2	0.0	61.512	3.94	5.35	0.0	96.938	0.0	0.0	0.4	0.0	44.076	4.52	5.537	0.532	94.176	9.329	-1.0	0.0	0.0	33.904	3.76	5.412	0.0	93.033	26.547	-11.41	31.8	0.0	43.107	4.27	5.475	0.0	96.606	20.953	-10.047	0.2	0.0	0.291	3.74	5.225	0.0	26.948	9.111	-1.0	37.4	0.0	83.599
4.76	4.35	0.0	90.765	24.658	-13.427	34.8	0.0	39.91	3.38	4.662	1.595	0.0	32.795	-7.848	28.8	0.0	105.201	3.53	5.225	0.0	96.004	23.932	-13.888	0.0	0.0	43.495	4.19	6.1	0.0	30.627	30.761	-1.326	35.2	0.0	42.332	3.99	6.225	0.0	96.194	11.0	-9.243	0.2	0.0	62.772	4.0	5.1	0.0	96.955	0.0	0.0	0.4	0.0	43.495	4.54	5.412	0.0	94.181	9.256	-1.0	0.0	0.0	34.292	3.76	5.475	0.0	93.074	26.402	-11.419	31.8	0.0	43.204	4.28	5.475	0.0	96.648	20.662	-10.047	0.2	0.0	0.194	3.79	5.35	0.0	26.952	8.53	-1.0	37.4	0.0	84.083
4.67	4.225	0.0	90.783	24.585	-14.223	34.8	0.0	40.007	3.38	4.787	0.0	0.0	32.867	-7.922	28.8	1.022	105.685	3.54	5.225	0.0	96.007	24.004	-13.826	0.0	0.0	43.301	4.29	6.287	0.0	30.636	30.252	-1.53	35.2	0.0	42.332	4.02	6.162	0.0	96.222	11.291	-9.253	0.2	0.0	61.706	3.96	5.037	0.0	96.963	0.0	0.0	0.4	0.0	44.366	4.53	5.6	0.0	94.219	9.111	-1.0	0.0	0.0	34.195	3.74	5.475	0.0	93.068	26.692	-11.419	31.8	0.0	43.204	4.4	5.6	0.0	96.682	20.517	-10.121	0.2	0.0	0.387	3.95	5.412	0.0	26.964	8.966	-1.0	37.4	0.0	83.695
4.7	4.35	0.532	90.749	25.021	-13.73	34.8	0.0	39.426	3.28	4.85	0.0	0.0	32.722	-7.92	28.8	0.0	105.588	3.54	5.162	0.0	96.026	23.786	-13.94	0.0	0.0	43.398	4.38	6.1	0.0	30.61	31.197	-1.609	35.2	0.905	42.138	4.08	6.287	0.0	96.239	11.291	-9.295	0.2	0.0	61.512	3.94	5.1	0.0	96.977	0.0	0.0	0.4	0.0	43.785	4.64	5.412	0.0	94.229	8.966	-1.0	0.0	0.0	34.001	3.77	5.6	0.0	93.117	26.474	-11.547	31.8	0.0	42.816	4.4	5.537	0.0	96.682	20.88	-10.132	0.2	0.0	0.387	3.9	5.475	0.0	26.994	8.893	-1.0	37.4	0.0	83.986
4.76	4.475	1.063	90.786	25.239	-13.449	34.8	0.0	40.104	3.36	4.725	0.0	0.0	32.795	-7.907	28.8	0.0	105.588	3.56	5.35	0.0	96.052	23.932	-13.975	0.0	0.0	42.816	4.3	6.162	0.0	30.637	30.543	-1.524	35.2	0.0	41.945	4.0	6.162	0.0	96.236	10.782	-9.235	0.2	0.0	62.287	3.94	5.162	0.0	96.996	0.0	0.0	0.4	0.0	43.979	4.52	5.6	1.063	94.256	8.385	-1.0	0.0	0.0	34.389	3.8	5.35	0.0	93.125	26.402	-11.4	31.8	0.0	43.204	4.4	5.6	0.0	90.331	21.026	-10.14	0.2	0.0	0.194	3.9	5.225	0.0	26.994	9.038	-1.0	37.4	0.0	83.986
4.74	4.475	0.532	90.802	24.731	-13.508	34.8	0.0	39.717	3.35	4.85	0.532	0.0	32.867	-7.92	28.8	0.972	105.297	3.56	5.35	0.0	96.052	23.786	-13.911	0.0	0.0	43.107	4.38	6.225	0.0	30.644	30.833	-1.722	35.2	0.0	42.138	4.04	6.162	0.0	96.267	11.291	-9.218	0.2	0.0	61.706	3.98	5.1	0.0	97.027	0.0	0.0	0.4	0.0	44.076	4.52	5.537	1.063	94.256	9.184	-1.0	0.0	0.0	33.904	3.82	5.6	0.0	93.131	25.893	-11.438	31.8	0.0	43.204	4.32	5.6	0.0	86.644	20.444	-10.181	0.2	0.0	0.387	3.99	5.475	0.0	27.002	8.893	-1.0	37.4	0.0	83.986
4.75	4.35	1.063	90.805	24.949	-13.486	34.8	0.0	40.104	3.22	4.787	0.0	0.0	32.867	-7.905	28.8	0.0	105.297	3.6	5.35	0.0	96.083	24.077	-13.726	0.0	0.0	43.204	4.25	6.287	0.0	30.699	30.833	-1.85	35.2	0.0	42.235	4.02	6.287	0.0	96.261	11.218	-9.233	0.2	0.0	61.512	4.0	5.412	0.0	97.032	0.0	0.0	0.4	0.0	43.882	4.48	5.537	1.063	94.266	9.111	-1.0	0.0	0.0	34.389	3.76	5.475	0.0	93.114	26.91	-11.384	31.8	0.0	43.204	4.3	5.475	0.0	85.366	21.244	-10.164	0.2	0.0	0.291	3.89	5.537	0.0	27.028	8.675	-1.0	37.4	0.0	83.986
4.68	4.412	1.063	90.807	24.367	-13.094	34.8	0.0	39.813	3.28	4.662	0.532	0.0	32.795	-7.892	28.8	0.0	105.685	3.58	5.225	0.0	96.097	23.641	-14.015	0.0	0.0	43.495	4.24	6.287	0.0	30.698	30.47	-1.245	35.2	0.0	42.235	3.92	6.35	0.0	96.272	11.0	-9.232	0.2	0.0	61.512	3.96	5.35	0.0	97.021	0.0	0.0	0.4	0.0	43.979	4.47	5.6	0.0	94.283	8.53	-1.0	0.0	0.0	34.098	3.74	5.412	0.0	93.15	26.62	-11.339	31.8	0.0	43.107	4.28	5.6	0.0	84.48	20.953	-10.222	0.2	0.0	0.291	3.82	5.225	0.0	27.056	8.675	-1.0	37.4	0.0	83.986
4.68	4.412	1.063	90.807	24.367	-13.094	34.8	0.0	39.813	3.28	4.662	0.532	0.0	32.795	-7.892	28.8	0.0	105.685	3.58	5.225	0.0	96.097	23.641	-14.015	0.0	0.0	43.495	4.24	6.287	0.0	30.698	30.47	-1.245	35.2	0.0	42.235	3.92	6.35	0.0	96.272	11.0	-9.232	0.2	0.0	61.512	3.96	5.35	0.0	97.021	0.0	0.0	0.4	0.0	43.979	4.47	5.6	0.0	94.283	8.53	-1.0	0.0	0.0	34.098	3.74	5.412	0.0	93.15	26.62	-11.339	31.8	0.0	43.107	4.28	5.6	0.0	84.48	20.953	-10.222	0.2	0.0	0.291	3.82	5.225	0.0	27.056	8.675	-1.0	37.4	0.0	83.986
4.7	4.475	1.595	90.812	24.949	-13.508	34.8	0.0	39.717	3.3	4.662	1.595	0.0	32.722	-7.996	28.8	0.0	105.297	3.54	5.162	0.0	96.124	24.077	-13.753	0.0	0.0	43.107	4.16	6.037	0.0	30.758	31.415	-1.624	35.2	0.0	42.041	3.94	6.162	0.0	96.277	10.637	-9.226	0.2	0.0	61.609	3.92	5.225	0.0	97.048	0.0	0.0	0.4	0.0	43.785	4.46	5.6	0.0	94.3	9.329	-1.0	0.0	0.0	34.195	3.73	5.35	0.0	93.147	26.038	-11.228	31.8	0.0	43.01	4.26	5.6	0.0	83.837	20.735	-10.181	0.2	0.0	0.0	3.85	5.225	0.0	27.093	8.603	-1.0	37.4	0.0	83.986
4.66	4.287	0.0	90.823	25.021	-13.299	34.8	0.0	39.91	3.26	4.662	2.659	0.0	32.577	-7.839	28.8	0.0	105.588	3.54	5.225	0.0	96.124	23.714	-13.703	0.0	0.0	42.913	4.18	6.1	0.0	30.76	30.833	-1.68	35.2	0.0	41.751	3.93	6.475	0.0	96.235	11.291	-9.239	0.2	0.0	61.609	3.88	5.475	0.0	97.036	0.0	0.0	0.4	0.0	43.882	4.48	5.6	1.063	94.326	8.675	-1.0	0.0	0.0	34.292	3.72	5.537	0.0	93.144	26.184	-11.29	31.8	0.0	42.913	4.33	5.475	0.0	83.166	20.662	-10.226	0.2	0.0	0.387	3.76	5.225	0.0	27.119	8.821	-1.0	37.4	0.0	83.986
4.61	4.475	2.659	90.81	24.222	-13.39	34.8	0.0	40.298	3.42	4.537	2.127	0.0	32.795	-7.844	28.8	0.0	106.46	3.53	5.35	0.0	96.141	24.004	-13.486	0.0	0.0	43.688	4.18	6.162	0.0	30.76	30.543	-1.595	35.2	0.0	42.332	3.96	6.225	0.0	96.244	11.291	-9.225	0.2	0.0	61.512	3.97	5.162	0.0	97.062	0.0	0.0	0.4	0.0	44.076	4.54	5.6	0.532	94.343	9.329	-1.0	0.0	0.0	34.292	3.71	5.412	0.0	93.182	26.765	-11.171	31.8	0.0	43.107	4.4	5.6	0.0	82.743	20.953	-10.264	0.2	0.0	0.291	3.86	5.475	0.0	27.093	8.821	-1.0	37.4	0.0	83.792
4.62	4.35	2.127	90.834	24.585	-13.368	34.8	0.0	39.91	3.33	4.725	1.595	0.0	32.795	-7.872	28.8	0.0	105.685	3.56	5.162	0.0	96.169	24.077	-15.568	0.0	0.0	43.204	4.1	6.162	0.0	30.82	30.833	-1.63	35.2	0.0	42.138	4.04	6.35	0.0	96.247	11.291	-9.284	0.2	0.0	61.803	3.92	4.912	0.0	97.087	0.0	0.0	0.4	0.0	44.076	4.65	5.6	0.0	94.373	8.53	-1.0	0.0	0.0	34.098	3.75	5.412	0.0	93.193	26.184	-11.204	31.8	0.0	42.816	4.5	5.6	0.0	79.805	21.171	-10.264	0.2	0.0	0.0	3.93	5.35	0.0	27.099	9.038	-1.0	37.4	0.0	83.211
4.63	4.35	2.659	90.857	24.44	-13.31	34.8	0.0	39.813	3.24	4.85	2.127	0.0	32.65	-7.884	28.8	0.0	105.297	3.52	5.35	0.0	96.157	24.15	-13.605	0.0	0.0	43.591	4.47	6.287	0.0	30.718	30.833	-1.601	35.2	0.0	42.913	4.0	5.975	0.0	96.255	10.927	-9.502	0.2	0.0	61.319	3.89	5.412	0.0	97.078	0.0	0.0	0.4	0.0	44.173	4.61	5.6	0.532	94.362	8.385	-1.0	0.0	1.081	34.001	3.8	5.6	0.0	93.207	26.038	-11.071	31.8	0.0	42.816	4.45	5.6	0.0	68.414	20.59	-10.264	0.2	0.0	0.678	3.82	5.225	0.0	27.158	8.457	-1.0	37.4	0.0	84.277
4.66	4.475	5.849	90.844	24.44	-13.274	34.8	0.0	39.523	3.21	4.725	2.127	0.0	32.795	-7.872	28.8	0.0	105.976	3.56	5.225	0.0	96.188	23.786	-13.642	0.0	0.0	43.301	4.46	6.412	0.0	30.784	30.906	-1.821	35.2	1.173	43.01	3.98	6.225	0.0	96.25	11.0	-9.243	0.2	0.0	61.9	4.06	5.225	0.0	97.127	0.0	0.0	0.4	0.0	43.882	4.58	5.6	1.063	94.111	8.675	-1.0	0.0	0.0	34.001	3.84	5.537	0.0	93.218	26.91	-11.093	31.8	0.0	42.332	4.44	5.6	0.0	58.861	20.808	-10.329	0.2	0.0	0.484	3.72	5.35	0.0	27.184	8.53	-1.0	37.4	0.0	83.986
4.69	4.35	1.595	90.873	25.167	-13.427	34.8	0.0	39.523	3.28	4.912	3.722	0.0	32.795	-7.891	28.8	0.0	105.685	3.66	5.35	0.0	96.197	23.35	-13.605	0.0	0.0	49.888	4.32	6.1	0.0	30.805	30.979	-1.645	35.2	1.056	43.301	4.0	6.1	0.0	96.255	10.782	-9.227	0.2	0.0	61.512	4.04	5.412	0.0	97.121	0.0	0.0	0.4	0.0	43.495	4.58	5.412	1.063	94.152	8.675	-1.0	0.0	0.0	34.292	3.82	5.6	0.0	93.212	27.273	-11.009	31.8	0.0	42.816	4.5	5.537	0.0	35.022	20.808	-10.321	0.2	0.0	0.291	3.65	5.35	0.0	27.213	8.312	-1.0	37.4	0.0	83.986
4.57	4.475	2.127	90.842	24.44	-13.39	34.8	0.0	39.91	3.26	4.662	2.127	0.0	32.867	-7.874	28.8	0.0	105.685	3.64	5.35	0.0	96.231	23.932	-13.545	0.0	1.106	42.623	4.38	6.162	0.0	30.777	31.051	-1.666	35.2	0.0	43.107	4.0	6.162	0.0	96.294	11.508	-9.261	0.2	0.0	61.512	4.04	5.162	0.0	97.121	0.0	0.0	0.4	0.0	43.882	4.56	5.537	3.722	94.166	8.675	-1.0	0.0	1.048	34.292	3.84	5.475	0.0	93.238	26.765	-11.246	31.8	0.0	43.204	4.46	5.6	0.0	35.018	21.316	-10.444	0.2	0.0	0.097	4.04	5.537	0.0	27.142	8.603	-1.0	37.4	0.0	83.599
4.87	4.475	5.317	90.921	24.876	-13.449	34.8	0.0	40.007	3.34	4.6	5.317	0.0	32.867	-7.877	28.8	0.0	105.685	3.66	5.225	0.0	96.275	24.004	-13.291	0.0	0.0	42.429	4.47	6.225	0.0	30.785	30.833	-1.58	35.2	1.031	43.301	4.06	5.85	0.0	96.312	11.073	-9.197	0.2	0.0	61.706	4.01	5.225	0.0	97.151	0.0	0.0	0.4	0.0	43.979	4.56	5.6	2.659	94.166	8.966	-1.0	0.0	1.056	34.195	3.85	5.475	0.0	93.261	26.256	-11.213	31.8	0.0	42.913	4.46	5.6	0.0	35.018	20.372	-10.352	0.2	0.0	0.097	4.19	5.662	0.0	27.119	9.038	-1.0	37.4	0.0	83.405
4.82	4.6	2.127	90.907	24.367	-13.775	34.8	0.0	39.62	3.44	4.912	3.722	0.0	32.867	-7.891	28.8	0.0	105.297	3.66	5.225	0.0	96.275	23.714	-13.235	0.0	0.939	43.01	4.4	6.412	0.0	30.846	30.906	-1.714	35.2	1.106	43.591	4.07	6.412	0.0	96.275	10.782	-9.292	0.2	0.0	61.9	4.0	5.225	0.0	97.148	0.0	0.0	0.4	0.0	43.688	4.48	5.475	2.127	94.144	8.748	-1.0	0.0	1.198	25.38	3.84	5.475	0.0	93.258	26.91	-12.847	31.8	0.0	42.429	4.26	5.537	0.0	35.064	20.59	-10.435	0.2	0.0	353.284	4.12	5.6	0.0	27.114	8.893	-1.0	37.4	0.0	84.083
4.72	4.6	3.722	90.923	24.513	-13.53	34.8	0.0	39.717	3.5	4.787	3.19	0.0	32.722	-7.887	28.8	0.0	105.297	3.64	5.1	0.0	96.289	23.932	-13.501	0.2	1.131	41.654	4.14	5.975	0.0	30.89	30.615	-1.603	35.2	1.802	43.495	4.11	6.162	0.0	96.287	11.0	-9.235	0.2	0.0	61.512	4.01	5.412	0.0	97.151	0.0	0.0	0.4	1.089	43.785	4.3	5.225	1.063	94.155	8.675	-1.0	0.2	2.053	26.93	3.67	5.225	0.0	93.253	26.474	-11.047	31.8	1.232	42.913	4.1	5.35	0.0	35.114	20.517	-10.457	0.2	0.0	355.996	4.06	5.412	0.0	27.177	8.966	-25.876	37.4	0.0	87.473
4.84	4.537	2.659	90.934	24.876	-14.281	34.8	1.274	51.438	3.48	4.85	4.254	0.0	32.795	-7.893	28.8	0.0	105.588	3.4	5.037	0.0	96.279	23.786	-13.258	0.2	0.0	47.66	4.06	5.975	0.0	30.95	31.051	-1.356	35.2	2.137	45.238	3.92	6.412	0.0	94.911	10.564	-9.257	0.2	1.819	59.769	-1.0	5.225	0.0	0.0	0.0	0.0	0.4	0.0	39.523	4.26	5.225	2.659	94.124	9.111	-1.0	0.2	1.969	30.998	3.55	5.412	0.0	93.26	26.111	-11.271	31.8	1.785	44.173	4.09	5.35	0.0	35.113	20.662	-10.581	0.2	0.0	351.734	4.18	5.6	0.0	27.119	8.821	-1.0	37.4	0.0	80.983
4.55	4.35	2.659	90.921	25.094	-13.918	34.8	0.0	51.244	3.46	4.85	1.595	0.0	32.65	-7.849	28.8	1.559	105.588	3.29	4.912	0.0	96.286	23.932	-13.646	0.2	1.969	49.016	4.09	6.037	0.0	30.952	30.906	-1.624	35.2	1.609	47.951	3.87	5.912	0.0	94.917	10.927	-9.205	0.2	1.668	63.353	-1.0	5.037	0.0	0.0	0.0	0.0	0.4	1.626	37.876	4.23	5.225	13.293	94.055	9.184	-1.0	0.2	1.693	29.255	3.48	5.225	0.0	93.261	26.692	-11.277	31.8	1.408	39.135	4.08	5.225	0.0	35.112	21.171	-10.44	0.2	0.0	355.996	4.09	5.6	0.0	27.179	8.603	-1.0	37.4	0.0	82.243
4.63	4.475	2.127	90.942	24.876	-13.941	34.8	1.433	49.501	3.23	4.85	3.19	0.0	33.086	-7.858	28.8	1.676	96.095	3.3	4.912	0.0	96.289	23.932	-13.586	0.2	1.399	47.466	4.03	5.912	0.0	30.98	31.197	-1.547	35.2	1.508	50.179	3.76	5.85	0.0	94.906	11.0	-9.189	0.2	1.399	64.322	-1.0	5.037	0.0	0.0	0.0	0.0	0.4	1.475	40.298	4.16	5.35	2.127	93.874	8.893	-1.0	0.2	1.441	29.448	3.45	5.225	0.0	93.274	26.692	-11.21	31.8	1.131	38.942	4.08	5.412	0.0	35.145	20.735	-10.466	0.2	0.0	343.113	4.06	5.225	0.0	27.211	8.603	-1.0	37.4	0.0	82.824
4.7	4.475	0.0	90.96	25.094	-13.752	34.8	0.0	52.891	3.28	4.662	1.063	0.0	32.867	-7.901	28.8	0.0	96.095	3.26	4.912	0.0	96.316	23.932	-13.586	0.2	1.232	52.503	3.78	5.787	0.0	31.058	30.833	-1.54	35.2	1.584	47.951	3.77	6.35	0.0	94.929	11.218	-9.241	0.2	1.039	64.709	-1.0	4.975	0.0	0.0	0.0	0.0	0.4	1.182	40.298	3.98	5.162	6.912	93.905	9.184	-1.0	0.2	1.651	29.545	3.41	5.412	0.0	93.263	26.91	-11.171	31.8	0.955	38.942	3.97	5.225	0.0	35.166	20.372	-10.416	0.2	0.0	343.597	3.88	5.412	0.0	27.265	8.966	-1.0	37.4	0.0	83.211
4.62	4.35	3.19	90.939	24.585	-13.668	35.0	1.022	54.925	3.15	4.787	3.19	0.0	32.795	-7.896	28.8	1.324	96.095	3.14	4.725	0.0	96.321	23.786	-13.434	0.2	1.458	51.147	3.7	5.662	0.0	31.085	30.833	-1.533	35.2	1.416	49.21	3.72	5.787	0.0	94.915	10.782	-9.172	0.2	1.123	64.903	-1.0	4.975	0.0	0.0	0.0	0.0	0.4	1.525	40.298	3.89	5.037	3.19	93.88	9.256	-1.0	0.2	0.98	29.545	3.24	5.1	0.0	93.257	26.111	-11.061	31.8	1.265	39.038	3.73	5.225	0.0	35.273	20.517	-10.392	0.2	0.0	334.976	3.86	5.1	0.0	27.297	8.893	-1.0	37.4	0.0	92.511
4.6	4.287	6.381	90.955	24.585	-13.657	35.0	0.0	54.828	3.05	4.662	3.19	0.0	32.722	-7.909	29.0	1.584	95.223	3.06	4.662	0.0	96.337	23.714	-13.193	0.2	1.274	53.666	3.62	5.787	0.0	31.111	30.833	-1.399	35.2	0.922	49.016	3.66	6.037	0.0	94.918	11.436	-9.186	0.2	1.056	64.612	-1.0	4.725	0.0	0.0	0.0	0.0	0.4	1.173	40.976	3.84	5.037	5.317	93.907	8.821	-1.0	0.2	0.0	29.255	3.2	5.225	0.0	93.266	26.402	-11.176	31.8	0.0	39.038	3.77	5.162	0.0	35.277	20.517	-10.248	0.2	0.0	334.976	3.69	4.912	0.0	27.352	8.966	-1.0	37.4	0.0	90.379
4.28	4.1	3.722	90.934	24.222	-13.502	35.0	0.0	54.925	3.04	4.725	4.254	0.0	32.722	-7.933	29.0	1.332	96.289	3.04	4.6	0.0	96.331	23.714	-13.182	0.2	0.0	53.666	3.67	5.787	0.0	31.115	30.833	-1.54	35.2	0.0	48.725	3.65	5.975	0.0	94.915	10.201	-9.178	0.2	0.0	64.709	-1.0	4.912	0.0	0.0	0.0	0.0	0.4	0.0	40.976	3.92	4.975	3.19	93.909	8.748	-1.0	0.2	0.0	29.448	3.18	5.1	0.0	93.281	26.838	-11.125	31.8	0.0	39.038	3.77	5.225	0.0	35.016	20.953	-10.301	0.2	0.0	335.46	3.64	4.787	0.0	27.348	8.966	-1.0	37.4	0.0	90.67
4.34	4.225	3.19	90.95	25.167	-13.896	35.0	0.0	54.441	2.98	4.85	4.254	0.0	32.65	-1.937	29.0	1.073	96.289	3.04	4.975	0.0	96.331	23.786	-13.081	0.2	0.0	53.86	3.62	5.787	0.0	31.177	30.543	-1.435	35.2	0.0	48.725	3.64	6.1	0.0	94.932	11.073	-9.245	0.2	0.0	64.709	-1.0	4.85	0.0	0.0	0.0	0.0	0.4	0.0	41.073	3.94	5.225	2.659	93.854	9.111	-1.0	0.2	0.0	29.642	3.2	5.225	0.0	93.286	26.62	-11.143	31.8	0.0	39.232	3.8	5.162	0.0	34.888	20.372	-10.248	0.2	0.0	334.976	3.42	5.1	0.0	27.432	8.966	-1.0	37.4	0.0	89.217
