-1.0	-9.4	9.571	0.0	24.295	-13.795	0.0	0.0	54.925	-6.28	-7.9	4.785	86.531	30.47	0.0	0.0	1.131	89.992	-4.3	-4.65	0.0	63.143	21.68	-1.0	0.0	0.0	90.283	-4.18	-5.963	0.0	66.765	0.0	-7.219	0.0	0.0	88.733	-5.18	-3.962	0.0	73.075	0.0	-1.0	32.4	0.0	78.077	-5.28	-4.9	0.0	67.883	0.0	0.0	0.0	0.0	35.164	-4.26	-4.775	8.508	67.058	0.0	-1.0	0.2	0.0	59.187	-4.24	-2.837	0.0	65.149	8.094	-1.0	0.6	0.0	82.146	-4.28	-4.463	0.0	63.754	19.064	0.0	0.2	0.0	227.257	-4.41	-6.275	0.0	66.619	11.145	-1.0	0.0	0.0	76.043	-3.92
-1.0	-10.4	7.976	0.0	24.44	-13.23	0.0	0.0	55.41	-6.28	-7.775	5.849	86.51	30.688	0.0	0.0	1.291	89.798	-4.36	-4.525	0.0	64.606	22.188	-1.0	0.0	0.0	90.379	-4.11	-5.9	0.0	65.719	0.0	-7.217	0.0	0.0	88.151	-5.13	-4.213	0.0	73.23	0.0	-1.0	32.4	0.0	77.593	-5.2	-4.275	0.0	67.11	0.0	0.0	0.0	0.0	34.679	-4.3	-4.838	6.912	66.819	0.0	-1.0	0.2	0.0	59.187	-4.18	-3.15	0.0	64.9	8.167	-1.0	0.6	0.0	81.855	-4.29	-4.65	0.0	63.647	18.483	0.0	0.2	0.0	227.257	-4.38	-6.025	0.0	65.773	11.436	-1.0	0.0	0.0	76.43	-4.0
-1.0	-10.275	8.508	0.0	24.077	-13.316	0.0	0.0	55.119	-6.18	-7.275	4.785	86.474	30.615	0.0	0.0	1.584	101.81	-4.5	-4.588	0.0	65.621	21.607	-1.0	0.0	1.006	90.476	-3.88	-5.65	0.0	64.457	0.0	-7.217	0.0	0.0	88.345	-5.18	-3.962	0.0	73.292	0.0	-1.0	32.4	0.0	77.69	-5.12	-4.338	0.0	67.634	0.0	0.0	0.0	0.0	34.583	-4.3	-4.775	9.039	66.896	0.0	-1.0	0.2	0.0	59.284	-4.28	-2.9	0.0	66.797	8.167	-1.0	0.6	0.0	81.661	-4.34	-4.775	0.0	63.083	18.338	0.0	0.2	0.0	227.257	-4.48	-6.15	0.0	66.503	11.363	-1.0	0.0	0.0	75.752	-4.04
-1.0	-9.463	8.508	0.0	24.15	-13.167	0.0	0.0	64.612	-6.1	-7.15	4.254	86.287	30.688	0.0	0.0	2.179	98.517	-4.38	-4.65	0.0	64.863	21.534	-1.0	0.0	1.14	81.758	-3.94	-5.15	0.0	64.525	0.0	-7.314	0.0	0.0	88.248	-5.31	-4.15	0.0	73.889	0.0	-1.0	32.4	0.0	78.368	-5.32	-4.463	0.0	69.609	0.0	0.0	0.0	0.0	34.776	-4.34	-4.838	6.912	67.171	0.0	-1.0	0.2	0.0	59.284	-4.46	-3.275	0.0	67.225	8.021	-1.0	0.6	0.0	90.186	-4.28	-4.713	0.0	62.11	19.355	0.0	0.2	0.0	227.353	-4.48	-6.088	0.0	67.093	11.581	-1.0	0.0	0.0	75.268	-3.9
-1.0	-9.588	6.912	0.0	24.367	-13.418	0.0	0.0	79.143	-6.06	-7.463	4.785	86.401	30.615	0.0	0.0	2.212	93.964	-1.0	-4.588	0.0	0.0	21.68	-1.0	0.0	1.081	96.095	-3.93	-5.463	0.0	65.31	0.0	-7.232	0.0	0.0	88.539	-5.26	-4.15	0.0	72.063	0.0	-1.0	32.4	0.0	77.786	-5.16	-4.588	0.0	67.55	0.0	0.0	0.0	0.0	35.164	-4.75	-4.963	5.849	69.221	0.0	-1.0	0.2	0.0	42.72	-4.3	-3.087	0.0	66.485	8.094	-1.0	0.6	0.0	93.092	-4.9	-5.15	0.0	66.424	18.919	0.0	0.2	0.0	314.924	-4.48	-6.088	0.0	66.914	11.291	-1.0	0.0	0.0	76.237	-4.03
-1.0	-9.15	6.381	0.0	24.367	-13.28	0.0	1.249	84.858	-6.02	-7.275	4.254	86.432	30.615	0.0	0.0	2.346	94.835	-4.36	-4.713	0.0	64.003	21.316	-1.0	0.0	1.299	84.858	-4.3	-5.4	0.0	66.768	0.0	-7.258	0.0	0.0	28.577	-5.37	-4.213	0.0	73.517	0.0	-1.0	32.4	0.0	77.593	-5.22	-5.025	0.0	68.652	0.0	0.0	0.0	0.0	37.392	-5.0	-5.025	6.912	70.394	0.0	-1.0	0.2	0.0	41.945	-5.04	-3.212	0.0	72.376	8.239	-1.0	0.6	0.0	63.74	-5.18	-5.338	0.0	67.216	18.338	0.0	0.2	0.0	315.311	-4.4	-5.713	0.0	66.698	11.436	-1.0	0.0	0.0	75.655	-4.42
-1.0	-9.4	9.039	0.0	24.367	-13.446	0.0	1.224	82.243	-6.17	-7.588	3.19	86.538	30.688	0.0	0.0	2.355	91.639	-4.6	-4.65	0.0	68.444	21.316	-1.0	0.0	1.031	48.338	-4.84	-5.713	0.0	68.65	0.0	-7.267	0.0	0.947	33.711	-5.28	-4.213	0.0	73.463	0.0	-1.0	32.4	0.955	71.877	-5.64	-4.65	0.0	69.695	0.0	0.0	0.0	0.0	37.973	-5.1	-5.4	5.317	70.324	0.0	-1.0	0.2	0.0	42.429	-5.34	-3.337	0.0	70.127	8.385	-1.0	0.6	0.0	63.062	-5.24	-5.4	0.0	66.796	19.427	0.0	0.2	0.0	315.311	-4.35	-5.588	0.0	64.921	11.508	-1.0	0.0	0.0	84.761	-4.98
-1.0	-8.838	7.976	0.0	24.004	-13.394	0.0	1.064	66.743	-6.24	-7.463	2.659	86.458	30.688	0.0	0.0	2.179	90.961	-5.16	-4.9	0.0	70.138	21.752	-1.0	0.0	1.207	60.931	-4.78	-6.15	0.0	67.877	0.0	-7.231	0.0	0.0	34.001	-5.52	-4.15	0.0	74.036	0.0	-1.0	32.4	0.0	72.749	-6.24	-4.713	0.0	71.178	0.0	0.0	0.0	0.0	37.779	-5.11	-5.275	4.785	69.626	0.0	-1.0	0.2	0.0	42.526	-5.41	-3.337	0.0	69.541	7.368	-1.0	0.6	0.0	63.837	-5.3	-5.4	0.0	66.092	19.064	0.0	0.2	0.0	315.214	-4.96	-6.213	0.0	68.374	11.363	-1.0	0.0	0.0	85.149	-5.04
-1.0	-9.275	7.444	0.0	24.15	-13.329	0.0	0.0	65.29	-6.42	-8.025	2.127	86.205	31.415	0.0	0.0	1.911	81.855	-1.0	-5.025	0.0	0.0	22.043	-1.0	0.0	0.0	62.578	-4.84	-5.838	0.0	67.815	0.0	-7.222	0.0	0.0	34.389	-5.72	-4.338	0.0	74.47	0.0	-1.0	32.4	0.0	72.652	-6.33	-5.025	0.0	71.526	0.0	0.0	0.0	0.0	37.682	-5.12	-5.213	4.254	69.424	0.0	-1.0	0.2	0.0	42.138	-5.45	-3.525	0.0	69.633	8.094	-1.0	0.6	0.0	63.837	-5.34	-5.4	0.0	66.777	18.483	0.0	0.2	0.0	315.311	-5.19	-6.4	0.0	68.783	11.436	-1.0	0.0	0.0	84.664	-5.04
-1.0	-10.275	4.254	0.0	24.731	-13.316	0.0	0.0	65.484	-6.8	-8.025	1.595	86.211	30.615	0.0	0.0	1.534	90.186	0.0	-5.025	0.0	0.0	21.026	-1.0	0.0	1.257	71.102	-4.92	-6.088	0.0	68.332	0.0	-7.124	0.0	0.0	34.098	-5.8	-4.525	0.0	74.69	0.0	-1.0	32.4	1.123	72.168	-6.32	-4.838	0.0	71.333	0.0	0.0	0.0	0.0	37.586	-5.1	-5.4	4.254	69.252	0.0	-1.0	0.2	0.0	42.235	-5.54	-3.65	0.0	72.854	8.094	-1.0	0.6	0.0	63.45	-5.45	-5.463	0.0	66.961	18.991	0.0	0.2	0.0	315.214	-5.2	-6.213	0.0	69.108	11.581	-1.0	0.0	0.0	84.664	-5.06
-1.0	-10.588	3.722	0.0	24.15	-13.136	0.0	0.0	65.0	-6.9	-7.963	0.0	86.061	30.615	0.0	0.0	1.684	90.089	-5.68	-5.025	0.0	69.563	21.171	-1.0	0.0	1.232	78.271	-4.92	-6.15	0.0	67.85	0.0	-7.21	0.0	0.0	34.195	-5.9	-4.588	0.0	74.146	0.0	-1.0	32.4	1.081	72.168	-6.4	-5.15	0.0	71.78	0.0	0.0	0.0	0.0	37.586	-5.08	-5.463	3.19	69.756	0.0	-1.0	0.2	0.0	42.72	-5.44	-3.462	0.0	70.405	8.167	-1.0	0.6	0.0	63.74	-5.44	-5.15	0.0	65.809	19.137	0.0	0.2	0.0	315.311	-5.32	-6.275	0.0	69.234	11.363	-1.0	0.0	0.0	86.02	-4.99
-1.0	-10.15	2.127	0.0	24.44	-13.2	0.0	0.0	77.69	-6.84	-7.4	3.19	85.786	30.252	0.0	0.0	2.338	103.457	-5.65	-5.088	0.0	69.294	21.316	-1.0	0.0	1.14	88.151	-4.86	-6.588	0.0	67.302	0.0	-7.126	0.0	0.0	34.001	-6.02	-5.15	0.0	75.727	0.0	-1.0	32.4	0.0	71.877	-6.46	-5.338	0.0	71.816	0.0	0.0	0.0	0.0	37.295	-5.12	-5.4	2.659	69.098	0.0	-1.0	0.2	0.0	43.107	-5.4	-3.4	0.0	69.043	8.53	-1.0	0.6	0.0	64.418	-5.44	-5.4	0.0	66.169	18.846	0.0	0.2	0.0	316.086	-5.4	-6.525	0.0	69.468	11.363	-1.0	0.0	0.0	85.052	-4.95
-1.0	-10.838	1.063	0.0	24.222	-13.1	0.0	0.0	82.533	-6.84	-7.838	0.532	85.931	30.615	-6.818	0.0	2.238	99.485	0.0	-5.15	0.0	0.0	21.462	-1.0	0.0	0.0	95.998	-5.08	-6.713	0.0	68.83	0.0	-7.095	0.0	0.0	33.808	-6.0	-4.588	0.0	74.931	0.0	-1.0	32.4	0.0	72.168	-6.38	-5.275	0.0	70.463	0.0	0.0	0.0	0.0	37.489	-5.26	-5.463	1.063	69.994	0.0	-1.0	0.2	0.0	42.235	-5.38	-3.587	0.0	68.621	8.094	-1.0	0.6	0.0	63.74	-5.38	-5.4	0.0	65.872	19.209	0.0	0.2	0.0	314.924	-5.52	-7.338	0.0	69.32	11.436	-1.0	0.0	0.0	85.149	-5.0
-1.0	-12.088	2.127	0.0	23.859	-12.989	0.0	0.0	82.727	-6.81	-8.275	0.0	85.648	30.615	0.0	0.0	1.307	94.545	-5.38	-5.213	0.0	66.77	21.752	-1.0	0.0	0.0	95.126	-5.18	-7.088	0.0	68.433	0.0	-7.066	0.0	0.0	34.001	-6.12	-4.4	0.0	75.705	0.0	-1.0	32.4	0.0	72.265	-6.32	-5.588	0.0	69.585	0.0	0.0	0.0	0.0	37.779	-5.32	-5.338	1.595	70.824	0.0	-1.0	0.2	0.0	42.72	-5.36	-3.462	0.0	69.376	8.094	-1.0	0.6	0.0	64.031	-5.42	-5.4	0.0	67.526	18.628	0.0	0.2	0.0	314.924	-5.64	-7.4	0.0	69.221	11.654	-1.0	0.0	0.0	85.052	-5.03
-1.0	-12.088	1.595	0.0	24.077	-13.889	0.0	0.0	82.436	-6.84	-8.525	0.0	85.703	30.761	0.0	0.0	0.0	94.545	-5.71	-5.15	0.0	68.078	21.098	-1.0	0.0	0.0	95.126	-5.3	-7.275	0.0	70.482	0.0	-7.037	0.0	0.0	33.517	-6.18	-4.338	0.0	75.387	0.0	-1.0	32.4	0.0	72.265	-6.34	-5.213	0.0	69.531	0.0	0.0	0.0	0.0	37.779	-5.18	-5.588	2.659	70.184	0.0	-1.0	0.2	0.0	42.429	-5.35	-3.275	0.0	68.626	8.167	-1.0	0.6	0.0	63.644	-5.37	-5.275	0.0	67.409	18.991	0.0	0.2	0.0	315.311	-5.46	-7.275	0.0	69.031	11.654	-1.0	0.0	0.0	84.858	-5.06
-1.0	-10.838	0.532	0.0	24.15	-12.904	0.0	0.0	82.146	-6.9	-8.025	0.0	85.355	30.906	0.0	0.0	1.492	104.813	-5.38	-5.213	0.0	67.331	21.897	-1.0	0.0	0.0	95.32	-5.38	-7.4	0.0	70.861	0.0	-7.096	0.0	0.0	33.904	-6.18	-4.713	0.0	76.299	0.0	-1.0	32.4	0.0	72.168	-6.36	-5.213	0.0	69.279	0.0	0.0	0.0	0.0	37.489	-5.1	-5.4	2.127	69.403	0.0	-1.0	0.2	0.0	42.429	-5.3	-3.65	0.0	68.308	8.094	-1.0	0.6	0.0	64.128	-5.36	-5.65	0.0	66.389	18.919	0.0	0.2	0.0	314.924	-5.58	-7.588	0.0	70.352	11.581	-1.0	0.0	0.0	84.761	-4.96
-1.0	-10.275	0.532	0.0	23.932	-13.248	0.0	0.0	82.727	-6.83	-8.025	0.0	85.414	30.615	-6.736	0.0	1.819	95.32	-5.2	-5.15	0.0	69.007	21.534	-1.0	0.0	0.0	95.514	-5.34	-7.588	0.0	71.435	0.0	-7.005	0.0	0.0	33.808	-6.34	-4.713	0.0	76.403	0.0	-1.0	32.4	0.0	71.974	-6.34	-5.275	0.0	69.556	0.0	0.0	0.0	0.0	38.07	-5.14	-5.463	0.532	68.994	0.0	-1.0	0.2	0.0	42.429	-5.25	-3.587	0.0	69.747	8.675	-1.0	0.6	0.0	63.062	-5.33	-5.588	0.0	66.01	18.265	0.0	0.2	0.0	315.311	-5.71	-7.713	0.0	70.524	11.363	-1.0	0.0	0.0	84.761	-4.9
-1.0	-11.4	1.063	0.0	24.15	-13.287	0.0	0.0	82.436	-6.6	-7.775	0.0	84.885	30.761	-6.755	0.0	2.33	93.576	-5.07	-4.963	0.0	67.568	21.244	-1.0	0.0	0.98	81.564	-5.32	-7.275	0.0	71.169	0.0	-7.03	0.0	0.0	34.292	-6.28	-4.588	0.0	77.18	0.0	-1.0	32.4	0.0	71.684	-6.22	-5.338	0.0	70.47	0.0	0.0	0.0	0.0	37.489	-5.09	-5.463	1.595	70.698	0.0	-1.0	0.2	0.0	42.235	-5.2	-3.525	0.0	69.633	8.53	-1.0	0.6	0.0	98.226	-5.2	-5.4	0.0	65.259	19.209	0.0	0.2	0.0	315.214	-5.75	-7.463	0.0	70.885	11.508	-1.0	0.0	0.0	84.955	-5.01
-1.0	-9.338	1.595	0.0	23.568	-13.524	0.0	0.0	81.564	-6.56	-8.15	0.0	81.763	30.906	0.0	0.0	2.003	81.661	-1.0	-5.088	0.0	69.013	21.244	-1.0	0.0	0.0	85.924	-5.05	-6.713	0.0	69.312	0.0	-7.081	0.0	0.0	33.614	-6.34	-4.775	0.0	76.287	0.0	-1.0	32.4	0.0	72.459	-6.02	-5.338	0.0	70.363	0.0	0.0	0.0	0.0	38.167	-5.18	-5.588	0.0	71.173	0.0	-1.0	0.2	0.0	42.526	-5.15	-3.65	0.0	69.692	8.021	-1.0	0.6	0.0	101.907	-5.32	-5.713	0.0	66.011	18.701	0.0	0.2	0.0	315.214	-5.52	-7.4	0.0	69.519	11.145	-1.0	0.0	0.0	85.052	-4.95
-1.0	-9.338	0.0	0.0	24.295	-13.387	0.0	0.0	79.821	-6.32	-8.338	3.19	80.786	30.906	0.0	0.0	1.986	89.508	-4.94	-5.025	0.0	69.759	21.534	-1.0	0.0	0.0	86.214	-5.17	-7.588	0.0	69.439	0.0	-6.97	0.0	0.0	34.001	-6.34	-4.838	0.0	76.287	0.0	-1.0	32.4	0.0	71.877	-6.04	-5.275	0.0	70.63	0.0	0.0	0.0	0.0	37.779	-5.2	-5.463	0.532	70.601	0.0	-1.0	0.2	0.0	42.235	-5.29	-3.65	0.0	72.008	8.167	-1.0	0.6	0.0	101.616	-5.38	-5.775	0.0	66.999	18.265	0.0	0.2	0.0	315.117	-5.65	-7.713	0.0	69.892	11.508	-22.009	0.0	0.0	85.052	-4.96
-1.0	-8.9	5.849	0.0	23.932	-13.521	0.0	0.93	53.86	-6.14	-8.15	0.0	77.855	30.761	0.0	0.0	1.743	61.028	-5.57	-5.025	0.0	72.509	21.098	-1.0	0.0	0.0	86.214	-5.17	-7.713	0.0	70.062	0.0	-6.988	0.0	0.0	34.098	-6.36	-4.838	0.0	76.12	0.0	-1.0	32.4	0.0	71.781	-6.2	-5.275	0.0	72.306	0.0	0.0	0.0	0.0	37.682	-5.1	-5.588	0.0	69.428	0.0	-1.0	0.2	0.0	42.429	-5.41	-3.837	0.0	72.591	8.094	-1.0	0.6	0.0	102.101	-5.32	-5.4	0.0	66.499	18.41	0.0	0.2	0.0	315.311	-5.69	-7.9	0.0	70.355	11.944	-22.041	0.0	0.0	84.858	-5.01
-1.0	-9.15	0.0	0.0	24.15	-13.415	0.0	1.274	59.187	-6.2	-8.15	0.0	77.497	31.051	0.0	0.0	2.028	79.433	-5.76	-5.213	0.0	72.953	21.462	-1.0	0.0	0.0	86.311	-5.12	-7.775	0.0	71.111	0.0	-6.997	0.0	0.0	34.001	-6.35	-4.65	0.0	76.494	0.0	-1.0	32.4	0.0	71.877	-6.3	-5.463	0.0	71.557	0.0	0.0	0.0	0.0	37.779	-5.06	-5.463	0.532	69.41	0.0	-1.0	0.2	0.0	42.526	-5.48	-3.4	0.0	70.57	8.385	-1.0	0.6	0.0	101.81	-5.12	-5.15	0.0	65.481	18.701	0.0	0.2	0.0	316.086	-5.58	-7.15	0.0	69.931	11.581	-22.235	0.0	0.0	84.955	-5.08
-1.0	-7.9	0.532	0.0	24.367	-13.815	0.0	2.045	81.08	-5.9	-7.275	0.0	80.284	30.615	-6.785	0.0	3.243	95.223	-5.2	-5.025	0.0	68.832	21.389	-1.0	0.0	0.0	104.91	-5.2	-7.588	0.0	70.848	0.0	-6.97	0.0	0.0	33.904	-6.26	-4.775	0.0	76.93	0.0	-1.0	32.4	0.0	71.974	-6.2	-5.4	0.0	69.51	0.0	0.0	0.0	0.0	37.779	-4.95	-5.463	4.254	68.654	0.0	-1.0	0.2	0.0	42.235	-5.41	-3.525	0.0	70.732	8.094	-1.0	0.6	0.0	101.907	-5.18	-5.4	0.0	67.597	19.718	0.0	0.2	0.0	315.311	-5.49	-7.838	0.0	68.85	11.218	-1.0	0.0	0.0	85.149	-5.12
-1.0	-8.275	1.595	0.0	24.15	-13.479	0.0	1.886	92.608	-5.68	-6.463	0.0	82.847	30.761	0.0	0.0	3.955	101.713	-4.88	-5.025	0.0	66.787	21.171	-1.0	0.0	1.458	103.263	-4.96	-6.775	0.0	68.727	0.0	-7.118	0.0	0.0	33.517	-6.07	-4.65	0.0	75.458	0.0	-1.0	32.4	0.0	71.877	-6.08	-5.025	0.0	68.258	0.0	0.0	0.0	0.0	37.779	-4.97	-5.338	0.532	70.969	0.0	-1.0	0.2	0.0	156.251	-5.08	-3.275	0.0	68.553	8.312	-1.0	0.6	0.0	173.591	-5.24	-5.713	0.0	68.169	18.919	0.0	0.2	0.0	314.924	-5.44	-7.463	0.0	68.81	11.581	-22.154	0.0	0.0	84.858	-5.02
-1.0	-8.713	2.659	0.0	23.932	-13.619	0.0	1.567	108.3	-5.66	-6.338	0.0	82.982	30.688	0.0	0.0	3.603	106.944	-4.78	-5.025	0.0	0.0	21.68	-1.0	0.0	1.307	112.853	-4.56	-6.525	0.0	67.231	0.0	-7.159	0.0	0.0	34.001	-5.98	-4.775	0.0	76.668	0.0	-1.0	32.4	0.0	71.974	-5.72	-5.338	0.0	67.924	0.0	0.0	0.0	0.0	54.538	-4.92	-5.463	0.532	70.087	0.0	-1.0	0.2	0.0	158.77	-4.52	-3.4	0.0	68.003	8.385	-1.0	0.6	0.0	183.084	-4.9	-5.338	0.0	64.768	19.064	0.0	0.2	0.0	238.881	-5.47	-7.588	0.0	69.08	11.436	-22.201	0.0	0.0	85.439	-4.98
-1.0	-8.65	0.0	0.0	24.15	-13.769	0.0	1.232	86.795	-5.58	-6.15	0.532	83.002	30.906	0.0	0.0	3.503	102.101	-4.53	-4.713	0.0	65.719	21.607	-1.0	0.0	1.098	121.572	-4.69	-7.275	0.0	67.742	0.0	-7.058	0.0	0.0	34.098	-5.24	-4.775	0.0	72.335	0.0	-1.0	32.4	0.0	72.459	-5.44	-5.15	0.0	67.953	0.0	0.0	0.0	0.0	68.874	-4.74	-5.588	0.532	68.037	0.0	-1.0	0.2	0.0	159.06	-4.46	-3.462	0.0	67.761	8.385	-1.0	0.6	0.0	178.531	-4.59	-5.025	0.0	64.485	18.483	0.0	0.2	0.0	237.331	-5.4	-7.213	0.0	69.093	11.872	-1.0	0.0	0.0	84.955	-4.5
-1.0	-8.9	1.595	0.0	24.222	-13.521	0.0	1.626	92.704	-5.6	-6.65	0.0	82.932	30.906	0.0	0.0	2.992	95.804	-4.46	-4.775	0.0	64.979	21.389	-1.0	0.0	1.232	101.616	-4.42	-6.65	0.0	66.514	0.0	-7.128	0.0	0.0	34.001	-5.38	-4.65	0.0	73.322	0.0	-1.0	32.4	0.0	71.393	-5.18	-5.088	0.0	66.397	0.0	0.0	0.0	0.0	68.874	-4.84	-5.713	5.849	68.952	0.0	-1.0	0.2	0.0	158.866	-4.36	-3.462	0.0	66.859	8.167	-1.0	0.6	0.0	177.756	-4.78	-5.275	0.0	64.555	18.773	0.0	0.2	0.0	237.718	-4.96	-6.9	0.0	68.425	11.363	-1.0	0.0	0.0	84.955	-4.5
-1.0	-8.775	0.532	0.0	24.15	-13.269	0.0	1.056	71.296	-5.66	-6.838	0.0	80.875	30.615	0.0	0.0	2.724	102.876	-4.47	-4.963	0.0	64.612	21.244	-1.0	0.0	1.265	99.001	-4.26	-6.463	0.0	65.198	0.0	-7.094	0.0	0.0	34.001	-5.41	-4.963	0.0	73.796	0.0	-1.0	32.4	0.0	71.974	-5.3	-5.088	0.0	67.676	0.0	0.0	0.0	0.0	68.778	-4.62	-5.4	1.595	68.465	0.0	-1.0	0.2	0.0	158.866	-4.28	-3.4	0.0	66.412	8.821	-1.0	0.6	0.0	177.756	-4.84	-5.463	0.0	64.988	18.773	0.0	0.2	0.0	237.428	-4.72	-6.9	0.0	67.099	11.654	-1.0	0.0	0.0	85.245	-4.5
-1.0	-9.65	0.532	0.0	24.367	-13.477	0.0	0.0	73.234	-5.68	-7.588	0.0	79.573	30.761	0.0	0.0	2.162	87.958	-4.54	-4.963	0.0	64.99	21.534	-1.0	0.0	1.131	105.201	-4.21	-6.775	0.0	64.894	0.0	-7.048	0.0	0.0	33.904	-5.45	-4.838	0.0	73.644	0.0	-1.0	32.4	0.0	72.168	-5.58	-5.4	0.0	71.948	0.0	0.0	0.0	0.0	68.681	-4.41	-5.4	0.0	68.228	0.0	-1.0	0.2	0.0	158.77	-4.3	-3.587	0.0	66.794	8.385	-1.0	0.6	0.0	177.659	-4.95	-5.65	0.0	65.279	19.355	0.0	0.2	0.0	236.653	-4.72	-7.213	0.0	68.244	11.581	-22.299	0.0	0.0	85.439	-4.61
-1.0	-9.963	0.0	0.0	24.513	-13.029	0.0	0.0	73.718	-5.71	-8.025	0.0	79.408	30.906	0.0	0.0	1.751	88.151	-4.46	-4.963	0.0	64.953	21.026	-1.0	0.0	1.014	105.685	-4.47	-7.338	0.0	68.114	0.0	-7.025	0.0	0.0	33.808	-5.3	-4.65	0.0	72.347	0.0	-1.0	32.4	0.0	71.877	-5.6	-5.713	0.0	69.454	0.0	0.0	0.0	0.0	68.584	-4.32	-5.463	1.595	68.346	0.0	-1.0	0.2	0.0	159.06	-4.28	-3.462	0.0	66.951	8.094	-1.0	0.6	0.0	177.659	-4.94	-5.713	0.0	65.125	18.919	0.0	0.2	0.0	236.944	-4.69	-7.338	0.0	67.538	11.654	-22.186	0.0	0.0	85.827	-4.6
