9.6	18.1	613.605	57.661	25.021	-16.893	34.8	0.0	248.277	7.48	14.412	638.596	56.257	33.957	-9.205	28.8	1.307	248.568	7.62	18.225	0.0	57.586	23.568	-15.977	0.0	0.98	219.119	10.15	25.288	0.0	54.471	30.979	-8.461	35.0	1.19	202.748	8.96	17.1	0.0	55.482	10.637	-10.744	0.0	1.802	235.49	9.14	13.537	0.0	54.799	0.0	0.0	0.2	0.0	200.036	9.7	14.787	634.874	55.207	9.111	-1.0	0.0	0.0	173.881	8.34	12.037	0.0	57.321	26.402	-13.14	31.6	0.0	222.122	9.35	16.475	0.0	55.066	20.662	-13.991	0.0	0.0	152.57	9.24	22.038	0.0	53.772	9.547	-1.0	37.2	0.0	257.867	9.76
9.38	17.725	616.264	57.83	24.731	-16.715	34.8	1.567	279.857	7.43	15.162	641.787	57.499	33.521	-9.199	28.8	0.0	259.805	7.78	19.475	0.0	55.541	23.714	-16.301	0.0	0.0	228.128	9.28	25.475	0.0	53.18	30.979	-8.578	35.0	0.0	238.978	9.14	16.85	0.0	55.449	10.927	-10.752	0.0	1.299	187.346	8.94	14.1	0.0	53.818	0.0	0.0	0.2	1.064	210.111	9.7	14.912	637.001	55.385	9.402	-1.0	0.0	0.905	172.719	8.28	12.725	0.0	56.729	26.474	-13.564	31.6	0.0	232.197	9.27	17.1	0.0	54.995	20.444	-14.028	0.0	0.0	154.895	10.08	24.663	0.0	53.414	9.547	-1.0	37.2	1.156	226.191	9.65
9.14	16.475	618.391	57.386	25.239	-16.316	34.8	1.919	247.696	7.82	15.225	644.445	57.211	33.521	-9.208	28.8	0.0	266.198	7.67	18.6	0.0	57.159	23.714	-15.87	0.0	0.0	226.482	10.09	26.725	0.0	55.561	31.269	-9.279	35.0	0.0	182.212	9.24	17.663	0.0	55.435	11.291	-10.838	0.0	1.006	247.696	9.82	15.225	0.0	57.169	0.0	0.0	0.2	1.668	193.74	9.92	15.537	637.533	55.417	8.966	-1.0	0.0	0.0	176.787	8.54	12.85	0.0	57.526	26.547	-13.639	31.6	1.844	217.666	9.5	17.788	0.0	54.881	20.808	-14.083	0.0	0.0	178.919	10.2	24.413	0.0	54.508	9.329	-1.0	37.2	1.232	233.747	9.43
9.12	15.537	620.518	58.717	24.44	-16.38	34.8	1.584	218.829	7.56	14.225	648.167	59.132	33.303	-9.053	28.8	1.399	279.663	7.62	16.475	0.0	58.308	24.44	-15.677	0.0	0.0	217.666	10.57	27.1	0.0	57.606	30.761	-11.045	35.0	2.12	192.868	9.14	16.225	0.0	56.274	10.782	-10.611	0.0	0.0	213.017	9.58	15.35	0.0	55.249	0.0	0.0	0.2	2.02	195.968	9.87	15.662	640.723	54.281	9.111	-1.0	0.0	0.0	168.36	8.38	13.225	0.0	56.919	26.474	-13.051	31.6	0.0	266.876	9.42	17.288	0.0	54.632	20.88	-13.787	0.0	0.0	163.032	10.04	23.975	0.0	52.626	8.893	-1.0	37.2	1.14	197.518	9.51
8.71	15.1	622.113	57.086	25.021	-16.271	34.8	1.634	230.066	7.36	14.225	646.04	57.285	33.667	-9.102	28.8	1.617	247.115	7.72	17.35	0.0	58.41	24.295	-15.493	0.0	0.0	235.684	9.54	23.788	0.0	53.785	30.615	-7.947	35.0	1.961	197.905	8.96	16.85	0.0	55.776	11.218	-10.674	0.0	0.0	176.206	9.32	13.912	0.0	56.653	0.0	0.0	0.2	0.0	191.705	10.16	14.85	638.065	55.216	9.547	-1.0	0.0	0.0	190.059	8.16	12.725	0.0	58.911	26.547	-12.913	31.6	0.0	222.994	9.34	16.85	0.0	55.184	20.88	-13.878	0.0	0.0	169.232	10.04	23.725	0.0	51.992	9.038	-1.0	37.2	0.0	225.997	9.69
9.1	16.038	624.772	56.971	25.239	-16.28	34.8	0.913	236.944	7.46	15.1	647.635	57.532	33.521	-9.14	28.8	1.249	261.258	7.6	17.725	0.0	57.728	23.641	-15.783	0.0	1.601	219.023	9.55	25.788	0.0	53.308	30.543	-8.471	35.0	0.0	186.571	8.9	16.85	0.0	55.207	10.709	-10.674	0.0	0.0	222.994	9.38	14.6	0.0	55.485	0.0	0.0	0.2	0.0	219.41	9.84	16.038	646.04	54.336	9.62	-1.0	0.0	1.207	178.337	8.7	13.787	0.0	58.651	26.329	-12.744	31.6	0.0	243.434	9.13	17.788	0.0	55.064	20.953	-13.988	0.0	0.0	170.007	9.3	24.35	0.0	53.512	8.966	-1.0	37.2	1.785	225.803	9.56
9.34	16.288	626.367	56.773	24.367	-16.343	34.8	1.492	232.1	7.78	15.412	663.587	57.64	33.739	-9.274	28.8	1.173	267.167	7.87	17.85	0.0	57.625	24.295	-15.882	0.0	1.24	230.453	10.23	26.85	0.0	56.232	30.761	-8.777	35.0	0.0	176.109	9.2	16.913	0.0	57.074	10.346	-10.665	0.0	0.0	217.473	9.44	14.85	0.0	54.546	0.0	0.0	0.2	0.0	215.245	9.98	14.725	649.231	54.118	9.329	-1.0	0.0	2.053	194.03	8.35	13.1	0.0	57.06	26.474	-12.655	31.6	0.0	220.573	9.39	17.663	0.0	55.693	20.953	-13.733	0.0	0.0	157.51	10.0	24.1	0.0	53.342	9.474	-1.0	37.2	1.659	199.455	9.76
9.48	17.288	625.835	58.108	25.239	-16.677	34.8	0.0	213.21	8.08	15.412	654.548	57.484	33.449	-9.244	28.8	0.0	240.043	7.86	18.225	0.0	56.956	24.367	-15.909	0.0	1.542	229.678	10.66	26.6	0.0	53.406	30.325	-8.91	35.0	1.073	216.02	8.94	17.038	0.0	56.595	10.782	-10.705	0.0	0.0	191.899	9.28	13.787	0.0	54.106	0.0	0.0	0.2	1.123	182.6	10.72	16.35	651.358	55.12	8.893	-1.0	0.0	1.467	186.474	8.56	12.537	0.0	56.888	26.547	-12.185	31.6	0.0	215.342	9.7	18.288	0.0	54.494	20.59	-13.914	0.0	0.0	160.513	9.75	24.413	0.0	53.217	9.474	-1.0	37.2	2.045	204.105	9.96
9.76	16.538	628.494	57.86	24.44	-16.792	34.8	1.684	223.285	7.54	14.537	656.675	57.603	33.449	-9.164	28.8	1.534	259.902	7.58	17.35	0.0	58.244	24.222	-17.846	0.0	1.332	220.96	9.6	25.975	0.0	56.137	30.833	-8.75	35.0	2.028	199.455	8.96	16.475	0.0	57.387	11.145	-10.641	0.0	0.93	216.698	9.7	14.787	0.0	55.118	0.0	0.0	0.2	0.0	198.68	10.09	16.413	652.421	53.775	9.329	-1.0	0.0	0.0	211.467	8.66	13.287	0.0	56.348	26.402	-12.425	31.6	0.0	213.792	9.16	18.35	0.0	55.659	20.88	-13.883	0.0	0.0	212.629	10.34	25.163	0.0	52.759	9.256	-1.0	37.2	1.341	178.822	9.8
9.86	17.788	626.898	55.645	24.585	-16.965	34.8	2.112	209.82	7.82	13.912	655.611	57.124	33.449	-9.109	28.8	1.567	283.732	7.82	18.1	0.0	56.484	24.004	-15.877	0.0	0.0	226.191	9.95	24.725	0.0	54.799	30.252	-8.321	35.0	1.408	189.38	9.34	17.288	0.0	56.245	11.0	-11.127	0.0	0.0	214.082	9.53	14.287	0.0	54.737	0.0	0.0	0.2	0.997	210.304	10.44	16.038	653.484	56.529	8.893	-1.0	0.0	1.643	185.506	8.55	13.162	0.0	57.382	26.62	-12.367	31.6	1.265	227.741	9.66	18.163	0.0	54.727	20.444	-13.887	0.0	0.0	181.631	10.51	23.288	0.0	52.722	9.256	-1.0	37.2	0.0	203.233	9.99
9.7	17.038	634.342	56.035	25.239	-16.385	34.8	1.961	241.303	7.79	14.975	656.675	56.333	33.594	-9.273	28.8	1.115	246.437	7.78	18.225	0.0	56.682	24.222	-15.909	0.0	1.115	245.177	10.72	27.413	0.0	53.415	30.761	-9.243	35.0	0.0	191.705	9.55	17.35	0.0	54.562	10.782	-10.867	0.0	1.902	209.917	9.6	14.725	0.0	55.4	0.0	0.0	0.2	1.073	190.64	9.98	16.788	663.587	54.981	9.402	-1.0	0.0	0.0	206.333	8.74	13.6	0.0	56.272	26.402	-12.341	31.6	1.039	242.853	9.32	18.725	0.0	55.771	21.098	-14.057	0.0	0.0	226.191	10.26	24.475	0.0	53.65	9.256	-1.0	37.2	1.307	238.203	9.89
9.51	18.413	634.342	56.975	25.167	-16.746	34.8	0.0	242.078	7.65	14.85	658.27	56.749	33.449	-9.313	28.8	1.115	223.479	8.03	18.85	0.0	56.223	23.568	-16.137	0.0	1.324	232.681	10.14	25.788	0.0	54.021	30.979	-8.632	35.0	1.081	188.218	9.58	17.35	0.0	55.249	10.927	-10.867	0.0	0.0	180.081	9.5	14.6	0.0	54.703	0.0	0.0	0.2	0.0	201.974	10.37	15.85	658.802	53.905	8.893	-1.0	0.0	1.668	190.059	8.78	12.975	0.0	56.747	26.038	-12.262	31.6	0.0	225.319	9.72	18.413	0.0	54.824	20.372	-13.808	0.0	0.0	166.907	9.96	24.163	0.0	54.978	9.038	-1.0	37.2	0.0	198.292	9.76
9.31	17.038	635.406	57.12	24.585	-16.535	34.8	0.0	238.978	7.91	15.725	658.27	57.167	33.521	-9.338	28.8	0.997	285.863	7.86	18.725	0.0	58.144	23.786	-15.902	0.0	1.014	243.24	10.56	24.975	0.0	55.067	30.688	-8.248	35.0	0.0	212.242	8.99	16.913	0.0	56.866	11.218	-10.825	0.0	0.0	218.635	9.76	14.412	0.0	54.414	0.0	0.0	0.2	0.0	188.509	10.1	16.663	660.397	53.986	8.893	-1.0	0.0	0.0	191.512	8.77	12.85	0.0	57.561	26.402	-12.493	31.6	0.0	212.92	9.5	17.538	0.0	54.554	20.662	-13.619	0.0	0.0	153.345	10.04	24.85	0.0	54.216	9.256	-1.0	37.2	1.802	197.905	9.61
9.74	17.413	635.406	55.627	24.803	-16.633	34.8	0.0	241.69	7.54	15.35	663.055	55.857	33.667	-9.285	28.8	0.0	255.93	7.95	18.913	0.0	57.782	23.568	-15.883	0.0	0.0	221.347	10.12	26.038	0.0	54.556	30.979	-8.771	35.0	0.0	178.531	9.24	17.163	0.0	54.576	10.927	-10.878	0.0	0.0	201.005	9.39	14.412	0.0	55.959	0.0	0.0	0.2	1.106	202.167	10.64	16.413	658.802	55.939	9.402	-1.0	0.0	0.0	179.597	8.78	13.85	0.0	58.056	26.256	-12.565	31.6	0.0	215.632	9.78	18.975	0.0	54.536	20.953	-13.889	0.0	0.0	173.397	9.96	24.85	0.0	54.025	9.547	-1.0	37.2	1.793	196.743	9.9
10.18	18.538	638.596	58.129	24.949	-17.012	34.8	1.55	279.276	7.91	15.475	664.119	58.036	33.376	-9.283	28.8	0.0	269.298	8.05	18.85	0.0	57.014	23.568	-15.867	0.0	1.148	210.207	10.14	25.85	0.0	54.588	31.124	-8.385	35.0	0.0	221.929	9.48	17.913	0.0	56.707	10.492	-11.039	0.0	0.0	181.921	9.74	14.725	0.0	54.827	0.0	0.0	0.2	0.0	198.874	10.42	16.35	664.119	55.165	9.256	-1.0	0.0	0.0	178.047	8.61	13.725	0.0	58.666	26.402	-13.565	31.6	0.0	221.347	9.91	18.85	0.0	55.179	20.88	-13.861	0.0	0.0	161.869	10.66	24.725	0.0	54.037	9.038	-1.0	37.2	1.207	157.123	9.88
10.02	18.288	642.85	58.743	24.44	-17.101	34.8	0.0	246.631	8.14	15.412	666.777	57.812	33.521	-9.294	28.8	1.073	287.025	8.0	18.35	0.0	57.5	24.077	-15.806	0.0	0.98	228.322	10.58	26.288	0.0	52.823	30.18	-8.695	35.0	0.0	184.246	9.65	17.475	0.0	56.938	10.709	-10.931	0.0	0.0	213.695	9.77	14.537	0.0	53.519	0.0	0.0	0.2	2.112	216.117	10.16	16.663	666.777	54.562	9.184	-1.0	0.0	0.0	164.872	9.05	13.6	0.0	57.401	26.402	-12.994	31.6	2.129	215.342	9.78	18.975	0.0	54.387	21.098	-13.846	0.0	0.0	148.695	10.34	24.725	0.0	56.984	9.474	-1.0	37.2	1.458	235.103	10.04
9.71	17.288	641.787	56.566	25.167	-16.6	34.8	0.989	247.115	7.84	15.037	666.777	56.953	33.521	-9.232	28.8	1.358	239.172	7.98	18.85	0.0	57.439	24.222	-15.867	0.0	1.089	225.416	9.55	25.038	0.0	55.274	31.124	-8.322	35.0	1.45	182.018	9.42	17.163	0.0	56.99	11.291	-10.835	0.0	0.0	190.833	9.71	14.975	0.0	55.001	0.0	0.0	0.2	0.0	172.525	10.44	16.85	667.841	56.352	8.966	-1.0	0.0	0.0	194.224	8.88	12.787	0.0	57.375	26.547	-12.558	31.6	0.0	213.017	9.84	18.538	0.0	54.783	20.953	-14.4	0.0	0.0	167.682	9.82	23.288	0.0	54.065	8.675	-1.0	37.2	0.0	258.546	10.42
9.7	17.038	642.85	56.74	25.094	-16.611	34.8	1.927	228.128	8.42	15.037	667.841	57.594	33.449	-9.202	28.8	0.0	303.977	7.92	19.038	0.0	56.849	24.077	-15.915	0.0	1.676	237.428	9.98	25.225	0.0	53.159	30.18	-8.333	35.0	1.115	197.905	9.32	18.475	0.0	55.683	10.855	-10.967	0.0	1.827	168.457	10.05	14.287	0.0	54.992	0.0	0.0	0.2	1.098	193.255	10.3	16.288	670.499	54.492	8.821	-1.0	0.0	1.14	188.412	9.14	14.037	0.0	58.547	26.547	-13.036	31.6	1.031	228.032	9.82	18.6	0.0	53.915	20.953	-13.983	0.0	0.0	157.123	9.55	23.663	0.0	53.608	9.256	-1.0	37.2	2.078	233.166	10.08
9.44	17.413	644.445	56.437	24.513	-17.024	34.8	0.0	305.624	8.19	15.225	664.651	57.152	33.667	-9.248	28.8	1.492	320.348	8.26	18.725	0.0	56.17	24.295	-15.77	0.0	1.249	235.49	10.4	25.6	0.0	52.163	30.397	-8.354	35.0	0.0	192.868	9.23	17.975	0.0	54.99	11.073	-10.901	0.0	0.0	228.903	9.64	15.537	0.0	54.872	0.0	0.0	0.2	0.0	204.105	10.16	16.6	672.626	53.815	8.893	-1.0	0.0	0.0	170.685	9.09	14.162	0.0	56.618	26.474	-13.102	31.6	0.0	232.778	9.97	19.038	0.0	53.967	21.098	-13.903	0.0	0.0	130.387	9.76	23.038	0.0	54.086	9.184	-1.0	37.2	2.095	228.419	9.96
10.15	18.725	641.787	55.57	25.312	-16.907	34.8	1.441	238.106	8.34	16.788	669.436	55.625	33.521	-9.459	28.8	0.0	337.01	8.42	18.475	0.0	56.721	23.786	-15.707	0.0	1.349	231.131	10.12	25.413	0.0	54.258	31.124	-8.076	35.0	1.651	233.069	9.55	18.35	0.0	55.392	11.218	-10.926	0.0	1.307	242.465	9.62	14.537	0.0	55.698	0.0	0.0	0.2	1.089	185.409	10.38	17.038	672.626	55.367	8.893	-1.0	0.0	0.0	193.643	9.31	14.225	0.0	57.703	26.62	-13.072	31.6	0.0	221.057	9.98	19.163	0.0	54.327	20.735	-14.298	0.0	0.0	127.674	9.72	23.225	0.0	55.328	9.256	-1.0	37.2	1.743	319.864	10.0
10.28	17.725	643.913	56.239	24.803	-16.87	34.8	0.0	202.167	8.48	16.1	668.373	55.998	33.231	-9.391	28.8	0.0	252.927	8.67	20.538	0.0	55.733	23.859	-16.109	0.0	1.249	229.097	10.4	27.663	0.0	53.73	30.252	-9.108	35.0	1.274	180.856	9.87	17.975	0.0	55.351	10.855	-10.861	0.0	0.989	210.692	10.1	16.038	0.0	52.876	0.0	0.0	0.2	2.036	222.219	10.14	16.475	679.539	54.29	8.821	-1.0	0.0	0.0	180.081	9.25	14.287	0.0	55.052	26.547	-12.959	31.6	0.0	247.115	9.8	19.038	0.0	54.002	20.372	-14.221	0.0	0.0	139.977	9.83	24.475	0.0	54.275	9.256	-1.0	37.2	0.0	167.488	9.74
9.73	18.788	647.104	55.744	24.658	-17.08	34.8	0.0	284.991	8.05	15.787	669.968	56.168	33.594	-9.276	28.8	0.0	304.462	8.22	19.6	0.0	56.194	23.568	-16.265	0.0	1.332	265.229	10.44	26.288	0.0	54.692	30.979	-8.586	35.0	0.98	187.831	8.98	17.038	0.0	55.396	11.0	-10.686	0.0	0.0	243.821	10.18	15.537	0.0	55.278	0.0	0.0	0.2	1.768	201.586	10.71	16.6	674.753	54.224	9.402	-1.0	0.0	1.332	166.713	9.15	13.912	0.0	56.861	26.184	-12.807	31.6	1.073	211.467	10.07	19.6	0.0	54.935	20.808	-14.256	0.0	0.0	144.239	10.28	24.413	0.0	53.322	9.256	-1.0	37.2	2.036	205.461	10.3
9.96	18.225	647.635	56.574	24.513	-17.164	34.8	1.291	236.556	8.08	15.287	669.436	55.615	34.321	-9.196	28.8	0.0	272.301	8.14	18.788	0.0	56.532	24.15	-16.052	0.0	0.98	258.255	10.53	26.35	0.0	52.786	30.252	-8.608	35.0	0.0	203.33	9.55	18.288	0.0	55.185	11.073	-10.876	0.0	0.0	228.903	9.77	14.975	0.0	53.399	0.0	0.0	0.2	0.0	206.333	10.43	16.975	677.944	54.422	9.184	-1.0	0.0	0.0	185.021	8.7	13.537	0.0	57.434	26.838	-12.736	31.6	0.0	217.473	9.97	18.788	0.0	53.008	20.88	-14.612	0.0	0.0	80.208	10.06	25.038	0.0	56.471	9.329	-1.0	37.2	1.383	238.009	10.09
10.46	19.6	648.167	55.942	24.876	-17.149	34.8	1.726	202.555	8.6	16.225	671.563	56.631	33.885	-9.327	28.8	0.0	267.651	8.48	20.6	0.0	55.498	24.295	-16.259	0.0	0.0	247.793	10.77	26.788	0.0	53.272	30.543	-8.756	35.0	0.939	182.406	9.68	18.163	0.0	54.343	11.145	-10.827	0.0	1.768	157.995	9.9	15.912	0.0	53.658	0.0	0.0	0.2	1.994	206.817	10.63	17.538	681.666	52.8	9.91	-1.0	0.0	2.087	193.062	9.43	14.662	0.0	55.847	26.474	-12.537	31.6	0.0	239.365	10.22	20.35	0.0	54.809	20.953	-14.933	0.0	0.0	272.688	10.38	25.788	0.0	55.1	9.184	-1.0	37.2	1.676	183.859	10.06
10.04	18.975	648.167	55.997	25.094	-19.866	34.8	1.944	287.025	8.5	16.163	669.436	55.972	33.449	-9.288	28.8	0.0	277.145	8.36	18.1	0.0	56.39	23.859	-15.613	0.0	0.0	225.707	10.45	26.538	0.0	54.126	30.833	-8.671	35.0	0.0	179.306	9.76	17.975	0.0	55.127	11.0	-10.777	0.0	0.0	189.38	9.95	15.6	0.0	53.185	0.0	0.0	0.2	1.852	189.38	11.36	18.725	679.007	52.903	9.111	-1.0	0.0	0.0	163.226	9.34	14.975	0.0	56.333	26.547	-12.561	31.6	1.307	222.607	10.58	20.725	0.0	53.245	20.88	-14.92	0.0	0.0	178.919	9.7	23.538	0.0	55.562	8.748	-1.0	37.2	2.003	235.103	10.97
10.46	18.975	647.635	54.725	25.239	-16.822	34.8	1.391	215.632	8.72	17.1	669.436	56.122	33.594	-9.358	28.8	2.07	260.87	8.09	19.6	0.0	57.224	24.077	-15.994	0.0	0.0	226.772	10.68	26.6	0.0	55.915	30.761	-8.964	35.0	0.0	160.707	9.7	18.225	0.0	55.71	10.492	-10.792	0.0	1.902	220.573	9.79	15.037	0.0	53.971	0.0	0.0	0.2	0.0	176.884	10.6	16.163	686.451	53.548	9.111	-1.0	0.0	0.0	168.457	9.2	14.225	0.0	57.482	26.474	-12.319	31.6	0.93	248.277	10.18	19.038	0.0	53.548	20.444	-14.671	0.0	0.0	169.232	10.07	23.913	0.0	54.071	9.329	-1.0	37.2	1.45	202.555	10.58
9.92	16.975	650.294	56.656	25.167	-16.519	34.8	1.224	233.456	8.14	15.537	673.69	56.035	33.521	-9.211	28.8	1.349	268.814	8.64	19.788	0.0	56.228	24.077	-16.177	0.0	0.0	232.778	10.12	25.538	0.0	53.569	31.124	-8.225	35.0	2.103	191.608	9.36	17.475	0.0	55.305	10.782	-10.684	0.0	0.0	238.106	10.0	15.537	0.0	54.151	0.0	0.0	0.2	1.282	217.279	10.64	18.288	683.792	52.529	8.966	-1.0	0.0	1.567	174.947	9.46	14.912	0.0	57.522	26.474	-12.446	31.6	0.0	219.894	10.48	20.35	0.0	52.628	20.953	-14.625	0.0	0.0	101.81	10.18	23.975	0.0	56.077	8.748	-1.0	37.2	1.986	199.842	10.6
9.94	17.788	649.762	55.627	24.949	-16.656	34.8	0.997	209.142	8.38	14.725	674.221	56.744	33.449	-9.079	28.8	2.095	274.238	8.41	18.1	0.0	56.924	24.367	-15.613	0.0	0.0	219.023	10.0	22.975	0.0	53.911	30.47	-7.465	35.0	1.517	201.78	9.56	17.663	0.0	55.157	11.145	-10.697	0.0	0.0	226.578	10.1	15.1	0.0	54.999	0.0	0.0	0.2	0.922	202.167	10.86	17.475	684.856	55.022	9.256	-1.0	0.0	2.062	163.807	9.04	13.6	0.0	56.552	26.474	-12.14	31.6	0.0	204.492	10.38	19.35	0.0	53.487	20.372	-14.798	0.0	0.0	142.786	10.0	22.6	0.0	55.725	9.256	-1.0	37.2	0.0	230.066	10.42
9.62	17.038	652.421	56.464	25.312	-16.611	34.8	0.93	223.672	8.14	14.725	671.563	56.474	33.449	-9.1	28.8	1.089	263.001	8.25	19.1	0.0	56.344	24.295	-15.865	0.0	0.0	246.243	11.4	27.225	0.0	54.922	30.688	-11.195	35.0	0.0	187.056	9.93	17.225	0.0	55.182	10.927	-10.661	0.0	0.0	238.493	9.73	15.162	0.0	54.588	0.0	0.0	0.2	1.14	189.768	10.7	17.1	681.134	55.236	8.893	-1.0	0.0	1.056	174.656	9.16	14.537	0.0	55.57	26.329	-12.245	31.6	1.349	225.803	9.8	19.975	0.0	53.853	20.59	-15.003	0.0	0.0	188.509	9.86	24.663	0.0	53.352	9.184	-1.0	37.2	2.087	198.971	10.16
9.9	16.85	652.421	55.828	25.239	-16.487	34.8	2.12	241.69	8.1	14.787	675.285	56.234	33.739	-9.128	28.8	0.0	254.961	8.22	19.6	0.0	56.515	24.004	-15.994	0.0	1.659	246.34	10.35	25.475	0.0	55.481	30.615	-8.418	35.0	1.517	189.187	9.64	17.788	0.0	54.605	10.927	-10.811	0.0	2.112	189.38	10.27	14.912	0.0	54.637	0.0	0.0	0.2	0.0	213.598	10.52	16.225	686.451	54.286	9.256	-1.0	0.0	0.0	184.634	8.98	13.725	0.0	56.982	26.329	-12.162	31.6	1.089	226.966	9.88	18.163	0.0	54.372	20.953	-14.314	0.0	0.0	182.987	10.44	25.1	0.0	55.227	9.547	-1.0	37.2	1.743	230.453	10.16
