7.86	8.912	258.948	56.752	25.312	-12.528	34.8	0.0	130.193	6.17	6.912	298.827	54.715	33.449	-8.574	28.8	1.416	120.797	4.71	2.1	0.0	61.127	24.44	-9.12	0.0	0.0	125.834	4.78	2.225	0.0	65.536	30.688	-7.591	35.0	1.257	206.042	3.92	2.225	0.0	69.833	11.073	-9.065	0.0	0.0	208.754	4.43	1.413	0.0	66.522	0.0	0.0	0.2	0.0	184.343	4.6	1.038	15.952	69.572	10.346	-1.0	0.0	0.0	160.901	4.74	2.163	0.0	62.936	26.474	-13.408	31.6	0.0	147.92	5.72	1.725	0.0	59.293	22.406	-24.63	0.0	0.0	118.569	7.22	11.725	0.0	55.076	10.274	-1.0	37.2	0.0	257.48
7.92	9.412	261.075	56.031	25.385	-12.528	34.8	0.0	130.387	6.31	7.225	302.017	54.794	33.667	-8.539	28.8	1.198	121.184	4.84	1.913	0.0	60.589	24.876	-9.123	0.0	0.0	125.737	5.1	2.725	0.0	63.74	31.197	-1.182	35.0	1.198	201.392	4.0	1.913	0.0	70.082	11.0	-9.03	0.0	0.0	209.142	4.33	1.288	0.0	68.365	0.0	0.0	0.2	0.0	170.297	4.21	1.413	19.142	72.287	10.419	-1.0	0.0	0.0	162.741	4.92	2.163	0.0	61.609	26.402	-13.17	31.6	0.0	150.439	5.54	1.725	0.0	60.057	22.406	-24.722	0.0	0.0	139.299	7.05	11.787	0.0	57.469	10.201	-1.0	37.2	0.0	257.48
7.98	9.6	267.987	57.032	24.949	-12.561	34.8	0.0	130.677	6.52	7.287	309.461	54.708	33.449	-8.546	28.8	1.173	120.99	4.83	2.038	0.0	60.616	24.731	-9.113	0.0	0.0	125.543	5.52	7.225	0.0	63.153	31.197	-2.781	35.0	0.972	202.167	4.03	2.038	0.0	67.912	11.073	-9.022	0.0	0.0	208.754	4.44	1.413	0.0	66.417	0.0	0.0	0.2	0.0	169.619	4.18	1.413	18.61	71.487	9.547	-1.0	0.0	0.0	171.169	4.87	2.163	0.0	62.322	26.62	-13.47	31.6	0.0	150.729	4.82	1.725	0.0	65.57	22.479	-24.538	0.0	0.0	136.49	7.01	12.287	0.0	58.068	10.637	-1.0	37.2	0.0	257.577
7.81	9.537	272.241	56.102	25.603	-12.637	34.8	0.0	136.49	6.54	7.537	315.842	54.151	33.521	-8.567	28.8	1.148	121.087	4.76	2.163	0.0	60.744	24.585	-9.036	0.0	0.0	126.221	5.68	8.6	0.0	61.429	30.833	-3.417	35.0	1.156	201.683	3.82	2.1	0.0	70.385	11.073	-9.029	0.0	0.0	208.754	4.34	1.35	0.0	67.254	0.0	0.0	0.2	0.0	169.813	4.21	1.413	18.078	70.926	10.564	-1.0	0.0	0.0	173.784	4.85	2.288	0.0	62.541	26.329	-13.491	31.6	0.0	150.245	4.75	1.663	0.0	65.774	22.261	-24.425	0.0	0.0	135.908	6.76	12.35	0.0	57.597	9.983	-1.0	37.2	0.0	257.577
7.65	9.225	278.09	54.727	24.731	-12.368	34.8	0.0	137.071	6.54	7.6	324.349	53.797	33.594	-8.574	28.8	1.265	121.087	4.79	2.038	0.0	60.777	24.004	-9.187	0.0	0.0	136.199	5.9	10.037	0.0	62.719	31.269	-3.78	35.0	1.064	201.78	3.92	2.163	0.0	68.577	10.927	-9.036	0.0	0.0	208.754	4.7	1.35	0.0	65.549	0.0	0.0	0.2	0.0	168.941	4.03	1.475	13.293	71.509	10.346	-1.0	0.0	0.0	185.506	5.0	2.1	0.0	61.901	26.547	-13.159	31.6	0.0	157.22	5.14	1.85	0.0	63.83	22.406	-24.39	0.0	0.0	133.583	6.69	12.662	0.0	58.105	10.564	-1.0	37.2	0.0	257.577
8.17	9.85	285.002	56.361	24.949	-12.649	34.8	0.989	132.324	6.66	8.037	327.008	53.607	33.449	-8.575	28.8	1.349	120.797	4.96	2.1	0.0	59.962	23.932	-9.194	0.0	0.0	139.686	6.44	10.975	0.0	63.615	31.342	-3.878	35.0	0.0	202.07	3.92	2.225	0.0	68.314	10.709	-9.065	0.0	0.0	208.658	4.5	1.1	0.0	67.096	0.0	0.0	0.2	0.0	175.431	4.42	1.413	18.61	71.38	9.91	-1.0	0.0	0.0	185.699	4.95	2.538	0.0	62.447	26.402	-13.233	31.6	0.0	157.22	4.93	1.788	0.0	65.563	22.697	-24.371	0.0	0.0	133.971	6.84	12.912	0.0	58.759	10.492	-1.0	37.2	0.0	257.577
7.82	9.662	290.319	55.077	24.876	-12.749	34.8	0.0	135.327	6.76	7.912	332.325	53.385	33.449	-8.553	28.8	1.45	121.184	4.98	1.975	0.0	59.796	24.367	-9.232	0.0	0.0	139.589	6.37	11.1	0.0	62.549	30.833	-3.763	35.0	0.913	201.78	4.36	2.288	0.0	65.245	10.855	-9.039	0.0	0.0	209.142	4.56	1.288	0.0	65.928	0.0	0.0	0.2	0.0	175.722	4.22	1.538	18.078	72.824	9.983	-24.662	0.0	0.0	186.087	5.03	2.288	0.0	61.85	26.474	-13.018	31.6	0.0	157.22	5.51	1.788	0.0	61.875	22.697	-24.465	0.0	0.0	133.583	6.64	12.912	0.0	58.01	9.838	-1.0	37.2	0.0	225.416
8.47	10.975	293.51	55.173	24.949	-12.592	34.8	0.0	131.452	6.76	8.662	333.389	52.82	33.594	-8.632	28.8	1.291	120.99	5.0	2.163	0.0	60.053	23.932	-9.201	0.0	0.0	138.233	6.38	11.537	0.0	59.228	30.543	-4.313	35.0	0.0	201.78	4.85	3.475	0.0	64.299	11.436	-9.176	0.0	0.0	159.932	5.06	1.663	0.0	63.129	0.0	0.0	0.2	0.0	174.656	4.2	1.413	20.737	71.465	9.838	-1.0	0.0	0.0	186.377	5.1	2.413	0.0	61.108	26.692	-13.39	31.6	0.0	157.317	5.48	1.788	0.0	62.482	22.624	-24.651	0.0	0.0	134.262	6.72	13.162	0.0	57.591	10.709	-1.0	37.2	0.0	225.416
8.26	10.85	298.827	53.631	24.658	-12.487	34.8	0.0	131.259	7.2	9.037	342.428	52.615	33.667	-8.734	28.8	0.0	121.184	4.9	2.1	0.0	60.29	24.077	-9.247	0.0	0.0	138.233	6.72	11.787	0.0	58.052	31.124	-4.362	35.0	0.0	201.392	5.16	5.35	0.0	63.173	11.363	-9.347	0.0	0.0	160.223	5.17	1.35	0.0	62.207	0.0	0.0	0.2	0.0	174.947	4.67	1.725	22.332	69.742	9.547	-1.0	0.0	0.0	185.893	5.24	2.288	0.0	60.88	26.474	-13.43	31.6	0.0	160.61	5.65	1.725	0.0	60.919	22.697	-24.722	0.0	0.0	134.358	7.48	13.6	0.0	53.726	10.201	-1.0	37.2	0.0	225.416
8.27	10.975	303.081	52.767	25.603	-12.762	34.8	0.0	131.259	7.21	9.35	349.34	52.108	33.449	-8.73	28.8	0.0	120.797	5.14	2.1	0.0	59.001	24.004	-9.26	0.0	0.0	137.846	6.83	12.35	0.0	60.239	31.269	-4.318	35.0	0.0	202.07	5.45	5.975	0.0	61.949	11.363	-9.468	0.0	0.0	160.126	4.98	1.663	0.0	64.048	0.0	0.0	0.2	0.0	174.656	4.3	1.725	26.586	73.017	10.564	-1.0	0.0	0.0	186.184	5.15	2.225	0.0	61.257	26.547	-13.795	31.6	0.0	161.094	5.36	1.788	0.0	63.042	22.479	-24.181	0.0	0.0	143.27	7.21	13.787	0.0	54.986	10.201	-1.0	37.2	0.0	225.61
8.51	11.412	307.866	54.143	25.603	-12.713	34.8	0.0	113.725	7.42	9.725	354.126	51.266	33.521	-8.809	28.8	0.0	120.894	5.04	2.038	0.0	59.75	24.222	-9.137	0.0	0.0	138.233	6.84	12.6	0.0	60.806	31.124	-8.899	35.0	0.0	201.005	6.31	6.787	0.0	59.644	10.855	-9.526	0.0	0.0	160.32	5.32	1.788	0.0	62.066	0.0	0.0	0.2	0.0	159.932	4.6	1.725	27.118	69.336	9.838	-1.0	0.0	0.0	185.893	5.12	2.413	0.0	61.865	26.474	-13.574	31.6	0.0	161.094	5.09	1.975	0.0	64.723	22.842	-24.618	0.0	0.0	138.814	7.5	13.975	0.0	54.44	9.91	-1.0	37.2	0.0	225.707
8.7	11.725	313.715	54.675	24.949	-12.813	34.8	0.0	113.725	7.07	9.85	357.316	51.308	33.667	-8.824	28.8	0.0	121.184	4.82	2.038	0.0	60.642	24.44	-9.239	0.0	0.0	138.621	7.48	12.975	0.0	56.868	31.124	-4.453	35.0	0.0	200.617	6.8	7.225	0.0	57.083	11.073	-9.56	0.0	0.0	160.32	5.54	1.85	0.0	60.705	0.0	0.0	0.2	0.0	158.576	4.89	1.788	27.118	68.02	9.765	-1.0	0.0	0.0	186.571	5.37	2.413	0.0	60.17	26.184	-13.7	31.6	0.0	160.998	5.35	2.163	0.0	63.784	22.697	-24.772	0.0	0.0	135.133	7.91	14.037	0.0	52.984	10.128	-1.0	37.2	0.0	225.416
8.56	11.85	316.374	53.286	25.603	-12.708	34.8	0.0	113.435	7.11	9.725	363.697	51.704	33.739	-8.775	28.8	0.0	121.087	5.24	2.163	0.0	58.875	24.44	-9.281	0.0	0.0	138.427	8.06	12.85	0.0	55.289	31.124	-4.616	35.0	0.0	200.617	6.38	6.85	0.0	57.768	10.927	-9.523	0.0	0.0	160.513	5.93	4.037	0.0	59.242	0.0	0.0	0.2	0.0	158.673	4.87	1.913	28.181	68.255	10.346	-1.0	0.0	0.0	186.184	5.52	2.538	0.0	59.005	26.765	-13.659	31.6	0.0	161.094	5.4	2.1	0.0	63.545	22.406	-24.844	0.0	0.0	129.224	8.5	14.662	0.0	55.266	10.274	-1.0	37.2	0.0	225.707
8.28	12.162	327.008	53.544	25.457	-12.724	34.8	0.0	113.628	7.22	9.912	369.014	51.78	33.449	-8.798	28.8	0.0	120.894	5.14	2.35	0.0	59.398	23.714	-9.249	0.0	0.0	123.122	8.1	13.225	0.0	54.172	31.051	-4.954	35.0	0.0	200.617	5.76	6.912	0.0	60.769	10.782	-9.609	0.0	0.0	160.223	6.24	6.1	0.0	58.464	0.0	0.0	0.2	0.0	158.77	5.04	1.85	29.245	67.062	10.346	-1.0	0.0	0.0	186.087	5.56	2.225	0.0	59.069	26.474	-13.604	31.6	0.0	161.288	5.62	2.1	0.0	62.2	22.915	-24.935	0.0	0.0	130.096	9.18	14.787	0.0	50.477	10.274	-1.0	37.2	0.0	225.222
8.88	12.475	329.667	54.107	25.53	-12.952	34.8	0.0	114.209	7.1	10.162	374.331	51.703	33.594	-8.888	28.8	0.93	122.25	4.82	2.163	0.0	61.006	24.367	-9.295	0.0	1.148	126.803	7.86	13.85	0.0	60.122	30.761	-8.883	35.0	0.0	200.908	5.98	7.412	0.0	59.477	11.073	-9.65	0.0	0.0	160.32	6.03	6.6	0.0	59.995	0.0	0.0	0.2	0.0	158.77	5.34	1.975	28.181	65.961	9.983	-1.0	0.0	0.0	156.735	5.66	2.663	0.0	60.33	26.402	-13.744	31.6	0.0	161.579	5.45	2.288	0.0	63.334	22.842	-24.719	0.0	0.0	126.899	9.26	15.225	0.0	50.671	10.709	-1.0	37.2	0.0	225.029
9.36	12.412	334.452	55.098	25.239	-12.647	34.8	0.0	123.509	7.55	10.475	378.585	52.395	33.449	-8.893	28.8	0.0	120.797	5.12	2.538	0.0	59.508	23.859	-9.426	0.0	1.022	135.618	7.46	13.912	0.0	55.346	31.415	-8.931	35.0	0.0	200.617	5.6	7.6	0.0	62.252	11.363	-9.686	0.0	0.0	160.513	6.15	7.287	0.0	61.03	0.0	0.0	0.2	0.0	158.77	5.48	1.788	27.118	65.526	10.346	-1.0	0.0	0.0	157.026	5.48	2.538	0.0	61.451	26.474	-13.722	31.6	0.0	162.257	5.31	2.288	0.0	64.489	22.842	-24.531	0.0	0.0	134.358	8.16	15.1	0.0	53.378	9.91	-1.0	37.2	0.0	225.222
9.13	12.162	340.833	53.098	25.675	-12.522	34.8	0.0	125.737	7.63	10.787	384.434	51.054	33.521	-8.957	28.8	0.0	120.99	5.15	2.35	0.0	59.202	24.44	-9.223	0.0	1.14	146.273	7.55	14.287	0.0	58.24	30.543	-9.051	35.0	0.0	191.996	5.55	7.725	0.0	62.105	11.0	-9.787	0.0	0.0	159.932	6.31	7.287	0.0	58.131	0.0	0.0	0.2	0.0	158.673	5.66	2.225	30.308	64.277	9.838	-1.0	0.0	0.0	160.32	5.32	2.6	0.0	61.871	26.402	-13.67	31.6	0.0	171.944	5.59	2.538	0.0	62.694	22.551	-24.895	0.0	0.0	131.259	7.74	14.85	0.0	53.079	10.346	-1.0	37.2	0.0	204.88
8.66	12.662	347.213	52.101	25.312	-12.653	34.8	0.0	133.777	7.7	11.225	391.878	50.398	33.667	-9.004	28.8	0.905	119.44	5.21	2.663	0.0	58.643	24.513	-9.312	0.0	1.274	143.658	7.53	14.412	0.0	56.41	31.124	-9.007	35.0	0.0	192.383	5.74	7.912	0.0	61.327	11.291	-9.671	0.0	0.0	160.707	6.43	8.412	0.0	60.145	0.0	0.0	0.2	0.0	158.963	6.07	2.35	29.776	62.137	7.44	-1.0	0.0	0.93	184.634	5.5	2.725	0.0	60.22	26.62	-13.755	31.6	0.0	172.622	5.95	2.475	0.0	60.829	22.624	-1.0	0.0	0.0	129.515	7.25	15.162	0.0	53.574	9.983	-1.0	37.2	1.123	204.395
9.12	13.1	353.062	50.834	24.949	-12.734	34.8	0.0	133.099	8.23	11.787	392.941	48.454	33.449	-8.989	28.8	0.0	119.731	5.03	2.475	0.0	59.381	24.658	-9.238	0.0	1.81	147.048	7.66	14.725	0.0	58.026	30.688	-9.039	35.0	0.0	192.287	5.48	8.162	0.0	62.759	11.0	-9.737	0.0	0.0	160.126	6.7	8.475	0.0	59.622	0.0	0.0	0.2	0.0	159.06	5.96	2.288	30.308	62.702	9.91	-1.0	0.0	0.0	171.556	5.46	2.663	0.0	60.495	26.329	-13.618	31.6	0.0	172.622	5.7	2.225	0.0	62.352	22.624	-1.0	0.0	0.0	129.515	7.36	15.412	0.0	54.33	10.709	-1.0	37.2	1.14	204.492
9.4	13.85	358.38	51.358	25.603	-12.835	34.8	0.0	133.099	8.2	11.912	401.449	49.094	33.667	-9.152	28.8	0.0	119.828	5.24	2.6	0.0	58.277	24.367	-9.178	0.0	1.86	143.658	7.84	15.225	0.0	60.119	31.415	-9.075	35.0	0.947	192.48	5.7	8.225	0.0	61.376	10.782	-9.723	0.0	0.0	160.416	6.64	8.725	0.0	59.868	0.0	0.0	0.2	0.0	158.963	6.05	2.725	30.308	62.856	9.62	-1.0	0.0	0.913	148.598	5.72	2.663	0.0	58.98	26.402	-13.744	31.6	0.0	172.719	6.36	2.35	0.0	58.997	22.624	-24.36	0.0	0.0	129.515	7.66	15.537	0.0	51.841	10.419	-1.0	37.2	0.0	202.458
9.54	12.975	364.76	48.687	25.385	-12.632	34.8	0.0	146.951	8.27	12.225	408.361	49.623	33.521	-9.218	28.8	0.0	119.925	5.48	2.85	0.0	56.764	24.295	-9.269	0.0	1.676	149.858	8.39	14.6	0.0	57.212	31.124	-9.002	35.0	0.0	163.613	5.88	8.162	0.0	58.264	11.291	-9.749	0.0	0.0	160.32	6.52	8.6	0.0	59.308	0.0	0.0	0.2	0.0	159.738	6.22	2.725	29.245	62.078	9.91	-1.0	0.0	1.056	142.495	5.98	2.975	0.0	57.964	26.838	-13.61	31.6	0.0	169.91	6.34	2.413	0.0	59.677	22.406	-24.76	0.0	0.0	129.709	8.26	15.85	0.0	52.465	10.492	-1.0	37.2	0.964	194.999
9.66	12.975	371.673	48.425	24.731	-12.554	34.8	1.064	162.063	8.36	12.037	413.147	47.608	33.449	-9.242	28.8	1.115	120.022	5.32	2.788	0.0	57.488	24.44	-9.249	0.0	1.659	138.524	9.02	15.162	0.0	53.621	31.415	-9.067	35.0	0.0	154.507	6.2	9.162	0.0	60.532	11.218	-9.871	0.0	0.0	160.707	6.2	8.225	0.0	59.086	0.0	0.0	0.2	0.0	149.083	6.54	2.913	26.586	59.852	9.983	-1.0	0.0	1.14	138.621	6.0	3.163	0.0	57.996	26.329	-14.576	31.6	0.0	167.197	6.72	2.35	0.0	56.955	22.624	-25.108	0.0	0.0	129.127	9.06	16.6	0.0	49.208	10.709	-1.0	37.2	0.0	194.805
9.81	13.287	380.712	49.399	25.457	-12.499	34.8	1.257	155.089	8.78	12.162	413.147	47.229	33.376	-9.243	28.8	0.0	118.859	5.46	2.725	0.0	56.241	24.44	-9.204	0.0	1.651	140.074	9.5	15.725	0.0	52.52	31.487	-5.845	35.0	0.0	154.701	6.52	9.037	0.0	58.279	10.709	-9.866	0.0	0.0	160.901	6.44	8.6	0.0	57.374	0.0	0.0	0.2	0.0	149.083	6.54	2.788	32.967	59.993	10.492	-1.0	0.0	0.0	138.524	6.18	3.1	0.0	57.161	26.402	-13.758	31.6	0.0	166.519	6.24	2.288	0.0	59.491	22.551	-24.997	0.0	0.0	129.709	9.52	16.975	0.0	46.451	9.91	-30.037	37.2	0.0	194.805
9.88	13.725	388.688	49.899	25.239	-12.732	34.8	0.972	158.382	7.73	11.975	422.186	51.249	33.449	-9.226	28.8	0.0	120.022	5.99	2.788	0.0	53.806	23.641	-9.224	0.0	1.358	168.747	9.3	16.85	0.0	53.93	31.197	-6.157	35.0	0.0	156.445	6.61	9.225	0.0	56.909	11.073	-9.915	0.0	0.0	160.61	6.75	8.912	0.0	58.344	0.0	0.0	0.2	0.0	149.373	6.5	2.913	30.308	60.637	9.765	-1.0	0.0	0.905	138.524	6.24	2.975	0.0	56.214	26.474	-13.994	31.6	0.0	166.907	5.92	2.475	0.0	60.88	22.915	-1.0	0.0	0.0	141.721	9.78	17.038	0.0	47.698	10.201	-1.0	37.2	0.0	194.708
9.66	13.85	392.941	48.456	25.239	-12.421	34.8	0.0	165.066	7.83	11.662	423.249	51.594	33.376	-9.152	28.8	0.0	120.022	6.04	2.725	0.0	55.076	24.295	-9.18	0.0	1.198	195.968	9.1	16.35	0.0	49.091	30.979	-5.49	35.0	0.0	157.607	6.25	9.412	0.0	58.58	10.927	-9.965	0.0	0.0	207.398	6.87	8.85	0.0	53.697	0.0	0.0	0.2	0.913	170.007	6.9	3.1	36.157	57.965	9.838	-1.0	0.0	0.905	138.427	6.05	2.913	0.0	57.631	26.329	-13.983	31.6	0.0	166.422	6.21	2.475	0.0	59.03	22.624	-1.0	0.0	0.0	139.299	9.78	17.413	0.0	46.421	10.128	-1.0	37.2	0.0	209.142
9.85	14.412	398.259	49.834	25.385	-12.823	34.8	0.0	115.275	7.83	11.787	429.098	51.263	33.449	-9.201	28.8	0.0	119.634	6.34	2.975	0.0	51.717	23.859	-9.209	0.0	0.972	155.96	9.65	16.6	0.0	47.588	31.269	-6.024	35.0	0.0	157.704	6.43	9.1	0.0	57.142	11.363	-9.922	0.0	0.0	158.77	7.37	9.662	0.0	53.116	0.0	0.0	0.2	0.0	178.144	6.64	2.788	35.625	59.584	10.346	-1.0	0.0	0.0	138.524	6.44	3.225	0.0	54.931	26.329	-13.654	31.6	0.0	178.531	5.92	2.538	0.0	61.609	22.333	-25.079	0.0	0.0	139.008	8.42	16.85	0.0	49.399	10.492	-1.0	37.2	1.475	197.13
10.8	15.475	404.639	52.522	25.094	-13.03	34.8	0.0	155.67	7.91	12.412	433.352	51.213	33.594	-9.175	28.8	0.0	119.925	6.11	2.975	0.0	52.787	23.859	-9.221	0.0	1.894	154.507	9.26	17.35	0.0	52.155	31.342	-6.469	35.0	0.0	168.263	6.22	9.662	0.0	57.945	11.0	-10.037	0.0	0.0	158.77	7.68	9.85	0.0	52.981	0.0	0.0	0.2	0.0	171.847	6.4	2.788	30.308	61.269	10.128	-1.0	0.0	0.0	138.33	6.45	3.1	0.0	57.058	26.547	-13.632	31.6	0.0	204.589	6.67	2.35	0.0	56.512	22.551	-25.108	0.0	0.0	138.621	8.66	17.038	0.0	48.879	10.201	-1.0	37.2	1.316	193.546
9.58	14.037	407.83	50.318	25.239	-12.713	34.8	1.081	204.395	7.94	12.787	438.138	50.946	33.521	-9.242	28.8	1.123	120.022	5.83	3.1	0.0	54.957	24.658	-9.236	0.0	2.062	144.82	9.08	17.225	0.0	51.677	30.761	-6.245	35.0	1.349	171.072	6.11	9.85	0.0	59.498	10.782	-10.076	0.0	0.0	189.768	6.96	9.162	0.0	56.789	0.0	0.0	0.2	1.55	163.129	6.6	2.725	31.903	60.031	10.419	-1.0	0.0	0.0	138.621	6.82	3.163	0.0	54.399	26.256	-13.581	31.6	0.0	212.92	7.17	2.6	0.0	54.096	22.697	-25.1	0.0	0.0	139.008	9.4	16.975	0.0	47.68	9.983	-1.0	37.2	1.165	181.147
9.34	13.85	420.059	50.377	25.312	-12.835	34.8	1.299	213.889	7.83	12.475	441.86	49.93	33.158	-9.259	28.8	0.0	120.022	6.13	2.975	0.0	53.205	24.15	-9.198	0.0	0.0	154.12	9.62	16.788	0.0	50.902	30.906	-9.303	35.0	0.0	153.054	6.06	9.85	0.0	58.378	11.291	-10.063	0.0	0.0	193.546	7.76	10.1	0.0	51.975	0.0	0.0	0.2	1.014	164.194	6.62	2.788	31.903	60.148	10.419	-1.0	0.0	0.0	138.524	6.62	3.163	0.0	55.25	26.184	-13.52	31.6	0.0	170.588	7.05	2.725	0.0	55.783	22.624	-24.956	0.0	0.0	139.299	9.54	17.1	0.0	47.543	10.201	-1.0	37.2	1.45	174.075
8.98	13.912	422.186	50.389	25.312	-12.768	34.8	1.198	202.167	7.87	12.6	446.645	49.874	33.594	-9.301	28.8	0.0	120.022	6.44	3.225	0.0	51.91	24.295	-9.147	0.0	1.643	148.695	9.28	17.975	0.0	46.483	31.269	-6.692	35.0	0.0	171.169	6.22	9.975	0.0	59.629	10.782	-9.971	0.0	1.349	196.161	7.45	10.037	0.0	57.241	0.0	0.0	0.2	0.0	177.272	6.65	3.038	32.435	60.549	10.346	-1.0	0.0	0.0	138.524	6.88	3.538	0.0	53.075	26.547	-13.647	31.6	0.0	168.263	7.3	2.788	0.0	53.552	22.624	-25.254	0.0	0.0	138.621	9.64	18.163	0.0	46.996	10.201	-1.0	37.2	1.517	183.859
