6.75	1.725	0.532	57.104	24.949	-10.533	34.8	1.852	175.625	4.76	1.475	0.0	60.772	33.812	-7.808	28.8	1.282	181.728	5.78	2.288	0.0	56.405	24.15	-8.977	0.0	1.324	150.245	5.93	2.725	0.0	60.657	30.833	-0.736	35.0	2.12	209.239	5.26	2.788	0.0	64.698	11.218	-9.044	0.0	1.408	219.216	5.22	1.725	0.0	62.687	0.0	0.0	0.2	1.24	198.68	5.54	2.163	1.595	65.374	9.838	-24.3	0.0	1.953	183.568	5.76	2.663	0.0	58.958	26.692	-12.239	31.6	1.207	164.097	5.82	2.1	0.0	60.863	22.842	-24.659	0.0	0.0	154.701	5.44	1.038	0.0	63.084	9.983	-24.682	37.2	0.0	229.969	5.48
6.62	1.475	0.0	57.575	24.949	-10.412	34.8	0.0	180.759	4.92	1.725	0.532	59.051	33.667	-7.777	28.8	1.534	173.106	5.86	1.788	0.0	56.447	24.731	-8.853	0.0	0.997	201.392	5.71	2.663	0.0	61.462	31.124	-0.779	35.0	2.062	201.683	5.32	2.725	0.0	62.621	11.0	-9.037	0.0	1.634	211.467	5.12	1.475	0.0	64.346	0.0	0.0	0.2	0.955	201.199	5.65	2.1	0.532	64.767	9.91	-24.183	0.0	1.911	174.269	5.9	2.725	0.0	58.267	26.402	-12.201	31.6	0.0	175.334	6.31	1.913	0.0	58.188	22.915	-24.41	0.0	0.0	161.869	5.82	1.913	0.0	59.933	10.274	-1.0	37.2	1.089	223.866	5.46
6.58	1.35	0.532	57.569	25.675	-11.303	34.8	1.927	177.175	5.0	1.35	0.0	58.382	33.739	-7.78	28.8	1.508	182.212	5.84	2.1	0.0	55.95	24.731	-8.888	0.0	0.0	132.227	5.96	2.6	0.0	59.446	31.124	-0.693	35.0	1.936	206.042	5.32	2.413	0.0	62.121	10.927	-9.001	0.0	1.735	207.979	5.28	1.475	0.0	62.697	0.0	0.0	0.2	0.0	204.88	5.62	1.788	3.19	64.16	9.838	-24.465	0.0	1.14	162.257	6.11	2.6	0.0	57.063	26.547	-12.229	31.6	0.0	155.282	6.16	2.163	0.0	58.766	22.697	-24.395	0.0	0.0	145.692	5.92	2.1	0.0	59.751	10.128	-24.844	37.2	1.198	238.493	4.92
6.38	0.787	0.532	58.314	25.893	-10.352	34.8	1.601	182.696	5.1	2.038	1.595	57.941	33.739	-7.871	28.8	1.643	195.871	5.87	2.163	0.0	55.576	24.658	-8.963	0.0	1.257	158.77	6.0	2.413	0.0	59.31	31.415	-0.629	35.0	1.919	207.979	5.67	2.538	0.0	61.651	11.145	-9.015	0.0	1.341	218.635	5.24	1.475	0.0	62.385	0.0	0.0	0.2	1.031	200.23	5.65	2.038	1.595	63.836	10.346	-24.45	0.0	1.374	172.331	5.64	2.538	0.0	59.025	26.692	-12.078	31.6	0.0	162.644	6.2	2.225	0.0	58.715	22.987	-24.605	0.0	0.0	141.139	6.04	1.725	0.0	58.575	9.983	-24.813	37.2	0.0	235.587	5.46
6.09	0.537	0.0	59.552	24.803	-10.264	34.8	0.0	198.583	5.4	2.225	0.0	56.694	33.594	-7.865	28.8	1.341	209.82	5.68	1.663	0.0	56.535	24.731	-8.887	0.0	0.0	163.807	5.58	2.413	0.0	61.887	30.543	-0.661	35.0	1.76	196.355	5.37	2.788	0.0	63.788	11.363	-9.054	0.0	1.634	216.407	5.06	1.413	0.0	63.734	0.0	0.0	0.2	0.0	177.853	5.19	1.85	1.063	66.284	10.492	-24.485	0.0	1.257	152.764	6.14	2.538	0.0	56.866	26.474	-12.22	31.6	0.0	148.889	5.86	2.163	0.0	60.532	22.987	-24.772	0.0	0.0	142.98	6.2	1.725	0.0	57.855	10.128	-24.63	37.2	0.0	235.49	5.16
6.51	1.288	3.19	57.414	25.021	-10.388	34.8	1.14	176.109	5.08	2.288	0.0	58.023	33.521	-7.911	28.8	1.575	188.896	5.68	1.413	0.0	55.984	24.513	-8.85	0.0	0.0	158.382	5.48	2.538	0.0	61.647	31.197	-0.672	35.0	1.994	200.811	5.82	2.6	0.0	60.103	11.363	-9.022	0.0	1.684	221.154	5.52	1.725	0.0	61.01	0.0	0.0	0.2	1.567	167.972	5.21	1.85	1.595	66.718	10.492	-24.104	0.0	1.517	192.48	5.74	2.413	0.0	58.642	26.474	-12.297	31.6	0.0	178.144	5.85	2.1	0.0	60.531	22.769	-24.565	0.0	0.0	140.074	5.78	1.038	0.0	60.519	10.346	-24.682	37.2	0.0	235.49	5.31
6.74	1.288	1.063	56.377	25.094	-10.446	34.8	1.684	170.394	5.04	1.725	0.532	58.045	33.449	-7.856	28.8	1.5	170.2	5.9	1.788	0.0	55.318	24.876	-8.862	0.0	0.0	149.664	5.66	2.475	0.0	60.753	31.124	-1.187	35.0	1.911	200.23	5.2	2.6	0.0	63.18	11.073	-8.953	0.0	1.006	216.795	5.33	1.725	0.0	61.984	0.0	0.0	0.2	0.905	198.971	5.74	2.288	0.0	64.209	10.492	-24.813	0.0	1.668	194.321	5.87	2.538	0.0	58.09	26.474	-12.317	31.6	0.0	188.605	5.82	2.288	0.0	60.807	23.06	-24.625	0.0	0.0	137.652	5.94	1.538	0.0	57.786	10.637	-24.478	37.2	0.0	235.103	5.38
6.72	1.225	0.0	56.578	25.53	-10.38	34.8	1.668	186.959	4.94	1.725	0.0	58.201	33.812	-7.879	28.8	1.408	189.671	5.7	1.975	0.0	56.074	24.15	-8.811	0.0	1.274	170.394	5.73	2.35	0.0	60.455	30.906	-0.671	35.0	1.919	203.62	4.74	2.163	0.0	65.096	11.363	-9.004	0.0	0.0	214.954	5.0	1.225	0.0	63.063	0.0	0.0	0.2	1.265	184.246	5.47	1.975	6.912	64.736	10.274	-24.803	0.0	1.86	182.309	5.48	2.538	0.0	59.651	26.256	-12.366	31.6	1.282	177.756	6.02	2.413	0.0	59.739	22.987	-24.666	0.0	0.0	135.908	6.09	1.725	0.0	56.424	10.492	-1.0	37.2	0.0	235.878	5.34
6.54	0.85	1.063	57.274	25.82	-10.304	34.8	1.592	179.984	4.88	1.35	0.0	58.448	33.594	-7.835	28.8	1.492	183.568	5.88	2.225	0.0	55.432	24.731	-8.911	0.0	1.265	164.001	5.76	2.413	0.0	60.008	30.543	-0.724	35.0	2.003	210.401	5.12	2.288	0.0	62.393	10.709	-8.977	0.0	1.525	196.549	5.06	1.413	0.0	63.211	0.0	0.0	0.2	1.274	181.147	5.27	1.725	1.063	65.461	10.056	-1.0	0.0	1.844	184.246	5.15	2.475	0.0	61.117	26.256	-12.406	31.6	1.693	202.845	6.18	2.413	0.0	58.654	22.769	-24.76	0.0	0.0	145.111	5.97	1.225	0.0	58.106	10.128	-1.0	37.2	0.0	235.878	5.42
6.57	0.725	0.0	57.048	24.949	-10.179	34.8	1.45	173.881	4.98	1.288	0.0	58.065	33.667	-7.836	28.8	1.626	192.868	5.99	2.288	0.0	54.688	24.44	-8.845	0.0	1.332	157.607	5.54	2.288	0.0	61.462	31.415	-0.586	35.0	1.911	200.908	5.36	2.663	0.0	61.794	11.363	-8.999	0.0	1.349	209.142	4.62	1.225	0.0	66.235	0.0	0.0	0.2	1.14	198.486	5.12	1.85	1.063	66.164	9.838	-1.0	0.0	1.76	186.668	5.21	2.6	0.0	60.538	26.62	-12.426	31.6	1.349	184.246	6.27	2.413	0.0	57.981	23.133	-24.476	0.0	0.0	143.174	5.96	1.225	0.0	58.334	9.983	-1.0	37.2	0.0	235.49	5.3
6.6	0.85	1.063	56.907	25.675	-10.304	34.8	1.433	185.893	5.07	1.475	0.0	57.535	33.957	-7.808	28.8	1.366	198.099	5.84	2.038	0.0	55.426	24.15	-8.871	0.0	1.299	165.357	5.7	2.225	0.0	60.055	30.761	-0.691	35.0	1.659	201.005	5.09	2.35	0.0	63.519	11.291	-9.047	0.0	1.224	206.817	4.88	1.225	0.0	63.702	0.0	0.0	0.2	1.224	179.015	5.19	1.788	2.127	66.688	9.765	-24.742	0.0	1.751	198.583	5.58	2.35	0.0	58.102	26.62	-12.488	31.6	1.215	165.938	6.36	2.788	0.0	57.246	23.641	-24.788	0.0	0.0	138.621	5.88	1.225	0.0	58.607	10.637	-1.0	37.2	0.0	235.49	5.02
6.6	1.35	0.0	56.821	24.876	-10.368	34.8	1.601	172.719	5.02	1.663	0.532	57.785	33.521	-7.873	28.8	1.433	183.665	5.76	1.788	0.0	55.676	24.658	-8.972	0.0	1.006	155.476	5.4	1.913	0.0	61.94	31.269	-0.583	35.0	1.735	199.067	5.3	2.538	0.0	63.06	11.291	-8.975	0.0	1.399	208.658	5.25	1.288	0.0	61.636	0.0	0.0	0.2	0.98	173.009	5.07	1.913	2.659	66.182	10.056	-24.598	0.0	1.14	187.831	5.43	2.413	0.0	59.247	26.474	-12.601	31.6	0.93	181.534	6.14	2.413	0.0	58.104	22.842	-24.283	0.0	0.0	138.427	5.92	1.225	0.0	58.327	10.128	-1.0	37.2	0.0	229.194	5.37
6.78	1.35	0.0	55.976	24.949	-10.34	34.8	1.768	185.893	5.21	1.475	0.0	56.925	33.739	-7.87	28.8	1.249	204.492	5.38	2.038	0.0	57.555	24.44	-8.792	0.0	1.064	158.673	5.64	2.288	0.0	60.806	31.124	-0.586	35.0	1.81	205.558	5.32	2.913	0.0	62.316	11.363	-9.038	0.0	1.684	217.957	4.86	0.912	0.0	64.383	0.0	0.0	0.2	0.0	197.13	5.1	1.538	0.0	65.512	10.419	-24.753	0.0	1.475	186.765	5.5	2.413	0.0	58.86	26.547	-12.601	31.6	0.0	188.509	6.32	2.413	0.0	57.154	23.278	-24.854	0.0	0.0	139.396	6.08	1.475	0.0	57.145	10.274	-1.0	37.2	0.0	227.257	5.28
6.54	0.912	1.063	57.043	25.82	-10.312	34.8	1.45	199.649	5.51	1.1	0.0	55.697	33.521	-7.841	28.8	0.972	205.17	5.72	2.288	0.0	55.408	23.932	-8.845	0.0	1.819	152.764	5.63	1.85	0.0	60.523	31.342	-0.561	35.0	1.483	196.258	5.3	2.6	0.0	62.866	10.564	-8.992	0.0	1.877	223.866	4.6	1.163	0.0	65.801	0.0	0.0	0.2	0.0	199.455	5.3	1.538	1.595	64.323	10.128	-24.57	0.0	1.182	170.781	5.6	2.288	0.0	58.477	26.184	-12.634	31.6	0.0	209.917	5.89	2.1	0.0	59.349	23.205	-24.471	0.0	0.0	148.986	5.95	1.413	0.0	57.931	10.128	-1.0	37.2	0.0	229.388	5.1
6.74	1.038	0.532	56.813	25.675	-10.328	34.8	1.399	198.971	5.48	1.225	0.0	56.157	33.667	-7.89	28.8	1.115	203.62	5.52	2.225	0.0	56.163	24.367	-8.838	0.0	1.701	162.257	5.32	1.85	0.0	61.425	30.47	-0.593	35.0	1.525	195.871	5.24	2.788	0.0	63.49	10.782	-9.024	0.0	1.852	222.607	4.6	1.163	0.0	64.854	0.0	0.0	0.2	0.0	197.033	5.14	1.413	0.0	65.221	10.419	-24.252	0.0	1.525	180.081	5.41	2.163	0.0	59.045	26.62	-12.667	31.6	0.0	194.611	6.0	2.163	0.0	58.569	22.915	-24.772	0.0	0.0	150.148	5.76	1.35	0.0	59.015	10.492	-1.0	37.2	0.0	229.485	5.0
6.57	0.912	1.063	57.481	24.876	-10.284	34.8	1.55	205.17	5.47	1.538	0.0	56.474	33.303	-7.891	28.8	1.534	208.367	5.39	1.975	0.0	56.981	24.658	-8.811	0.0	1.534	155.185	5.32	1.913	0.0	61.732	31.342	-0.583	35.0	1.601	194.418	5.54	2.725	0.0	61.741	11.218	-8.997	0.0	0.0	226.966	4.79	0.975	0.0	63.687	0.0	0.0	0.2	0.0	191.608	5.19	1.725	1.063	64.741	9.983	-24.351	0.0	1.391	184.343	5.32	2.288	0.0	59.342	26.547	-12.741	31.6	0.0	181.243	6.26	2.163	0.0	57.433	23.06	-24.772	0.0	0.0	162.257	5.62	1.163	0.0	59.476	10.419	-1.0	37.2	0.0	224.932	4.96
6.56	1.038	0.532	57.393	25.167	-10.192	34.8	1.643	211.37	5.36	1.663	0.0	56.63	33.739	-7.903	28.8	1.534	209.432	5.46	2.163	0.0	56.385	25.094	-8.788	0.0	1.575	149.858	5.38	1.725	0.0	62.076	31.051	-0.487	35.0	1.659	195.29	5.34	3.1	0.0	62.984	11.0	-9.001	0.0	0.0	220.379	5.1	1.1	0.0	61.388	0.0	0.0	0.2	0.0	191.221	5.12	1.725	1.063	65.57	10.128	-24.538	0.0	1.609	185.603	5.06	2.288	0.0	60.962	26.62	-12.795	31.6	0.0	196.355	6.33	2.225	0.0	56.866	22.769	-24.885	0.0	0.0	142.108	5.32	1.163	0.0	61.954	10.201	-1.0	37.2	0.0	222.51	5.08
6.62	1.288	1.063	57.084	25.603	-10.304	34.8	1.81	209.82	5.16	1.663	1.063	57.606	33.739	-7.865	28.8	1.567	222.219	5.58	1.913	0.0	55.94	24.731	-8.778	0.0	0.947	146.177	5.28	1.975	0.0	62.42	31.342	-0.636	35.0	1.886	198.68	4.91	2.413	0.0	64.718	11.073	-8.981	0.0	1.927	212.629	4.92	0.975	0.0	62.497	0.0	0.0	0.2	0.0	189.187	4.98	1.663	0.0	65.896	9.765	-24.883	0.0	1.701	177.659	5.24	2.288	0.0	59.528	26.474	-14.205	31.6	1.148	175.044	5.98	2.1	0.0	58.566	22.987	-1.0	0.0	0.0	154.023	5.64	0.912	0.0	60.89	10.346	-1.0	37.2	0.0	222.316	5.07
6.46	1.163	0.532	57.838	24.949	-10.207	34.8	1.76	206.042	5.2	1.475	0.532	57.297	33.667	-7.854	28.8	1.475	212.339	5.83	2.163	0.0	54.488	24.295	-8.849	0.0	1.048	169.91	5.67	2.538	0.0	59.739	31.269	-0.799	35.0	0.0	202.264	4.94	2.538	0.0	63.163	10.709	-8.891	0.0	1.643	205.945	4.79	1.475	0.0	63.906	0.0	0.0	0.2	1.039	199.261	4.88	1.475	0.0	66.39	10.128	-24.365	0.0	1.542	184.343	5.64	2.538	0.0	57.882	26.329	-12.781	31.6	1.207	167.682	5.58	1.85	0.0	60.543	22.697	-24.671	0.0	0.0	150.245	5.88	1.1	0.0	59.347	10.128	-1.0	37.2	0.0	226.578	4.98
6.46	1.288	0.0	58.097	25.603	-10.25	34.8	1.793	205.558	5.32	1.35	0.532	57.201	33.667	-7.88	28.8	1.643	210.111	6.17	1.913	0.0	53.359	24.004	-8.821	0.0	1.039	152.764	5.9	2.725	0.0	58.781	30.833	-0.864	35.0	2.087	209.82	4.95	2.1	0.0	63.082	11.073	-8.888	0.0	1.961	202.167	4.96	1.35	0.0	63.359	0.0	0.0	0.2	1.399	206.817	5.11	1.538	0.532	65.595	10.419	-24.843	0.0	1.718	192.48	5.6	2.288	0.0	58.591	26.62	-12.961	31.6	1.14	213.404	5.6	2.038	0.0	60.349	22.987	-1.0	0.0	0.0	141.139	5.44	0.412	0.0	61.109	10.201	-1.0	37.2	0.0	226.094	4.86
6.02	0.85	0.0	59.909	25.167	-10.248	34.8	2.003	199.067	5.25	1.475	0.0	57.477	33.885	-7.831	28.8	1.735	207.011	5.56	1.913	0.0	56.198	24.367	-8.804	0.0	0.0	152.182	5.66	2.475	0.0	60.246	30.761	-0.714	35.0	0.0	211.37	4.72	2.475	0.0	64.058	10.855	-8.902	0.0	0.0	208.173	4.98	1.663	0.0	63.197	0.0	0.0	0.2	1.257	220.379	5.21	1.538	1.063	65.125	9.547	-24.843	0.0	1.743	181.631	5.38	2.225	0.0	59.55	26.329	-12.895	31.6	1.198	175.528	5.64	2.038	0.0	60.073	22.697	-1.0	0.0	0.0	139.783	5.2	0.662	0.0	62.101	9.91	-1.0	37.2	0.0	225.997	4.79
6.14	1.1	0.532	59.673	24.949	-10.226	34.8	1.953	203.523	5.01	1.475	1.063	58.583	33.885	-7.9	28.8	1.617	215.245	5.59	2.1	0.0	55.796	24.513	-8.869	0.0	1.743	150.245	5.82	2.538	0.0	59.678	31.269	-0.736	35.0	2.02	204.492	4.83	2.288	0.0	63.694	10.782	-8.881	0.0	1.919	199.261	4.82	1.35	0.0	63.747	0.0	0.0	0.2	1.207	214.76	5.13	1.475	0.0	65.328	10.346	-23.987	0.0	1.785	176.012	5.18	2.35	0.0	60.167	26.329	-13.201	31.6	1.131	177.369	6.22	2.288	0.0	57.051	22.987	-24.625	0.0	0.0	143.949	5.28	1.1	0.0	61.641	10.056	-1.0	37.2	0.989	214.76	4.9
6.33	1.225	1.063	58.935	25.82	-10.269	34.8	1.777	204.008	5.0	1.1	7.444	58.922	33.449	-7.81	28.8	1.475	216.504	5.95	1.663	0.0	54.153	24.44	-8.776	0.0	0.0	167.682	5.88	2.538	0.0	59.801	30.979	-0.799	35.0	1.969	234.716	4.82	2.538	0.0	64.376	11.073	-8.937	0.0	1.643	196.355	4.81	1.35	0.0	63.69	0.0	0.0	0.2	1.249	207.204	4.88	1.225	0.532	66.979	10.128	-24.562	0.0	1.584	189.865	5.3	2.288	0.0	59.424	26.256	-12.961	31.6	0.0	174.85	6.03	2.1	0.0	58.001	22.769	-24.844	0.0	0.0	139.008	5.16	1.35	0.0	63.063	10.419	-1.0	37.2	0.0	214.373	4.88
6.21	1.1	0.532	59.656	25.167	-10.2	34.8	1.643	204.783	5.18	1.475	0.0	58.353	33.449	-7.885	28.8	1.408	203.717	6.06	2.35	0.0	54.552	24.44	-8.916	0.0	1.031	158.285	5.92	2.663	0.0	59.269	30.252	-0.458	35.0	1.927	212.92	4.8	2.225	0.0	64.126	10.709	-8.883	0.0	1.634	195.968	5.08	1.663	0.0	62.856	0.0	0.0	0.2	1.215	212.823	4.9	1.225	0.532	66.608	10.346	-1.0	0.0	1.525	176.594	5.51	2.413	0.0	58.662	26.474	-13.153	31.6	0.947	184.343	5.98	1.975	0.0	58.28	23.06	-1.0	0.0	0.0	144.045	5.12	0.537	0.0	62.918	10.709	-24.434	37.2	0.0	214.954	5.1
6.23	0.975	0.0	59.631	25.312	-10.184	34.8	1.5	204.492	5.18	1.725	1.595	58.182	33.594	-7.902	28.8	1.383	197.905	5.7	1.975	0.0	54.645	24.585	-8.819	0.0	1.751	144.82	5.82	2.35	0.0	59.451	30.543	-0.734	35.0	1.953	213.598	5.18	2.475	0.0	62.292	10.927	-8.93	0.0	1.743	198.196	5.0	1.35	0.0	63.723	0.0	0.0	0.2	1.274	209.917	5.11	1.288	0.0	65.216	10.056	-24.762	0.0	1.458	172.816	5.28	2.225	0.0	59.449	26.547	-13.007	31.6	0.0	174.656	5.98	1.975	0.0	58.566	23.06	-1.0	0.0	0.0	143.949	4.99	0.537	0.0	63.474	10.128	-1.0	37.2	0.0	214.567	5.0
6.33	0.725	10.103	58.793	25.53	-10.432	34.8	1.257	204.395	5.16	1.413	0.0	57.893	33.667	-7.848	28.8	1.324	202.555	5.77	2.225	0.0	54.655	24.585	-8.911	0.0	1.425	148.792	5.46	1.975	0.0	60.298	31.051	-0.605	35.0	1.441	190.93	5.02	2.413	0.0	63.727	10.782	-8.913	0.0	1.609	209.045	4.56	1.038	0.0	65.037	0.0	0.0	0.2	0.0	203.62	5.1	1.475	3.722	65.648	10.128	-24.458	0.0	1.399	175.528	5.46	2.1	0.0	58.312	26.474	-13.101	31.6	0.0	185.312	5.68	1.788	0.0	59.854	22.697	-24.924	0.0	0.0	146.273	5.27	0.662	0.0	60.464	10.419	-24.562	37.2	0.0	214.76	5.56
6.54	0.85	1.063	57.592	24.876	-10.091	34.8	1.224	210.304	5.27	1.413	0.0	57.02	33.449	-7.879	28.8	1.24	214.954	5.76	1.975	0.0	55.56	24.004	-8.893	0.0	1.743	156.832	6.09	1.975	0.0	57.493	30.906	-0.729	35.0	1.542	230.066	4.87	2.163	0.0	65.254	11.363	-8.858	0.0	1.668	210.498	4.89	1.163	0.0	62.934	0.0	0.0	0.2	0.0	203.717	4.83	1.475	0.0	66.676	10.346	-24.822	0.0	1.475	189.38	5.26	1.975	0.0	59.474	26.402	-12.966	31.6	0.0	179.015	5.43	1.725	0.0	61.023	23.205	-1.0	0.0	0.0	144.239	5.08	0.412	0.0	61.552	10.201	-24.125	37.2	0.0	215.051	4.98
6.58	1.413	0.532	57.165	25.167	-11.816	34.8	1.835	210.207	5.16	1.475	0.0	57.979	33.594	-7.839	28.8	1.534	212.726	5.85	2.225	0.0	54.344	24.585	-8.94	0.0	1.14	176.4	5.72	2.1	0.0	59.888	30.543	-0.522	35.0	1.651	205.655	4.78	2.35	0.0	64.15	10.927	-8.879	0.0	1.844	196.355	4.76	1.35	0.0	64.283	0.0	0.0	0.2	1.064	202.167	5.49	1.288	1.595	62.788	9.838	-24.672	0.0	0.0	149.858	5.2	1.975	0.0	58.897	26.547	-12.91	31.6	0.0	183.956	5.59	1.475	0.0	59.528	22.769	-1.0	0.0	0.0	151.02	4.98	0.35	0.0	61.758	9.91	-1.0	37.2	0.0	214.567	4.95
6.3	0.975	0.0	58.788	25.385	-10.21	34.8	1.684	205.945	5.06	1.413	1.063	58.163	33.521	-7.825	28.8	1.492	199.455	5.26	1.975	0.0	56.846	24.731	-8.855	0.0	1.274	144.723	5.47	2.163	0.0	60.946	30.979	-0.732	35.0	1.835	204.589	4.63	2.413	0.0	64.288	11.0	-8.868	0.0	1.701	195.193	4.42	0.85	0.0	65.687	0.0	0.0	0.2	0.0	195.968	5.2	1.475	2.659	63.922	10.637	-1.0	0.0	1.224	165.26	5.03	2.038	0.0	60.48	26.547	-12.92	31.6	0.0	184.343	5.98	1.725	0.0	57.677	22.987	-1.0	0.0	0.0	140.558	5.4	0.975	0.0	59.128	10.564	-1.0	37.2	0.0	240.14	4.8
6.22	0.6	0.0	58.832	24.876	-10.272	34.8	1.282	204.88	5.17	1.725	0.0	57.091	33.885	-7.871	28.8	1.324	195.871	5.58	1.288	0.0	55.445	24.004	-8.836	0.0	0.0	163.419	5.44	1.725	0.0	61.165	30.833	-0.58	35.0	1.525	203.33	4.67	2.663	0.0	65.408	11.218	-8.852	0.0	1.542	201.78	4.62	0.912	0.0	64.013	0.0	0.0	0.2	0.972	188.605	5.37	1.35	1.063	62.906	9.765	-1.0	0.0	1.064	170.975	5.2	2.163	0.0	59.578	26.474	-12.941	31.6	0.0	182.406	5.46	1.475	0.0	60.41	23.06	-24.365	0.0	0.0	144.627	5.25	0.475	0.0	61.05	10.564	-1.0	37.2	0.0	240.043	4.48
