6.3	1.975	0.532	64.773	25.021	-10.626	34.8	0.0	192.383	4.96	2.413	0.0	66.994	33.667	-7.852	28.8	1.433	225.997	5.8	2.913	0.0	61.561	25.239	-8.942	0.0	0.0	175.334	5.59	3.413	0.0	67.457	31.051	-0.808	35.0	0.0	198.68	5.6	3.725	0.0	67.78	11.363	-8.914	0.0	0.0	215.535	6.06	2.788	0.0	64.237	0.0	0.0	0.2	0.0	181.728	6.35	3.288	0.0	65.709	10.419	-24.566	0.0	0.0	168.457	5.88	3.35	0.0	62.688	26.474	-11.675	31.6	1.693	188.605	6.62	3.225	0.0	60.601	23.278	-25.309	0.0	0.0	164.872	6.24	3.038	0.0	64.214	10.564	-24.087	37.2	1.374	241.69	6.22
6.37	2.35	0.0	66.065	25.239	-10.586	34.8	0.0	196.743	5.0	2.6	0.0	66.841	33.376	-7.895	28.8	1.743	235.878	5.63	2.975	0.0	62.313	24.44	-8.913	0.0	0.0	189.574	6.1	3.475	0.0	64.546	31.124	-0.763	35.0	0.0	188.024	5.75	3.85	0.0	67.193	10.927	-9.199	0.0	0.0	199.358	6.16	2.913	0.0	63.152	0.0	0.0	0.2	0.0	167.585	6.26	2.788	1.063	65.829	10.637	-24.693	0.0	0.0	170.975	5.68	3.413	0.0	63.841	26.402	-11.684	31.6	1.844	183.859	7.0	3.663	0.0	59.613	23.278	-25.175	0.0	0.0	146.758	6.32	2.975	0.0	63.207	10.419	-24.068	37.2	1.517	230.356	6.44
6.28	1.975	0.0	66.806	25.748	-10.626	34.8	2.137	201.392	4.98	2.35	0.0	66.81	33.812	-7.846	28.8	1.601	229.194	5.65	2.788	0.0	62.01	25.385	-8.875	0.0	0.0	163.032	5.68	3.163	0.0	66.885	30.543	-0.528	35.0	0.0	184.634	5.75	3.663	0.0	67.032	11.363	-8.932	0.0	0.0	204.88	5.72	2.913	0.0	65.84	0.0	0.0	0.2	0.0	176.594	6.34	3.225	0.0	66.331	10.492	-24.545	0.0	0.0	176.594	5.96	3.663	0.0	63.89	26.474	-11.764	31.6	1.944	201.392	6.78	3.225	0.0	59.947	23.641	-25.122	0.0	0.0	141.527	6.36	3.288	0.0	62.909	10.346	-23.863	37.2	1.534	240.043	6.52
6.3	2.163	0.0	67.159	25.748	-10.651	34.8	0.0	201.005	4.93	2.35	0.0	67.602	33.594	-7.886	28.8	1.425	242.756	5.67	2.85	0.0	61.986	24.949	-8.917	0.0	0.0	193.158	5.31	3.225	0.0	69.551	30.833	-0.842	35.0	0.0	190.833	5.62	3.85	0.0	66.686	11.363	-8.961	0.0	0.0	204.88	5.5	2.538	0.0	66.744	0.0	0.0	0.2	0.0	185.99	6.14	2.913	1.595	65.997	9.91	-24.638	0.0	0.0	178.144	5.96	3.475	0.0	61.867	26.402	-11.735	31.6	1.902	188.412	6.9	3.538	0.0	59.796	23.568	-25.133	0.0	0.0	132.421	6.32	3.038	0.0	63.041	10.346	-24.188	37.2	1.324	241.593	6.29
6.22	1.85	1.063	66.309	25.094	-10.64	34.8	2.12	197.905	4.93	2.35	0.0	67.735	33.086	-7.846	28.8	1.492	242.756	5.65	2.85	0.0	62.261	24.367	-8.873	0.0	2.07	183.665	5.41	3.35	0.0	68.356	31.415	-0.754	35.0	0.0	182.987	5.58	3.6	0.0	67.402	11.291	-8.95	0.0	0.0	197.808	5.38	2.538	0.0	67.445	0.0	0.0	0.2	1.869	181.631	6.24	3.1	0.532	65.743	9.62	-24.307	0.0	0.0	182.406	5.74	3.538	0.0	62.969	26.402	-11.787	31.6	1.819	178.628	7.02	3.725	0.0	59.131	23.714	-25.291	0.0	0.0	146.273	6.29	2.788	0.0	63.727	10.419	-24.008	37.2	1.349	250.408	6.16
6.12	2.038	0.532	67.287	25.748	-10.759	34.8	0.0	196.355	4.87	2.413	0.0	67.351	33.521	-7.836	28.8	1.366	224.544	5.66	2.725	0.0	62.262	25.021	-8.885	0.0	1.953	186.668	5.62	3.35	0.0	68.183	30.833	-0.689	35.0	0.0	202.555	5.42	3.788	0.0	67.666	10.855	-8.997	0.0	0.0	205.267	5.84	2.85	0.0	64.965	0.0	0.0	0.2	0.0	176.4	6.26	2.788	0.0	65.421	10.201	-23.706	0.0	0.0	186.668	5.72	3.288	0.0	62.744	26.91	-11.749	31.6	1.718	183.568	6.83	3.413	0.0	59.842	23.423	-25.091	0.0	0.0	144.433	6.22	2.788	0.0	64.1	10.637	-23.706	37.2	1.224	241.69	6.28
6.24	2.288	0.532	67.309	25.603	-10.858	34.8	0.0	199.842	4.9	2.538	1.063	67.73	33.667	-7.864	28.8	1.651	233.166	5.78	2.913	0.0	61.641	25.167	-8.855	0.0	2.12	173.881	5.46	3.163	0.0	68.073	31.415	-0.691	35.0	0.0	182.696	5.62	3.85	0.0	68.209	11.0	-8.996	0.0	0.0	200.617	5.68	2.6	0.0	66.965	0.0	0.0	0.2	0.0	176.594	6.17	3.1	0.532	66.516	10.201	-24.504	0.0	0.0	171.072	5.72	3.35	0.0	63.242	26.474	-12.861	31.6	2.011	183.956	7.05	3.6	0.0	59.022	23.859	-24.864	0.0	0.0	132.324	6.11	2.725	0.0	64.821	10.709	-23.988	37.2	0.0	243.628	6.5
6.19	2.163	1.063	65.979	25.893	-10.809	34.8	0.0	195.871	4.88	2.6	0.532	68.627	33.739	-7.879	28.8	1.953	227.353	5.84	3.038	0.0	61.679	24.44	-8.869	0.0	0.0	184.731	5.48	3.35	0.0	68.024	31.197	-0.689	35.0	0.972	194.224	5.7	3.725	0.0	66.835	10.855	-8.999	0.0	0.0	210.111	5.7	2.725	0.0	65.511	0.0	0.0	0.2	0.0	178.337	6.52	3.413	1.063	64.921	10.201	-24.607	0.0	0.93	182.503	5.84	3.475	0.0	62.792	26.62	-11.819	31.6	1.986	188.993	6.98	3.225	0.0	59.182	23.786	-25.028	0.0	0.0	157.898	6.21	2.725	0.0	64.318	10.709	-24.673	37.2	1.45	233.747	6.39
6.36	2.35	0.0	65.575	25.239	-10.676	34.8	0.0	201.78	4.88	2.663	0.0	67.806	33.521	-7.909	28.8	1.902	251.668	5.8	2.975	0.0	61.533	24.949	-8.854	0.0	0.0	187.734	5.4	3.35	0.0	68.142	30.906	-0.689	35.0	0.0	199.067	5.72	3.725	0.0	68.706	11.218	-8.999	0.0	0.0	221.057	5.71	2.6	0.0	65.784	0.0	0.0	0.2	2.137	180.372	6.44	3.288	0.0	65.262	9.765	-23.452	0.0	0.913	174.656	5.8	3.413	0.0	62.564	26.474	-11.896	31.6	2.053	198.486	6.96	3.413	0.0	60.09	23.641	-1.0	0.0	0.0	148.114	5.9	2.85	0.0	67.032	10.346	-24.128	37.2	1.467	226.385	6.3
6.21	2.538	0.532	67.652	25.021	-10.86	34.8	0.0	207.204	4.9	3.038	1.063	68.71	33.449	-7.922	28.8	2.078	237.815	5.8	2.975	0.0	62.619	25.239	-8.854	0.0	0.0	199.261	5.46	3.288	0.0	68.206	31.051	-0.7	35.0	0.0	184.634	5.85	3.788	0.0	67.906	11.218	-9.006	0.0	0.0	204.88	5.76	2.663	0.0	65.549	0.0	0.0	0.2	0.0	191.124	6.6	3.413	6.381	64.88	10.128	-24.607	0.0	1.156	174.947	6.09	3.725	0.0	61.469	26.547	-11.988	31.6	1.986	191.124	7.15	3.413	0.0	59.066	23.496	-25.091	0.0	0.0	145.208	6.08	3.1	0.0	65.062	10.056	-24.504	37.2	1.651	242.562	6.66
6.2	2.663	2.127	67.222	25.167	-10.877	34.8	0.0	203.717	4.98	2.975	0.0	67.212	33.594	-7.908	28.8	0.0	232.003	5.78	3.038	0.0	62.255	24.731	-8.836	0.0	0.0	188.024	5.36	3.163	0.0	69.691	30.833	-0.691	35.0	0.0	183.181	5.74	3.788	0.0	68.205	11.0	-9.042	0.0	0.0	201.392	5.65	2.538	0.0	66.691	0.0	0.0	0.2	0.0	182.793	6.32	3.038	0.532	65.894	10.128	-24.287	0.0	0.947	174.463	5.77	3.35	0.0	62.725	26.402	-11.93	31.6	0.0	190.737	6.96	3.288	0.0	60.487	23.714	-25.049	0.0	0.0	176.981	6.07	3.413	0.0	65.251	10.128	-23.903	37.2	0.0	241.69	6.44
6.24	2.413	0.0	67.363	25.094	-10.976	34.8	0.0	203.911	5.06	2.85	0.0	67.119	33.739	-7.854	28.8	0.0	245.856	5.59	2.913	0.0	63.936	24.803	-8.83	0.0	0.0	198.292	5.5	3.163	0.0	70.32	30.833	-0.626	35.0	0.0	190.833	5.67	3.85	0.0	68.961	11.0	-9.087	0.0	1.123	211.079	5.42	2.538	0.0	67.666	0.0	0.0	0.2	0.0	180.372	6.3	3.288	1.595	66.269	10.056	-24.566	0.0	0.0	162.548	5.76	3.35	0.0	64.978	26.474	-11.975	31.6	0.0	213.017	6.76	2.975	0.0	60.199	23.714	-24.945	0.0	0.0	152.376	6.02	3.475	0.0	65.785	10.564	-1.0	37.2	0.0	244.015	6.24
6.23	2.288	0.0	67.415	25.82	-10.959	34.8	0.0	201.005	5.05	2.913	0.532	67.518	33.594	-7.926	28.8	1.701	247.115	5.64	2.725	0.0	64.328	24.513	-8.818	0.0	0.0	204.88	5.88	3.413	0.0	68.364	30.688	-0.447	35.0	0.0	195.193	5.7	3.663	0.0	68.251	11.073	-9.037	0.0	0.0	206.72	5.27	2.6	0.0	69.359	0.0	0.0	0.2	0.0	187.443	6.21	3.038	4.254	68.0	10.419	-23.785	0.0	1.14	165.357	5.59	3.225	0.0	66.68	26.474	-11.911	31.6	0.0	203.33	6.68	3.225	0.0	62.323	23.859	-24.933	0.0	0.0	157.607	5.8	3.35	0.0	68.163	10.492	-24.188	37.2	0.0	241.303	6.09
6.11	1.913	1.063	66.613	24.949	-10.775	34.8	0.0	208.658	4.94	2.725	0.0	68.162	33.667	-7.85	28.8	1.425	235.878	5.54	2.663	0.0	64.146	24.585	-8.787	0.0	0.0	198.099	5.08	2.788	0.0	71.433	31.197	-0.307	35.0	0.0	189.768	5.68	3.538	0.0	67.928	11.291	-9.07	0.0	0.0	209.529	5.36	2.6	0.0	68.32	0.0	0.0	0.2	0.0	179.984	6.08	2.975	0.532	68.561	10.419	-24.267	0.0	0.0	163.419	5.5	3.163	0.0	65.936	26.765	-11.991	31.6	0.0	180.081	6.52	3.225	0.0	62.38	23.786	-24.933	0.0	0.0	145.983	5.88	3.413	0.0	66.787	10.056	-24.005	37.2	0.0	247.115	6.09
6.02	2.288	0.0	67.724	25.457	-10.892	34.8	0.0	200.036	4.9	2.913	0.0	68.048	33.449	-7.861	28.8	2.011	255.252	5.4	2.725	0.0	63.71	25.167	-8.801	0.0	0.0	197.905	5.17	2.913	0.0	70.985	31.269	-0.542	35.0	0.0	190.737	5.67	3.663	0.0	69.225	10.855	-9.075	0.0	0.0	206.72	5.31	2.538	0.0	69.235	0.0	0.0	0.2	0.0	166.907	6.3	3.35	1.063	67.642	10.128	-24.188	0.0	0.0	174.269	5.54	3.35	0.0	65.51	26.692	-12.065	31.6	2.028	197.905	6.43	3.163	0.0	63.115	23.423	-25.195	0.0	0.0	153.635	6.02	3.35	0.0	65.351	10.201	-24.288	37.2	0.0	246.727	6.05
6.04	2.475	0.0	68.686	25.312	-10.918	34.8	0.0	205.267	4.81	3.1	0.532	68.693	33.667	-7.92	28.8	1.927	235.103	5.35	2.6	0.0	64.414	25.312	-8.764	0.0	0.0	166.81	5.28	3.038	0.0	70.695	30.543	-0.616	35.0	0.0	189.574	5.58	3.725	0.0	69.891	10.637	-9.073	0.0	0.0	204.395	5.31	2.788	0.0	70.284	0.0	0.0	0.2	0.0	183.375	6.3	3.038	0.0	67.32	10.056	-24.287	0.0	0.0	177.756	5.91	3.6	0.0	64.156	26.62	-12.29	31.6	0.0	182.018	6.82	3.1	0.0	61.563	23.714	-24.602	0.0	0.0	162.063	5.9	3.288	0.0	66.359	10.637	-24.067	37.2	0.0	263.001	6.4
6.08	2.35	0.532	68.561	25.021	-10.77	34.8	2.011	208.464	4.9	2.85	0.0	68.128	33.521	-7.854	28.8	1.844	250.505	5.34	2.475	0.0	63.782	25.094	-8.734	0.0	1.911	198.196	5.54	3.1	0.0	67.555	30.688	-0.507	35.0	0.0	178.144	5.42	3.6	0.0	70.435	10.782	-9.058	0.0	0.0	204.105	5.59	2.913	0.0	68.23	0.0	0.0	0.2	0.0	173.784	6.28	3.35	1.063	68.625	10.346	-24.288	0.0	0.0	189.187	6.09	3.35	0.0	63.527	26.547	-12.204	31.6	1.416	220.379	6.72	3.225	0.0	61.068	23.423	-24.837	0.0	0.0	138.233	5.91	3.288	0.0	66.091	10.201	-24.067	37.2	1.735	260.58	6.4
5.94	2.288	2.127	69.091	25.239	-10.892	34.8	0.0	218.441	4.81	2.85	0.0	68.508	33.739	-7.854	28.8	0.0	246.34	5.28	2.538	0.0	65.977	24.44	-8.674	0.0	0.0	194.708	5.08	2.788	0.0	72.051	30.688	-0.5	35.0	2.036	193.449	5.37	3.538	0.0	70.894	11.581	-9.013	0.0	0.0	200.133	5.36	2.413	0.0	68.001	0.0	0.0	0.2	0.0	171.169	6.2	3.163	0.0	67.597	10.419	-24.228	0.0	0.0	180.372	5.9	3.413	0.0	63.88	26.474	-12.213	31.6	1.877	192.48	6.69	3.288	0.0	62.771	23.278	-24.566	0.0	0.0	149.373	5.96	3.413	0.0	65.666	10.419	-24.005	37.2	1.886	246.727	6.43
6.06	2.288	0.0	68.69	25.603	-10.892	34.8	0.0	207.204	4.76	2.725	0.0	68.762	33.594	-7.907	28.8	1.944	236.653	5.47	2.35	0.0	62.008	24.367	-8.676	0.0	1.785	182.406	5.54	2.913	0.0	67.288	30.688	-0.445	35.0	0.0	183.568	5.54	3.663	0.0	70.119	11.363	-9.046	0.0	0.0	199.746	5.24	2.6	0.0	67.899	0.0	0.0	0.2	0.0	172.138	5.77	2.663	1.063	69.217	10.201	-23.464	0.0	0.0	179.984	5.3	3.1	0.0	66.278	26.62	-12.356	31.6	1.877	188.993	6.7	2.975	0.0	61.879	23.278	-24.755	0.0	0.0	165.357	6.16	3.413	0.0	64.062	10.782	-24.208	37.2	0.0	237.815	5.99
6.14	2.538	0.0	68.333	25.603	-11.028	34.8	0.0	203.523	4.68	2.6	0.0	68.773	33.594	-7.83	28.8	1.793	224.932	5.54	2.163	0.0	62.547	24.15	-8.693	0.0	1.24	211.079	5.41	3.225	0.0	68.197	30.543	-0.647	35.0	0.0	192.093	5.55	3.725	0.0	69.228	10.855	-9.073	0.0	0.0	206.042	5.36	2.913	0.0	66.127	0.0	0.0	0.2	0.0	185.215	6.11	3.288	0.532	67.527	10.492	-24.467	0.0	0.0	174.656	5.8	3.225	0.0	62.98	26.474	-12.628	31.6	1.651	196.452	6.58	2.975	0.0	60.679	23.641	-25.133	0.0	0.0	150.148	6.1	3.1	0.0	64.326	10.709	-24.208	37.2	2.036	245.177	6.29
6.14	2.35	0.532	68.28	25.893	-10.934	34.8	0.0	200.908	4.68	2.6	0.0	68.589	33.376	-7.805	28.8	1.676	234.328	5.36	2.288	0.0	62.738	24.658	-8.691	0.0	1.71	183.956	5.24	3.163	0.0	69.878	31.342	-1.433	35.0	0.0	188.799	5.21	3.475	0.0	70.577	11.0	-9.015	0.0	0.0	204.395	5.38	2.413	0.0	67.339	0.0	0.0	0.2	0.0	183.859	6.02	2.85	0.0	67.724	10.419	-23.827	0.0	0.0	175.431	5.64	3.1	0.0	64.219	26.474	-12.608	31.6	1.835	201.392	6.76	3.038	0.0	58.833	23.568	-23.683	0.0	0.0	144.627	6.06	3.225	0.0	64.182	10.637	-24.148	37.2	1.869	255.252	6.0
6.1	2.35	1.063	67.552	25.675	-11.107	34.8	0.0	206.623	4.67	2.6	0.0	68.27	33.521	-7.813	28.8	1.701	245.177	5.26	2.475	0.0	64.889	24.658	-8.727	0.0	1.877	191.996	5.08	2.913	0.0	70.499	31.487	-0.574	35.0	0.0	187.443	5.49	3.663	0.0	69.532	11.291	-9.065	0.0	0.0	206.623	5.46	2.85	0.0	66.306	0.0	0.0	0.2	0.0	184.343	6.12	2.913	0.0	66.561	10.564	-23.846	0.0	0.0	191.318	5.95	3.35	0.0	62.506	26.474	-12.445	31.6	2.087	199.455	6.78	3.35	0.0	60.712	23.714	-24.974	0.0	0.0	143.27	6.04	2.725	0.0	64.151	10.637	-23.988	37.2	1.508	238.493	6.1
6.06	2.413	0.532	67.517	25.021	-10.876	34.8	0.0	196.549	4.86	2.913	0.0	67.163	33.521	-7.844	28.8	0.0	248.859	5.32	2.35	0.0	63.779	24.658	-8.698	0.0	2.062	187.056	5.25	2.913	0.0	68.22	31.269	-0.51	35.0	0.0	169.328	5.5	3.725	0.0	68.77	11.363	-9.054	0.0	0.0	195.871	5.23	2.288	0.0	68.349	0.0	0.0	0.2	0.0	179.112	5.96	2.913	0.0	67.392	9.91	-23.846	0.0	0.0	168.36	5.54	3.288	0.0	64.447	26.765	-12.386	31.6	1.944	197.13	6.67	3.288	0.0	61.398	23.278	-24.953	0.0	0.0	148.405	5.8	2.725	0.0	65.42	10.637	-24.383	37.2	0.972	250.505	6.24
6.02	2.413	0.532	67.617	25.021	-10.876	34.8	0.0	214.179	4.82	3.038	0.0	67.794	33.739	-7.848	28.8	0.0	252.927	5.34	2.6	0.0	63.782	24.367	-8.756	0.0	0.0	184.731	5.23	2.788	0.0	70.007	31.197	-0.532	35.0	0.0	188.218	5.41	3.35	0.0	68.753	10.782	-8.956	0.0	0.0	203.717	5.34	2.538	0.0	67.198	0.0	0.0	0.2	0.0	183.956	5.98	2.85	1.595	67.235	10.056	-1.0	0.0	0.0	173.688	5.57	3.1	0.0	63.822	26.62	-12.608	31.6	1.374	199.358	6.83	3.538	0.0	61.058	24.004	-24.941	0.0	0.0	140.461	6.02	3.288	0.0	64.23	10.274	-24.761	37.2	0.0	239.365	6.26
5.99	2.1	0.532	67.558	24.949	-10.899	34.8	0.0	195.386	4.9	2.913	0.0	66.34	33.667	-7.828	28.8	0.0	262.033	5.29	2.288	0.0	62.754	24.44	-8.706	0.0	1.71	184.537	5.52	2.975	0.0	65.316	31.124	-0.531	35.0	0.0	167.294	5.4	3.413	0.0	69.331	10.709	-8.937	0.0	0.0	204.395	5.51	2.35	0.0	66.262	0.0	0.0	0.2	2.078	176.594	6.24	3.163	5.849	65.771	10.056	-23.926	0.0	0.0	174.656	5.67	3.163	0.0	63.178	26.62	-12.67	31.6	1.718	191.124	6.66	3.038	0.0	61.649	23.278	-24.679	0.0	0.0	152.57	6.03	3.35	0.0	64.534	9.983	-24.974	37.2	0.0	251.571	6.28
6.04	2.475	0.532	67.594	25.457	-10.918	34.8	0.0	228.128	4.94	2.913	1.595	66.588	33.449	-7.844	28.8	0.0	262.808	5.28	2.538	0.0	64.566	24.803	-8.9	0.0	2.045	188.412	5.28	2.913	0.0	70.199	31.269	-0.542	35.0	0.0	195.193	5.56	3.663	0.0	67.639	11.073	-9.028	0.0	0.0	207.495	5.44	2.413	0.0	67.403	0.0	0.0	0.2	0.0	192.383	5.98	2.913	2.659	66.293	10.346	-23.745	0.0	0.0	169.522	5.53	3.225	0.0	64.336	26.692	-12.786	31.6	1.374	196.743	6.64	3.163	0.0	60.943	22.987	-25.38	0.0	0.0	154.12	5.87	3.038	0.0	65.079	10.128	-24.188	37.2	1.827	261.839	6.53
6.01	2.413	0.0	67.669	25.82	-10.909	34.8	0.0	234.812	4.88	2.85	0.0	66.658	33.594	-7.754	28.8	0.0	256.705	5.27	2.538	0.0	64.236	24.513	-8.689	0.0	0.0	191.124	5.08	2.85	0.0	70.135	30.833	-0.359	35.0	0.0	189.768	5.4	3.413	0.0	69.147	11.363	-9.018	0.0	0.0	192.093	5.33	2.663	0.0	66.418	0.0	0.0	0.2	0.0	174.947	6.04	3.1	1.063	67.433	10.128	-23.804	0.0	0.0	165.454	5.64	3.163	0.0	63.834	26.329	-12.723	31.6	1.718	206.817	6.68	3.163	0.0	61.736	23.205	-24.525	0.0	0.0	154.701	5.87	3.413	0.0	65.623	10.128	-24.607	37.2	0.0	244.693	6.06
5.94	2.475	0.0	67.816	25.675	-10.951	34.8	0.0	205.461	4.66	2.788	0.0	67.605	33.231	-7.824	28.8	1.986	250.602	5.52	2.35	0.0	63.014	24.295	-8.676	0.0	0.0	205.655	5.04	2.788	0.0	70.985	30.615	-0.242	35.0	0.0	191.512	5.3	3.475	0.0	70.229	10.709	-8.944	0.0	0.0	206.042	5.25	2.413	0.0	68.22	0.0	0.0	0.2	0.0	171.169	6.38	2.913	1.063	64.951	10.056	-23.745	0.0	0.0	178.144	5.78	3.475	0.0	62.976	26.474	-12.774	31.6	1.525	192.48	6.84	3.038	0.0	59.872	23.423	-24.679	0.0	0.0	153.732	5.9	3.288	0.0	65.139	10.056	-24.467	37.2	0.0	243.628	6.39
5.82	1.85	0.0	67.82	25.53	-10.734	34.8	1.994	197.227	4.6	2.35	0.532	67.275	33.667	-7.756	28.8	0.0	269.879	5.3	2.163	0.0	64.869	24.44	-8.716	0.0	1.86	201.005	5.09	2.663	0.0	70.865	31.269	-0.523	35.0	0.0	189.38	5.36	3.475	0.0	68.902	11.145	-8.979	0.0	0.0	212.532	5.24	2.475	0.0	68.721	0.0	0.0	0.2	0.0	179.693	6.15	3.038	0.0	66.513	9.838	-23.886	0.0	0.0	168.457	5.76	3.163	0.0	62.945	26.329	-12.83	31.6	1.651	207.204	6.82	3.038	0.0	60.096	23.278	-24.484	0.0	0.0	165.744	5.81	3.35	0.0	65.422	10.709	-24.188	37.2	0.0	260.095	6.17
5.95	2.288	0.0	68.191	24.803	-10.892	34.8	0.0	221.057	4.7	2.6	0.0	67.719	33.594	-7.805	28.8	0.0	257.577	5.3	2.475	0.0	65.467	25.021	-8.774	0.0	0.0	208.561	5.12	2.475	0.0	70.403	30.833	-0.523	35.0	0.0	178.531	5.36	3.413	0.0	69.087	11.0	-9.046	0.0	0.0	210.207	5.19	2.538	0.0	68.632	0.0	0.0	0.2	0.0	173.106	6.22	2.85	0.0	66.336	10.419	-24.128	0.0	0.0	176.884	5.65	3.225	0.0	63.671	26.256	-12.426	31.6	1.852	191.415	6.89	3.1	0.0	60.135	23.133	-24.504	0.0	0.0	133.971	5.8	3.225	0.0	65.8	10.201	-24.348	37.2	1.986	244.984	6.37
