11.74	17.913	467.382	49.408	24.585	-13.656	34.8	1.651	190.059	10.4	16.6	493.968	48.737	33.231	-9.687	28.8	1.542	196.355	10.32	18.163	0.0	48.077	24.585	-11.78	0.0	2.02	217.57	12.05	22.788	0.0	49.325	30.833	-7.757	35.0	1.198	57.831	11.46	17.788	0.0	48.845	11.218	-10.665	0.0	0.0	212.242	10.48	14.85	0.0	51.507	0.0	0.0	0.2	1.584	32.839	11.18	17.288	508.856	53.721	10.056	-29.819	0.0	1.886	36.52	11.18	16.6	0.0	52.302	26.329	-13.422	31.6	0.0	42.623	11.34	17.85	0.0	50.555	22.115	-1.0	0.0	0.0	342.822	11.32	20.413	0.0	46.676	9.91	-1.0	37.2	0.0	204.492	11.15
12.02	17.538	403.044	50.462	25.603	-14.076	34.8	0.0	101.229	10.62	15.85	397.195	50.366	33.303	-9.454	28.8	0.0	106.751	10.22	18.225	0.0	46.257	24.15	-11.735	0.0	1.785	253.218	11.96	21.038	0.0	49.653	30.543	-7.3	35.0	0.0	48.241	11.28	17.725	0.0	49.779	11.363	-10.553	0.0	0.0	183.956	11.15	14.975	0.0	44.415	0.0	0.0	0.2	0.0	32.839	10.88	16.35	423.249	52.23	9.91	-28.622	0.0	2.129	34.583	10.98	15.787	0.0	52.97	26.474	-13.516	31.6	0.0	31.676	11.29	17.288	0.0	53.225	22.261	-1.0	0.0	0.0	337.785	11.02	19.475	0.0	47.887	9.983	-1.0	37.2	1.131	234.231	11.12
11.62	15.162	418.464	51.725	25.457	-12.814	34.8	1.048	188.218	10.74	14.537	382.307	52.906	33.303	-9.4	28.8	0.913	154.895	10.04	17.163	0.0	51.568	24.658	-11.56	0.0	1.886	244.306	10.64	19.975	0.0	49.448	31.197	-6.93	35.0	1.349	44.076	11.22	17.163	0.0	50.784	11.0	-10.495	0.0	0.0	156.832	10.52	14.725	0.0	50.75	0.0	0.0	0.2	0.0	33.13	10.74	15.912	406.766	53.928	10.128	-29.286	0.0	1.71	18.599	10.4	15.412	0.0	53.969	26.474	-13.308	31.6	1.282	30.514	11.16	16.6	0.0	53.207	22.333	-1.0	0.0	0.0	355.125	11.27	18.788	0.0	53.794	10.637	-32.05	37.2	0.0	63.353	11.17
11.68	17.663	414.21	52.129	24.658	-13.646	34.8	0.0	1.55	10.34	14.725	439.733	50.818	33.376	-9.427	28.8	1.869	350.959	10.24	18.913	0.0	51.017	23.786	-11.863	0.0	0.0	301.749	11.6	20.538	0.0	49.76	30.325	-6.98	35.0	0.0	50.275	11.39	17.913	0.0	51.754	10.855	-10.584	0.0	0.0	230.647	10.2	14.162	0.0	51.832	0.0	0.0	0.2	1.735	37.876	10.53	15.725	451.431	54.735	10.419	-28.833	0.0	0.0	29.352	9.84	15.287	0.0	53.409	26.474	-13.197	31.6	1.743	45.044	11.24	17.163	0.0	55.346	22.406	-1.0	0.0	0.0	331.779	11.85	20.475	0.0	49.051	9.838	-32.491	37.2	0.0	186.087	10.82
11.78	17.663	462.597	52.659	25.312	-13.689	34.8	0.0	3.003	10.32	14.787	403.576	53.388	33.376	-9.445	28.8	1.676	342.822	9.78	17.913	0.0	53.071	24.658	-11.57	0.0	0.0	54.731	11.18	20.663	0.0	51.877	30.543	-7.072	35.0	0.0	55.216	11.18	17.725	0.0	50.809	11.291	-10.553	0.0	0.0	227.644	10.48	13.912	0.0	55.352	0.0	0.0	0.2	0.0	39.426	10.22	15.6	509.388	53.344	10.128	-28.653	0.0	0.0	26.349	9.78	15.162	0.0	55.1	26.402	-13.131	31.6	2.112	31.386	10.76	16.6	0.0	53.12	22.406	-1.0	0.0	0.0	343.21	11.36	20.163	0.0	50.097	10.492	-32.191	37.2	0.0	149.47	10.5
12.0	18.163	467.382	51.533	24.949	-13.71	34.8	0.0	312.986	10.29	14.662	483.866	53.233	33.303	-9.418	28.8	1.894	312.114	9.32	18.1	0.0	52.885	23.641	-11.73	0.0	1.584	48.532	11.19	20.413	0.0	49.89	30.397	-7.082	35.0	0.0	38.36	10.62	17.663	0.0	52.103	11.363	-10.526	0.0	0.0	57.734	9.96	13.537	0.0	54.83	0.0	0.0	0.2	0.0	40.201	10.69	16.163	475.358	55.532	10.492	-28.911	0.0	0.0	36.229	9.69	15.35	0.0	56.914	26.402	-13.086	31.6	0.0	33.323	10.92	17.1	0.0	54.941	22.769	-1.0	0.0	0.0	329.648	11.2	20.663	0.0	53.423	10.419	-31.955	37.2	0.0	115.178	10.4
11.46	17.475	428.567	52.796	25.021	-13.563	34.8	0.0	0.387	9.9	14.537	449.835	53.927	33.158	-9.327	28.8	0.0	281.988	9.1	16.85	0.0	52.584	24.658	-11.486	0.0	2.129	47.563	10.98	20.1	0.0	50.323	30.688	-7.593	35.0	0.0	47.273	10.86	16.85	0.0	54.335	11.363	-10.387	0.0	2.07	60.931	9.92	14.1	0.0	53.541	0.0	0.0	0.2	0.0	51.632	10.49	15.537	467.382	54.997	10.128	-28.501	0.0	0.0	31.289	9.73	15.475	0.0	55.537	26.547	-13.408	31.6	2.095	40.976	10.82	17.288	0.0	53.52	22.406	-1.0	0.0	0.0	332.263	11.14	18.913	0.0	51.171	10.201	-31.999	37.2	1.349	68.003	10.34
11.84	18.35	457.28	51.602	25.603	-16.077	34.8	1.274	35.939	10.5	16.225	458.875	52.54	33.521	-9.613	28.8	0.0	282.763	9.16	16.475	0.0	54.208	24.367	-11.367	0.0	2.129	50.469	11.08	20.788	0.0	51.498	30.688	-7.262	35.0	0.0	58.219	10.4	17.288	0.0	53.73	11.291	-10.441	0.0	1.643	56.281	9.6	13.662	0.0	53.704	0.0	0.0	0.2	0.0	46.207	10.26	15.85	451.962	54.158	9.838	-28.89	0.0	0.0	33.711	9.88	15.162	0.0	55.973	26.402	-13.479	31.6	1.768	33.033	10.56	17.225	0.0	54.799	22.043	-1.0	0.0	0.0	337.01	11.08	19.288	0.0	51.589	9.983	-1.0	37.2	1.433	84.955	10.24
11.12	17.413	472.699	51.96	25.239	-13.508	34.8	1.86	33.808	10.18	15.412	472.699	53.398	33.449	-9.477	28.8	1.358	6.975	9.03	17.163	0.0	54.307	24.295	-11.579	0.0	2.053	54.247	10.68	21.1	0.0	51.077	31.342	-9.937	35.0	0.0	56.281	10.44	17.1	0.0	55.406	11.654	-10.394	0.0	0.0	53.085	9.8	14.037	0.0	53.314	0.0	0.0	0.2	0.0	38.457	10.28	16.038	473.763	54.669	9.765	-29.1	0.0	0.0	25.477	9.84	15.475	0.0	56.644	26.474	-13.497	31.6	1.71	31.967	11.01	17.913	0.0	55.549	22.406	-1.0	0.0	0.0	0.0	10.74	18.163	0.0	50.444	10.346	-1.0	37.2	1.877	76.915	10.3
11.38	17.6	439.201	53.509	25.457	-13.633	34.8	1.994	40.201	10.21	15.475	476.953	54.45	33.449	-9.641	28.8	1.567	12.109	9.08	17.225	0.0	55.559	24.077	-11.553	0.0	2.137	66.259	11.28	20.85	0.0	50.762	30.615	-7.719	35.0	0.0	52.503	10.29	17.1	0.0	55.087	11.291	-10.386	0.0	0.0	61.706	9.56	13.975	0.0	53.429	0.0	0.0	0.2	1.886	34.873	10.33	16.538	454.621	55.419	10.201	-28.96	0.0	1.961	27.608	9.69	15.35	0.0	57.47	26.474	-13.338	31.6	1.76	36.617	11.08	17.475	0.0	55.619	22.551	-1.0	0.0	0.0	340.11	10.92	18.538	0.0	53.564	10.419	-31.559	37.2	1.936	94.545	10.17
10.91	16.85	425.908	53.322	25.603	-13.39	34.8	1.617	15.305	9.75	14.475	436.542	55.481	33.449	-9.383	28.8	1.14	316.183	8.75	16.1	0.0	54.267	24.004	-11.302	0.0	0.0	43.107	10.93	20.038	0.0	52.479	30.688	-7.239	35.0	0.0	41.751	10.16	17.163	0.0	53.845	11.0	-10.38	0.0	1.777	56.184	9.65	13.6	0.0	55.111	0.0	0.0	0.2	0.0	30.805	10.48	15.975	431.225	56.181	10.274	-28.7	0.0	2.12	34.679	9.4	15.225	0.0	55.429	26.62	-13.774	31.6	1.877	37.392	10.69	16.85	0.0	53.531	22.115	-1.0	0.0	0.0	349.022	10.83	17.725	0.0	52.374	10.128	-31.254	37.2	1.542	94.157	10.22
10.69	15.912	457.28	53.771	25.167	-13.239	34.8	1.743	44.657	10.0	15.787	465.787	54.955	33.158	-9.503	28.8	1.894	23.346	8.92	16.35	0.0	55.358	24.513	-11.398	0.0	0.0	48.241	11.06	20.538	0.0	51.129	31.269	-9.858	35.0	0.0	52.988	10.05	17.35	0.0	53.44	11.218	-10.426	0.0	1.458	61.706	9.31	13.412	0.0	53.364	0.0	0.0	0.2	2.112	37.586	10.0	15.475	465.255	53.672	10.637	-27.85	0.0	0.0	29.933	9.4	15.162	0.0	56.019	26.402	-13.617	31.6	1.844	38.845	10.46	16.85	0.0	53.288	21.825	-1.0	0.0	0.0	355.9	10.63	18.663	0.0	53.913	10.128	-31.625	37.2	1.19	90.476	10.55
10.88	16.475	462.597	52.835	25.603	-13.396	34.8	0.0	47.176	9.98	16.475	495.032	52.135	32.795	-9.583	28.8	1.45	38.457	8.96	16.975	0.0	54.654	24.513	-11.369	0.0	2.12	39.717	10.65	20.6	0.0	50.951	31.197	-7.099	35.0	0.0	47.079	10.38	17.288	0.0	53.697	11.145	-10.49	0.0	1.684	57.638	9.46	13.787	0.0	54.875	0.0	0.0	0.2	0.0	37.876	9.96	15.912	496.095	53.397	9.692	-29.407	0.0	0.0	31.386	9.28	15.225	0.0	56.06	26.256	-13.873	31.6	0.0	38.651	10.57	17.538	0.0	54.83	22.333	-1.0	0.0	0.0	342.047	10.86	18.538	0.0	52.832	9.765	-30.821	37.2	1.492	95.901	9.93
10.74	16.85	507.261	52.543	25.53	-13.39	34.8	0.0	48.822	9.55	16.913	512.047	53.188	33.303	-9.752	28.8	1.693	51.535	8.74	16.85	0.0	54.562	24.585	-11.504	0.0	0.0	35.067	10.96	20.913	0.0	50.871	31.487	-7.159	35.0	0.0	45.722	10.46	17.475	0.0	53.738	11.0	-10.496	0.0	2.103	60.35	9.51	13.912	0.0	55.327	0.0	0.0	0.2	0.0	48.435	10.08	16.35	507.261	53.983	9.91	-29.246	0.0	0.0	30.805	9.16	15.162	0.0	54.535	26.547	-13.86	31.6	0.0	27.317	10.46	17.913	0.0	53.558	22.406	-1.0	0.0	0.0	345.922	11.3	18.538	0.0	54.129	10.637	-31.317	37.2	1.55	91.348	9.78
11.08	17.038	488.651	53.014	25.239	-13.471	34.8	1.994	66.937	9.11	15.662	469.509	52.946	33.086	-9.456	28.8	0.0	67.421	8.66	17.35	0.0	53.181	24.15	-11.594	0.0	0.0	54.15	10.28	20.6	0.0	49.646	31.342	-7.148	35.0	2.062	56.088	10.08	17.225	0.0	52.149	10.782	-10.505	0.0	2.103	50.566	9.66	14.162	0.0	56.146	0.0	0.0	0.2	1.911	36.52	10.26	16.85	481.207	53.079	9.838	-1.0	0.0	1.684	34.389	9.45	15.225	0.0	54.696	26.62	-13.583	31.6	1.45	47.854	10.75	18.225	0.0	53.299	22.697	-1.0	0.0	0.0	341.272	10.5	17.85	0.0	51.995	9.765	-31.2	37.2	2.07	86.602	10.48
10.62	16.788	520.023	52.828	25.239	-13.336	34.8	1.927	53.085	9.73	16.663	522.681	53.514	33.812	-9.571	28.8	1.886	67.615	8.72	17.538	0.0	53.667	24.15	-11.555	0.0	1.751	55.41	10.51	21.6	0.0	52.087	31.342	-7.049	35.0	1.777	55.506	10.22	17.725	0.0	54.182	11.363	-10.553	0.0	1.668	56.088	9.22	14.287	0.0	53.53	0.0	0.0	0.2	1.886	35.164	10.16	16.475	525.872	53.485	10.201	-29.551	0.0	1.592	23.442	9.25	15.85	0.0	54.755	26.547	-13.62	31.6	1.291	38.457	10.4	18.85	0.0	54.388	22.479	-1.0	0.0	0.0	309.886	10.52	18.475	0.0	52.905	10.201	-31.526	37.2	1.626	96.385	10.2
10.14	15.537	426.972	52.911	24.876	-13.043	34.8	0.0	53.181	9.66	16.913	461.002	53.054	33.086	-9.618	28.8	1.911	68.584	8.64	17.725	0.0	53.864	24.658	-12.185	0.0	1.475	35.939	10.59	20.225	0.0	50.607	31.269	-6.776	35.0	1.601	41.363	9.72	16.975	0.0	52.249	10.927	-10.464	0.0	1.299	50.663	9.38	14.287	0.0	53.224	0.0	0.0	0.2	1.324	37.101	10.66	16.913	466.851	57.151	10.201	-30.249	0.0	0.0	25.38	9.45	15.85	0.0	54.933	26.474	-13.484	31.6	0.955	38.845	10.28	18.538	0.0	55.055	22.115	-31.916	0.0	0.0	311.049	10.65	18.913	0.0	52.803	10.492	-31.758	37.2	1.492	87.861	9.98
10.8	17.788	522.149	53.577	25.603	-13.463	34.8	1.542	32.548	9.32	17.225	515.237	52.795	33.303	-9.674	28.8	1.567	67.421	8.69	18.163	0.0	54.377	24.585	-11.705	0.0	1.559	29.448	10.68	21.663	0.0	54.458	30.47	-7.22	35.0	1.224	51.922	9.96	18.1	0.0	51.981	10.855	-10.666	0.0	0.997	56.863	9.42	14.537	0.0	53.768	0.0	0.0	0.2	1.391	34.776	10.2	16.975	556.711	54.359	10.128	-29.292	0.0	1.408	25.864	9.42	16.1	0.0	54.007	26.62	-13.492	31.6	0.939	34.776	10.4	18.85	0.0	55.874	22.043	-31.965	0.0	0.0	298.94	10.27	20.038	0.0	52.145	10.492	-32.617	37.2	0.0	81.177	10.14
10.31	18.725	580.107	52.634	25.021	-13.748	34.8	1.098	42.526	9.22	18.35	574.79	52.961	33.303	-9.804	28.8	0.0	67.518	8.92	19.288	0.0	54.974	24.658	-11.842	0.0	1.777	45.529	11.19	22.725	0.0	53.753	31.124	-7.583	35.0	1.978	47.854	10.2	18.85	0.0	53.251	10.782	-10.716	0.0	0.905	55.894	9.8	15.6	0.0	54.955	0.0	0.0	0.2	0.0	45.626	10.29	17.35	599.781	55.916	10.492	-29.85	0.0	1.802	40.685	9.85	16.225	0.0	55.998	26.547	-13.261	31.6	0.0	36.714	10.84	19.288	0.0	56.324	22.188	-32.202	0.0	0.0	345.147	10.63	20.538	0.0	51.892	10.201	-1.0	37.2	1.081	85.052	10.59
10.8	19.538	589.146	54.476	25.675	-13.844	34.8	0.0	60.641	9.8	18.35	581.17	51.565	33.449	-9.845	28.8	0.0	67.325	9.15	19.6	0.0	55.952	24.367	-11.832	0.0	1.5	57.638	11.14	22.475	0.0	51.018	30.325	-7.498	35.0	0.0	61.512	10.2	20.038	0.0	54.269	11.145	-10.947	0.0	0.955	61.416	9.62	14.85	0.0	56.287	0.0	0.0	0.2	1.969	47.66	10.23	16.913	623.176	55.671	9.256	-29.761	0.0	0.0	27.511	9.79	16.163	0.0	58.069	26.402	-13.417	31.6	1.986	30.805	10.68	18.975	0.0	55.025	22.115	-32.032	0.0	0.0	12.206	10.76	21.6	0.0	55.809	9.91	-33.516	37.2	1.274	91.736	10.42
11.1	18.85	573.195	54.07	24.731	-13.861	34.8	1.634	56.766	10.08	18.725	577.98	53.264	33.086	-9.862	28.8	1.131	67.228	9.3	19.288	0.0	56.884	24.077	-11.772	0.0	0.0	58.122	10.96	22.475	0.0	51.938	30.979	-7.548	35.0	0.0	56.863	10.39	18.975	0.0	54.416	11.0	-10.762	0.0	1.969	68.681	9.53	14.537	0.0	55.685	0.0	0.0	0.2	0.0	43.301	10.1	17.475	602.971	55.266	9.547	-30.036	0.0	0.0	42.429	9.6	16.1	0.0	56.343	26.402	-13.115	31.6	0.0	18.986	10.64	19.1	0.0	56.677	21.97	-1.0	0.0	0.0	344.372	11.92	21.225	0.0	54.788	10.128	-33.045	37.2	1.399	87.764	10.06
10.82	18.475	646.04	53.008	24.949	-13.61	34.8	0.0	40.976	9.52	18.163	618.391	54.2	33.303	-9.775	28.8	0.0	68.681	8.8	18.975	0.0	55.899	24.585	-11.731	0.0	0.0	45.335	10.46	22.975	0.0	52.323	31.269	-7.669	35.0	0.0	59.284	9.83	19.163	0.0	53.618	10.782	-10.795	0.0	2.087	56.959	9.55	14.475	0.0	56.218	0.0	0.0	0.2	0.0	38.36	10.61	17.725	658.802	57.407	10.419	-29.781	0.0	1.802	27.317	9.61	16.35	0.0	58.128	26.474	-13.246	31.6	0.0	31.289	10.5	19.413	0.0	54.581	22.479	-32.39	0.0	0.0	323.836	11.33	20.038	0.0	53.713	10.056	-32.617	37.2	0.0	87.861	10.1
11.14	19.913	686.983	54.734	25.603	-14.145	34.8	0.0	50.663	9.79	18.788	692.3	52.138	33.231	-9.715	28.8	0.0	59.769	9.0	20.163	0.0	56.575	24.44	-11.922	0.0	0.0	49.307	10.6	24.225	0.0	52.433	30.761	-8.097	35.0	0.0	60.156	10.02	19.538	0.0	53.255	11.291	-10.868	0.0	1.986	53.278	9.66	15.725	0.0	55.881	0.0	0.0	0.2	1.726	51.05	10.28	18.038	722.608	55.708	10.201	-30.316	0.0	0.0	36.52	9.78	16.85	0.0	57.28	26.474	-14.709	31.6	1.483	25.089	10.81	20.913	0.0	56.112	22.333	-1.0	0.0	0.0	314.149	11.3	21.913	0.0	55.533	9.91	-33.576	37.2	1.785	95.804	10.42
11.04	20.225	710.91	52.858	25.53	-14.218	34.8	0.0	48.725	9.76	19.975	717.291	53.038	33.449	-10.06	28.8	2.003	61.319	8.92	20.85	0.0	57.148	24.513	-12.11	0.0	0.0	47.466	11.25	25.163	0.0	54.062	31.269	-8.099	35.0	0.0	51.825	10.57	20.1	0.0	55.692	11.073	-10.958	0.0	1.643	77.205	9.38	15.6	0.0	54.448	0.0	0.0	0.2	0.0	43.979	10.46	18.475	758.233	56.561	10.201	-30.537	0.0	0.0	31.192	9.56	17.163	0.0	55.423	26.474	-13.414	31.6	0.0	40.201	11.46	20.788	0.0	54.362	22.406	-1.0	0.0	0.0	335.751	10.97	23.663	0.0	55.395	9.838	-34.117	37.2	1.844	96.676	10.26
10.85	19.1	631.152	54.004	25.748	-13.961	34.8	0.0	29.933	10.08	19.663	668.904	53.743	33.231	-10.01	28.8	1.718	61.9	9.26	21.1	0.0	57.783	24.222	-12.142	0.0	0.0	47.466	11.35	23.725	0.0	51.961	31.124	-7.977	35.0	0.0	49.791	10.55	19.538	0.0	55.837	10.782	-10.894	0.0	0.0	54.538	9.8	15.6	0.0	54.39	0.0	0.0	0.2	0.0	36.036	10.32	18.413	713.569	54.585	10.346	-30.631	0.0	0.0	26.155	9.76	17.788	0.0	56.367	26.474	-13.504	31.6	2.07	41.17	11.26	21.1	0.0	57.124	22.551	-1.0	0.0	0.0	311.824	11.23	21.975	0.0	52.461	10.201	-33.226	37.2	2.12	84.374	10.55
10.78	18.6	584.892	54.443	25.53	-13.763	34.8	0.0	44.948	10.01	18.1	631.684	53.883	33.303	-9.766	28.8	0.0	67.421	8.78	18.538	0.0	54.004	24.658	-11.719	0.0	0.0	45.238	11.1	23.413	0.0	52.564	30.543	-8.024	35.0	2.137	59.478	10.34	19.6	0.0	54.05	10.782	-10.879	0.0	0.0	55.506	9.53	15.037	0.0	57.007	0.0	0.0	0.2	0.0	28.48	10.57	17.913	646.04	57.225	10.201	-30.503	0.0	0.0	28.964	9.49	16.975	0.0	55.058	26.474	-13.293	31.6	0.0	31.676	11.58	20.163	0.0	57.291	22.188	-1.0	0.0	0.0	341.272	11.18	20.975	0.0	53.119	9.91	-1.0	37.2	0.0	96.676	10.08
10.53	17.663	568.941	54.407	25.603	-13.316	34.8	0.0	45.335	9.92	18.038	610.415	54.348	33.449	-9.736	28.8	0.0	67.421	8.81	19.725	0.0	55.548	24.15	-11.908	0.0	2.062	45.626	11.06	22.788	0.0	52.194	30.833	-7.808	35.0	2.062	58.509	10.25	19.1	0.0	54.455	11.291	-10.784	0.0	2.103	56.669	9.62	15.35	0.0	54.632	0.0	0.0	0.2	1.45	35.454	10.36	17.85	581.17	55.66	10.128	-30.471	0.0	1.701	26.736	9.72	16.913	0.0	57.124	26.402	-13.24	31.6	1.441	29.739	11.4	19.35	0.0	56.408	22.188	-1.0	0.0	0.0	343.985	11.08	19.288	0.0	53.075	10.128	-1.0	37.2	0.0	96.676	10.32
10.55	17.725	479.08	55.125	25.167	-13.616	34.8	0.0	43.204	9.64	18.038	616.796	53.441	33.231	-9.746	28.8	0.0	80.692	8.96	19.6	0.0	56.452	24.585	-11.92	0.0	1.927	53.085	10.96	21.413	0.0	53.178	31.342	-7.134	35.0	0.0	56.766	10.35	19.1	0.0	56.073	10.927	-10.767	0.0	1.366	53.666	9.62	14.975	0.0	55.757	0.0	0.0	0.2	1.726	48.241	10.44	17.663	571.599	57.088	10.346	-30.128	0.0	0.0	40.492	9.54	16.788	0.0	57.301	26.402	-13.022	31.6	1.575	31.676	11.4	18.788	0.0	56.969	22.406	-1.0	0.0	0.0	353.284	10.62	21.35	0.0	54.27	9.838	-1.0	37.2	1.55	94.061	10.32
10.5	17.288	564.687	54.909	25.167	-13.523	34.8	0.0	72.459	9.44	16.85	550.862	53.202	33.158	-9.559	28.8	0.0	80.789	8.83	17.975	0.0	56.725	24.15	-11.616	0.0	0.0	55.022	10.94	21.6	0.0	55.539	31.124	-7.198	35.0	0.997	45.529	10.52	19.1	0.0	56.128	11.073	-10.809	0.0	1.651	56.184	9.66	13.975	0.0	55.881	0.0	0.0	0.2	0.0	43.204	10.41	16.663	625.835	58.805	9.983	-29.764	0.0	0.0	27.511	9.66	16.1	0.0	57.524	26.402	-12.998	31.6	0.0	26.058	11.08	18.975	0.0	55.857	22.333	-1.0	0.0	0.0	334.298	11.58	19.6	0.0	54.918	10.201	-1.0	37.2	1.467	98.517	10.5
10.8	15.475	389.219	54.506	25.312	-13.152	34.8	0.0	53.763	9.31	16.475	565.219	54.378	33.303	-9.484	28.8	0.0	80.886	8.84	17.225	0.0	56.052	24.658	-11.517	0.0	0.0	61.9	10.85	20.6	0.0	53.644	30.979	-7.051	35.0	0.947	46.594	10.34	17.85	0.0	55.45	10.782	-10.616	0.0	0.0	60.156	9.7	14.475	0.0	59.559	0.0	0.0	0.2	0.0	40.104	10.24	16.913	605.098	57.379	9.692	-30.007	0.0	0.0	26.155	9.54	16.1	0.0	60.309	26.62	-12.922	31.6	0.0	27.995	10.98	18.288	0.0	55.337	21.752	-1.0	0.0	0.0	354.059	11.3	19.538	0.0	56.008	9.91	-32.459	37.2	0.0	99.485	10.2
