0.0	4.787	0.0	0.0	26.983	-8.338	20.8	0.0	181.921	5.03	4.912	0.0	88.949	35.192	-12.65	6.8	0.0	244.306	4.82	5.35	0.0	91.371	25.893	-1.115	26.2	0.0	204.88	5.51	6.162	0.0	92.808	32.504	-8.03	21.2	0.0	202.942	4.92	5.725	0.0	90.595	25.675	-8.885	48.4	1.852	208.658	4.88	5.475	0.0	87.799	0.0	0.0	19.4	0.0	187.443	5.92	5.787	0.532	90.857	16.739	-22.614	41.6	0.0	158.479	5.04	5.6	0.0	88.321	27.346	-25.244	13.4	1.14	188.993	5.88	5.85	0.0	84.682	26.692	-24.704	20.4	0.0	137.071	4.88	6.412	0.0	94.88	29.526	-23.143	30.6	0.0	210.595
0.0	4.662	0.0	0.0	27.201	-8.347	20.8	0.0	216.213	5.0	4.975	0.0	89.223	34.393	-12.711	6.8	2.112	282.279	4.85	5.6	0.0	91.148	25.893	-1.163	26.2	0.922	210.595	5.56	6.1	0.0	93.236	32.577	-7.978	21.2	0.0	205.655	4.92	5.787	0.0	90.849	25.675	-8.985	48.4	1.676	204.008	4.91	5.35	0.0	87.498	0.0	0.0	19.4	0.0	181.243	5.93	5.912	0.532	91.009	17.103	-22.653	41.6	0.0	173.881	5.11	5.662	0.0	87.791	26.838	-25.67	13.4	2.103	202.167	5.74	5.787	0.0	85.626	26.838	-24.471	20.4	0.0	187.637	4.9	6.287	0.0	95.006	29.526	-21.768	30.6	1.224	213.695
0.0	4.725	0.0	0.0	27.201	-8.331	20.8	0.0	213.017	4.99	4.85	0.0	89.242	34.829	-12.741	6.8	1.291	240.14	4.76	5.225	0.0	91.607	26.692	-1.109	26.2	0.0	235.878	5.58	6.287	0.0	92.848	32.722	-8.007	21.2	0.0	230.453	4.96	6.037	0.0	90.775	25.748	-9.074	48.4	0.0	201.392	4.88	5.35	0.0	87.777	0.0	0.0	19.4	0.0	200.23	5.91	5.85	0.532	90.94	16.957	-22.412	41.6	1.081	154.12	5.04	5.6	0.0	88.036	27.637	-25.548	13.4	2.078	190.543	5.76	5.85	0.0	85.223	27.201	-24.704	20.4	0.972	167.294	4.85	6.287	0.0	94.791	29.962	-22.435	30.6	2.003	253.702
0.0	4.725	0.0	0.0	27.128	-8.339	20.8	1.735	219.701	5.02	5.225	0.0	89.055	34.393	-12.804	6.8	0.0	249.052	4.99	5.412	0.0	91.458	26.62	-1.275	26.2	0.0	221.638	6.96	6.912	0.0	88.411	32.504	-8.082	21.2	1.089	207.592	5.0	5.662	0.0	90.68	25.603	-8.948	48.4	1.089	215.729	5.66	6.037	0.0	86.597	0.0	0.0	19.4	0.0	225.416	6.6	6.225	4.785	89.439	16.739	-22.75	41.6	0.0	214.954	5.12	5.725	0.0	88.363	27.564	-24.977	13.4	1.718	229.097	6.32	6.037	0.0	84.374	26.038	-24.768	20.4	0.0	164.001	5.42	6.412	0.0	93.773	29.526	-22.697	30.6	1.198	271.914
0.0	4.85	0.0	0.0	26.765	-8.367	20.8	1.643	211.079	4.98	5.037	0.532	89.11	34.393	-12.523	6.8	0.0	246.34	4.79	5.35	0.0	91.531	26.838	-1.185	26.2	0.0	214.857	7.42	7.1	0.0	85.944	32.65	-8.102	21.2	1.735	233.553	4.96	5.85	0.0	90.987	25.893	-8.907	48.4	2.028	199.261	5.5	5.662	0.0	86.019	0.0	0.0	19.4	1.282	226.482	7.21	6.537	1.063	87.227	16.594	-22.513	41.6	1.115	186.281	5.16	5.912	0.0	87.649	27.564	-25.758	13.4	1.517	195.968	6.12	6.037	0.0	84.212	26.038	-24.768	20.4	1.467	116.341	6.49	6.787	0.0	90.664	29.671	-22.703	30.6	0.0	243.434
0.0	4.85	1.595	0.0	27.201	-8.307	20.8	2.095	209.142	5.0	5.1	0.0	89.46	34.684	-13.048	6.8	1.006	244.306	4.75	5.6	0.0	92.064	26.62	-1.163	26.2	0.0	215.923	7.62	7.162	0.0	85.582	32.65	-2.759	21.2	1.173	245.371	4.94	5.662	0.0	91.15	25.748	-8.885	48.4	1.617	211.661	5.64	5.787	0.0	87.083	0.0	0.0	19.4	2.036	239.656	8.0	6.662	1.063	83.704	16.521	-22.328	41.6	0.0	202.555	5.14	5.912	0.0	88.499	26.692	-24.726	13.4	0.0	216.795	6.12	5.912	0.0	84.717	26.983	-24.619	20.4	1.601	166.519	5.68	6.6	0.0	93.721	29.598	-22.644	30.6	0.0	273.463
0.0	4.725	1.595	0.0	26.91	-8.309	20.8	2.053	211.757	4.94	5.037	0.532	89.682	34.611	-12.877	6.8	0.0	231.809	4.7	5.537	0.0	92.134	26.91	-1.282	26.2	0.0	219.604	5.99	6.287	0.0	92.103	32.286	-8.016	21.2	1.726	225.222	4.93	5.412	0.0	91.316	25.893	-8.877	48.4	0.0	218.345	5.01	5.225	0.0	86.97	0.0	0.0	19.4	1.584	191.705	6.34	5.85	0.532	88.848	16.449	-22.191	41.6	0.0	169.038	5.08	5.725	0.0	88.134	26.765	-25.287	13.4	1.835	193.255	5.78	5.912	0.0	85.251	26.983	-24.619	20.4	1.265	169.232	4.96	6.287	0.0	94.701	29.671	-22.324	30.6	0.0	244.209
0.0	4.6	5.317	0.0	26.838	-8.288	20.8	1.475	200.133	4.93	5.162	0.0	89.486	34.538	-13.004	6.8	0.0	252.152	4.74	5.412	0.0	91.769	25.82	-0.962	26.2	0.0	207.204	5.52	6.037	0.0	93.06	32.722	-7.971	21.2	1.835	186.087	4.88	5.662	0.0	91.135	25.021	-8.956	48.4	0.0	207.979	4.88	5.412	0.0	87.93	0.0	0.0	19.4	1.86	197.421	5.94	5.787	0.532	90.649	16.376	-21.951	41.6	0.0	180.759	5.02	5.6	0.0	88.403	26.765	-25.447	13.4	1.886	176.981	5.91	5.912	0.0	85.214	26.038	-1.0	20.4	0.0	148.889	4.94	6.287	0.0	95.774	29.671	-22.102	30.6	1.994	218.635
0.0	4.85	0.0	0.0	26.402	-8.322	20.8	1.148	212.435	5.0	5.037	0.0	89.46	34.684	-14.11	7.0	0.0	255.639	4.84	5.475	0.0	91.649	26.765	-1.156	26.2	0.0	199.746	5.5	5.975	0.0	93.137	32.577	-7.974	21.2	1.944	185.312	4.9	5.662	0.0	91.034	25.312	-9.045	48.4	1.852	193.546	4.93	5.225	0.0	87.525	0.0	0.0	19.4	0.0	188.121	5.96	5.787	0.532	91.059	16.303	-22.172	41.6	0.0	170.781	5.1	5.412	0.0	88.27	26.765	-25.381	13.4	1.651	193.643	5.96	6.037	0.0	84.838	26.692	-25.189	20.4	0.0	180.856	4.94	6.287	0.0	95.596	29.526	-22.102	30.6	0.98	248.859
0.0	4.85	0.532	0.0	27.056	-8.352	20.8	0.997	208.464	5.08	4.975	0.0	89.006	34.611	-13.191	7.0	0.0	247.212	5.04	5.475	0.0	91.451	26.329	-1.191	26.2	1.383	180.662	5.62	6.037	0.0	92.339	32.359	-7.971	21.2	1.936	197.033	5.08	5.912	0.0	90.552	25.748	-9.067	48.4	1.617	194.321	5.02	5.537	0.0	87.46	0.0	0.0	19.4	1.399	195.386	6.08	5.975	1.063	90.643	16.158	-22.229	41.6	0.0	186.184	5.24	5.6	0.0	87.537	27.419	-25.447	13.4	1.215	201.683	6.18	6.1	0.0	84.456	25.966	-25.001	20.4	2.095	168.069	5.1	6.35	0.0	94.78	29.671	-22.566	30.6	2.045	207.204
0.0	4.975	0.532	0.0	27.201	-8.366	21.0	2.062	209.626	5.07	4.912	0.0	89.068	35.12	-13.015	7.0	0.0	223.382	5.24	5.537	0.0	90.551	27.273	-2.113	26.2	0.989	202.845	5.71	6.162	0.0	93.4	32.432	-8.03	21.2	1.961	198.196	5.0	5.725	0.0	90.913	25.82	-8.963	48.4	2.045	200.23	5.08	5.475	0.0	86.988	0.0	0.0	19.6	1.316	182.018	6.12	6.037	0.0	90.61	16.521	-22.581	41.6	1.483	176.594	5.8	6.037	0.0	85.822	26.765	-25.601	13.4	1.006	203.717	6.28	6.1	0.0	84.25	26.184	-24.576	20.4	0.964	163.322	5.04	6.287	0.0	94.743	29.598	-22.77	30.6	0.0	249.052
0.0	4.725	0.0	0.0	27.056	-8.339	21.0	1.182	229.194	5.08	5.162	0.532	89.092	34.902	-13.337	7.0	0.0	249.246	4.88	5.475	0.0	91.681	26.91	-1.261	26.2	1.073	184.343	5.94	6.412	0.0	91.9	32.795	-2.631	21.2	0.972	177.562	5.03	5.725	0.0	90.836	25.893	-9.068	48.4	1.961	228.128	5.24	5.6	0.0	87.647	0.0	0.0	19.6	2.078	183.956	6.08	5.975	0.0	90.899	16.521	-22.45	41.6	2.028	180.372	5.32	5.662	0.0	87.225	27.346	-24.956	13.4	1.542	206.042	6.21	6.037	0.0	84.899	26.838	-24.555	20.4	1.668	187.056	4.96	6.225	0.0	95.263	29.962	-23.084	30.6	0.997	261.452
0.0	4.912	0.0	0.0	26.765	-8.367	21.0	1.676	231.616	5.08	5.037	0.0	89.092	34.393	-13.431	7.0	1.659	220.379	5.08	5.537	0.0	91.103	26.111	-1.421	26.2	0.0	254.671	6.44	6.662	0.0	91.079	32.286	-8.046	21.2	1.567	206.042	5.07	5.6	0.0	91.1	24.731	-8.934	48.6	0.947	208.948	5.1	5.475	0.0	87.126	0.0	0.0	19.6	1.274	197.227	6.12	5.975	0.0	91.61	16.594	-22.561	41.6	0.0	185.506	5.56	5.787	0.0	86.572	26.547	-25.813	13.4	1.492	215.729	6.36	6.287	0.0	84.361	26.62	-24.64	20.4	1.936	195.096	5.32	6.412	0.0	93.909	29.671	-23.143	30.6	0.0	242.465
0.0	4.85	0.0	0.0	27.056	-8.352	21.0	0.0	218.829	5.08	5.1	0.0	89.352	34.902	-13.62	7.0	1.416	246.049	5.12	5.6	0.0	90.859	26.329	-1.407	26.2	0.0	229.969	6.02	6.475	0.0	91.858	32.286	-8.045	21.2	0.0	185.506	5.09	5.912	0.0	91.359	24.658	-9.014	48.6	0.947	216.504	5.72	5.475	0.0	85.576	0.0	0.0	19.6	0.0	195.483	7.33	6.725	0.532	87.592	16.739	-25.112	41.6	1.399	194.515	6.13	6.475	0.0	85.608	26.983	-25.858	13.4	0.0	208.754	6.8	6.537	0.0	83.702	26.038	-25.779	20.4	1.534	182.018	5.19	6.412	0.0	94.442	29.671	-23.809	30.6	0.0	246.727
0.0	4.85	0.532	0.0	27.201	-8.269	21.0	1.911	200.908	5.13	5.225	0.0	89.235	34.466	-13.826	7.0	1.693	225.416	5.06	5.475	0.0	91.182	26.184	-1.435	26.2	0.0	203.136	5.72	6.162	0.0	92.512	32.359	-7.993	21.2	1.45	186.571	5.07	5.787	0.0	91.1	25.167	-9.075	48.6	0.0	200.908	5.12	5.6	0.0	87.396	0.0	0.0	19.6	1.207	193.255	6.52	6.412	0.532	90.457	16.376	-23.032	41.6	2.07	202.361	5.59	5.787	0.0	86.579	27.491	-26.01	13.4	1.416	215.245	6.26	6.1	0.0	84.704	25.312	-24.79	20.4	1.827	192.383	5.08	6.412	0.0	94.29	29.671	-24.248	30.6	0.0	232.003
0.0	4.975	0.0	0.0	26.983	-8.282	21.0	0.0	218.829	5.18	5.162	0.0	89.204	34.829	-13.571	7.0	1.71	227.16	5.0	5.6	0.0	91.419	27.056	-1.442	26.2	0.964	231.131	5.71	6.225	0.0	93.359	32.577	-7.991	21.2	1.366	200.52	5.11	5.85	0.0	91.153	24.222	-9.189	48.6	0.922	212.92	5.07	5.412	0.0	87.56	0.0	0.0	19.6	1.031	187.346	6.06	5.912	0.532	91.213	16.231	-22.985	41.6	2.028	195.483	5.3	5.85	0.0	87.486	26.983	-25.736	13.4	1.408	213.017	6.2	6.1	0.0	85.193	26.256	-24.144	20.4	1.55	177.562	5.08	6.35	0.0	94.855	29.598	-23.898	30.6	0.0	205.945
0.0	4.975	0.0	0.0	26.765	-8.373	21.0	0.0	234.716	5.18	5.162	0.0	89.421	34.902	-13.631	7.0	1.584	236.459	4.96	5.412	0.0	91.828	26.111	-1.379	26.2	0.0	225.803	6.13	6.412	0.0	92.601	32.577	-2.666	21.2	0.0	195.774	5.16	5.662	0.0	91.039	24.44	-9.076	48.6	0.0	213.792	5.12	5.475	0.0	87.661	0.0	0.0	19.6	0.93	184.149	6.16	5.662	0.0	91.154	16.376	-23.126	41.6	0.0	182.406	5.29	5.912	0.0	87.88	27.709	-25.957	13.4	1.458	206.817	6.08	5.975	0.0	85.21	26.256	-24.64	20.4	1.173	149.47	5.24	6.412	0.0	94.658	29.671	-24.248	30.6	0.0	268.232
121.87	5.037	0.0	0.0	26.547	-8.312	21.0	0.0	209.142	5.2	5.225	0.0	89.231	34.902	-13.464	7.0	1.324	230.163	4.99	5.6	0.0	91.961	26.329	-1.442	26.2	1.785	196.355	5.72	6.35	0.0	93.403	32.432	-8.013	21.2	0.0	190.155	5.18	5.912	0.0	91.256	25.603	-9.098	48.6	0.0	216.795	5.12	5.412	0.0	87.705	0.0	0.0	19.6	2.137	180.759	6.16	5.912	1.063	91.388	16.594	-23.316	41.6	0.0	170.781	5.38	5.787	0.0	87.77	27.056	-26.01	13.4	2.045	214.179	6.41	6.1	0.0	84.258	25.966	-24.896	20.4	0.0	159.545	5.43	6.662	0.0	94.589	29.598	-24.002	30.6	1.383	247.793
0.0	5.1	0.532	0.0	26.91	-8.372	21.0	0.0	224.254	5.48	5.225	4.254	88.169	34.902	-13.464	7.0	0.0	223.091	5.08	5.6	0.0	91.776	26.402	-1.442	26.2	0.0	177.95	6.12	6.412	0.0	93.015	32.504	-8.011	21.2	0.0	203.523	5.36	5.662	0.0	91.092	26.184	-8.999	48.6	0.0	216.117	5.08	5.475	0.0	88.046	0.0	0.0	19.6	0.0	180.759	6.15	5.912	0.532	91.449	16.449	-23.536	41.6	0.0	170.394	5.42	5.912	0.0	87.582	27.056	-25.858	13.4	0.0	212.435	6.3	6.037	0.0	84.439	25.966	-24.662	20.4	0.0	170.975	5.51	6.475	0.0	94.49	29.526	-23.386	30.6	2.137	231.228
0.0	4.975	1.063	0.0	27.056	-8.336	21.0	0.93	208.754	5.6	5.35	0.0	87.87	34.248	-13.428	7.0	0.0	231.616	5.4	5.6	0.0	90.997	26.184	-1.512	26.2	0.0	217.57	6.45	6.537	0.0	91.252	32.432	-8.042	21.2	1.291	248.955	5.38	5.975	0.0	90.885	24.731	-9.059	48.6	1.106	218.829	5.36	5.475	0.0	87.721	0.0	0.0	19.6	2.137	187.831	6.28	5.912	0.0	91.462	16.158	-23.646	41.6	0.0	174.075	5.78	6.1	0.0	86.716	26.91	-25.825	13.4	0.0	206.72	6.44	5.975	0.0	84.587	27.056	-24.853	20.4	0.905	175.819	5.73	6.6	0.0	93.323	29.598	-23.091	30.6	0.0	234.522
0.0	5.162	1.063	0.0	26.765	-8.386	21.0	1.592	227.547	5.62	5.475	0.0	87.654	34.393	-13.509	7.0	0.964	240.625	5.58	5.6	0.0	90.084	26.983	-1.477	26.2	1.802	216.891	6.44	6.725	0.0	91.928	32.577	-8.053	21.2	0.0	201.586	5.59	5.662	0.0	89.353	26.111	-9.084	48.6	1.869	216.698	5.36	5.475	0.0	87.324	0.0	0.0	19.6	0.0	191.221	6.42	6.037	1.595	91.201	16.376	-24.123	41.6	0.0	177.175	5.82	5.975	0.0	86.524	26.91	-25.579	13.4	0.0	215.342	6.46	6.037	0.0	84.339	25.748	-24.98	20.4	1.064	171.46	5.45	6.537	0.0	93.822	29.671	-22.736	30.6	1.123	239.559
0.0	5.225	0.532	0.0	26.91	-8.348	21.0	0.0	230.55	5.52	5.475	0.0	88.114	34.321	-13.279	7.0	0.0	259.805	5.28	5.6	0.0	91.113	26.256	-1.477	26.2	1.383	206.236	6.16	6.537	0.0	91.6	32.504	-8.033	21.2	0.0	180.275	5.58	5.912	0.0	89.199	25.312	-9.138	48.6	0.905	201.005	5.35	5.662	0.0	87.277	0.0	0.0	19.6	1.5	191.124	6.4	5.975	0.0	91.218	16.739	-23.775	41.6	1.215	176.981	5.6	6.037	0.0	87.073	27.056	-26.198	13.4	1.148	203.523	6.96	6.412	0.0	83.273	26.62	-25.32	20.4	1.291	157.607	6.22	6.787	0.0	92.646	29.598	-22.478	30.6	0.0	244.402
4.73	5.162	2.127	85.561	27.056	-8.379	21.0	1.048	221.832	5.45	5.225	0.0	88.687	34.248	-13.124	7.0	0.0	252.733	5.2	5.6	0.0	91.619	26.765	-1.581	26.2	0.0	211.37	5.96	6.412	0.0	92.68	32.286	-8.02	21.2	1.207	200.23	5.62	5.725	0.0	89.122	24.731	-9.191	48.6	1.156	204.008	5.33	5.787	0.0	87.183	0.0	0.0	19.6	0.0	180.081	6.36	6.1	0.0	91.079	16.013	-23.707	41.6	1.324	186.184	5.74	5.975	0.0	86.482	27.346	-25.88	13.4	0.0	197.324	6.37	6.037	0.0	84.363	27.128	-24.874	20.4	1.467	195.58	5.56	6.475	0.0	93.318	29.598	-22.27	30.6	1.777	224.06
5.6	5.225	0.532	87.317	27.273	-8.393	21.0	1.399	218.829	5.31	5.35	0.0	89.411	34.829	-12.93	7.0	1.232	274.238	5.25	5.725	0.0	91.317	26.692	-1.484	26.2	1.986	228.903	5.91	6.412	0.0	93.041	32.577	-8.038	21.2	0.0	200.617	5.46	6.037	0.0	89.752	24.803	-9.229	48.6	1.115	207.108	5.34	5.537	0.0	87.208	0.0	0.0	19.6	1.751	202.942	6.42	6.287	1.595	90.624	16.013	-23.988	41.6	0.0	176.981	5.58	6.1	0.0	87.334	27.491	-26.024	13.4	1.911	219.798	6.18	6.225	0.0	85.211	26.184	-25.044	20.4	0.0	150.051	5.37	6.475	0.0	94.39	29.526	-21.714	30.6	0.0	234.231
0.0	5.037	0.0	0.0	26.91	-8.343	21.0	0.0	198.486	5.21	5.412	0.532	89.859	34.829	-13.212	7.0	0.0	216.407	5.08	5.6	0.0	91.985	26.402	-1.616	26.2	1.232	197.711	6.64	6.85	0.0	91.302	32.577	-8.066	21.2	0.0	187.249	5.4	6.1	0.0	90.379	25.385	-9.193	48.6	1.844	204.783	5.34	5.6	0.0	87.87	0.0	0.0	19.6	1.198	175.044	6.46	6.162	0.0	91.276	16.085	-24.273	41.6	1.785	175.819	5.45	5.912	0.0	88.096	27.346	-26.249	13.4	1.919	220.379	6.21	6.1	0.0	85.832	25.748	-25.106	20.4	1.701	151.311	5.65	6.6	0.0	94.731	29.598	-21.974	30.6	2.045	278.888
23.28	5.1	0.532	96.223	26.91	-8.364	21.0	1.332	210.498	5.22	5.412	0.532	89.904	34.611	-13.047	7.0	0.0	230.066	5.18	5.725	0.0	92.054	26.983	-1.554	26.2	2.137	204.589	6.04	6.537	0.0	91.948	32.286	-8.042	21.2	1.24	175.431	5.56	5.912	0.0	89.302	26.329	-9.121	48.6	0.922	197.518	5.42	5.6	0.0	87.427	0.0	0.0	19.6	0.0	177.659	6.38	6.225	13.293	91.319	15.867	-23.747	41.6	1.249	177.175	5.47	5.975	0.0	88.255	27.637	-25.88	13.4	0.0	168.844	6.51	6.162	0.0	84.925	27.273	-25.023	20.4	1.425	168.65	6.12	6.725	0.0	92.431	29.889	-21.788	30.6	1.366	193.933
0.0	4.975	0.532	0.0	26.838	-8.388	21.0	2.129	215.535	5.18	5.225	0.0	89.765	34.538	-13.015	7.0	1.936	225.61	5.02	5.6	0.0	92.303	26.765	-1.616	26.2	1.291	208.173	5.79	6.412	0.0	93.525	32.577	-2.631	21.2	1.14	188.605	5.38	5.975	0.0	89.989	25.239	-9.113	48.6	1.081	203.717	5.18	5.475	0.0	87.764	0.0	0.0	19.6	0.905	191.221	6.4	6.1	0.532	90.812	16.303	-23.816	41.6	1.45	169.328	5.7	6.1	0.0	87.541	27.855	-25.825	13.4	0.0	199.842	6.4	6.162	0.0	84.715	27.273	-25.128	20.4	0.905	182.696	5.35	6.412	0.0	94.587	29.744	-21.363	30.6	0.0	227.353
0.0	5.1	0.532	0.0	26.983	-8.319	21.0	0.0	200.908	5.28	5.225	0.532	90.049	34.393	-12.804	7.0	1.617	238.106	5.08	5.6	0.0	92.194	26.765	-1.616	26.2	0.0	226.869	6.02	6.475	0.0	93.526	32.577	-8.036	21.2	1.265	199.261	5.54	5.912	0.0	90.288	26.184	-9.121	48.6	0.0	226.772	5.16	5.662	0.0	88.22	0.0	0.0	19.6	0.0	192.093	6.18	6.037	0.0	91.816	16.013	-24.014	41.6	2.062	182.987	5.68	6.225	0.0	87.559	26.91	-26.168	13.4	0.0	205.461	6.44	6.287	0.0	85.068	26.038	-25.172	20.4	1.525	179.112	5.28	6.475	0.0	94.871	29.671	-21.492	30.6	0.0	265.229
122.97	5.225	0.0	0.0	27.056	-8.386	21.2	1.835	262.808	5.5	5.537	0.0	89.481	34.538	-12.806	7.0	1.458	262.808	5.34	5.6	0.0	91.929	26.91	-1.616	26.2	1.869	226.191	6.2	6.6	0.0	92.953	32.286	-8.031	21.2	0.0	191.705	5.8	6.037	0.0	89.494	26.111	-9.137	48.6	2.112	240.528	5.42	5.662	0.0	88.22	0.0	0.0	19.6	0.0	180.856	6.33	6.037	0.532	91.941	16.303	-23.905	41.6	1.651	185.409	5.62	5.975	0.0	88.051	27.564	-25.979	13.4	0.0	213.017	6.46	6.162	0.0	84.844	26.838	-24.917	20.4	1.584	182.212	5.56	6.475	0.0	94.423	29.671	-20.507	30.6	0.0	262.614
0.0	5.412	1.063	0.0	26.838	-8.406	21.2	1.894	225.319	5.74	5.537	0.532	88.848	34.829	-12.755	7.0	1.911	254.477	5.44	5.662	0.0	91.662	26.256	-1.811	26.2	1.14	211.467	6.5	6.725	0.0	90.966	32.577	-8.062	21.2	1.676	213.985	6.14	6.1	0.0	88.336	25.966	-9.219	48.6	1.374	210.595	5.52	5.6	0.0	87.717	0.0	0.0	19.6	1.475	183.859	6.62	6.225	4.254	90.784	16.449	-23.084	41.6	1.014	192.48	6.08	5.85	0.0	86.521	26.983	-25.934	13.4	1.525	202.555	6.57	6.225	0.0	84.962	26.983	-25.044	20.4	0.0	157.026	6.04	6.537	0.0	93.428	29.671	-21.511	30.6	1.358	245.371
