-1.0	4.162	1.063	0.0	26.184	-8.18	26.0	0.0	180.953	7.95	3.913	0.0	67.947	34.611	-14.506	11.2	1.567	211.37	8.64	4.35	0.0	63.55	26.91	-1.825	31.2	1.24	158.77	8.28	5.1	0.0	69.906	32.795	-2.093	26.2	0.0	209.432	7.65	7.662	0.0	70.841	13.688	-8.613	3.0	1.651	240.14	6.45	4.35	0.0	73.043	0.0	0.0	24.8	0.0	201.392	8.5	5.225	0.0	70.821	11.944	-15.048	46.6	1.173	196.355	9.1	5.412	0.0	61.773	26.547	-23.376	18.4	1.508	200.617	9.78	4.912	0.0	59.399	26.402	-24.906	24.8	0.0	164.582	8.02	3.85	0.0	69.511	18.991	-11.111	35.8	0.0	224.544	7.64
-1.0	3.913	0.0	38.224	26.402	-8.162	26.0	1.45	206.236	8.3	4.1	0.0	66.112	35.12	-14.541	11.2	1.031	235.878	8.25	4.35	0.0	66.158	27.056	-7.834	31.2	0.0	231.228	8.61	5.6	0.0	68.069	33.013	-2.135	26.2	0.0	226.772	7.8	7.85	0.0	70.238	13.688	-8.651	3.0	1.433	249.827	6.64	4.225	0.0	72.025	0.0	0.0	24.8	1.676	200.52	7.77	4.725	0.0	74.487	12.38	-14.876	46.6	0.0	191.221	8.96	5.225	0.0	62.484	26.765	-23.316	18.4	1.475	220.379	9.2	4.975	0.0	62.383	27.056	-24.722	24.8	0.0	169.425	8.42	4.35	0.0	66.816	18.919	-11.082	35.8	1.165	267.554	7.52
-1.0	3.725	0.0	0.0	26.111	-8.15	26.0	1.919	206.333	8.34	3.913	0.0	66.284	34.974	-14.436	11.2	1.349	226.869	8.08	4.162	0.0	67.161	27.056	-7.832	31.2	1.265	213.695	8.71	5.412	0.0	67.411	32.795	-2.069	26.2	2.12	194.418	7.04	7.975	0.0	73.111	13.615	-8.657	3.0	1.45	204.105	6.8	4.162	0.0	71.407	0.0	0.0	24.8	1.651	208.27	8.05	4.475	1.595	71.809	12.235	-14.827	46.6	0.0	173.106	8.78	5.162	0.0	63.518	27.273	-23.188	18.4	0.0	211.854	8.92	4.412	0.0	63.626	25.893	-24.535	24.8	2.137	181.631	8.76	4.412	0.0	64.903	18.991	-11.124	35.8	1.332	273.076	7.54
-1.0	4.287	0.0	47.49	25.53	-8.193	26.0	0.0	200.133	8.68	4.412	3.19	64.363	34.611	-14.531	11.2	1.927	206.43	8.13	4.412	0.0	65.617	27.128	-7.858	31.2	1.341	177.756	7.91	5.162	0.0	70.918	33.013	-2.048	26.2	1.064	208.173	7.02	7.787	0.0	73.055	13.397	-8.643	3.0	0.0	213.985	6.34	4.35	0.0	73.456	0.0	0.0	24.8	1.793	197.421	7.86	5.162	0.0	73.994	12.453	-14.962	46.6	1.098	196.258	8.66	5.037	0.0	63.943	26.838	-22.713	18.4	0.913	213.695	9.12	4.85	0.0	62.539	25.966	-24.783	24.8	1.006	164.872	8.85	4.475	0.0	64.78	19.064	-11.003	35.8	1.165	232.391	7.4
-1.0	4.037	2.127	0.0	26.038	-8.136	26.0	0.0	225.029	8.32	4.35	0.0	66.416	35.265	-14.45	11.2	1.483	263.776	8.55	4.162	0.0	63.646	26.765	-7.832	31.2	0.0	188.896	8.14	4.912	0.0	69.481	32.867	-1.993	26.2	0.0	196.161	7.3	7.787	0.0	71.844	13.833	-8.667	3.0	1.651	212.145	6.68	4.225	0.0	71.566	0.0	0.0	24.8	0.0	204.88	8.36	5.225	1.595	71.11	12.526	-14.975	46.6	1.265	195.096	8.93	5.225	0.0	62.731	27.201	-23.098	18.4	0.0	192.868	9.54	4.85	0.0	60.88	26.402	-24.68	24.8	0.0	164.194	8.85	4.725	0.0	64.642	18.919	-11.039	35.8	1.902	254.089	7.82
-1.0	3.725	0.0	0.0	26.038	-8.142	26.0	0.0	199.067	7.95	4.1	0.0	67.678	35.483	-14.334	11.2	1.617	203.814	8.58	4.35	0.0	64.068	26.62	-7.843	31.2	1.743	158.382	7.96	4.787	0.0	70.585	32.65	-1.848	26.2	0.0	181.437	7.7	7.6	0.0	69.928	13.252	-8.606	3.0	2.129	208.27	7.4	4.35	0.0	67.738	0.0	0.0	24.8	1.391	177.756	7.51	4.662	0.0	74.891	12.162	-14.579	46.6	0.0	188.605	8.74	5.225	0.0	63.706	26.838	-23.425	18.4	1.575	182.406	10.04	5.225	0.0	58.427	27.056	-24.703	24.8	0.0	184.537	8.95	4.725	0.0	63.993	19.209	-10.975	35.8	1.458	253.605	7.58
-1.0	3.913	1.063	0.0	26.256	-8.162	26.0	2.095	177.369	7.6	3.663	0.0	69.591	34.829	-14.529	11.2	1.467	194.805	9.04	4.537	0.0	61.792	26.838	-7.914	31.2	1.517	151.601	7.71	5.162	0.0	72.729	33.013	-2.115	26.2	0.0	213.21	7.3	7.6	0.0	71.297	13.688	-8.622	3.0	1.601	207.883	7.21	4.662	0.0	69.172	0.0	0.0	24.8	1.877	192.868	8.41	5.225	0.0	70.988	12.308	-14.688	46.6	0.0	199.358	9.8	5.225	0.0	58.303	26.765	-23.533	18.4	0.997	193.255	9.24	4.662	0.0	62.305	25.603	-24.618	24.8	2.028	191.608	8.34	4.287	0.0	67.479	18.991	-10.705	35.8	1.039	238.106	8.86
-1.0	4.287	0.0	0.0	26.329	-8.201	26.0	0.0	185.506	8.2	4.1	0.0	66.504	35.047	-14.334	11.2	1.659	175.044	8.71	4.475	0.0	63.506	27.056	-7.908	31.2	1.249	166.616	8.32	5.787	0.0	69.008	33.158	-7.954	26.2	1.064	218.345	7.03	7.412	0.0	73.16	13.543	-8.608	3.0	1.777	216.891	7.21	4.537	0.0	70.151	0.0	0.0	24.8	0.0	224.835	8.95	5.412	0.0	68.105	11.799	-14.584	46.6	0.0	185.699	9.24	5.225	0.0	61.485	27.419	-23.316	18.4	1.408	215.245	9.12	4.787	0.0	62.764	25.893	-24.762	24.8	0.0	203.911	8.06	4.412	0.0	68.585	19.064	-10.962	35.8	1.542	239.753	8.36
-1.0	3.975	0.0	0.0	26.111	-8.129	26.0	1.877	200.133	8.42	4.225	0.0	65.751	34.902	-14.565	11.2	1.592	248.18	8.54	4.537	0.0	64.56	26.91	-7.931	31.2	2.112	164.001	8.66	5.537	0.0	67.429	32.65	-2.249	26.2	1.274	199.358	7.16	7.725	0.0	72.877	13.397	-8.628	3.0	1.927	204.783	6.7	4.225	0.0	72.115	0.0	0.0	24.8	0.0	196.646	7.52	4.475	0.0	75.248	12.961	-14.337	46.6	0.997	187.443	8.31	4.975	0.0	65.786	26.474	-23.02	18.4	1.743	184.343	9.47	4.85	0.0	61.182	25.675	-24.68	24.8	0.0	169.619	8.26	4.6	0.0	67.546	18.991	-10.636	35.8	1.919	268.426	7.77
-1.0	3.475	0.532	0.0	26.184	-8.147	26.0	1.559	200.036	8.22	4.287	2.127	66.562	35.483	-14.37	11.2	1.156	239.656	8.96	4.537	0.0	61.863	27.056	-7.957	31.2	1.542	188.218	8.09	4.787	0.0	69.79	32.795	-1.981	26.2	1.902	200.617	7.67	7.412	0.0	70.266	13.397	-8.6	3.0	2.036	234.231	7.72	4.537	0.0	66.472	0.0	0.0	24.8	2.036	162.451	8.24	4.725	0.0	71.139	12.308	-14.384	46.6	0.0	180.372	8.92	5.412	0.0	62.449	26.62	-23.701	18.4	1.701	164.001	8.92	4.537	0.0	63.765	26.402	-24.576	24.8	1.5	164.194	9.13	5.1	0.0	63.242	19.355	-10.907	35.8	1.659	221.735	7.68
-1.0	3.35	0.0	54.657	25.82	-8.065	26.0	1.299	170.394	8.34	3.038	0.0	65.846	34.829	-14.206	11.2	0.0	255.252	9.16	4.85	0.0	61.5	26.983	-7.963	31.2	0.0	160.707	8.58	5.225	0.0	67.631	32.432	-2.036	26.2	0.0	157.995	7.44	7.787	0.0	70.879	13.397	-8.651	3.0	1.299	217.085	8.28	5.1	0.0	64.293	0.0	0.0	24.8	2.062	162.16	7.93	4.662	1.063	72.876	12.526	-14.579	46.6	0.0	187.056	9.39	5.162	0.0	60.913	26.91	-24.05	18.4	0.997	166.422	9.4	4.85	0.0	61.625	26.474	-24.986	24.8	1.282	141.236	9.18	4.85	0.0	62.352	19.282	-10.812	35.8	1.458	241.981	8.5
-1.0	3.788	0.532	0.0	26.038	-8.149	26.0	1.483	171.169	8.3	2.913	1.063	65.894	35.047	-14.319	11.2	0.0	155.185	8.91	4.6	0.0	62.447	26.692	-7.946	31.2	1.634	170.685	8.86	5.225	0.0	66.295	33.231	-2.138	26.2	2.028	212.048	7.48	7.725	0.0	71.201	13.397	-8.652	3.0	1.207	233.166	9.03	4.85	0.0	60.712	0.0	0.0	24.8	1.634	161.482	8.27	4.662	0.0	71.224	12.09	-14.372	46.6	1.978	179.984	9.47	5.35	0.0	60.669	26.983	-23.356	18.4	1.366	189.284	9.92	5.225	0.0	59.71	25.893	-25.417	24.8	0.0	151.214	8.71	4.412	0.0	64.866	19.282	-10.869	35.8	1.458	248.471	8.94
-1.0	3.6	0.0	0.0	26.184	-8.122	26.0	1.123	181.921	8.08	3.35	2.659	67.107	34.829	-14.195	11.2	0.0	256.317	9.55	4.975	0.0	60.024	27.056	-7.985	31.2	2.003	185.118	8.6	5.6	0.0	67.391	32.867	-2.272	26.2	2.045	227.741	7.71	7.6	0.0	70.009	13.543	-8.622	3.0	0.0	229.678	7.74	4.1	0.0	66.692	0.0	0.0	24.8	1.265	176.303	7.88	4.475	0.0	73.614	12.526	-14.202	46.6	0.0	200.327	10.08	5.725	0.0	57.881	27.273	-23.256	18.4	1.525	153.926	10.0	5.037	0.0	59.117	26.91	-24.743	24.8	0.0	183.471	8.48	4.725	0.0	66.09	19.209	-10.737	35.8	0.0	283.15	8.23
-1.0	4.475	0.0	0.0	25.82	-8.221	26.0	1.835	174.85	8.2	2.975	0.532	66.313	34.829	-14.06	11.2	0.0	166.035	9.39	4.787	0.0	60.856	26.474	-7.913	31.2	1.399	198.68	9.18	5.35	0.0	64.561	33.158	-2.081	26.2	0.0	207.011	7.64	7.662	0.0	70.286	13.397	-8.645	3.0	0.0	219.216	7.23	4.412	0.0	69.149	0.0	0.0	24.8	1.265	207.398	8.86	4.787	6.912	68.223	12.235	-14.261	46.6	2.062	178.337	9.04	5.225	0.0	62.862	26.692	-23.533	18.4	0.0	217.957	9.9	5.037	0.0	59.562	27.056	-24.743	24.8	0.0	173.784	9.0	4.912	0.0	63.22	19.209	-10.735	35.8	1.643	239.559	9.31
-1.0	4.537	0.0	0.0	26.474	-8.243	26.0	1.944	142.689	8.54	3.538	0.0	64.892	35.192	-14.096	11.2	0.0	308.337	9.7	4.85	0.0	58.606	26.547	-7.937	31.2	0.0	163.807	10.6	5.85	0.0	57.435	33.086	-2.189	26.2	0.0	173.3	8.38	8.037	0.0	66.672	13.18	-8.681	3.0	1.911	204.492	8.73	4.85	0.0	62.473	0.0	0.0	24.8	0.0	180.275	8.2	4.6	0.532	71.969	12.017	-13.775	46.6	0.0	204.395	9.68	5.6	0.0	59.873	27.056	-23.435	18.4	2.129	199.455	10.0	4.662	0.0	58.566	26.91	-1.0	24.8	0.913	157.123	9.09	4.975	0.0	63.011	19.137	-10.772	35.8	1.844	245.177	8.09
-1.0	4.912	0.532	0.0	26.111	-8.267	26.0	2.129	153.248	8.86	3.788	1.595	63.755	34.684	-15.842	11.2	0.0	61.125	9.75	4.85	0.0	59.048	26.62	-7.937	31.2	1.358	176.884	9.89	5.537	0.0	61.223	33.158	-2.249	26.2	1.634	228.419	8.16	7.912	0.0	67.689	13.543	-8.713	3.0	0.0	181.437	8.8	4.975	0.0	62.175	0.0	0.0	24.8	0.0	239.656	9.78	5.162	0.0	63.381	12.38	-14.068	46.6	0.0	163.032	10.62	6.037	0.0	55.581	27.201	-21.915	18.4	0.0	187.346	10.32	5.037	0.0	57.48	26.692	-24.743	24.8	0.98	153.732	9.12	4.162	0.0	63.044	18.919	-10.659	35.8	0.0	222.897	10.31
-1.0	5.412	2.127	0.0	25.966	-8.321	26.0	2.129	151.02	8.84	3.475	0.0	64.113	35.047	-14.151	11.2	0.0	62.093	10.15	4.85	0.0	56.897	27.056	-7.902	31.2	1.927	216.117	9.02	4.85	0.0	65.472	33.013	-1.803	26.2	1.257	211.079	7.81	7.912	0.0	69.099	13.543	-8.69	3.0	1.299	192.19	8.7	4.787	0.0	62.44	0.0	0.0	24.8	0.0	186.668	8.83	4.912	0.532	69.237	12.526	-14.022	46.6	0.0	190.059	9.95	5.725	0.0	58.617	27.273	-23.585	18.4	1.802	142.883	10.64	5.162	0.0	56.53	27.056	-24.473	24.8	1.668	137.361	9.06	4.475	0.0	62.978	18.919	-10.789	35.8	1.006	202.942	10.06
-1.0	5.787	0.0	0.0	26.184	-8.37	26.0	0.0	167.294	9.12	4.037	0.0	63.184	35.192	-14.255	11.2	0.0	65.678	9.22	4.725	0.0	61.368	26.765	-8.002	31.2	1.852	170.685	8.91	4.6	0.0	65.92	33.158	-7.929	26.2	1.894	199.455	7.84	7.787	0.0	68.865	13.761	-8.675	3.0	1.668	193.255	8.12	4.35	0.0	65.313	0.0	0.0	24.8	1.115	191.318	8.82	4.475	0.0	68.673	12.09	-14.006	46.6	1.5	196.936	9.22	5.412	0.0	62.274	27.201	-23.593	18.4	1.089	187.831	9.9	4.787	0.0	59.822	25.603	-24.453	24.8	1.592	162.644	9.27	4.475	0.0	61.971	19.209	-10.731	35.8	1.131	217.57	9.12
-1.0	5.725	4.785	0.0	26.111	-8.379	26.0	0.0	149.47	9.52	4.725	0.0	61.9	35.047	-14.452	11.2	1.886	141.236	9.34	4.85	0.0	60.762	27.709	-7.893	31.2	0.0	145.789	9.3	5.225	0.0	63.663	33.086	-2.07	26.2	1.525	160.998	7.88	7.85	0.0	68.845	13.325	-8.863	3.0	1.936	206.817	9.25	4.912	0.0	60.291	0.0	0.0	24.8	1.584	183.084	8.72	4.475	0.532	68.896	12.09	-14.006	46.6	1.391	169.522	9.64	5.6	0.0	59.809	27.346	-23.654	18.4	1.626	164.194	10.46	5.162	0.0	57.061	26.256	-24.682	24.8	1.483	152.764	9.2	4.85	0.0	62.833	18.919	-10.726	35.8	2.045	194.321	9.73
-1.0	5.037	0.0	0.0	25.53	-8.312	26.0	1.961	150.536	9.74	4.975	0.532	60.627	34.902	-14.569	11.2	1.911	135.908	9.95	4.85	0.0	57.042	26.765	-7.937	31.2	0.0	182.6	9.23	5.162	0.0	64.459	33.013	-1.98	26.2	1.961	204.298	7.68	7.787	0.0	69.845	13.397	-8.675	3.0	1.701	180.856	9.38	4.85	0.0	59.738	0.0	0.0	24.8	1.869	179.597	8.52	4.412	0.0	70.27	12.162	-13.994	46.6	1.215	207.495	10.22	5.725	0.0	57.493	26.983	-24.128	18.4	1.961	159.835	10.13	4.85	0.0	58.703	26.765	-24.577	24.8	1.45	146.661	9.16	4.725	0.0	62.77	19.209	-10.709	35.8	1.584	209.917	10.58
-1.0	3.663	0.0	0.0	25.385	-8.174	26.0	0.0	150.245	9.55	3.85	0.0	61.281	34.902	-14.22	11.2	0.0	155.185	10.26	5.225	0.0	56.0	27.201	-7.887	31.2	2.07	194.03	9.0	5.537	0.0	65.607	33.231	-2.044	26.2	1.768	243.24	7.78	7.725	0.0	69.705	13.543	-8.668	3.0	1.014	215.632	8.36	4.6	0.0	64.667	0.0	0.0	24.8	0.98	215.923	8.88	4.662	1.063	68.63	12.017	-15.388	46.6	1.24	197.518	10.02	5.787	0.0	58.482	26.983	-23.605	18.4	1.726	191.124	11.22	5.412	0.0	53.697	25.893	-24.87	24.8	2.129	149.858	9.2	4.35	0.0	62.918	18.919	-10.602	35.8	0.0	230.066	10.32
-1.0	4.662	0.0	0.0	26.256	-8.287	26.0	0.964	137.458	9.58	3.6	0.532	60.601	35.192	-14.241	11.2	0.0	120.119	10.0	5.1	0.0	57.926	27.056	-7.874	31.2	2.137	193.546	9.34	5.225	0.0	63.921	32.577	-1.866	26.2	1.626	257.189	8.22	7.412	0.0	67.646	13.252	-8.639	3.0	0.0	226.094	8.76	4.6	0.0	62.478	0.0	0.0	24.8	0.0	245.952	9.0	4.662	0.0	67.383	11.944	-14.171	46.6	1.416	182.793	9.8	5.6	0.0	59.662	26.474	-23.762	18.4	1.467	177.272	9.92	4.85	0.0	59.71	27.201	-24.265	24.8	1.927	177.756	9.41	4.85	0.0	61.768	19.137	-10.755	35.8	0.0	225.416	9.04
-1.0	4.725	0.0	0.0	25.82	-8.331	26.0	1.559	156.251	9.64	3.35	0.0	60.468	35.12	-13.931	11.2	0.0	120.312	9.88	5.037	0.0	57.879	27.346	-7.868	31.2	2.028	184.634	9.32	4.662	0.0	63.443	32.65	-2.003	26.2	1.056	227.741	7.86	7.6	0.0	69.401	13.543	-8.669	3.0	0.0	226.578	8.06	4.725	0.0	65.933	0.0	0.0	24.8	0.0	195.483	8.86	4.412	0.532	68.492	12.162	-14.191	46.6	1.517	191.899	9.36	5.35	0.0	61.335	26.692	-23.789	18.4	1.182	165.744	9.91	4.975	0.0	59.593	26.838	-24.411	24.8	2.078	150.439	9.42	4.162	0.0	61.798	19.137	-10.631	35.8	0.0	213.404	8.81
-1.0	3.538	0.532	0.0	26.111	-8.168	26.0	1.316	162.257	9.58	3.35	0.0	60.487	35.047	-14.128	11.2	0.0	120.312	10.0	4.85	0.0	57.635	27.273	-2.004	31.2	1.877	194.224	9.57	4.85	0.0	62.502	32.867	-1.667	26.2	1.064	238.881	8.2	7.662	0.0	67.885	13.543	-8.668	3.0	0.0	225.803	8.86	4.412	0.0	62.129	0.0	0.0	24.8	0.0	251.668	8.3	4.475	0.532	71.046	11.654	-14.337	46.6	1.349	179.693	9.82	5.475	0.0	59.348	27.201	-23.613	18.4	1.416	209.142	10.37	5.037	0.0	57.546	27.056	-24.431	24.8	1.835	165.647	9.26	4.287	0.0	62.139	18.919	-10.705	35.8	0.0	229.969	8.98
-1.0	2.6	0.532	0.0	26.111	-8.064	26.0	0.0	161.094	9.44	3.475	0.0	61.575	34.611	-14.218	11.2	0.0	120.409	10.14	4.912	0.0	57.364	26.547	-7.855	31.2	0.0	214.567	9.61	4.725	0.0	62.762	32.577	-1.826	26.2	0.955	238.881	8.5	7.975	0.0	66.531	13.688	-8.712	3.0	1.207	226.869	8.17	4.225	0.0	65.35	0.0	0.0	24.8	0.0	192.868	8.35	4.412	0.0	70.687	11.944	-14.672	46.6	1.718	182.212	9.83	5.6	0.0	59.176	26.838	-23.545	18.4	1.215	202.555	10.75	5.162	0.0	55.63	25.893	-24.578	24.8	1.886	191.512	9.38	4.662	0.0	62.046	19.064	-10.966	35.8	0.947	278.016	8.43
-1.0	3.725	0.532	0.0	26.111	-8.195	26.0	0.98	166.035	9.2	3.35	0.532	62.693	34.829	-14.331	11.2	0.0	120.312	9.92	4.85	0.0	58.002	26.91	-7.849	31.2	1.684	186.281	10.02	4.975	0.0	60.358	33.158	-1.779	26.2	1.391	221.832	7.76	7.6	0.0	70.124	13.543	-8.692	3.0	0.0	227.353	7.86	4.225	0.0	67.067	0.0	0.0	24.8	0.0	214.567	8.2	4.162	0.0	71.315	12.526	-14.346	46.6	1.986	169.425	9.59	5.225	0.0	60.546	27.201	-23.425	18.4	1.366	206.72	10.58	5.1	0.0	56.727	25.457	-24.661	24.8	0.0	155.282	9.72	4.225	0.0	59.793	19.064	-10.558	35.8	0.0	277.919	8.62
-1.0	3.225	0.532	0.0	25.893	-8.121	26.0	0.0	164.194	9.06	2.663	0.0	62.922	34.829	-13.744	11.2	0.0	120.312	9.72	4.537	0.0	58.725	26.983	-7.853	31.2	1.626	196.646	9.35	4.85	0.0	63.671	33.158	-1.667	26.2	1.073	235.103	7.93	7.537	0.0	69.468	13.615	-8.677	3.0	1.224	221.057	7.67	4.162	0.0	67.572	0.0	0.0	24.8	0.922	218.829	7.87	4.35	1.063	73.663	12.526	-14.313	46.6	1.651	188.896	9.63	5.412	0.0	59.864	27.346	-23.593	18.4	1.106	178.531	10.22	4.662	0.0	58.106	26.765	-24.618	24.8	1.483	173.397	9.04	4.162	0.0	63.73	19.282	-10.659	35.8	0.0	242.465	8.9
-1.0	2.913	0.532	0.0	26.111	-8.096	26.0	0.0	173.494	8.62	2.35	1.063	65.154	35.192	-14.148	11.2	0.0	120.603	9.62	4.475	0.0	58.912	27.128	-7.846	31.2	0.0	197.033	9.64	4.35	0.0	61.608	33.158	-1.693	26.2	1.014	244.402	7.66	7.412	0.0	70.948	13.543	-8.631	3.0	0.0	220.766	7.9	4.287	0.0	66.259	0.0	0.0	24.8	0.0	201.199	8.32	4.537	1.595	70.707	12.744	-14.148	46.6	1.651	181.147	9.76	5.037	0.0	59.079	27.419	-23.581	18.4	0.0	180.468	10.41	4.912	0.0	56.966	27.201	-24.598	24.8	0.0	186.281	8.87	4.1	0.0	64.645	18.919	-10.736	35.8	0.0	301.362	7.84
-1.0	2.913	0.0	0.0	26.402	-8.104	26.0	0.0	179.306	8.53	2.163	0.0	64.89	34.902	-13.915	11.2	0.0	120.603	9.18	4.225	0.0	61.333	26.91	-7.821	31.2	0.0	203.523	9.34	4.35	0.0	63.837	32.65	-1.627	26.2	0.0	244.015	7.16	7.162	0.0	73.443	13.47	-8.633	3.0	0.0	220.766	7.41	4.037	0.0	68.196	0.0	0.0	24.8	1.165	192.287	7.93	4.475	0.0	73.109	12.162	-14.405	46.6	0.0	192.093	9.51	5.037	0.0	60.304	27.201	-23.365	18.4	1.089	201.489	10.21	4.975	0.0	57.755	27.201	-24.927	24.8	1.743	160.32	8.74	4.475	0.0	65.037	18.846	-10.909	35.8	1.165	317.539	8.22
-1.0	2.725	0.0	0.0	26.184	-8.07	26.0	0.0	179.306	8.76	2.288	0.0	63.263	35.12	-13.937	11.2	0.0	120.312	8.84	4.225	0.0	62.266	26.62	-7.821	31.2	0.98	221.929	9.18	4.475	0.0	64.45	32.795	-1.537	26.2	1.349	225.61	7.08	7.037	0.0	73.273	13.47	-8.626	3.0	0.0	220.766	6.74	3.975	0.0	71.057	0.0	0.0	24.8	1.5	205.655	7.44	4.475	0.0	75.307	12.38	-14.543	46.6	0.0	188.896	9.32	4.912	0.0	60.416	26.402	-23.217	18.4	0.989	186.184	9.5	4.475	0.0	60.845	26.474	-24.657	24.8	1.534	160.513	9.0	4.1	0.0	63.332	18.846	-10.887	35.8	0.0	313.374	8.23
