10.46	10.162	168.024	53.828	24.803	-15.347	34.8	1.416	223.866	9.16	10.35	164.302	53.671	32.286	-3.891	28.8	1.886	283.635	9.45	13.6	0.0	52.483	23.568	-15.073	0.0	1.383	223.382	11.02	14.412	0.0	49.744	30.47	-4.22	35.0	1.5	208.367	10.82	14.475	0.0	52.675	11.0	-10.175	0.0	0.0	225.803	10.61	11.85	0.0	52.797	0.0	0.0	0.2	0.0	208.561	11.84	14.662	179.19	49.297	8.966	-1.0	0.0	0.0	56.766	10.5	13.662	0.0	51.904	26.184	-11.256	31.6	1.844	235.878	11.47	15.287	0.0	50.971	20.662	-11.598	0.0	0.0	326.936	10.54	13.287	0.0	51.424	9.111	-1.0	37.2	1.919	227.741	11.54
10.27	10.162	184.507	54.518	24.15	-14.926	34.8	0.0	242.853	9.18	10.35	191.419	54.3	32.577	-3.891	28.8	0.0	282.763	9.68	14.1	0.0	52.967	23.786	-14.928	0.0	1.894	224.641	11.1	13.912	0.0	50.492	30.47	-3.755	35.0	0.0	210.595	10.32	14.1	0.0	53.628	11.0	-10.119	0.0	1.257	216.891	10.56	11.35	0.0	51.426	0.0	0.0	0.2	1.81	194.418	11.48	14.662	289.788	52.799	9.256	-1.0	0.0	0.0	71.102	10.48	13.85	0.0	52.507	26.547	-11.352	31.6	0.0	239.753	11.6	15.412	0.0	51.417	20.59	-11.575	0.0	0.0	343.597	10.48	12.475	0.0	52.869	9.038	-1.0	37.2	0.0	194.805	11.16
10.49	10.162	166.96	55.294	25.239	-14.926	34.8	1.031	238.784	8.97	10.225	170.151	54.892	32.867	-3.808	28.8	2.095	289.156	9.56	13.6	0.0	53.249	24.15	-15.073	0.0	2.137	254.864	10.6	14.037	0.0	52.645	30.543	-4.139	35.0	0.0	187.056	10.46	14.1	0.0	53.858	11.291	-10.136	0.0	0.0	244.015	10.48	11.412	0.0	52.265	0.0	0.0	0.2	1.056	214.567	11.31	13.225	179.19	52.684	9.184	-1.0	0.0	0.0	189.768	10.2	12.6	0.0	53.491	26.547	-11.083	31.6	0.964	225.803	11.04	13.412	0.0	51.248	21.752	-11.092	0.0	0.0	180.468	10.52	12.725	0.0	52.543	8.603	-1.0	37.2	2.053	244.79	10.9
10.64	10.975	189.292	55.554	24.44	-17.484	34.8	0.0	291.675	8.86	10.412	173.873	55.349	32.65	-3.914	28.8	0.0	272.688	9.54	13.225	0.0	52.886	24.367	-14.735	0.0	1.542	251.377	10.7	13.35	0.0	51.659	31.124	-4.079	35.0	0.905	234.716	10.3	13.912	0.0	53.835	10.927	-10.108	0.0	0.0	274.238	10.45	11.162	0.0	53.647	0.0	0.0	0.2	0.0	202.748	11.06	13.725	196.737	53.373	8.966	-1.0	0.0	2.087	170.297	10.1	12.787	0.0	55.088	26.038	-11.051	31.6	0.0	233.456	10.84	14.1	0.0	52.588	20.953	-11.245	0.0	0.0	158.382	9.79	11.662	0.0	53.612	9.402	-1.0	37.2	1.106	279.276	10.52
10.8	14.287	240.869	55.162	24.949	-15.925	34.8	1.115	256.705	9.09	11.162	253.631	55.531	32.577	-3.943	28.8	0.0	255.252	9.24	14.85	0.0	53.772	23.568	-14.846	0.0	0.0	238.493	10.49	15.287	0.0	53.232	30.107	-5.037	35.0	1.115	188.896	10.62	15.725	0.0	53.07	10.927	-10.437	0.0	0.0	227.353	10.14	11.287	0.0	51.854	0.0	0.0	0.2	1.743	209.917	10.94	14.412	339.238	53.145	8.748	-1.0	0.0	1.802	184.343	9.96	12.725	0.0	53.786	26.184	-11.021	31.6	0.0	225.803	10.8	16.475	0.0	52.219	20.953	-11.763	0.0	0.0	172.331	9.86	12.975	0.0	53.742	9.329	-1.0	37.2	1.86	247.405	10.7
10.5	11.412	197.268	54.969	25.312	-15.265	34.8	0.0	226.191	9.0	11.1	202.054	55.37	32.577	-8.549	28.8	1.215	237.04	9.7	15.475	0.0	53.569	23.859	-15.113	0.0	1.416	279.663	10.81	15.6	0.0	52.674	31.124	-5.714	35.0	1.366	259.32	10.62	14.725	0.0	53.581	11.0	-10.256	0.0	0.0	204.88	10.39	12.412	0.0	52.886	0.0	0.0	0.2	1.249	209.336	10.8	14.412	218.537	52.642	9.547	-1.0	0.0	1.768	169.425	10.17	13.662	0.0	53.397	26.692	-11.214	31.6	1.358	260.192	10.64	15.162	0.0	51.742	21.098	-11.384	0.0	0.0	161.676	10.16	13.787	0.0	53.755	9.111	-1.0	37.2	1.249	209.529	10.52
10.42	11.537	190.356	54.748	24.731	-15.223	34.8	1.751	257.577	8.86	11.037	183.975	55.26	33.158	-4.057	28.8	0.0	280.438	9.72	14.1	0.0	54.259	23.932	-15.455	0.0	0.997	228.903	11.34	15.787	0.0	52.688	30.615	-5.075	35.0	1.777	199.455	10.31	14.287	0.0	53.537	10.782	-10.172	0.0	0.0	194.708	10.54	12.162	0.0	53.299	0.0	0.0	0.2	1.349	192.965	11.04	14.1	206.308	52.192	9.256	-1.0	0.0	0.0	172.622	10.22	13.537	0.0	55.017	26.474	-11.113	31.6	1.291	279.082	10.82	14.537	0.0	52.04	20.662	-11.559	0.0	0.0	148.695	10.62	13.725	0.0	52.979	8.821	-1.0	37.2	1.575	198.583	10.84
10.66	12.412	198.332	55.052	24.658	-15.347	34.8	0.0	297.875	8.98	11.162	188.229	55.101	33.231	-3.665	28.8	1.969	264.455	9.44	14.287	0.0	54.04	23.859	-15.362	0.0	0.0	226.578	10.45	14.975	0.0	52.774	30.833	-5.147	35.0	0.0	184.924	10.22	14.537	0.0	53.824	10.637	-10.21	0.0	1.282	206.042	10.35	12.162	0.0	53.182	0.0	0.0	0.2	0.0	204.783	10.98	14.1	210.03	52.849	8.675	-29.599	0.0	1.307	180.081	9.91	13.1	0.0	54.971	26.256	-10.894	31.6	0.0	213.792	10.79	14.537	0.0	52.066	20.88	-11.68	0.0	0.0	183.181	10.18	13.912	0.0	52.555	9.038	-1.0	37.2	1.559	210.982	10.9
10.52	12.287	333.389	56.069	24.44	-15.319	34.8	0.0	240.431	8.88	10.725	216.41	55.588	32.504	-4.102	28.8	1.45	272.398	9.43	16.1	0.0	54.395	24.15	-15.453	0.0	1.559	207.204	10.95	16.6	0.0	53.779	30.615	-4.99	35.0	1.433	180.081	10.34	15.725	0.0	55.213	10.056	-10.402	0.0	0.0	217.279	10.31	12.287	0.0	53.956	0.0	0.0	0.2	2.045	213.017	10.96	14.537	277.026	54.648	9.329	-1.0	0.0	1.911	179.984	9.96	13.412	0.0	55.808	26.329	-11.073	31.6	2.12	217.182	10.86	16.038	0.0	53.585	21.244	-11.947	0.0	0.0	176.594	10.39	14.412	0.0	52.917	8.748	-1.0	37.2	0.0	193.643	10.64
11.26	17.975	619.454	53.883	25.239	-16.782	34.8	1.902	287.606	9.53	14.1	593.4	54.559	32.867	-4.886	28.8	0.0	285.185	9.61	18.975	0.0	53.855	23.641	-16.672	0.0	1.006	225.029	11.24	19.913	0.0	50.204	31.124	-5.365	35.0	0.0	221.541	10.76	17.725	0.0	53.481	10.564	-10.717	0.0	0.0	206.333	10.64	15.037	0.0	53.914	0.0	0.0	0.2	1.182	204.783	12.02	19.913	680.07	52.298	8.821	-1.0	0.0	1.022	156.348	10.57	15.912	0.0	53.694	26.329	-11.576	31.6	0.0	291.287	11.65	21.038	0.0	50.934	20.662	-13.105	0.0	0.0	167.1	10.39	17.288	0.0	53.668	9.402	-1.0	37.2	1.726	268.039	11.21
11.04	13.412	211.093	54.181	25.239	-15.366	34.8	1.71	240.721	9.29	12.725	222.791	55.294	33.521	-4.531	28.8	0.0	228.419	9.93	17.6	0.0	52.339	23.859	-16.531	0.0	0.0	221.541	11.28	17.35	0.0	53.163	30.761	-5.193	35.0	0.0	189.962	10.42	15.6	0.0	54.062	10.927	-10.391	0.0	1.559	235.878	11.1	15.975	0.0	52.533	0.0	0.0	0.2	2.129	203.136	12.12	16.6	235.552	50.137	8.675	-1.0	0.0	1.567	187.443	10.96	16.163	0.0	52.514	26.474	-11.578	31.6	1.927	214.567	11.88	17.038	0.0	49.395	20.662	-12.081	0.0	0.0	195.386	11.33	18.225	0.0	50.799	9.111	-1.0	37.2	1.416	195.483	11.74
10.83	12.35	195.141	56.175	25.094	-15.333	34.8	1.332	234.522	9.12	11.85	196.737	55.653	32.65	-4.224	28.8	0.0	260.677	9.68	15.662	0.0	53.925	24.295	-15.482	0.0	2.112	247.696	10.64	16.1	0.0	53.283	31.56	-4.779	35.0	1.944	181.631	10.29	15.162	0.0	54.222	10.637	-10.314	0.0	1.257	249.827	10.36	12.85	0.0	52.792	0.0	0.0	0.2	0.0	205.655	11.48	14.225	200.99	52.071	8.748	-1.0	0.0	1.743	184.343	10.57	14.037	0.0	54.562	26.474	-11.235	31.6	1.944	231.906	11.17	15.225	0.0	51.663	21.171	-11.703	0.0	0.0	161.869	11.1	14.975	0.0	51.957	9.038	-1.0	37.2	0.0	194.805	11.12
10.8	12.725	184.507	55.37	25.239	-15.348	34.8	0.0	187.346	9.2	11.85	186.634	55.871	32.795	-9.234	28.8	1.458	281.213	9.69	15.35	0.0	53.867	24.222	-18.095	0.0	1.726	271.139	10.67	15.1	0.0	53.738	30.833	-4.492	35.0	1.282	194.999	10.54	14.912	0.0	54.975	11.436	-10.276	0.0	0.0	250.118	10.38	12.475	0.0	54.146	0.0	0.0	0.2	1.534	190.446	11.16	14.537	190.888	52.874	8.821	-1.0	0.0	1.358	179.693	10.38	13.912	0.0	54.385	26.474	-11.155	31.6	1.131	259.127	11.12	15.225	0.0	53.291	20.808	-11.564	0.0	0.0	165.357	10.47	14.6	0.0	53.409	9.184	-1.0	37.2	0.922	237.04	11.02
10.72	11.912	164.302	55.15	24.949	-15.518	34.8	0.0	210.692	9.14	11.412	175.999	55.656	32.795	-4.269	28.8	1.366	210.982	9.88	15.287	0.0	55.352	24.15	-15.46	0.0	0.955	257.577	10.78	14.975	0.0	52.609	30.543	-4.538	35.0	1.777	233.941	10.43	14.787	0.0	55.641	10.709	-10.283	0.0	0.0	212.145	10.19	12.537	0.0	53.879	0.0	0.0	0.2	1.559	199.842	11.07	13.662	175.999	52.862	9.329	-1.0	0.0	0.0	188.218	10.24	13.537	0.0	55.435	26.62	-11.173	31.6	1.584	238.978	11.08	15.162	0.0	51.407	20.662	-11.446	0.0	0.0	172.331	10.5	14.225	0.0	53.143	9.256	-1.0	37.2	0.0	202.07	10.74
10.38	11.162	144.628	56.785	24.949	-15.004	34.8	1.048	226.094	8.94	11.1	148.882	57.151	32.722	-3.961	28.8	1.919	267.942	9.58	14.037	0.0	54.269	24.15	-15.238	0.0	0.0	230.356	10.84	15.225	0.0	52.829	30.688	-4.533	35.0	0.0	342.047	10.25	14.412	0.0	54.246	10.782	-10.182	0.0	0.905	186.281	10.32	12.6	0.0	53.238	0.0	0.0	0.2	0.0	292.062	10.96	14.037	149.945	52.605	9.184	-1.0	0.0	1.601	185.796	10.32	13.787	0.0	54.376	26.474	-11.174	31.6	0.0	318.411	10.71	14.162	0.0	52.448	20.662	-11.256	0.0	0.0	173.009	10.56	13.975	0.0	53.001	9.184	-1.0	37.2	0.0	175.334	10.88
10.03	10.412	128.676	58.222	24.949	-14.912	34.8	0.0	243.143	8.86	10.662	135.589	58.156	32.795	-3.098	28.8	0.0	277.919	9.29	12.912	0.0	56.091	24.295	-15.39	0.0	1.668	218.345	10.56	14.725	0.0	53.332	30.979	-4.324	35.0	0.0	0.387	9.94	13.975	0.0	56.747	10.564	-10.117	0.0	1.601	229.291	10.39	12.225	0.0	54.744	0.0	0.0	0.2	0.0	294.775	11.02	13.787	131.867	52.067	8.603	-1.0	0.0	0.0	185.699	10.05	13.287	0.0	54.903	26.91	-11.072	31.6	0.0	318.992	10.75	13.85	0.0	52.545	20.517	-11.287	0.0	0.0	166.132	10.48	13.225	0.0	54.519	8.893	-1.0	37.2	0.0	177.853	11.16
10.23	10.662	124.954	58.834	25.167	-14.965	34.8	0.0	208.464	8.77	10.225	123.891	58.286	33.013	-3.962	28.8	0.0	249.73	9.22	12.6	0.0	58.125	23.278	-15.116	0.0	0.0	218.829	10.19	13.475	0.0	55.783	30.761	-3.91	35.0	2.129	198.68	9.96	13.725	0.0	56.721	10.346	-10.046	0.0	0.0	188.121	10.16	11.537	0.0	56.133	0.0	0.0	0.2	1.257	207.592	11.18	13.6	123.359	54.202	9.256	-1.0	0.0	0.0	185.506	9.79	12.6	0.0	58.039	26.62	-10.943	31.6	0.0	212.242	10.95	14.037	0.0	52.996	20.662	-11.156	0.0	0.0	165.744	10.17	12.6	0.0	55.78	9.547	-1.0	37.2	1.559	204.105	11.0
10.22	10.475	129.208	58.543	24.44	-14.993	34.8	0.0	224.254	8.8	10.35	127.613	57.798	32.65	-3.968	28.8	0.0	238.203	9.5	12.975	0.0	58.401	24.15	-15.199	0.0	0.0	235.49	10.39	13.725	0.0	57.841	30.47	-3.822	35.0	0.0	181.534	10.28	13.662	0.0	56.711	10.855	-10.105	0.0	1.609	195.193	10.09	11.1	0.0	56.505	0.0	0.0	0.2	0.0	199.939	10.82	12.787	121.764	56.852	9.038	-1.0	0.0	1.575	166.132	9.75	12.35	0.0	58.469	26.474	-10.923	31.6	0.0	234.619	10.72	13.037	0.0	55.773	20.808	-10.919	0.0	0.0	167.1	9.72	11.912	0.0	56.596	8.893	-1.0	37.2	1.81	247.696	10.45
10.15	10.475	126.549	58.619	24.731	-14.857	34.8	0.0	238.978	8.75	10.35	128.145	58.052	35.628	-4.007	28.8	0.0	265.326	9.34	12.537	0.0	57.853	23.786	-14.171	0.0	0.0	237.331	10.62	13.412	0.0	56.261	30.906	-3.635	35.0	0.0	208.27	10.07	13.412	0.0	56.826	10.709	-10.017	0.0	1.056	235.103	10.21	11.1	0.0	56.788	0.0	0.0	0.2	1.668	242.271	10.7	12.662	120.169	56.45	8.748	-1.0	0.0	2.095	193.643	9.78	12.475	0.0	57.28	26.474	-11.406	31.6	1.986	251.765	10.46	12.975	0.0	56.119	20.953	-10.839	0.0	0.0	175.625	9.86	11.912	0.0	56.471	8.966	-1.0	37.2	2.028	210.595	10.42
10.15	10.662	122.827	57.219	24.658	-14.897	34.8	1.55	268.039	8.86	10.35	123.359	58.011	32.504	-3.386	28.8	0.0	284.603	9.3	12.6	0.0	56.884	24.15	-15.251	0.0	1.534	256.608	10.47	13.287	0.0	55.143	30.906	-3.553	35.0	0.0	205.558	10.14	13.475	0.0	57.306	10.564	-10.01	0.0	1.81	188.412	10.16	11.162	0.0	56.604	0.0	0.0	0.2	0.0	205.751	10.73	12.725	121.232	55.834	8.893	-1.0	0.0	0.0	190.349	9.72	11.975	0.0	57.329	26.474	-10.864	31.6	0.0	229.678	10.62	13.35	0.0	56.939	20.953	-10.933	0.0	0.0	188.218	10.01	11.912	0.0	57.11	9.111	-1.0	37.2	1.425	280.729	10.61
10.24	10.912	117.51	57.204	24.731	-15.018	34.8	0.0	282.666	8.92	10.725	119.637	57.585	32.795	-8.504	28.8	1.517	282.279	9.42	12.787	0.0	57.166	24.295	-15.293	0.0	0.0	206.236	10.39	13.662	0.0	56.786	30.615	-3.674	35.0	1.626	196.936	10.05	13.85	0.0	56.823	10.637	-10.04	0.0	0.0	201.974	10.12	10.85	0.0	56.863	0.0	0.0	0.2	2.062	202.07	10.03	12.787	131.335	66.724	9.474	-1.0	0.0	1.492	114.209	9.74	12.225	0.0	57.42	26.474	-10.942	31.6	1.886	259.902	9.87	13.35	0.0	67.596	21.098	-11.429	0.0	0.0	276.951	10.03	12.287	0.0	56.231	9.402	-1.0	37.2	0.0	194.03	10.48
10.33	10.787	115.383	58.647	24.44	-14.595	34.8	0.0	251.958	8.8	10.6	115.915	57.624	32.286	-4.173	28.8	1.668	275.982	9.39	12.85	0.0	56.722	24.222	-15.104	0.0	0.0	261.064	10.15	13.975	0.0	63.949	31.124	-3.519	35.0	0.0	65.581	10.18	13.725	0.0	56.607	10.637	-10.046	0.0	0.0	179.693	10.15	11.537	0.0	56.662	0.0	0.0	0.2	1.307	204.008	9.58	12.287	116.979	69.379	8.53	-28.891	0.0	0.947	35.358	9.82	12.412	0.0	56.318	26.402	-10.991	31.6	0.972	249.827	9.56	13.1	0.0	69.268	21.171	-10.929	0.0	0.0	299.328	10.12	12.475	0.0	56.51	9.038	-1.0	37.2	0.0	193.933	10.53
10.1	10.412	113.256	58.437	25.239	-14.979	34.8	1.391	235.2	8.77	10.412	111.13	58.402	32.577	-8.457	28.8	2.045	271.914	9.2	12.412	0.0	57.773	24.077	-14.877	0.0	1.751	255.252	9.55	13.6	0.0	67.891	31.124	-3.442	35.0	1.24	59.962	9.82	13.35	0.0	57.227	11.145	-10.008	0.0	1.575	207.979	9.12	11.1	0.0	67.812	0.0	0.0	0.2	0.0	46.401	9.36	12.287	111.661	70.51	9.256	-28.891	0.0	1.383	30.223	9.01	12.412	0.0	68.547	26.256	-10.913	31.6	0.0	19.18	9.38	12.725	0.0	69.956	21.171	-10.817	0.0	0.0	310.274	9.99	12.287	0.0	56.019	8.603	-1.0	37.2	0.0	253.605	9.55
10.25	10.662	108.471	59.272	24.44	-14.965	34.8	0.0	252.83	8.94	10.725	108.471	59.035	32.795	-8.562	28.8	1.475	271.139	8.9	12.162	0.0	65.286	24.44	-14.822	0.0	1.416	354.447	9.45	13.287	0.0	68.035	30.252	-3.51	35.0	1.5	48.047	9.92	13.475	0.0	57.856	10.782	-10.026	0.0	0.0	207.979	8.86	10.975	0.0	70.758	0.0	0.0	0.2	1.006	46.304	9.26	12.162	113.788	71.784	8.675	-28.837	0.0	1.643	25.767	8.6	12.162	0.0	70.893	26.62	-10.874	31.6	1.274	39.135	9.28	12.537	0.0	72.312	20.444	-10.859	0.0	0.0	300.974	10.08	12.475	0.0	56.416	9.402	-1.0	37.2	0.0	210.886	9.08
10.18	10.662	114.32	58.943	24.876	-15.102	34.8	0.0	260.967	8.59	10.037	112.725	59.382	32.286	-8.423	28.8	1.399	287.413	8.29	11.787	0.0	70.701	24.295	-14.938	0.0	1.366	42.332	9.15	13.225	0.0	70.761	31.124	-3.785	35.0	1.726	52.503	9.4	13.287	0.0	67.782	11.073	-9.966	0.0	0.0	52.891	8.49	10.725	0.0	71.503	0.0	0.0	0.2	1.575	37.876	8.99	11.912	115.915	73.632	9.184	-1.0	0.0	1.86	28.674	8.44	11.85	0.0	72.068	26.184	-10.903	31.6	0.0	35.067	9.18	12.287	0.0	73.644	20.953	-10.932	0.0	0.0	313.664	9.48	11.975	0.0	66.049	9.184	-1.0	37.2	0.0	180.081	8.94
10.13	10.787	113.256	62.285	25.021	-14.991	34.8	0.0	33.13	8.86	10.475	113.788	58.069	32.795	-4.128	28.8	1.483	271.72	7.75	11.6	0.0	73.742	25.021	-14.702	0.0	0.0	46.788	9.05	12.975	0.0	71.586	30.397	-3.786	35.0	1.927	50.566	9.1	12.912	0.0	70.593	11.0	-9.945	0.0	2.045	61.706	8.32	10.537	0.0	74.957	0.0	0.0	0.2	1.927	41.073	8.8	11.787	115.383	75.462	9.91	-28.674	0.0	0.0	36.714	8.2	12.037	0.0	73.884	26.402	-10.912	31.6	1.224	37.682	9.02	12.475	0.0	74.871	21.389	-10.962	0.0	0.0	316.377	9.16	11.725	0.0	70.445	9.402	-1.0	37.2	0.0	89.992	8.83
9.32	10.475	108.471	69.115	24.513	-14.993	34.8	1.693	46.788	9.07	10.912	107.408	60.461	32.577	-8.526	28.8	0.905	279.276	7.78	11.35	0.0	74.387	24.222	-14.713	0.0	1.819	53.666	9.04	12.85	0.0	72.942	31.051	-3.703	35.0	1.86	43.301	9.14	13.287	0.0	70.388	11.073	-9.999	0.0	1.257	61.803	8.18	10.412	0.0	74.851	0.0	0.0	0.2	1.743	51.244	8.82	11.725	112.193	75.263	9.184	-28.542	0.0	2.045	35.551	8.04	11.725	0.0	74.568	26.184	-10.903	31.6	1.676	40.879	9.19	12.475	0.0	74.29	21.389	-10.831	0.0	0.0	345.535	9.06	11.225	0.0	71.981	8.966	-1.0	37.2	1.475	94.448	8.7
10.06	11.162	110.598	68.877	25.239	-15.21	34.8	0.0	86.989	8.25	10.725	107.939	68.54	32.795	-4.141	28.8	0.0	35.939	7.66	11.35	0.0	75.125	23.714	-14.399	0.0	0.0	58.025	8.77	12.537	0.0	75.049	30.761	-3.848	35.0	0.0	52.891	9.04	12.975	0.0	73.435	10.855	-9.937	0.0	2.095	57.928	8.3	10.725	0.0	75.511	0.0	0.0	0.2	1.911	40.395	8.73	11.787	104.749	76.51	9.329	-28.569	0.0	1.894	34.583	7.94	11.662	0.0	75.335	26.038	-10.874	31.6	1.718	34.776	9.06	12.475	0.0	75.973	20.88	-10.923	0.0	0.0	352.509	9.02	11.287	0.0	71.606	8.675	-1.0	37.2	1.383	70.521	8.62
9.72	10.787	124.423	69.325	24.731	-17.083	34.8	1.316	66.55	8.2	10.725	120.169	69.678	32.795	-8.514	28.8	1.927	57.734	7.37	11.35	0.0	77.246	23.714	-14.586	0.0	0.0	59.187	8.98	12.85	0.0	75.677	30.688	-3.87	35.0	2.036	57.25	8.93	12.975	0.0	73.955	10.782	-9.945	0.0	0.0	59.187	8.16	10.35	0.0	78.307	0.0	0.0	0.2	0.0	46.11	8.75	11.912	112.725	77.466	9.329	-27.974	0.0	1.793	37.392	7.9	11.787	0.0	76.786	26.474	-10.873	31.6	1.358	35.551	8.97	12.35	0.0	76.61	21.462	-10.982	0.0	0.0	321.027	9.04	11.412	0.0	72.056	9.038	-1.0	37.2	1.265	81.468	8.59
9.36	10.975	144.096	71.751	24.513	-14.896	34.8	1.751	57.347	7.82	10.787	140.906	71.607	32.577	-3.969	28.8	1.768	57.831	7.58	11.662	0.0	77.415	24.222	-14.78	0.0	1.592	61.319	8.55	12.975	0.0	76.848	30.833	-4.037	35.0	2.011	59.187	8.78	13.1	0.0	73.201	10.637	-9.955	0.0	1.182	66.55	8.1	10.537	0.0	77.948	0.0	0.0	0.2	1.701	44.27	8.87	11.912	131.867	77.566	8.893	-28.302	0.0	1.483	33.13	7.98	12.037	0.0	77.301	26.474	-10.799	31.6	1.207	42.332	8.91	12.537	0.0	75.79	20.59	-10.991	0.0	0.0	12.787	8.8	11.162	0.0	75.208	9.547	-1.0	37.2	1.617	103.36	8.58
