7.42	5.225	1.063	50.33	24.44	-12.41	34.8	1.115	287.413	6.11	5.85	0.0	50.544	33.376	-7.988	28.8	0.0	303.59	6.48	5.225	0.0	51.076	24.222	-12.363	0.0	2.095	230.356	7.13	6.35	0.0	50.442	31.051	-1.906	35.0	0.0	196.646	6.91	5.6	0.0	51.736	10.709	-9.133	0.0	0.0	221.541	6.86	5.225	0.0	53.013	0.0	0.0	0.2	0.0	198.68	7.62	5.787	0.0	51.414	8.966	-1.0	0.0	1.894	182.309	6.44	5.225	0.0	53.96	26.62	-10.985	31.6	2.103	238.203	7.21	5.6	0.0	51.448	21.098	-14.281	0.0	0.0	164.291	6.54	5.6	0.0	51.745	9.547	-1.0	37.2	0.0	243.434	7.21
7.3	5.037	0.0	51.219	24.367	-12.474	34.8	0.0	281.019	5.86	5.6	0.0	54.434	33.594	-7.944	28.8	1.894	266.101	6.44	5.225	0.0	51.431	23.786	-12.41	0.0	0.0	216.504	7.09	6.037	0.0	50.889	31.269	-1.412	35.0	0.947	204.492	6.96	5.6	0.0	50.419	10.927	-9.193	0.0	0.0	217.182	6.94	5.412	0.0	52.04	0.0	0.0	0.2	0.0	200.617	7.52	5.725	0.532	52.839	9.038	-1.0	0.0	0.0	169.619	6.48	5.475	0.0	54.378	26.402	-10.931	31.6	0.0	225.029	7.18	5.412	0.0	52.552	21.389	-13.439	0.0	0.0	157.123	6.47	5.6	0.0	51.974	9.038	-1.0	37.2	0.0	242.368	7.21
7.52	5.037	0.0	49.432	25.094	-12.379	34.8	0.0	267.167	6.43	6.037	0.0	47.3	33.667	-7.971	28.8	1.399	299.715	6.54	5.225	0.0	49.817	23.932	-12.27	0.0	1.86	256.414	6.99	6.162	0.0	52.734	30.906	-2.264	35.0	0.955	204.783	7.03	5.475	0.0	50.821	11.363	-9.143	0.0	1.45	226.191	6.92	5.537	0.0	50.413	0.0	0.0	0.2	0.0	195.871	7.58	5.725	1.063	51.71	9.62	-1.0	0.0	0.0	180.856	6.46	5.225	0.0	54.169	26.474	-10.836	31.6	2.095	209.045	7.18	5.475	0.0	52.612	20.953	-13.335	0.0	0.0	162.644	6.62	5.6	0.0	49.16	9.184	-1.0	37.2	2.103	264.745	7.21
7.35	5.225	0.0	50.683	24.585	-12.554	34.8	0.0	302.04	5.94	5.787	0.0	53.355	33.667	-7.945	28.8	0.0	284.7	6.55	5.162	0.0	50.091	23.568	-12.26	0.0	0.0	266.295	7.11	6.475	0.0	49.59	30.543	-2.02	35.0	1.374	194.708	7.11	5.6	0.0	49.133	11.145	-9.193	0.0	1.517	230.841	6.83	5.475	0.0	54.282	0.0	0.0	0.2	0.0	238.978	7.6	5.85	0.0	50.808	9.692	-1.0	0.0	0.0	199.455	6.36	5.412	0.0	56.494	26.402	-10.892	31.6	0.0	234.619	7.11	5.225	0.0	53.257	20.88	-13.406	0.0	0.0	162.257	6.58	5.6	0.0	49.398	9.038	-1.0	37.2	2.095	248.955	7.21
7.21	4.912	0.0	54.042	25.385	-12.22	34.8	0.0	270.654	5.98	5.537	0.0	52.054	33.449	-2.147	28.8	2.112	288.866	6.43	4.725	0.0	51.849	24.44	-12.145	0.0	1.902	255.93	6.85	6.037	0.0	54.433	30.688	-1.976	35.0	0.0	199.261	6.83	5.6	0.0	53.78	11.073	-9.184	0.0	1.299	249.246	6.94	5.412	0.0	52.697	0.0	0.0	0.2	0.0	197.227	7.52	5.662	0.0	53.316	9.765	-1.0	0.0	0.0	174.85	6.44	5.225	0.0	55.545	27.056	-10.751	31.6	0.0	245.565	7.07	5.225	0.0	54.14	21.534	-13.235	0.0	0.0	159.351	6.46	5.412	0.0	52.002	9.038	-1.0	37.2	1.961	295.937	7.21
6.94	4.412	0.0	58.833	24.658	-12.325	34.8	1.467	212.823	5.71	5.475	0.0	57.434	33.158	-7.94	28.8	1.969	271.042	6.22	5.037	0.0	55.746	23.859	-12.24	0.0	1.676	257.964	6.97	6.1	0.0	51.925	30.47	-1.927	35.0	0.922	198.971	6.74	5.475	0.0	54.681	10.927	-9.161	0.0	1.693	231.131	6.75	5.35	0.0	56.204	0.0	0.0	0.2	0.0	210.207	7.57	5.787	0.0	52.308	9.547	-1.0	0.0	0.0	165.357	6.29	5.225	0.0	57.207	26.402	-10.836	31.6	1.902	239.268	7.09	5.35	0.0	53.462	21.098	-13.201	0.0	0.0	163.807	6.26	5.412	0.0	55.138	9.62	-1.0	37.2	0.0	288.091	7.12
6.92	4.35	0.0	57.766	24.731	-12.268	34.8	0.0	198.971	5.74	5.162	1.063	56.051	33.667	-7.881	28.8	1.098	259.32	6.37	5.037	0.0	53.121	24.731	-12.15	0.0	0.0	267.554	6.96	6.1	0.0	51.203	31.124	-1.927	35.0	0.0	192.383	6.89	5.725	0.0	51.853	10.855	-9.291	0.0	1.601	271.817	6.92	5.35	0.0	51.618	0.0	0.0	0.2	0.0	206.43	7.54	5.725	1.595	52.902	9.329	-1.0	0.0	0.0	174.172	6.36	5.1	0.0	54.948	27.056	-10.848	31.6	0.0	240.043	7.07	5.412	0.0	54.671	20.953	-13.212	0.0	0.0	124.768	6.43	5.412	0.0	51.009	9.62	-1.0	37.2	0.0	288.963	7.21
6.93	4.537	0.0	57.595	24.803	-12.393	34.8	1.475	212.532	5.66	5.162	0.532	58.229	34.321	-7.881	28.8	1.131	251.28	6.32	4.912	0.0	53.173	24.367	-12.406	0.0	0.0	259.514	7.1	6.1	0.0	49.467	30.543	-1.892	35.0	0.0	203.523	6.8	5.475	0.0	53.864	11.363	-9.178	0.0	1.819	211.37	6.92	5.412	0.0	51.137	0.0	0.0	0.2	2.036	195.193	7.52	5.537	0.0	51.971	9.038	-1.0	0.0	2.011	180.662	6.44	5.225	0.0	53.96	26.62	-10.807	31.6	0.0	216.795	7.09	5.225	0.0	53.165	20.953	-13.124	0.0	0.0	149.373	6.46	5.412	0.0	52.212	9.62	-1.0	37.2	0.0	266.101	7.23
7.52	5.35	0.532	48.974	24.658	-13.428	34.8	0.0	308.724	6.1	5.85	2.127	49.909	33.594	-7.952	28.8	0.0	315.311	6.52	5.037	0.0	49.329	24.295	-11.809	0.0	1.609	252.733	7.09	6.037	0.0	49.921	30.543	-1.8	35.0	1.031	207.592	7.05	5.225	0.0	49.855	10.637	-9.28	0.0	0.0	212.145	6.98	5.412	0.0	50.452	0.0	0.0	0.2	1.249	199.842	7.48	5.6	0.0	51.846	9.184	-1.0	0.0	0.0	176.012	6.46	5.162	0.0	53.519	26.184	-10.856	31.6	0.0	223.479	7.11	5.1	0.0	52.781	21.389	-12.94	0.0	0.0	159.157	6.61	5.35	0.0	49.28	9.402	-1.0	37.2	1.257	260.095	7.23
7.54	5.037	0.532	49.007	24.731	-12.474	34.8	0.0	289.544	6.29	5.912	0.0	48.994	33.739	-7.985	28.8	1.182	305.624	6.64	4.6	0.0	48.339	24.15	-12.081	0.0	0.0	236.556	7.22	6.225	0.0	48.139	30.688	-2.005	35.0	0.989	208.948	7.14	5.537	0.0	49.594	11.073	-9.298	0.0	0.0	246.34	6.94	5.1	0.0	50.234	0.0	0.0	0.2	1.014	202.167	7.67	5.6	1.063	49.969	9.692	-1.0	0.0	0.0	181.243	6.44	4.912	0.0	53.309	26.474	-10.821	31.6	0.0	223.479	7.13	4.975	0.0	51.827	20.88	-13.136	0.0	0.0	167.294	6.78	5.225	0.0	47.744	9.329	-1.0	37.2	0.0	285.766	7.21
7.44	4.85	1.063	49.695	25.457	-12.492	34.8	0.0	287.994	6.12	5.725	0.0	49.488	33.158	-7.957	28.8	0.989	300.393	6.57	4.85	0.0	49.031	24.222	-12.12	0.0	1.198	243.143	7.21	5.975	0.0	48.658	30.761	-2.44	35.0	1.651	200.617	7.08	5.225	0.0	49.038	11.0	-9.25	0.0	1.944	245.177	7.08	5.037	0.0	49.16	0.0	0.0	0.2	1.006	201.295	7.7	5.6	0.532	49.303	9.038	-1.0	0.0	1.14	180.468	6.54	5.037	0.0	52.044	26.62	-10.898	31.6	0.0	207.979	7.12	4.912	0.0	52.484	21.462	-12.962	0.0	0.0	164.001	6.64	5.35	0.0	48.98	9.256	-1.0	37.2	0.93	266.683	7.3
7.2	4.662	0.0	52.943	25.312	-12.609	34.8	0.93	296.325	6.0	5.6	3.19	52.325	33.376	-7.953	28.8	1.592	283.925	6.28	4.6	0.0	52.663	24.367	-11.907	0.0	0.0	260.677	6.97	5.725	0.0	50.571	30.688	-2.145	35.0	0.93	236.169	6.86	5.1	0.0	51.789	11.291	-9.216	0.0	1.215	240.818	6.9	4.85	0.0	51.255	0.0	0.0	0.2	1.802	199.455	7.4	5.225	1.595	52.673	9.692	-1.0	0.0	1.349	174.172	6.43	4.725	0.0	54.606	26.547	-10.824	31.6	1.508	213.017	7.16	5.037	0.0	52.31	20.953	-12.773	0.0	0.0	170.685	6.46	5.1	0.0	51.853	9.402	-1.0	37.2	1.852	261.258	7.16
7.04	4.287	0.0	54.283	25.748	-12.212	34.8	1.324	259.417	5.82	5.412	0.0	54.164	33.957	-7.906	28.8	1.927	281.6	6.27	4.35	0.0	52.542	24.295	-12.041	0.0	1.173	257.383	7.04	5.725	0.0	49.063	30.615	-1.798	35.0	1.156	196.064	6.92	5.225	0.0	50.986	10.782	-9.24	0.0	2.028	229.291	6.89	4.975	0.0	51.193	0.0	0.0	0.2	0.905	202.555	7.47	5.225	0.532	52.114	9.256	-1.0	0.0	1.123	165.163	6.4	4.85	0.0	53.865	26.62	-10.871	31.6	1.165	241.303	6.96	4.662	0.0	53.325	21.534	-12.814	0.0	0.0	168.65	6.45	5.037	0.0	51.192	9.184	-1.0	37.2	0.0	266.101	7.23
7.01	4.1	4.254	54.191	25.167	-12.275	34.8	0.98	199.067	5.74	5.037	0.0	55.353	33.594	-7.895	28.8	1.55	288.188	6.48	4.412	0.0	49.96	24.15	-12.007	0.0	1.584	232.294	6.96	5.725	0.0	50.449	31.051	-1.903	35.0	0.93	209.82	6.86	4.975	0.0	52.805	10.927	-9.191	0.0	2.053	222.122	6.92	5.162	0.0	50.383	0.0	0.0	0.2	1.802	190.349	7.54	5.412	0.0	50.86	8.966	-1.0	0.0	1.173	175.237	6.52	4.85	0.0	52.011	26.692	-10.812	31.6	1.224	229.097	7.1	4.85	0.0	52.212	21.389	-12.898	0.0	0.0	144.045	6.42	5.225	0.0	51.668	9.62	-1.0	37.2	0.0	295.84	7.22
7.06	4.475	0.0	53.309	24.585	-12.383	34.8	0.922	276.951	5.66	5.225	0.532	56.936	33.739	-7.958	28.8	2.036	280.341	6.57	4.412	0.0	48.177	24.004	-11.964	0.0	1.039	252.443	7.21	5.662	0.0	46.968	30.47	-2.226	35.0	0.0	191.996	7.07	5.037	0.0	48.67	11.0	-9.199	0.0	0.0	271.72	6.93	4.975	0.0	49.93	0.0	0.0	0.2	1.492	193.933	7.67	5.162	0.532	49.421	9.402	-25.98	0.0	0.0	180.275	6.4	4.662	0.0	53.363	26.62	-10.845	31.6	0.0	223.866	7.13	4.787	0.0	52.246	21.316	-12.68	0.0	0.0	148.114	6.68	5.162	0.0	47.054	9.547	-1.0	37.2	1.467	253.896	7.15
7.14	4.85	0.0	53.291	24.658	-12.302	34.8	0.0	250.215	5.94	5.412	0.532	53.178	33.667	-7.915	28.8	0.0	284.313	6.71	4.537	0.0	47.058	24.004	-12.027	0.0	1.718	244.306	7.07	5.725	0.0	49.28	30.761	-2.041	35.0	2.003	199.455	7.08	5.1	0.0	49.221	11.291	-9.197	0.0	1.911	250.99	7.02	4.975	0.0	49.121	0.0	0.0	0.2	1.291	207.011	7.42	5.162	0.532	52.347	9.256	-1.0	0.0	1.115	179.209	6.51	4.725	0.0	51.681	26.474	-10.794	31.6	0.0	249.827	6.96	4.475	0.0	54.301	20.662	-12.528	0.0	0.0	134.165	6.68	5.225	0.0	47.915	9.474	-1.0	37.2	1.224	296.325	7.21
7.08	4.287	0.0	54.142	24.15	-12.449	34.8	1.894	235.103	6.02	5.475	2.127	50.562	33.957	-7.94	28.8	1.844	283.925	6.34	4.35	0.0	53.117	24.44	-11.911	0.0	1.207	231.519	6.98	5.6	0.0	50.452	30.543	-1.859	35.0	0.0	226.578	6.9	4.912	0.0	51.014	10.855	-9.174	0.0	0.0	227.741	6.92	4.6	0.0	51.438	0.0	0.0	0.2	1.358	211.079	7.46	5.162	2.127	51.362	9.329	-1.0	0.0	0.0	167.197	6.43	4.412	0.0	53.337	26.765	-10.78	31.6	0.0	225.029	7.06	4.6	0.0	52.057	20.953	-12.549	0.0	0.0	206.817	6.68	4.912	0.0	47.578	9.91	-1.0	37.2	0.0	237.718	7.29
6.9	3.725	0.0	55.848	25.312	-12.31	34.8	0.0	230.356	5.74	5.037	1.063	54.475	33.594	-7.886	28.8	1.131	262.614	6.44	4.475	0.0	50.649	23.714	-13.105	0.0	1.358	243.24	6.84	5.475	0.0	52.265	30.47	-1.678	35.0	1.224	203.33	6.86	4.85	0.0	51.549	10.782	-9.148	0.0	2.028	220.96	6.98	4.85	0.0	49.694	0.0	0.0	0.2	1.416	191.608	7.48	4.912	0.532	52.535	9.765	-1.0	0.0	0.0	177.369	6.4	4.6	0.0	52.799	26.62	-11.021	31.6	0.0	230.26	7.08	4.662	0.0	52.657	21.534	-12.559	0.0	0.0	130.096	6.4	5.037	0.0	52.054	9.62	-1.0	37.2	0.0	262.13	7.22
6.86	3.663	0.532	55.871	25.239	-12.253	34.8	0.0	224.835	5.64	4.975	0.0	55.949	33.521	-7.879	28.8	0.0	281.794	6.41	4.287	0.0	51.906	23.714	-11.859	0.0	1.291	238.203	7.04	5.662	0.0	48.972	30.543	-1.846	35.0	0.0	197.227	6.8	4.85	0.0	52.289	10.782	-9.205	0.0	1.886	257.577	6.9	4.912	0.0	51.435	0.0	0.0	0.2	1.819	202.942	7.5	5.35	0.532	51.157	9.038	-1.0	0.0	0.972	172.525	6.3	4.537	0.0	54.734	26.62	-10.797	31.6	1.106	245.565	7.16	4.725	0.0	51.981	21.389	-12.569	0.0	0.0	160.32	6.41	5.037	0.0	51.547	9.402	-1.0	37.2	0.0	276.176	7.18
7.04	4.6	0.0	54.077	24.585	-12.355	34.8	1.148	267.845	5.82	5.225	5.317	53.427	33.667	-7.887	28.8	1.257	286.831	6.4	4.287	0.0	50.433	24.15	-11.817	0.0	1.332	249.827	6.91	5.412	0.0	50.804	30.397	-1.829	35.0	2.053	196.549	6.86	4.85	0.0	51.279	11.073	-9.139	0.0	2.062	226.966	7.08	4.912	0.0	48.641	0.0	0.0	0.2	1.408	199.455	7.64	5.225	2.659	49.6	8.821	-26.002	0.0	0.0	158.77	6.56	4.475	0.0	51.027	26.474	-10.848	31.6	0.0	237.815	7.11	4.662	0.0	51.854	21.098	-12.609	0.0	0.0	166.519	6.56	5.037	0.0	49.547	9.547	-1.0	37.2	0.0	271.817	7.44
7.1	4.6	0.0	53.997	24.15	-12.451	34.8	0.0	206.43	5.74	4.975	5.849	54.034	33.739	-7.897	28.8	2.129	295.84	6.49	4.35	0.0	49.931	23.932	-11.744	0.0	1.668	239.656	6.94	5.537	0.0	51.35	31.124	-2.147	35.0	1.425	205.364	7.01	4.537	0.0	50.365	11.073	-9.076	0.0	0.0	262.517	6.9	4.975	0.0	50.773	0.0	0.0	0.2	1.349	204.492	7.48	4.975	4.254	50.973	9.038	-1.0	0.0	0.0	174.656	6.38	4.35	0.0	53.212	26.474	-10.771	31.6	0.0	237.331	7.01	4.475	0.0	53.48	20.808	-12.835	0.0	0.0	152.957	6.54	5.037	0.0	49.877	9.111	-1.0	37.2	1.768	271.042	7.16
7.27	4.787	3.722	51.035	25.094	-12.482	34.8	1.249	279.566	5.98	5.35	0.532	52.263	33.667	-7.9	28.8	1.198	283.15	6.55	4.412	0.0	48.51	24.004	-11.878	0.0	2.078	244.015	7.12	5.6	0.0	48.248	31.124	-1.651	35.0	1.508	191.512	7.03	4.787	0.0	49.518	10.782	-9.096	0.0	0.0	221.541	6.95	4.725	0.0	50.508	0.0	0.0	0.2	1.819	202.845	7.52	5.1	0.532	50.646	9.402	-25.958	0.0	1.031	172.622	6.38	4.35	0.0	53.803	26.692	-10.657	31.6	1.332	235.781	6.87	4.287	0.0	54.847	20.808	-12.4	0.0	0.0	143.077	6.78	5.162	0.0	46.171	9.62	-25.884	37.2	1.307	249.44	7.14
7.16	4.725	0.0	54.743	25.021	-12.52	34.8	0.0	277.338	6.2	5.412	0.532	48.312	33.521	-7.906	28.8	0.0	297.1	6.45	4.475	0.0	51.222	23.641	-11.565	0.0	1.927	223.285	7.0	5.35	0.0	50.182	30.543	-2.047	35.0	1.601	196.549	6.84	4.85	0.0	52.026	10.782	-9.095	0.0	0.0	211.079	6.9	4.725	0.0	50.561	0.0	0.0	0.2	1.584	191.608	7.4	5.1	0.532	52.284	8.966	-25.862	0.0	0.989	176.497	6.43	4.537	0.0	53.13	26.474	-11.012	31.6	1.492	223.382	6.88	4.412	0.0	54.26	20.808	-12.421	0.0	0.0	127.965	6.54	4.787	0.0	51.054	9.547	-1.0	37.2	0.0	243.531	7.22
7.46	4.787	2.127	49.576	24.731	-12.58	34.8	0.0	283.925	6.26	5.6	0.0	47.401	33.667	-2.34	28.8	0.964	284.119	6.6	4.475	0.0	48.883	23.278	-11.804	0.0	1.383	232.391	7.21	5.6	0.0	47.584	31.269	-1.859	35.0	1.332	187.831	7.06	4.662	0.0	49.157	10.782	-9.047	0.0	0.0	209.142	6.9	4.662	0.0	50.893	0.0	0.0	0.2	1.165	209.82	7.54	4.85	0.0	51.554	8.966	-1.0	0.0	0.0	179.5	6.48	4.412	0.0	52.214	26.692	-11.594	31.6	0.972	216.117	7.0	4.537	0.0	52.467	21.534	-12.345	0.0	0.0	141.914	6.76	4.85	0.0	47.188	9.402	-1.0	37.2	0.0	238.59	7.3
7.56	4.725	1.063	48.673	25.312	-12.376	34.8	1.274	271.526	6.1	5.537	0.0	50.573	33.667	-7.946	28.8	0.98	295.937	6.46	4.412	0.0	50.622	24.367	-11.713	0.0	1.575	224.641	6.92	5.35	0.0	50.775	30.615	-1.462	35.0	1.567	206.042	7.01	4.412	0.0	48.815	11.0	-9.027	0.0	0.0	221.832	6.88	4.6	0.0	50.377	0.0	0.0	0.2	1.358	195.58	7.38	5.037	1.063	52.162	9.184	-25.352	0.0	1.165	173.688	6.6	4.6	0.0	50.732	26.474	-10.866	31.6	1.601	224.157	7.1	4.412	0.0	51.703	21.534	-12.232	0.0	0.0	127.093	6.71	4.85	0.0	48.714	9.838	-1.0	37.2	0.0	244.209	7.21
7.18	4.475	0.0	52.672	25.312	-12.242	34.8	1.173	290.125	6.04	5.35	0.0	50.173	33.739	-7.936	28.8	0.0	298.456	6.54	4.1	0.0	48.234	23.859	-11.666	0.0	1.173	237.622	7.02	5.225	0.0	48.541	30.397	-1.729	35.0	1.492	193.062	7.09	4.475	0.0	48.398	11.363	-9.017	0.0	2.129	216.698	6.78	4.662	0.0	51.718	0.0	0.0	0.2	1.994	200.036	7.31	4.787	0.0	51.13	9.765	-25.752	0.0	1.316	185.021	6.33	4.35	0.0	53.56	26.474	-10.801	31.6	1.827	219.023	7.03	4.287	0.0	52.232	21.244	-13.596	0.0	0.0	128.062	6.58	4.662	0.0	49.671	9.838	-1.0	37.2	0.0	254.768	7.16
7.3	4.412	0.0	50.888	24.658	-12.72	34.8	0.0	279.082	5.88	5.1	0.0	52.517	33.739	-2.127	28.8	0.0	277.338	6.34	3.913	0.0	51.776	23.859	-11.52	0.0	2.112	259.03	7.08	5.225	0.0	48.916	30.543	-1.592	35.0	1.517	202.845	6.77	4.475	0.0	52.971	10.782	-9.034	0.0	1.751	210.498	6.94	4.475	0.0	50.899	0.0	0.0	0.2	1.148	202.555	7.31	4.662	6.381	53.048	9.038	-25.709	0.0	0.0	171.944	6.45	4.475	0.0	53.222	26.402	-10.789	31.6	0.0	242.465	6.98	4.287	0.0	52.733	21.098	-12.258	0.0	0.0	165.744	6.44	4.975	0.0	51.341	9.329	-1.0	37.2	0.0	293.225	7.06
6.92	4.162	0.532	55.412	24.949	-12.429	34.8	0.0	287.413	5.72	5.162	0.0	54.999	33.739	-7.89	28.8	0.0	289.641	6.22	4.225	0.0	53.425	24.367	-11.566	0.0	1.383	234.716	6.99	5.225	0.0	49.513	30.47	-1.592	35.0	0.0	205.848	6.62	4.475	0.0	54.281	10.927	-8.992	0.0	1.86	248.277	6.74	4.475	0.0	53.145	0.0	0.0	0.2	1.19	195.871	7.42	4.912	0.0	52.047	9.329	-25.891	0.0	0.0	176.787	6.26	4.162	0.0	54.757	26.474	-10.834	31.6	0.0	228.903	7.08	4.162	0.0	51.7	21.389	-12.238	0.0	0.0	160.707	6.25	4.6	0.0	53.489	9.62	-1.0	37.2	1.022	300.974	7.21
7.08	3.913	0.0	52.717	24.803	-12.955	34.8	1.165	278.501	5.65	5.037	0.0	55.543	33.231	-7.886	28.8	1.617	280.051	6.52	4.1	0.0	49.298	23.641	-11.586	0.0	1.626	258.352	6.9	5.35	0.0	50.047	30.979	-1.635	35.0	1.936	226.578	6.84	4.85	0.0	51.066	11.145	-9.086	0.0	1.793	234.231	7.0	4.85	0.0	49.909	0.0	0.0	0.2	1.911	204.008	7.46	4.787	0.0	51.753	8.966	-25.56	0.0	1.425	180.856	6.29	4.287	0.0	53.849	26.547	-10.852	31.6	1.517	223.672	7.06	4.225	0.0	52.057	21.026	-12.295	0.0	0.0	150.245	6.47	4.787	0.0	50.261	9.329	-1.0	37.2	0.0	307.949	7.22
7.03	3.913	0.0	53.424	24.731	-12.437	34.8	0.0	357.546	5.92	5.225	0.0	51.867	34.248	-2.171	28.8	0.0	295.55	6.49	4.287	0.0	49.992	24.367	-11.575	0.0	0.922	236.459	7.1	5.225	0.0	48.246	30.906	-1.627	35.0	0.0	226.966	6.85	4.537	0.0	50.916	11.363	-8.999	0.0	0.0	232.003	7.0	4.85	0.0	49.545	0.0	0.0	0.2	1.366	201.102	7.68	5.037	0.0	48.689	8.966	-25.451	0.0	0.0	182.987	6.41	4.162	0.0	52.532	26.62	-10.99	31.6	0.0	240.528	7.1	4.225	0.0	51.102	21.389	-12.202	0.0	0.0	137.458	6.48	4.662	0.0	49.869	9.402	-1.0	37.2	0.0	255.252	7.27
