-1.0	-8.213	26.054	0.0	24.004	-13.557	0.0	1.048	89.798	-6.13	-5.838	13.293	87.145	30.543	0.0	0.0	2.506	109.85	-4.2	-3.775	0.0	61.508	21.534	-1.0	0.0	0.964	102.391	-3.74	-4.15	0.0	61.157	0.0	-7.255	0.0	0.0	46.594	-5.2	-3.525	0.0	72.319	0.0	-1.0	32.4	0.0	66.259	-5.53	-3.837	0.0	77.786	0.0	0.0	0.0	0.0	34.583	-3.88	-3.65	15.952	62.26	0.0	-1.0	0.2	0.0	30.708	-4.32	-2.087	0.0	65.057	8.167	-1.0	0.6	0.0	35.454	-2.91	-3.462	0.0	55.558	18.628	-7.087	0.2	0.0	4.069	-3.66	-4.025	0.0	61.601	11.581	-1.0	0.0	0.0	91.833	-3.66
-1.0	-8.213	17.015	0.0	23.714	-13.557	0.0	0.98	88.345	-6.2	-6.4	15.42	87.189	30.761	0.0	0.0	2.313	96.676	-4.52	-4.15	0.0	64.655	21.897	-1.0	0.0	1.274	91.542	-3.68	-4.025	0.0	61.786	0.0	-7.243	0.0	0.0	46.401	-5.22	-3.337	0.0	71.435	0.0	-1.0	32.4	0.0	66.55	-5.52	-3.837	0.0	76.91	0.0	0.0	0.0	0.0	34.389	-3.83	-3.65	13.825	61.974	0.0	-1.0	0.2	0.0	30.417	-4.22	-2.212	0.0	64.892	8.312	-1.0	0.6	0.0	35.648	-3.04	-3.775	0.0	56.632	19.209	-7.077	0.2	0.0	4.165	-4.1	-4.15	0.0	63.812	11.654	-1.0	0.0	0.0	91.639	-3.64
-1.0	-7.838	16.483	0.0	24.15	-13.684	0.0	1.416	75.849	-6.25	-6.65	14.888	87.135	30.979	0.0	0.0	2.522	92.414	-4.56	-4.025	0.0	67.691	21.825	-1.0	0.0	1.022	86.892	-3.72	-4.275	0.0	62.074	0.0	-7.13	0.0	0.0	46.691	-5.35	-3.587	0.0	74.383	0.0	-1.0	32.4	0.0	66.453	-5.49	-3.9	0.0	78.07	0.0	0.0	0.0	0.0	34.679	-3.76	-3.712	20.737	62.2	0.0	-1.0	0.2	0.0	30.514	-4.28	-2.4	0.0	66.102	8.312	-1.0	0.6	0.0	35.551	-3.48	-3.775	0.0	58.669	18.991	-7.093	0.2	0.0	4.456	-4.04	-4.15	0.0	60.728	11.654	-1.0	0.0	0.0	94.545	-3.56
-1.0	-8.025	17.547	0.0	24.222	-13.866	0.0	1.316	73.912	-6.42	-7.088	12.761	87.132	30.761	0.0	0.0	1.936	88.927	-4.34	-4.15	0.0	65.183	21.316	-1.0	0.0	0.939	89.508	-3.58	-4.213	0.0	59.884	0.0	-7.249	0.0	0.0	46.013	-5.23	-3.587	0.0	73.546	0.0	-1.0	32.4	0.0	66.646	-5.4	-3.712	0.0	75.391	0.0	0.0	0.0	0.0	34.292	-3.72	-3.712	14.357	63.193	0.0	-1.0	0.2	0.0	30.708	-4.54	-2.212	0.0	72.747	8.167	-1.0	0.6	0.0	35.454	-3.52	-3.775	0.0	59.238	18.846	0.0	0.2	0.0	4.262	-3.72	-3.962	0.0	61.295	11.073	-1.0	0.0	0.0	95.029	-3.54
-1.0	-7.588	16.483	0.0	24.15	-13.38	0.0	1.341	76.721	-6.42	-7.275	13.825	87.132	30.906	0.0	0.0	1.819	88.83	-1.0	-4.15	0.0	0.0	21.534	-1.0	0.0	1.299	77.399	-3.63	-4.15	0.0	59.957	0.0	-7.269	0.0	0.922	46.401	-5.44	-3.462	0.0	76.485	0.0	-1.0	32.4	0.0	65.968	-5.52	-3.837	0.0	74.751	0.0	0.0	0.0	0.0	34.583	-3.7	-3.4	17.015	61.916	0.0	-1.0	0.2	0.0	30.805	-4.56	-2.4	0.0	72.06	8.094	-1.0	0.6	0.0	36.229	-3.7	-3.837	0.0	57.944	19.282	0.0	0.2	0.0	4.262	-3.88	-3.712	0.0	61.402	11.654	-1.0	0.0	0.0	90.186	-3.57
-1.0	-7.4	16.483	0.0	24.367	-13.613	0.0	1.718	74.299	-6.32	-6.713	14.888	87.076	30.979	0.0	0.0	2.514	88.345	-1.0	-4.213	0.0	70.21	21.534	-1.0	0.0	1.441	72.265	-3.66	-4.588	0.0	60.278	0.0	-7.24	0.0	0.0	46.594	-5.18	-3.775	0.0	74.347	0.0	-1.0	32.4	0.0	66.162	-5.66	-3.775	0.0	75.052	0.0	0.0	0.0	0.0	34.583	-3.8	-3.9	13.293	61.012	0.0	-1.0	0.2	0.0	30.127	-4.78	-2.4	0.0	76.608	7.876	-1.0	0.6	0.0	35.551	-3.8	-3.962	0.0	58.149	19.064	0.0	0.2	0.0	3.294	-3.85	-3.837	0.0	60.192	11.436	-1.0	0.0	0.0	94.739	-3.7
-1.0	-8.338	15.952	0.0	24.077	-13.746	0.0	1.215	70.812	-6.36	-7.025	14.357	87.065	30.615	0.0	0.0	2.17	89.508	-4.76	-4.338	0.0	69.093	21.462	-1.0	0.0	0.0	72.362	-3.78	-4.525	0.0	59.932	0.0	-7.245	0.0	0.0	46.594	-5.0	-3.587	0.0	72.481	0.0	-1.0	32.4	0.0	66.743	-5.74	-3.837	0.0	76.605	0.0	0.0	0.0	0.0	34.679	-3.84	-3.962	16.483	61.086	0.0	-1.0	0.2	0.0	30.708	-4.81	-2.337	0.0	74.091	8.021	-1.0	0.6	0.0	35.551	-4.0	-3.837	0.0	59.105	19.209	0.0	0.2	0.0	4.069	-3.91	-4.025	0.0	59.856	11.726	-1.0	0.0	0.0	92.898	-3.78
-1.0	-8.775	15.42	0.0	24.004	-13.54	0.0	0.0	71.006	-6.42	-7.088	14.357	87.05	30.761	-7.1	0.0	1.458	88.927	-1.0	-4.15	0.0	0.0	21.389	-1.0	0.0	0.0	72.362	-3.83	-4.463	0.0	60.114	0.0	-7.287	0.0	0.0	46.691	-5.12	-3.525	0.0	72.043	0.0	-1.0	32.4	0.0	66.453	-5.8	-3.9	0.0	76.987	0.0	0.0	0.0	0.0	34.679	-3.94	-3.9	13.825	63.021	0.0	-1.0	0.2	0.0	30.901	-4.84	-2.587	0.0	73.29	8.021	-1.0	0.6	0.0	35.648	-4.08	-4.025	0.0	58.955	18.919	0.0	0.2	0.0	3.197	-4.02	-4.275	0.0	60.813	11.581	-1.0	0.0	0.0	93.673	-3.73
-1.0	-8.275	15.42	0.0	24.004	-13.616	0.0	0.0	71.974	-6.4	-6.775	14.357	86.932	30.906	0.0	0.0	2.179	95.514	-4.74	-4.15	0.0	64.039	21.897	-1.0	0.0	0.922	81.371	-3.79	-4.4	0.0	59.821	0.0	-7.256	0.0	0.0	46.304	-5.31	-3.275	0.0	73.937	0.0	-1.0	32.4	0.0	66.453	-5.82	-4.025	0.0	75.841	0.0	0.0	0.0	0.0	35.067	-4.04	-3.962	14.357	64.402	0.0	-1.0	0.2	0.0	30.611	-4.69	-2.587	0.0	67.793	8.312	-1.0	0.6	0.0	35.261	-4.13	-4.15	0.0	58.892	18.556	0.0	0.2	0.0	4.165	-4.09	-4.275	0.0	63.127	11.436	-1.0	0.0	0.0	92.511	-3.76
-1.0	-7.963	17.547	0.0	24.222	-13.665	0.0	1.374	67.228	-6.48	-6.838	23.396	86.911	30.615	0.0	0.0	2.43	89.701	-4.78	-4.338	0.0	66.37	21.607	-1.0	0.0	0.0	81.564	-3.91	-4.4	0.0	62.601	0.0	-7.263	0.0	0.0	46.788	-5.46	-3.337	0.0	75.849	0.0	-1.0	32.4	0.0	66.356	-5.76	-3.962	0.0	74.271	0.0	0.0	0.0	0.0	34.389	-4.15	-3.837	12.761	64.539	0.0	-1.0	0.2	0.0	30.417	-4.62	-2.462	0.0	66.811	8.167	-1.0	0.6	0.0	35.551	-4.16	-4.213	0.0	58.969	18.556	0.0	0.2	0.0	4.359	-4.14	-4.338	0.0	62.986	11.581	-1.0	0.0	0.0	93.479	-3.8
-1.0	-8.275	14.888	0.0	24.295	-13.277	0.0	0.0	66.162	-6.52	-7.275	11.698	86.962	30.906	0.0	0.0	1.86	87.183	-4.38	-4.213	0.0	64.078	21.825	-1.0	0.0	0.0	85.924	-3.98	-5.025	0.0	63.2	0.0	-7.276	0.0	0.0	46.594	-5.48	-3.775	0.0	76.337	0.0	-1.0	32.4	0.0	66.356	-5.67	-4.213	0.0	73.621	0.0	0.0	0.0	0.0	34.776	-4.17	-3.837	12.761	64.194	0.0	-1.0	0.2	0.0	30.611	-4.66	-2.65	0.0	67.34	8.312	-1.0	0.6	0.0	35.842	-4.18	-4.213	0.0	60.434	18.628	0.0	0.2	0.0	4.359	-4.32	-4.65	0.0	61.782	11.363	-1.0	0.0	0.0	92.995	-3.79
-1.0	-9.088	15.42	0.0	24.585	-13.424	0.0	0.0	66.259	-6.56	-7.025	13.293	86.952	30.615	-6.804	0.0	1.668	89.411	-4.48	-4.213	0.0	66.374	21.244	-1.0	0.0	1.098	80.305	-3.82	-5.025	0.0	62.029	0.0	-7.233	0.0	0.0	46.885	-5.42	-3.837	0.0	73.962	0.0	-1.0	32.4	0.0	66.065	-5.82	-4.025	0.0	74.567	0.0	0.0	0.0	0.0	34.486	-4.12	-4.15	13.293	64.019	0.0	-1.0	0.2	0.0	30.901	-4.56	-2.525	0.0	68.249	8.021	-1.0	0.6	0.0	35.358	-4.22	-4.463	0.0	60.373	18.047	0.0	0.2	0.0	3.972	-4.3	-4.525	0.0	62.346	11.363	-1.0	0.0	0.0	93.189	-3.85
-1.0	-8.713	13.293	0.0	24.731	-13.55	0.0	0.0	67.228	-6.46	-6.9	12.23	86.916	31.487	0.0	0.0	1.877	89.701	-4.44	-4.15	0.0	64.565	21.316	-1.0	0.0	0.989	81.274	-3.94	-5.338	0.0	63.815	0.0	-7.242	0.0	0.0	46.11	-5.48	-3.525	0.0	76.032	0.0	-1.0	32.4	0.0	66.356	-5.74	-4.15	0.0	75.365	0.0	0.0	0.0	0.0	34.679	-4.17	-4.213	11.698	63.8	0.0	-1.0	0.2	0.0	30.805	-4.42	-2.587	0.0	67.539	7.876	-1.0	0.6	0.0	35.648	-4.25	-4.275	0.0	60.097	19.282	0.0	0.2	0.0	3.39	-4.22	-4.4	0.0	61.559	11.363	-1.0	0.0	0.0	92.898	-3.95
-1.0	-8.65	14.357	0.0	24.004	-13.559	0.0	0.0	68.584	-6.4	-7.088	10.634	86.973	30.833	0.0	0.0	1.676	81.177	-1.0	-4.15	0.0	0.0	22.188	-1.0	0.0	0.0	83.114	-3.9	-5.213	0.0	61.614	0.0	-7.232	0.0	0.0	46.594	-5.48	-3.775	0.0	75.751	0.0	-1.0	32.4	0.0	65.968	-5.58	-4.338	0.0	75.093	0.0	0.0	0.0	0.0	34.583	-4.22	-4.213	13.293	63.659	0.0	-1.0	0.2	0.0	30.514	-4.33	-2.712	0.0	65.575	8.385	-1.0	0.6	0.0	35.358	-4.26	-4.463	0.0	60.123	19.5	0.0	0.2	0.0	4.94	-4.18	-4.775	0.0	61.699	11.508	-1.0	0.0	0.0	92.898	-4.02
-1.0	-9.025	13.825	0.0	23.932	-13.502	0.0	0.0	68.874	-6.36	-7.275	11.698	86.942	30.543	0.0	0.0	1.676	90.67	-4.36	-4.213	0.0	63.924	21.316	-1.0	0.0	0.0	83.986	-3.94	-5.088	0.0	63.894	0.0	-7.242	0.0	0.0	46.013	-5.36	-3.525	0.0	74.357	0.0	-1.0	32.4	0.0	65.968	-5.4	-3.962	0.0	72.277	0.0	0.0	0.0	0.0	34.679	-4.14	-3.9	13.293	63.858	0.0	-1.0	0.2	0.0	30.998	-4.3	-2.587	0.0	64.93	8.312	-1.0	0.6	0.0	35.358	-4.16	-4.275	0.0	60.383	18.338	0.0	0.2	0.0	4.165	-4.14	-4.963	0.0	62.8	11.581	-1.0	0.0	0.0	92.995	-4.29
-1.0	-8.713	12.23	0.0	24.44	-13.619	0.0	0.0	70.037	-6.3	-6.65	10.634	86.855	30.906	0.0	0.0	1.802	107.719	-4.4	-4.463	0.0	64.127	21.534	-1.0	0.0	0.0	84.471	-3.86	-5.213	0.0	62.556	0.0	-7.246	0.0	0.0	46.594	-5.1	-3.775	0.0	71.704	0.0	-1.0	32.4	0.0	66.356	-5.47	-4.213	0.0	74.333	0.0	0.0	0.0	0.0	34.679	-4.08	-4.025	12.761	65.595	0.0	-1.0	0.2	0.0	30.611	-4.2	-2.587	0.0	64.739	7.876	-1.0	0.6	0.0	35.551	-4.1	-4.15	0.0	60.907	18.773	0.0	0.2	0.0	4.843	-4.46	-5.4	0.0	63.801	11.654	-1.0	0.0	0.0	92.414	-3.98
-1.0	-7.775	12.761	0.0	24.077	-13.352	0.0	0.0	111.788	-6.16	-6.088	10.634	86.788	30.543	0.0	0.0	2.363	102.585	-1.0	-4.463	0.0	0.0	21.389	-1.0	0.0	0.98	105.976	-3.94	-4.65	0.0	64.839	0.0	-7.293	0.0	0.0	46.788	-5.2	-3.775	0.0	72.707	0.0	-1.0	32.4	0.0	66.356	-5.44	-4.213	0.0	72.924	0.0	0.0	0.0	0.0	34.776	-4.06	-4.213	12.23	64.791	0.0	-1.0	0.2	0.0	30.611	-4.2	-2.962	0.0	64.294	8.385	-1.0	0.6	0.0	35.358	-4.06	-3.837	0.0	61.613	19.355	0.0	0.2	0.0	8.912	-4.62	-5.4	0.0	64.819	11.726	-1.0	0.0	0.0	93.189	-3.9
-1.0	-7.713	14.888	0.0	24.15	-13.634	0.0	1.45	86.505	-5.96	-5.963	9.571	86.881	30.833	0.0	0.0	3.159	93.964	-1.0	-4.463	0.0	0.0	21.825	-1.0	0.0	1.441	99.97	-3.82	-4.338	0.0	62.35	0.0	-7.209	0.0	1.056	77.399	-5.32	-3.4	0.0	73.743	0.0	-1.0	32.4	0.0	66.55	-5.5	-3.837	0.0	72.475	0.0	0.0	0.0	0.0	34.776	-3.88	-4.15	14.888	64.457	0.0	-1.0	0.2	0.0	30.611	-4.32	-2.65	0.0	66.043	8.457	-1.0	0.6	0.0	110.335	-4.14	-4.15	0.0	60.468	18.338	0.0	0.2	0.0	9.106	-4.47	-4.838	0.0	66.787	11.654	-1.0	0.0	0.0	93.092	-3.82
-1.0	-7.338	13.293	0.0	24.077	-13.418	0.0	2.254	71.587	-6.0	-6.463	10.634	86.747	30.543	-6.932	0.0	3.411	79.821	-1.0	-4.275	0.0	0.0	21.026	-1.0	0.0	2.053	98.129	-3.78	-4.463	0.0	62.517	0.0	-7.365	0.0	0.0	77.399	-5.26	-3.4	0.0	74.783	0.0	-1.0	32.4	0.0	66.162	-5.42	-4.275	0.0	71.737	0.0	0.0	0.0	0.0	34.679	-3.96	-4.4	10.634	65.565	0.0	-1.0	0.2	0.0	30.805	-4.32	-2.525	0.0	66.584	8.603	-1.0	0.6	0.0	115.178	-4.04	-4.15	0.0	60.458	18.483	0.0	0.2	0.0	8.428	-4.16	-4.588	0.0	64.955	11.654	-1.0	0.0	0.0	94.835	-3.82
-1.0	-7.15	13.293	0.0	24.44	-13.652	0.0	1.953	55.216	-5.86	-6.775	10.634	86.948	30.906	0.0	0.0	2.556	73.815	-4.22	-4.213	0.0	65.283	21.607	-1.0	0.0	1.441	80.692	-3.73	-4.65	0.0	61.509	0.0	-7.293	0.0	0.0	70.812	-4.95	-3.587	0.0	73.243	0.0	-1.0	32.4	0.905	66.162	-5.5	-3.962	0.0	73.417	0.0	0.0	0.0	0.0	34.679	-3.98	-4.213	14.357	66.209	0.0	-1.0	0.2	0.0	30.32	-4.39	-2.462	0.0	69.843	8.021	-1.0	0.6	0.0	114.5	-4.0	-4.275	0.0	60.139	19.209	-7.028	0.2	0.0	8.815	-3.98	-4.338	0.0	61.948	11.291	-1.0	0.0	0.0	78.077	-3.85
-1.0	-7.338	11.698	0.0	24.658	-14.643	0.0	1.534	44.56	-5.98	-7.088	8.508	86.897	30.833	0.0	0.0	1.936	71.296	-1.0	-4.213	0.0	0.0	21.825	-1.0	0.0	1.148	66.743	-3.76	-4.713	0.0	62.2	0.0	-7.344	0.0	0.0	68.487	-4.58	-3.525	0.0	72.739	0.0	-1.0	32.4	1.022	66.259	-5.5	-4.15	0.0	73.849	0.0	0.0	0.0	0.0	34.583	-3.88	-4.15	11.166	63.641	0.0	-1.0	0.2	0.0	30.805	-4.58	-2.587	0.0	73.996	8.385	-1.0	0.6	0.0	87.28	-4.12	-4.338	0.0	62.271	18.556	0.0	0.2	0.0	9.59	-3.7	-4.4	0.0	62.05	11.436	-1.0	0.0	0.0	80.402	-3.8
-1.0	-7.213	12.23	0.0	23.859	-13.712	0.0	1.76	37.876	-6.0	-7.15	9.571	86.933	30.761	-6.794	0.0	1.701	68.874	-1.0	-4.463	0.0	0.0	21.389	-1.0	0.0	1.123	54.15	-3.78	-4.775	0.0	61.769	0.0	-7.304	0.0	0.0	36.81	-4.28	-3.65	0.0	67.769	0.0	-1.0	32.4	1.232	51.535	-5.41	-4.275	0.0	72.47	0.0	0.0	0.0	0.0	34.776	-3.9	-4.15	9.571	63.293	0.0	-1.0	0.2	0.0	30.708	-4.72	-2.775	0.0	72.88	8.239	-1.0	0.6	0.0	82.049	-4.19	-4.525	0.0	62.844	19.209	0.0	0.2	0.0	0.097	-3.76	-4.4	0.0	60.911	11.073	-1.0	0.0	0.0	81.952	-3.74
-1.0	-8.025	12.761	0.0	24.004	-13.248	0.0	1.182	35.067	-5.96	-7.275	10.103	87.005	30.761	0.0	0.0	1.316	45.626	-1.0	-4.775	0.0	0.0	21.462	-1.0	0.0	0.913	46.304	-3.87	-5.025	0.0	61.377	0.0	-7.254	0.0	0.0	37.489	-4.36	-3.65	0.0	67.601	0.0	-1.0	32.4	0.0	51.728	-5.66	-3.9	0.0	76.53	0.0	0.0	0.0	0.0	34.679	-3.8	-4.15	11.166	62.86	0.0	-1.0	0.2	0.0	30.805	-4.66	-2.775	0.0	72.722	8.094	-1.0	0.6	0.0	81.952	-4.27	-4.713	0.0	63.571	18.846	0.0	0.2	0.0	0.0	-3.95	-4.9	0.0	61.283	11.581	-1.0	0.0	0.0	78.174	-3.66
-1.0	-8.525	14.357	0.0	24.513	-13.859	0.0	0.0	36.326	-6.14	-7.713	8.508	86.896	30.615	0.0	0.0	0.0	45.626	-4.98	-4.588	0.0	67.534	21.244	-1.0	0.0	0.0	63.062	-3.85	-5.338	0.0	61.542	0.0	-7.264	0.0	0.0	37.101	-4.61	-3.712	0.0	68.543	0.0	-1.0	32.4	0.0	50.566	-5.6	-4.275	0.0	71.895	0.0	0.0	0.0	0.0	34.679	-3.83	-4.4	10.634	63.226	0.0	-1.0	0.2	0.0	30.514	-4.58	-2.775	0.0	68.347	8.385	-1.0	0.6	0.0	82.339	-4.3	-4.338	0.0	63.143	18.846	0.0	0.2	0.0	0.097	-3.85	-5.275	0.0	61.971	11.436	-1.0	0.0	0.0	78.174	-3.72
-1.0	-8.9	11.166	0.0	24.15	-13.317	0.0	0.0	36.423	-6.28	-7.588	9.571	86.798	30.906	0.0	0.0	1.374	89.023	-4.6	-4.588	0.0	65.473	21.534	-1.0	0.0	0.0	83.017	-3.77	-5.4	0.0	61.582	0.0	-7.286	0.0	0.0	37.295	-4.86	-4.463	0.0	69.974	0.0	-1.0	32.4	0.0	77.593	-5.46	-3.9	0.0	71.533	0.0	0.0	0.0	0.0	34.679	-3.88	-4.15	9.571	64.115	0.0	-1.0	0.2	0.0	59.672	-4.5	-2.775	0.0	66.242	8.239	-1.0	0.6	0.0	81.08	-4.18	-4.275	0.0	61.806	19.137	0.0	0.2	0.0	248.859	-3.86	-4.963	0.0	62.183	11.654	-1.0	0.0	0.0	78.271	-3.76
-1.0	-9.088	10.634	0.0	24.077	-13.701	0.0	0.0	51.147	-6.28	-7.463	8.508	86.757	30.979	0.0	0.0	1.718	89.217	-1.0	-4.775	0.0	0.0	21.244	-1.0	0.0	0.0	83.114	-4.0	-5.15	0.0	64.671	0.0	-7.293	0.0	0.0	88.83	-4.94	-3.837	0.0	70.257	0.0	-1.0	32.4	0.0	77.593	-5.58	-4.338	0.0	70.87	0.0	0.0	0.0	0.0	34.679	-3.9	-4.463	13.825	63.927	0.0	-1.0	0.2	0.0	59.478	-4.36	-2.837	0.0	65.699	8.094	-1.0	0.6	0.0	81.855	-4.14	-4.213	0.0	61.733	18.773	-7.025	0.2	0.0	248.665	-4.18	-5.713	0.0	63.824	11.363	-1.0	0.0	0.0	77.883	-3.98
-1.0	-9.65	13.825	0.0	23.786	-13.273	0.0	0.0	51.05	-6.3	-7.588	7.444	86.793	30.761	0.0	0.0	1.282	88.83	-1.0	-4.588	0.0	0.0	21.316	-1.0	0.0	0.0	83.792	-4.11	-6.025	0.0	65.849	0.0	-7.214	0.0	0.0	88.636	-4.86	-4.15	0.0	69.9	0.0	-1.0	32.4	0.0	77.98	-5.52	-4.525	0.0	69.569	0.0	0.0	0.0	0.0	34.679	-3.84	-4.588	9.039	64.017	0.0	-1.0	0.2	0.0	59.091	-4.36	-3.025	0.0	65.362	8.312	-1.0	0.6	0.0	81.952	-4.08	-4.213	0.0	61.877	19.137	0.0	0.2	0.0	226.869	-4.22	-5.713	0.0	63.896	11.654	-1.0	0.0	0.0	75.558	-3.98
-1.0	-9.213	8.508	0.0	24.077	-13.406	0.0	0.0	51.244	-6.28	-7.588	7.444	86.757	30.906	0.0	0.0	1.517	80.692	-4.26	-4.65	0.0	64.728	21.389	-1.0	0.0	0.0	83.211	-4.14	-5.775	0.0	65.714	0.0	-7.227	0.0	0.0	88.442	-4.94	-3.837	0.0	71.467	0.0	-1.0	32.4	0.0	77.593	-5.42	-4.338	0.0	69.115	0.0	0.0	0.0	0.0	34.776	-3.84	-4.775	9.571	63.833	0.0	-1.0	0.2	0.0	59.091	-4.42	-3.025	0.0	66.05	8.094	-1.0	0.6	0.0	82.049	-4.13	-4.588	0.0	61.01	18.556	0.0	0.2	0.0	227.16	-4.37	-5.775	0.0	64.734	11.291	-1.0	0.0	0.0	75.655	-3.96
-1.0	-9.338	9.039	0.0	24.513	-13.524	0.0	0.0	54.828	-6.19	-7.588	7.976	86.739	30.47	0.0	0.0	1.634	89.701	-1.0	-4.65	0.0	0.0	21.244	-1.0	0.0	0.0	82.921	-3.96	-5.9	0.0	65.513	0.0	-7.224	0.0	0.0	88.442	-4.8	-4.213	0.0	70.483	0.0	-1.0	32.4	0.0	77.593	-5.38	-4.525	0.0	69.447	0.0	0.0	0.0	0.0	34.583	-3.86	-4.9	9.039	64.879	0.0	-1.0	0.2	0.0	59.284	-4.4	-2.587	0.0	66.775	8.239	-1.0	0.6	0.0	81.952	-4.22	-4.525	0.0	64.08	19.355	0.0	0.2	0.0	227.353	-4.28	-5.588	0.0	64.698	11.073	-1.0	0.0	0.0	75.752	-3.74
-1.0	-9.713	10.103	0.0	24.44	-13.197	0.0	0.0	55.7	-6.24	-7.4	6.912	86.644	30.979	0.0	0.0	1.819	89.605	-1.0	-4.525	0.0	0.0	21.534	-1.0	0.0	0.0	83.502	-4.1	-5.4	0.0	66.445	0.0	-7.286	0.0	0.0	88.636	-4.94	-4.025	0.0	70.925	0.0	-1.0	32.4	0.0	77.786	-5.38	-4.463	0.0	69.347	0.0	0.0	0.0	0.0	34.583	-4.04	-4.838	5.317	66.688	0.0	-1.0	0.2	0.0	59.091	-4.36	-2.9	0.0	66.319	7.949	-1.0	0.6	0.0	81.952	-4.28	-4.588	0.0	63.305	18.991	0.0	0.2	0.0	226.966	-4.24	-5.65	0.0	65.695	11.436	-1.0	0.0	0.0	75.655	-3.77
