-1.0	-7.275	0.0	0.0	24.585	-13.702	0.0	4.341	35.261	-7.88	-7.4	0.0	86.097	31.923	0.0	0.0	6.193	90.476	-1.0	-4.65	0.0	0.0	22.987	-1.0	0.0	2.43	44.076	-7.04	-3.962	0.0	92.316	0.0	-7.27	0.0	1.575	62.384	-7.5	-3.4	0.0	93.4	0.0	-1.0	28.8	1.425	53.375	-8.07	-4.338	0.0	90.039	0.0	0.0	0.0	1.324	39.91	-7.24	-3.962	2.659	94.228	0.0	-1.0	0.2	1.45	35.358	-7.34	-4.025	0.0	89.927	24.585	-1.0	0.4	0.989	56.281	-7.3	-3.962	0.0	87.248	20.372	0.0	0.2	1.156	2.422	-7.6	-5.463	0.0	93.868	11.872	-1.0	0.0	0.0	104.716	-7.28
-1.0	-7.463	3.722	0.0	24.295	-13.673	0.0	2.564	63.644	-7.88	-6.838	0.0	86.241	31.778	-6.841	0.0	3.964	79.433	-1.0	-4.65	0.0	0.0	23.06	-1.0	0.0	1.324	52.116	-7.1	-4.15	0.0	92.166	0.0	-7.217	0.0	1.936	59.284	-7.52	-3.712	0.0	93.671	0.0	-1.0	28.8	1.5	55.216	-8.08	-4.588	0.0	89.725	0.0	0.0	0.0	1.19	52.116	-7.28	-3.962	0.0	93.924	0.0	-1.0	0.2	1.659	29.255	-7.36	-3.9	0.0	89.941	25.094	-1.0	0.4	0.0	40.201	-7.18	-3.962	0.0	87.259	20.299	0.0	0.2	1.156	6.781	-7.62	-5.15	0.0	93.935	11.872	-22.346	0.0	1.265	84.083	-7.26
-1.0	-7.275	0.532	0.0	24.15	-13.772	0.0	3.143	102.295	-7.92	-6.9	0.0	86.21	31.923	-6.837	0.0	4.517	103.651	-1.0	-4.65	0.0	0.0	22.697	-1.0	0.0	2.154	39.329	-7.12	-4.213	0.0	92.104	0.0	-7.242	0.0	1.274	56.378	-7.53	-3.462	0.0	93.409	0.0	-1.0	28.8	1.307	55.41	-8.1	-4.65	0.0	89.778	0.0	0.0	0.0	1.525	48.532	-7.22	-4.025	0.0	93.48	0.0	-1.0	0.2	1.073	41.267	-7.33	-3.775	0.0	89.871	24.367	-1.0	0.4	0.0	54.731	-7.28	-3.712	0.0	87.152	19.427	0.0	0.2	0.0	6.878	-7.62	-5.088	0.0	93.899	11.581	-22.102	0.0	1.056	94.157	-7.18
-1.0	-7.15	1.595	0.0	24.295	-13.791	0.0	1.643	93.286	-7.85	-6.963	0.0	86.228	31.705	-6.809	0.0	3.469	108.01	-1.0	-4.463	0.0	0.0	22.842	-1.0	0.0	1.173	97.354	-7.22	-4.213	0.0	92.34	0.0	-7.249	0.0	0.913	88.927	-7.63	-3.462	0.0	92.787	0.0	-1.0	28.8	0.0	55.506	-7.98	-4.4	0.0	89.655	0.0	0.0	0.0	0.0	50.179	-7.11	-3.837	0.0	93.27	0.0	-1.0	0.2	0.0	41.751	-7.52	-4.15	0.0	89.604	24.949	-1.0	0.4	0.0	57.734	-7.26	-3.837	0.0	87.117	20.009	0.0	0.2	0.0	6.975	-7.88	-5.4	0.0	93.787	11.872	-22.365	0.0	0.0	130.193	-7.26
-1.0	-7.9	0.0	0.0	24.367	-13.815	0.0	1.55	74.88	-7.96	-7.463	0.0	86.097	31.85	-6.786	0.0	3.252	107.525	-1.0	-4.65	0.0	0.0	23.423	-1.0	0.0	2.514	55.313	-7.32	-4.463	0.0	92.142	0.0	-7.309	0.0	1.735	89.411	-7.36	-3.587	0.0	92.864	0.0	-1.0	28.8	1.994	57.347	-8.0	-4.338	0.0	89.883	0.0	0.0	0.0	0.955	27.898	-7.1	-3.9	0.0	93.18	0.0	-1.0	0.2	0.0	41.267	-7.56	-3.837	0.0	89.554	24.658	-1.0	0.4	0.0	63.45	-7.35	-3.837	0.0	87.032	19.645	0.0	0.2	0.0	6.781	-7.86	-5.65	0.0	93.204	12.017	-22.213	0.0	1.257	16.274	-7.3
-1.0	-8.025	2.659	0.0	24.077	-13.586	0.0	3.067	57.056	-7.96	-7.775	0.0	86.077	31.633	-6.778	0.0	5.162	76.14	-1.0	-4.9	0.0	0.0	22.987	-1.0	0.0	2.129	55.991	-7.34	-4.525	0.0	92.042	0.0	-7.216	0.0	1.425	63.74	-7.74	-3.462	0.0	93.146	0.0	-1.0	28.8	1.76	51.244	-8.08	-4.338	0.0	89.588	0.0	0.0	0.0	1.718	63.837	-7.09	-3.962	0.0	93.164	0.0	-1.0	0.2	0.0	41.17	-7.46	-3.962	0.0	89.424	24.513	-1.0	0.4	0.0	74.784	-7.13	-3.712	0.0	87.089	19.718	0.0	0.2	0.0	6.975	-7.71	-5.713	0.0	93.726	11.799	-22.111	0.0	0.0	73.621	-7.24
-1.0	-7.588	0.532	0.0	24.658	-13.653	0.0	3.528	71.877	-7.94	-7.088	0.0	86.082	31.633	-6.83	0.0	4.249	99.485	-1.0	-4.713	0.0	0.0	23.133	-1.0	0.0	1.534	80.305	-6.96	-4.213	0.0	92.187	0.0	-7.242	0.0	1.165	62.675	-7.38	-3.337	0.0	93.119	0.0	-1.0	28.8	1.592	58.509	-8.11	-4.4	0.0	89.404	0.0	0.0	0.0	0.0	46.691	-6.96	-3.962	1.063	93.924	0.0	-1.0	0.2	1.467	35.551	-7.42	-4.15	0.0	89.552	24.658	-1.0	0.4	0.0	60.35	-6.99	-3.9	0.0	87.187	19.427	0.0	0.2	1.131	7.265	-7.68	-5.088	0.0	93.698	11.654	-21.925	0.0	1.006	80.499	-7.18
-1.0	-7.4	0.532	0.0	24.295	-13.613	0.0	2.866	70.424	-7.94	-6.775	0.0	86.082	31.923	-7.04	0.0	4.307	91.929	-1.0	-4.338	0.0	0.0	22.624	-1.0	0.0	1.609	59.284	-7.11	-4.15	0.0	92.145	0.0	-7.202	0.0	1.626	45.819	-7.51	-3.025	0.0	92.671	0.0	-1.0	28.8	0.955	68.487	-7.9	-4.338	0.0	89.677	0.0	0.0	0.0	0.0	44.56	-7.06	-4.338	0.532	93.378	0.0	-1.0	0.2	1.341	46.11	-7.33	-3.9	0.0	89.832	24.803	-1.0	0.4	0.905	39.329	-7.22	-3.962	0.0	87.208	19.573	0.0	0.2	1.693	355.222	-7.72	-5.275	0.0	93.576	11.654	-22.14	0.0	0.0	108.204	-7.08
-1.0	-7.65	0.0	0.0	24.295	-13.643	0.0	2.497	135.908	-7.96	-7.275	0.0	86.118	31.923	-6.785	0.0	4.467	113.435	-1.0	-4.713	0.0	0.0	23.205	-1.0	0.0	1.316	75.074	-7.26	-4.588	0.0	92.102	0.0	-7.211	0.0	1.316	32.548	-7.57	-3.525	0.0	92.692	0.0	-1.0	28.8	0.0	69.068	-7.92	-4.525	0.0	89.593	0.0	0.0	0.0	1.014	48.144	-7.24	-4.15	0.532	93.307	0.0	-1.0	0.2	1.316	38.748	-7.39	-3.837	0.0	89.541	25.021	-1.0	0.4	0.0	51.922	-7.23	-3.775	0.0	87.084	20.081	0.0	0.2	1.257	356.384	-7.8	-5.463	0.0	93.7	11.363	-22.177	0.0	1.198	112.756	-7.22
-1.0	-7.463	1.595	0.0	24.15	-14.395	0.0	2.975	94.835	-7.96	-6.963	0.0	86.138	31.705	-6.809	0.0	4.995	103.36	-1.0	-4.65	0.0	0.0	22.915	-1.0	0.0	1.458	61.125	-7.18	-4.15	0.0	92.049	0.0	-7.247	0.0	1.064	55.216	-7.56	-3.275	0.0	92.507	0.0	-1.0	28.8	1.014	60.35	-8.11	-4.588	0.0	89.444	0.0	0.0	0.0	1.048	27.898	-7.15	-4.025	0.532	93.888	0.0	-1.0	0.2	1.718	33.033	-7.51	-3.837	0.0	89.567	24.658	-1.0	0.4	0.0	44.754	-7.36	-3.9	0.0	87.09	19.645	0.0	0.2	1.517	4.359	-7.86	-5.338	0.0	93.572	11.944	-22.296	0.0	0.0	113.435	-7.32
-1.0	-7.4	0.0	0.0	24.658	-13.822	0.0	2.69	66.356	-7.9	-7.088	0.0	86.133	31.778	-6.807	0.0	4.919	84.374	-1.0	-4.588	0.0	0.0	23.423	-1.0	0.0	1.534	96.967	-7.14	-4.338	0.0	92.117	0.0	-7.224	0.0	1.835	56.572	-7.62	-3.275	0.0	92.864	0.0	-1.0	28.8	1.182	71.684	-8.08	-4.275	0.0	89.256	0.0	0.0	0.0	0.0	28.286	-7.09	-4.025	0.0	94.015	0.0	-1.0	0.2	1.726	25.477	-7.42	-3.9	0.0	89.513	24.513	-1.0	0.4	0.0	57.638	-7.17	-4.025	0.0	87.181	20.081	0.0	0.2	1.592	355.996	-7.78	-5.588	0.0	93.632	11.654	-22.057	0.0	1.081	109.075	-7.36
-1.0	-7.15	0.0	0.0	24.513	-13.652	0.0	2.983	76.915	-7.92	-6.713	0.0	86.128	31.85	-6.836	0.0	4.894	121.668	-1.0	-4.525	0.0	0.0	22.551	-1.0	0.0	1.735	65.29	-6.98	-4.4	0.0	92.257	0.0	-7.211	0.0	2.095	61.028	-7.58	-3.712	0.0	92.539	0.0	-1.0	28.8	1.089	74.977	-8.08	-4.15	0.0	89.647	0.0	0.0	0.0	1.508	48.919	-7.12	-4.15	0.532	93.564	0.0	-1.0	0.2	2.321	36.423	-7.22	-3.837	0.0	89.646	24.803	-1.0	0.4	1.5	52.407	-7.2	-4.15	0.0	87.254	19.936	0.0	0.2	1.785	24.895	-7.78	-5.338	0.0	93.669	11.944	-22.123	0.0	1.274	108.882	-7.16
-1.0	-7.588	0.0	0.0	24.658	-13.584	0.0	2.983	140.946	-7.98	-7.088	0.0	86.072	31.923	-6.815	0.0	5.665	123.509	-1.0	-4.588	0.0	0.0	23.133	-1.0	0.0	1.274	68.1	-7.12	-4.4	0.0	92.104	0.0	-7.226	0.0	2.506	39.62	-7.41	-3.212	0.0	93.11	0.0	-1.0	28.8	0.913	58.703	-8.04	-4.338	0.0	89.619	0.0	0.0	0.0	1.659	41.073	-7.16	-4.275	0.0	93.627	0.0	-1.0	0.2	2.883	30.03	-7.36	-4.025	0.0	89.804	24.367	-1.0	0.4	1.257	32.355	-7.17	-4.025	0.0	87.282	19.791	0.0	0.2	2.028	0.097	-7.72	-5.588	0.0	93.723	11.872	-22.144	0.0	1.542	86.214	-7.28
-1.0	-7.338	1.063	0.0	24.44	-13.554	0.0	3.285	75.171	-7.88	-7.025	0.0	86.18	31.633	0.0	0.0	4.408	88.539	-1.0	-4.65	0.0	0.0	22.697	-1.0	0.0	2.682	42.72	-7.08	-4.275	0.0	92.153	0.0	-7.176	0.0	2.321	43.688	-7.6	-3.337	0.0	93.574	0.0	-1.0	28.8	2.187	65.871	-8.17	-4.275	0.0	89.623	0.0	0.0	0.0	2.313	37.101	-7.2	-4.15	0.0	93.17	0.0	-1.0	0.2	2.103	42.041	-7.38	-3.837	0.0	89.994	24.585	-1.0	0.4	1.659	29.352	-7.34	-3.962	0.0	87.238	20.227	0.0	0.2	1.886	9.784	-7.68	-5.463	0.0	93.771	11.363	-22.348	0.0	1.45	93.479	-7.26
-1.0	-7.713	0.532	0.0	24.367	-13.565	0.0	3.076	90.961	-7.98	-6.963	0.0	86.113	31.633	-6.816	0.0	4.894	129.418	-1.0	-4.9	0.0	0.0	22.769	-1.0	0.0	1.911	98.129	-7.34	-4.525	0.0	92.061	0.0	-7.223	0.0	1.575	53.956	-7.56	-3.775	0.0	92.918	0.0	-1.0	28.8	1.249	152.957	-8.0	-4.9	0.0	89.669	0.0	0.0	0.0	1.953	48.047	-7.1	-4.025	0.0	93.124	0.0	-1.0	0.2	1.098	41.848	-7.58	-4.15	0.0	89.607	24.949	-1.0	0.4	0.0	49.791	-7.26	-3.9	0.0	87.218	19.282	0.0	0.2	1.45	6.49	-7.87	-5.463	0.0	93.643	12.308	-22.09	0.0	1.299	121.184	-7.3
-1.0	-7.4	2.659	0.0	24.513	-13.544	0.0	2.145	52.503	-7.9	-6.775	0.0	86.133	31.633	-6.839	0.0	3.352	92.801	-1.0	-4.9	0.0	0.0	23.133	-1.0	0.0	1.802	44.366	-7.13	-4.4	0.0	92.479	0.0	-7.226	0.0	1.508	81.952	-7.64	-3.65	0.0	92.97	0.0	-1.0	28.8	1.391	62.675	-8.08	-4.4	0.0	89.608	0.0	0.0	0.0	1.215	61.609	-7.0	-3.962	1.063	93.041	0.0	-1.0	0.2	1.332	41.46	-7.38	-3.837	0.0	89.622	24.658	-1.0	0.4	0.0	56.184	-7.35	-4.025	0.0	87.215	20.154	0.0	0.2	1.492	8.525	-7.98	-5.65	0.0	93.648	11.363	-22.041	0.0	1.19	107.429	-7.36
-1.0	-7.463	0.532	0.0	24.077	-13.742	0.0	2.095	94.739	-8.08	-6.963	0.0	86.087	31.996	0.0	0.0	3.654	103.263	-1.0	-4.775	0.0	0.0	22.333	-1.0	0.0	1.232	59.478	-7.09	-4.4	0.0	92.226	0.0	-7.234	0.0	1.852	50.857	-7.68	-3.525	0.0	92.66	0.0	-1.0	28.8	0.0	57.541	-8.04	-4.15	0.0	89.306	0.0	0.0	0.0	0.0	62.19	-7.16	-4.213	0.0	93.182	0.0	-1.0	0.2	2.254	38.651	-7.38	-4.275	0.0	89.602	24.949	-1.0	0.4	0.964	57.928	-7.3	-4.213	0.0	87.187	20.009	0.0	0.2	2.196	0.097	-8.06	-5.65	0.0	93.625	11.581	-21.954	0.0	1.148	131.646	-7.3
-1.0	-7.338	0.532	0.0	24.585	-13.903	0.0	2.589	78.561	-7.95	-6.65	0.0	86.161	31.633	-6.864	0.0	3.226	91.639	-1.0	-4.65	0.0	0.0	23.205	-1.0	0.0	1.852	63.45	-7.08	-4.463	0.0	92.172	0.0	-7.206	0.0	2.363	49.888	-7.72	-3.337	0.0	92.724	0.0	-1.0	28.8	1.232	89.701	-8.02	-4.15	0.0	89.624	0.0	0.0	0.0	1.316	43.979	-7.22	-4.4	1.595	93.053	0.0	-1.0	0.2	1.994	38.942	-7.41	-4.213	0.0	89.633	24.949	-1.0	0.4	1.467	29.448	-7.3	-4.025	0.0	87.106	19.5	0.0	0.2	1.827	20.246	-7.72	-5.713	0.0	93.686	11.581	-21.938	0.0	0.0	104.813	-7.24
-1.0	-7.4	0.0	0.0	24.513	-13.752	0.0	2.615	99.098	-8.0	-7.088	0.0	86.108	31.705	-6.807	0.0	4.157	108.494	-1.0	-4.9	0.0	0.0	23.205	-1.0	0.0	2.129	68.003	-7.12	-4.4	0.0	92.142	0.0	-7.226	0.0	1.877	54.15	-7.7	-3.4	0.0	92.655	0.0	-1.0	28.8	1.341	70.909	-8.06	-4.65	0.0	89.769	0.0	0.0	0.0	2.187	52.6	-7.08	-4.338	0.532	93.167	0.0	-1.0	0.2	1.986	34.583	-7.48	-3.962	0.0	89.457	24.731	-1.0	0.4	0.989	56.281	-7.34	-4.275	0.0	87.177	19.863	0.0	0.2	2.103	15.79	-7.72	-5.463	0.0	93.613	11.799	-21.916	0.0	0.98	99.776	-7.24
-1.0	-7.275	0.532	0.0	24.295	-13.702	0.0	2.74	79.143	-8.0	-6.9	0.0	86.108	32.214	-6.814	0.0	4.894	91.639	-1.0	-4.963	0.0	0.0	22.769	-1.0	0.0	2.045	66.356	-7.04	-4.338	0.0	92.24	0.0	-7.239	0.0	2.548	52.503	-7.66	-3.775	0.0	92.89	0.0	-1.0	28.8	1.559	70.909	-8.02	-4.463	0.0	89.527	0.0	0.0	0.0	1.508	54.441	-7.08	-4.338	0.0	93.242	0.0	-1.0	0.2	2.64	47.079	-7.52	-4.025	0.0	89.348	25.239	-1.0	0.4	1.416	49.016	-7.2	-4.15	0.0	87.213	19.936	0.0	0.2	2.69	12.399	-7.61	-5.4	0.0	93.681	12.09	-22.193	0.0	1.089	71.877	-7.14
-1.0	-7.275	2.127	0.0	24.367	-13.633	0.0	3.603	83.405	-8.0	-7.088	0.0	86.128	31.778	-6.799	0.0	5.104	101.713	-1.0	-4.838	0.0	0.0	22.842	-1.0	0.0	2.33	58.025	-7.04	-4.338	0.0	92.24	0.0	-7.231	0.0	2.447	54.538	-7.66	-3.712	0.0	92.927	0.0	-1.0	28.8	1.919	73.234	-7.94	-4.338	0.0	89.763	0.0	0.0	0.0	2.179	53.86	-7.02	-4.275	7.444	93.333	0.0	-1.0	0.2	2.866	33.226	-7.24	-4.025	0.0	89.68	24.731	-1.0	0.4	1.584	40.104	-7.28	-4.15	0.0	87.172	19.5	0.0	0.2	2.33	4.069	-7.65	-5.4	0.0	93.707	11.363	-21.755	0.0	1.349	100.551	-7.18
-1.0	-7.338	1.063	0.0	24.513	-13.692	0.0	3.109	66.356	-7.92	-6.713	0.0	86.169	31.923	-6.828	0.0	4.349	86.602	-1.0	-4.775	0.0	0.0	22.551	-1.0	0.0	2.707	54.15	-7.06	-4.525	0.0	92.197	0.0	-7.231	0.0	3.05	48.241	-7.58	-3.712	0.0	93.395	0.0	-1.0	28.8	2.011	64.709	-8.0	-4.15	0.0	89.864	0.0	0.0	0.0	2.598	44.076	-7.12	-4.525	0.0	93.267	0.0	-1.0	0.2	3.126	34.776	-7.32	-4.213	0.0	89.736	25.239	-1.0	0.4	1.936	32.839	-7.2	-4.213	0.0	87.173	20.154	0.0	0.2	2.673	33.323	-7.62	-5.4	0.0	93.77	11.872	-22.193	0.0	1.45	95.32	-7.24
-1.0	-7.275	0.0	0.0	24.295	-13.564	0.0	2.791	63.256	-7.88	-6.838	0.0	86.18	31.633	-6.849	0.0	4.425	94.061	-1.0	-4.963	0.0	0.0	22.697	-1.0	0.0	3.042	55.991	-7.08	-4.338	0.0	92.229	0.0	-7.156	0.0	2.657	55.022	-7.52	-3.712	0.0	93.375	0.0	-1.0	28.8	2.305	58.509	-7.95	-4.025	0.0	89.838	0.0	0.0	0.0	2.757	53.472	-7.16	-4.463	0.532	93.144	0.0	-1.0	0.2	2.841	38.554	-7.46	-4.213	0.0	89.62	24.585	-1.0	0.4	2.288	62.093	-7.24	-4.15	0.0	87.162	19.791	0.0	0.2	2.413	9.978	-7.54	-5.338	0.0	93.812	11.726	-21.86	0.0	1.198	97.257	-7.26
-1.0	-7.4	0.532	0.0	24.367	-13.613	0.0	2.858	89.023	-7.96	-6.9	0.0	86.159	31.633	0.0	0.0	4.492	95.901	-1.0	-5.025	0.0	0.0	22.915	-1.0	0.0	2.439	69.262	-7.12	-4.525	0.0	92.18	0.0	-7.178	0.0	2.782	45.238	-7.58	-3.462	0.0	92.838	0.0	-1.0	28.8	1.416	71.587	-8.1	-4.4	0.0	89.622	0.0	0.0	0.0	2.682	37.295	-7.06	-4.213	1.063	93.136	0.0	-1.0	0.2	2.782	37.876	-7.34	-4.213	0.0	89.653	24.876	-1.0	0.4	1.609	45.529	-7.22	-4.025	0.0	87.147	19.791	0.0	0.2	2.162	4.069	-7.71	-5.4	0.0	93.726	11.581	-21.843	0.0	1.559	102.295	-7.28
-1.0	-7.4	0.0	0.0	24.658	-13.613	0.0	3.268	80.305	-7.94	-6.9	0.0	86.164	31.705	-6.814	0.0	4.802	90.283	-1.0	-4.963	0.0	0.0	22.624	-1.0	0.0	2.606	71.587	-7.12	-4.338	0.0	92.218	0.0	-7.224	0.0	2.497	58.025	-7.6	-3.4	0.0	92.87	0.0	-1.0	28.8	1.986	68.778	-8.08	-4.9	0.0	89.608	0.0	0.0	0.0	2.757	43.01	-7.24	-4.338	1.063	92.898	0.0	-1.0	0.2	2.305	39.426	-7.53	-4.213	0.0	89.326	24.295	-1.0	0.4	1.332	55.216	-7.36	-4.15	0.0	87.05	19.427	0.0	0.2	1.902	337.785	-7.64	-5.4	0.0	93.746	11.799	-22.02	0.0	1.349	83.308	-7.2
-1.0	-7.213	0.0	0.0	24.367	-13.304	0.0	2.606	91.251	-7.99	-7.025	0.0	86.151	31.923	-6.827	0.0	4.157	102.198	-1.0	-4.963	0.0	0.0	22.915	-1.0	0.0	1.668	98.614	-7.15	-4.338	0.0	92.209	0.0	-7.305	0.0	1.508	55.313	-7.54	-3.712	0.0	92.7	0.0	-1.0	28.8	1.207	85.342	-8.09	-4.65	0.0	89.508	0.0	0.0	0.0	1.936	49.694	-7.26	-4.275	1.063	92.855	0.0	-1.0	0.2	1.81	26.445	-7.57	-4.15	0.0	89.453	25.021	-1.0	0.4	1.073	32.064	-7.37	-3.962	0.0	87.047	19.427	0.0	0.2	1.567	21.408	-7.94	-5.4	0.0	93.586	11.508	-1.0	0.0	0.972	134.649	-7.32
-1.0	-7.15	0.0	0.0	24.222	-13.722	0.0	2.011	62.868	-7.86	-6.9	0.0	86.226	31.415	0.0	0.0	3.495	76.237	-1.0	-5.025	0.0	0.0	22.915	-1.0	0.0	1.249	80.305	-7.16	-4.338	0.0	92.13	0.0	-7.209	0.0	1.886	52.794	-7.63	-3.462	0.0	92.375	0.0	-1.0	28.8	0.972	69.746	-8.1	-4.338	0.0	89.192	0.0	0.0	0.0	1.257	52.697	-7.21	-4.4	1.063	92.869	0.0	-1.0	0.2	1.844	40.685	-7.36	-4.025	0.0	89.529	24.077	-1.0	0.4	0.0	32.548	-7.25	-4.15	0.0	87.038	20.081	0.0	0.2	1.291	21.893	-7.85	-5.588	0.0	93.612	11.726	-22.057	0.0	1.249	105.782	-7.31
-1.0	-7.463	2.127	0.0	24.44	-13.604	0.0	2.455	85.536	-8.02	-6.963	0.0	86.143	31.923	-6.816	0.0	3.461	95.32	-1.0	-4.775	0.0	0.0	23.205	-1.0	0.0	1.81	53.763	-7.11	-4.275	0.0	92.22	0.0	-7.244	0.0	2.279	60.156	-7.58	-3.462	0.0	92.445	0.0	-1.0	28.8	1.517	65.775	-8.1	-4.65	0.0	89.29	0.0	0.0	0.0	1.684	44.56	-7.14	-4.275	0.0	92.926	0.0	-1.0	0.2	2.413	43.495	-7.46	-4.025	0.0	89.541	24.803	-1.0	0.4	1.265	48.822	-7.26	-4.15	0.0	87.096	20.081	0.0	0.2	1.768	4.165	-7.73	-5.4	0.0	93.591	11.508	-21.932	0.0	1.198	111.981	-7.34
-1.0	-7.4	0.0	0.0	24.222	-13.613	0.0	2.305	86.989	-8.0	-6.838	0.0	86.128	31.778	0.0	0.0	3.553	90.864	-1.0	-5.213	0.0	0.0	22.697	-1.0	0.0	2.145	49.21	-7.26	-4.713	0.0	92.102	0.0	-7.215	0.0	2.028	64.128	-7.61	-3.712	0.0	92.606	0.0	-1.0	28.8	1.802	64.225	-8.02	-4.463	0.0	89.546	0.0	0.0	0.0	2.145	49.404	-7.01	-4.338	1.063	93.038	0.0	-1.0	0.2	1.844	29.158	-7.55	-4.4	0.0	89.674	24.949	-1.0	0.4	1.785	28.092	-7.16	-4.15	0.0	87.102	19.5	0.0	0.2	1.777	0.097	-7.68	-5.713	0.0	93.661	12.09	-21.674	0.0	1.19	98.129	-7.31
-1.0	-7.275	0.0	0.0	24.44	-13.361	0.0	2.078	85.439	-7.98	-6.963	0.0	86.154	31.487	-6.816	0.0	3.386	98.807	-1.0	-4.963	0.0	0.0	22.769	-1.0	0.0	2.036	52.794	-7.08	-4.275	0.0	92.21	0.0	-7.184	0.0	2.179	59.187	-7.62	-3.837	0.0	92.378	0.0	-1.0	28.8	1.324	71.974	-8.16	-4.65	0.0	89.195	0.0	0.0	0.0	1.919	59.962	-7.18	-4.275	0.0	92.803	0.0	-1.0	0.2	2.941	36.81	-7.41	-4.025	0.0	89.437	24.731	-1.0	0.4	1.073	37.682	-7.46	-4.275	0.0	86.983	19.209	0.0	0.2	2.489	350.959	-7.94	-5.65	0.0	93.494	11.944	-22.127	0.0	1.081	108.107	-7.26
