6.52	-1.587	0.0	73.16	25.457	-10.903	34.8	0.0	102.682	5.22	0.475	1.595	72.924	33.667	-7.697	28.8	0.0	87.28	5.88	3.725	0.0	72.903	24.658	-10.239	0.0	1.031	139.783	6.37	3.6	0.0	74.352	30.979	-0.772	35.0	1.073	188.993	5.86	5.662	0.0	75.105	11.363	-8.913	0.0	0.0	137.846	5.56	3.038	0.0	77.914	0.0	0.0	0.2	0.0	196.549	6.28	3.413	3.722	76.492	9.547	-24.408	0.0	0.0	159.545	5.9	4.725	0.0	73.214	26.402	-11.136	31.6	0.0	131.646	6.08	3.6	0.0	76.449	22.043	-18.027	0.0	0.0	139.008	5.31	2.1	0.0	78.541	9.62	-23.792	37.2	0.0	123.8	5.72
6.48	-1.4	0.532	73.203	24.876	-10.928	34.8	0.0	102.198	5.12	0.1	0.0	73.26	33.449	-7.662	28.8	0.0	87.473	5.75	3.6	0.0	73.234	24.15	-10.043	0.0	0.913	139.396	6.25	3.225	0.0	75.035	31.269	-0.451	35.0	1.064	189.574	5.77	5.6	0.0	75.787	11.0	-9.133	0.0	0.0	138.039	5.5	3.288	0.0	78.632	0.0	0.0	0.2	0.0	197.518	6.38	3.725	3.19	76.339	10.201	-24.51	0.0	0.0	159.835	5.84	4.85	0.0	73.762	26.184	-11.188	31.6	0.0	131.452	6.35	3.413	0.0	75.408	21.97	-17.983	0.0	0.0	139.299	5.35	2.163	0.0	78.21	9.91	-23.107	37.2	0.0	123.606	6.11
6.56	-0.9	0.0	72.911	24.731	-11.19	34.8	0.0	102.876	5.06	-0.087	0.0	73.425	33.594	-7.698	28.8	0.0	87.086	5.6	3.475	0.0	74.396	24.295	-10.027	0.0	0.0	138.814	6.14	3.1	0.0	75.514	31.124	-0.54	35.0	0.0	189.574	5.72	5.475	0.0	75.776	11.363	-8.963	0.0	0.0	138.136	5.53	3.35	0.0	78.468	0.0	0.0	0.2	0.0	197.518	6.28	3.725	1.595	76.442	10.201	-24.309	0.0	0.0	159.448	5.76	4.6	0.0	73.644	26.62	-11.021	31.6	0.0	131.549	5.92	3.35	0.0	77.281	22.115	-18.161	0.0	0.0	142.689	5.31	1.913	0.0	78.469	10.056	-23.234	37.2	0.0	123.315	5.97
6.58	-1.15	0.532	72.941	25.021	-10.886	34.8	0.0	102.876	4.89	0.037	2.659	73.796	33.739	-7.664	28.8	0.0	87.086	5.76	3.413	0.0	74.227	23.859	-10.106	0.0	0.0	139.299	6.06	2.975	0.0	76.072	31.197	-0.368	35.0	0.922	189.671	5.74	5.6	0.0	76.922	11.291	-8.992	0.0	0.0	138.136	5.58	3.038	0.0	78.187	0.0	0.0	0.2	0.0	197.808	6.72	3.6	0.532	74.829	9.765	-24.369	0.0	0.0	159.448	5.84	4.6	0.0	73.151	26.474	-11.053	31.6	0.0	131.452	5.9	3.225	0.0	76.931	21.244	-17.939	0.0	0.0	142.883	5.46	1.975	0.0	77.942	9.62	-23.253	37.2	0.0	123.8	5.78
6.48	-1.4	1.063	73.177	25.82	-10.853	34.8	0.0	102.682	4.76	-0.15	0.0	74.299	33.158	-7.631	28.8	0.0	86.698	5.68	2.975	0.0	73.958	23.714	-10.006	0.0	0.0	139.008	5.94	3.1	0.0	76.445	30.761	-0.54	35.0	1.014	189.38	5.67	5.412	0.0	76.064	11.145	-8.985	0.0	0.0	138.136	5.62	2.975	0.0	77.511	0.0	0.0	0.2	0.0	197.518	6.48	3.538	1.063	75.986	9.547	-24.449	0.0	0.0	159.545	5.88	4.287	0.0	73.235	26.547	-11.008	31.6	0.0	131.646	6.0	3.225	0.0	76.581	21.68	-18.522	0.0	0.0	143.27	5.42	1.913	0.0	77.884	10.128	-23.335	37.2	0.0	123.993	5.78
6.54	-1.15	1.063	73.189	25.021	-10.923	34.8	0.0	102.682	4.66	-0.212	0.0	74.905	33.885	-7.609	28.8	0.0	87.086	5.76	3.288	0.0	73.644	24.077	-10.09	0.0	0.0	139.299	5.94	3.35	0.0	76.246	31.269	-0.59	35.0	1.073	189.574	5.7	5.475	0.0	77.43	11.508	-8.992	0.0	0.0	138.233	5.9	2.725	0.0	76.113	0.0	0.0	0.2	0.0	197.614	6.06	3.35	1.063	77.237	9.547	-24.586	0.0	0.0	159.448	5.85	4.475	0.0	73.459	26.474	-10.94	31.6	0.0	131.452	5.97	3.35	0.0	76.525	21.752	-17.589	0.0	0.0	142.786	5.38	1.788	0.0	78.168	9.838	-1.0	37.2	0.0	123.896	5.64
6.62	-1.525	0.0	72.872	24.731	-10.873	34.8	0.0	102.004	5.03	0.037	2.659	74.027	33.594	-7.617	28.8	0.0	88.151	5.84	3.163	0.0	73.457	23.859	-10.142	0.0	0.0	139.008	5.84	3.225	0.0	76.721	30.761	-0.516	35.0	1.115	189.574	5.56	5.412	0.0	77.302	11.363	-8.985	0.0	0.0	138.039	5.68	2.6	0.0	77.155	0.0	0.0	0.2	0.0	197.324	6.22	3.6	1.063	76.529	9.62	-24.767	0.0	0.0	159.835	5.92	4.475	0.0	73.269	26.62	-12.105	31.6	0.0	131.549	6.07	3.288	0.0	76.571	21.752	-17.575	0.0	0.0	142.786	5.3	1.975	0.0	78.564	9.983	-23.455	37.2	0.0	123.896	5.74
6.67	-1.712	0.532	72.728	25.239	-10.633	34.8	0.0	102.779	4.96	-0.15	1.063	73.861	33.449	-7.631	28.8	0.0	87.667	5.76	2.975	0.0	73.72	24.513	-10.287	0.0	0.0	139.977	6.01	3.35	0.0	76.111	30.688	-0.623	35.0	1.14	189.671	5.54	5.412	0.0	77.518	10.637	-9.015	0.0	0.0	138.136	5.68	2.413	0.0	77.303	0.0	0.0	0.2	0.0	197.711	5.89	3.35	2.659	78.23	10.201	-24.586	0.0	0.0	159.448	5.98	4.287	0.0	73.051	26.62	-10.913	31.6	0.0	131.259	6.1	3.413	0.0	76.528	21.97	-17.603	0.0	0.0	142.883	5.19	2.038	0.0	78.927	9.547	-23.171	37.2	0.0	123.703	5.72
6.57	-1.462	1.595	72.939	25.603	-10.957	34.8	0.0	102.779	5.2	0.037	0.0	72.971	33.594	-7.617	28.8	0.0	87.377	5.78	3.35	0.0	73.597	24.222	-10.286	0.0	0.0	139.299	5.91	3.225	0.0	76.587	31.197	-0.483	35.0	1.265	189.671	5.54	5.475	0.0	77.076	10.927	-9.022	0.0	0.0	138.233	5.6	2.538	0.0	77.752	0.0	0.0	0.2	0.0	197.518	6.3	3.538	0.532	76.272	10.056	-24.449	0.0	0.0	159.157	5.85	4.475	0.0	73.408	26.402	-10.971	31.6	0.0	131.646	6.06	3.6	0.0	76.693	22.115	-21.422	0.0	0.0	140.461	5.14	2.038	0.0	79.109	9.91	-22.865	37.2	0.0	127.384	5.98
6.68	-0.838	0.0	72.627	25.021	-10.89	34.8	0.0	102.585	5.34	-0.087	0.0	72.641	33.449	-7.605	28.8	0.0	87.086	5.93	3.475	0.0	72.785	24.004	-10.302	0.0	0.0	139.396	6.3	3.163	0.0	74.313	31.197	-0.658	35.0	1.299	189.38	5.56	5.537	0.0	77.596	11.073	-9.045	0.0	0.0	138.233	5.66	2.6	0.0	77.274	0.0	0.0	0.2	0.0	197.518	6.33	3.538	0.532	76.328	10.056	-24.549	0.0	0.0	159.448	5.9	4.6	0.0	73.188	26.692	-11.021	31.6	0.0	131.646	6.0	3.725	0.0	76.977	21.825	-17.675	0.0	0.0	140.558	5.24	1.85	0.0	78.865	10.201	-24.008	37.2	0.0	127.868	6.02
6.72	-0.275	0.0	72.274	25.167	-10.965	34.8	0.0	102.585	5.38	0.037	0.0	72.239	33.667	-7.633	28.8	0.0	86.892	5.89	3.163	0.0	73.007	24.367	-10.237	0.0	0.0	144.82	6.2	3.35	0.0	75.125	30.906	-0.623	35.0	1.358	189.38	5.46	5.6	0.0	76.565	11.145	-9.092	0.0	0.0	162.16	5.3	3.038	0.0	79.192	0.0	0.0	0.2	0.0	197.518	6.28	3.538	0.0	76.467	9.91	-24.549	0.0	0.0	159.448	5.57	4.35	0.0	74.289	26.402	-10.985	31.6	0.0	147.242	6.1	3.788	0.0	76.105	21.897	-17.69	0.0	0.0	134.262	5.31	1.975	0.0	78.76	9.91	-23.455	37.2	0.0	127.771	6.04
6.8	0.412	0.532	72.212	25.457	-11.058	34.8	0.0	149.083	5.53	0.163	0.0	71.754	33.739	-7.636	28.8	0.0	86.698	5.8	3.288	0.0	73.601	24.222	-10.353	0.0	0.0	148.308	6.3	3.475	0.0	74.944	31.415	-0.73	35.0	1.475	192.965	5.71	5.412	0.0	76.445	11.218	-9.078	0.0	1.039	164.485	5.32	2.913	0.0	78.786	0.0	0.0	0.2	1.022	184.924	6.21	3.475	0.532	76.576	10.128	-24.528	0.0	0.0	174.075	5.94	4.537	0.0	73.451	26.474	-11.109	31.6	0.0	150.536	6.14	3.913	0.0	75.814	22.043	-17.531	0.0	0.0	140.849	5.48	2.038	0.0	78.482	10.056	-23.474	37.2	0.0	127.771	5.91
6.92	0.475	0.532	71.431	24.803	-11.067	34.8	0.0	149.083	5.56	0.662	0.0	71.398	33.303	-7.683	28.8	0.0	87.183	5.84	3.475	0.0	73.609	24.731	-10.206	0.0	0.0	174.656	6.2	3.538	0.0	75.175	31.051	-0.784	35.0	1.601	194.418	5.76	5.412	0.0	76.058	10.927	-9.094	0.0	0.947	165.744	5.6	2.788	0.0	77.409	0.0	0.0	0.2	0.0	179.887	6.3	3.663	0.0	76.322	9.62	-24.787	0.0	1.483	173.3	5.74	4.225	0.0	74.071	26.329	-10.64	31.6	0.0	164.291	6.16	3.788	0.0	75.719	21.244	-17.785	0.0	0.0	136.102	5.97	2.225	0.0	76.773	9.765	-23.632	37.2	0.0	127.578	6.14
6.89	1.163	0.0	71.711	25.53	-11.162	34.8	1.391	188.993	5.53	1.163	0.0	71.728	34.103	-7.77	28.8	0.0	87.183	5.78	3.163	0.0	73.724	23.786	-10.165	0.0	0.0	174.656	6.32	3.975	0.0	74.848	30.833	-0.831	35.0	1.45	200.52	5.76	5.412	0.0	76.975	11.0	-9.153	0.0	1.064	176.303	5.52	2.788	0.0	78.101	0.0	0.0	0.2	0.0	176.981	6.12	3.538	1.063	77.003	9.184	-24.248	0.0	1.291	173.009	5.88	4.475	0.0	73.261	26.402	-11.035	31.6	0.0	167.294	6.26	3.85	0.0	75.464	22.043	-18.086	0.0	0.0	135.036	6.21	2.288	0.0	75.779	10.128	-23.751	37.2	0.0	127.674	5.98
6.98	1.913	0.0	71.859	25.675	-11.267	34.8	0.0	206.817	5.5	1.788	0.0	72.571	33.376	-7.775	28.8	1.425	86.989	5.79	2.975	0.0	73.828	24.367	-10.188	0.0	0.0	190.93	6.28	3.6	0.0	74.839	31.487	-0.739	35.0	1.483	202.555	6.17	5.662	0.0	75.621	11.436	-9.157	0.0	1.182	197.905	5.6	2.85	0.0	77.825	0.0	0.0	0.2	0.0	176.981	6.17	3.663	5.317	76.915	9.983	-24.39	0.0	1.022	173.397	6.02	4.537	0.0	72.726	26.983	-11.109	31.6	0.0	167.294	6.27	3.913	0.0	75.115	22.043	-17.719	0.0	0.0	131.065	6.34	2.35	0.0	75.581	9.91	-23.77	37.2	0.0	158.963	5.88
7.52	2.538	0.532	69.735	24.876	-11.395	34.8	0.0	187.152	5.41	1.975	0.0	72.834	34.175	-7.801	28.8	1.5	88.248	5.96	3.163	0.0	73.175	24.44	-10.119	0.0	0.0	193.255	6.32	3.663	0.0	74.898	31.124	-0.958	35.0	1.282	202.167	6.37	5.6	0.0	75.135	11.218	-9.133	0.0	1.919	219.894	5.89	3.413	0.0	76.335	0.0	0.0	0.2	0.0	183.859	6.03	3.475	0.532	77.673	9.547	-24.725	0.0	1.291	177.369	6.07	4.537	0.0	72.864	26.62	-11.143	31.6	0.0	169.619	6.24	3.913	0.0	75.435	22.043	-18.101	0.0	0.0	133.777	6.32	3.413	0.0	75.376	9.62	-24.208	37.2	1.006	231.422	5.72
7.8	2.788	0.532	68.83	25.53	-12.558	34.8	0.0	183.665	5.56	2.163	0.0	72.326	33.739	-7.803	28.8	1.081	87.086	6.27	3.975	0.0	71.978	24.077	-10.18	0.0	0.997	187.831	6.29	3.475	0.0	75.194	31.124	-0.895	35.0	0.913	202.845	6.2	5.6	0.0	74.368	11.0	-9.133	0.0	1.936	195.483	5.95	3.038	0.0	76.422	0.0	0.0	0.2	0.0	188.509	6.2	3.663	1.063	77.242	9.547	-24.787	0.0	1.517	178.144	6.2	4.162	0.0	72.248	26.329	-11.122	31.6	0.0	178.144	6.47	4.1	0.0	74.525	21.752	-17.669	0.0	0.0	135.036	6.38	3.6	0.0	75.137	9.983	-24.268	37.2	1.559	210.982	6.33
7.6	2.725	5.317	69.618	25.094	-11.27	34.8	0.0	183.762	5.66	2.225	1.063	71.805	33.449	-7.817	28.8	0.0	87.667	6.48	4.037	0.0	70.823	23.786	-10.304	0.0	1.902	182.696	6.47	3.975	0.0	74.803	30.252	-0.931	35.0	1.299	207.204	6.69	5.6	0.0	73.45	10.564	-9.092	0.0	0.0	209.82	5.92	2.725	0.0	76.713	0.0	0.0	0.2	0.0	165.26	6.61	3.538	0.532	75.386	9.547	-24.746	0.0	0.939	178.144	6.31	4.662	0.0	71.778	26.547	-11.127	31.6	0.0	178.144	6.92	3.663	0.0	72.726	21.97	-17.289	0.0	0.0	139.008	6.68	3.975	0.0	73.448	9.91	-24.492	37.2	1.944	218.248	6.23
7.73	2.975	3.19	69.057	25.603	-11.344	34.8	0.0	175.431	5.76	2.35	0.0	71.359	33.449	-7.838	28.8	0.0	87.57	6.56	4.225	0.0	70.813	24.15	-10.329	0.0	0.0	180.081	6.4	3.85	0.0	75.418	31.269	-0.989	35.0	2.137	188.896	7.26	5.725	0.0	70.608	10.855	-9.115	0.0	0.0	208.561	5.82	2.975	0.0	78.313	0.0	0.0	0.2	0.0	196.743	6.52	3.413	1.063	75.468	10.128	-24.508	0.0	0.0	178.24	6.5	4.912	0.0	71.686	26.547	-11.164	31.6	0.0	184.731	7.08	4.1	0.0	71.904	21.534	-17.114	0.0	0.0	138.814	6.8	4.1	0.0	73.165	10.128	-24.431	37.2	0.0	219.023	6.04
7.46	3.288	0.0	70.436	25.094	-11.427	34.8	0.0	181.921	5.72	2.475	0.0	72.178	33.376	-7.785	28.8	0.939	87.667	6.62	4.287	0.0	70.327	24.222	-10.266	0.0	2.112	185.796	6.46	3.975	0.0	75.33	30.979	-0.798	35.0	1.869	190.059	6.95	6.037	0.0	72.319	10.927	-9.145	0.0	0.0	194.03	6.1	3.538	0.0	76.603	0.0	0.0	0.2	1.006	170.588	6.44	3.475	0.0	76.227	9.91	-24.823	0.0	0.0	178.337	6.45	5.037	0.0	72.22	26.765	-11.284	31.6	0.997	186.959	7.0	3.725	0.0	72.588	22.115	-17.395	0.0	0.0	139.299	6.8	4.037	0.0	73.242	9.62	-24.512	37.2	0.0	217.666	6.06
7.4	3.35	0.532	70.609	25.239	-11.475	34.8	0.0	180.081	5.88	2.913	0.0	71.538	33.449	-7.885	28.8	1.307	87.086	6.5	4.1	0.0	71.01	23.859	-10.196	0.0	0.0	172.719	6.56	4.225	0.0	74.872	30.543	-1.216	35.0	2.103	186.571	6.52	5.6	0.0	74.028	11.291	-9.068	0.0	0.0	193.062	6.54	3.788	0.0	74.057	0.0	0.0	0.2	2.011	176.4	6.56	3.538	0.532	76.202	10.128	-24.844	0.0	0.0	178.24	6.48	4.912	0.0	71.967	26.184	-11.231	31.6	1.508	176.012	7.23	4.287	0.0	71.152	21.534	-17.998	0.0	0.0	137.846	6.73	4.1	0.0	74.426	9.91	-24.834	37.2	1.701	222.607	7.02
7.63	3.475	0.532	69.782	25.312	-11.341	34.8	0.0	191.221	5.74	2.538	0.0	72.079	33.449	-7.824	28.8	0.93	87.183	6.66	4.287	0.0	70.702	24.367	-10.221	0.0	0.0	197.905	6.79	4.662	0.0	73.522	31.124	-1.4	35.0	1.098	190.155	6.22	5.412	0.0	75.029	11.218	-9.03	0.0	0.0	192.868	6.74	4.1	0.0	73.614	0.0	0.0	0.2	0.0	187.831	6.85	4.225	0.0	75.311	9.329	-24.975	0.0	1.483	176.012	6.68	5.1	0.0	70.836	26.402	-11.363	31.6	1.877	200.714	7.3	4.1	0.0	70.93	22.406	-17.297	0.0	0.0	145.692	6.68	4.162	0.0	73.857	9.692	-24.452	37.2	0.0	214.47	7.16
7.53	3.663	0.0	70.107	25.53	-11.332	34.8	0.964	195.193	5.62	2.413	0.0	72.287	33.667	-7.778	28.8	1.106	87.57	6.78	4.162	0.0	70.305	24.077	-10.204	0.0	0.0	197.905	7.04	4.787	0.0	73.521	30.833	-1.476	35.0	0.0	195.58	6.88	5.6	0.0	72.486	11.363	-9.053	0.0	0.0	206.817	6.71	3.85	0.0	74.067	0.0	0.0	0.2	0.0	191.705	7.42	4.537	0.532	73.135	9.91	-25.376	0.0	0.0	170.588	6.96	5.225	0.0	70.314	26.402	-11.277	31.6	0.0	211.079	7.42	4.225	0.0	70.507	22.043	-16.609	0.0	0.0	153.345	6.68	4.225	0.0	74.06	9.62	-24.574	37.2	2.12	216.31	7.21
7.14	3.475	1.063	71.916	24.731	-11.341	34.8	0.0	187.443	5.82	2.913	1.063	71.888	34.248	-7.828	28.8	1.14	87.086	6.63	3.975	0.0	70.8	23.786	-10.248	0.0	1.064	208.658	6.5	4.725	0.0	75.64	30.833	-1.658	35.0	0.0	184.731	6.8	5.6	0.0	73.242	11.508	-9.053	0.0	0.0	199.746	6.43	3.663	0.0	75.123	0.0	0.0	0.2	0.0	190.93	7.28	4.35	1.595	73.416	10.056	-1.0	0.0	0.0	178.434	6.63	5.037	0.0	71.4	26.402	-11.354	31.6	2.129	198.68	7.63	4.662	0.0	69.862	21.534	-17.426	0.0	0.0	146.273	6.82	4.1	0.0	73.783	9.547	-24.634	37.2	2.02	209.239	7.34
7.18	3.288	0.0	71.846	25.603	-11.241	34.8	0.0	169.619	5.96	2.975	1.595	71.502	33.521	-7.956	28.8	1.265	87.57	6.64	3.85	0.0	71.454	24.585	-10.097	0.0	1.064	194.805	6.65	4.537	0.0	75.118	31.269	-1.492	35.0	0.0	195.58	6.85	5.725	0.0	72.764	11.073	-9.068	0.0	0.0	201.974	6.42	4.1	0.0	75.397	0.0	0.0	0.2	0.0	173.106	7.3	4.6	1.595	73.497	9.838	-25.398	0.0	1.056	177.272	6.74	5.162	0.0	71.187	26.402	-11.517	31.6	0.0	208.367	7.5	4.287	0.0	69.757	21.68	-17.248	0.0	0.0	162.257	6.74	4.287	0.0	74.225	9.838	-24.493	37.2	0.0	208.754	7.27
7.34	3.35	1.595	71.278	25.312	-11.436	34.8	0.0	184.343	5.68	2.413	1.595	72.324	33.594	-7.803	28.8	0.0	86.698	6.7	4.287	0.0	70.997	24.658	-10.648	0.0	0.0	198.68	6.73	4.662	0.0	74.071	30.543	-1.433	35.0	0.0	190.543	6.18	5.725	0.0	75.498	10.782	-9.044	0.0	0.0	195.096	6.37	3.913	0.0	75.336	0.0	0.0	0.2	0.0	189.284	7.21	4.412	2.659	74.041	9.402	-25.333	0.0	1.022	177.756	6.72	5.1	0.0	71.053	26.547	-11.545	31.6	0.0	196.549	7.54	4.662	0.0	70.293	22.115	-17.706	0.0	0.0	157.123	6.6	4.1	0.0	74.678	9.91	-24.634	37.2	2.045	223.091	7.21
7.3	3.35	0.532	71.14	25.239	-11.143	34.8	0.0	185.409	5.5	2.538	0.0	72.852	33.376	-7.807	28.8	0.98	87.28	6.73	4.35	0.0	70.977	24.658	-10.229	0.0	1.131	205.267	6.79	5.037	0.0	73.828	31.124	-1.528	35.0	0.922	194.321	6.44	5.537	0.0	74.696	11.363	-9.126	0.0	0.0	202.167	6.6	4.1	0.0	74.628	0.0	0.0	0.2	0.0	186.474	7.24	4.35	5.317	73.868	9.838	-25.788	0.0	0.0	173.881	6.84	5.225	0.0	70.92	26.402	-11.527	31.6	0.0	207.011	7.58	4.662	0.0	70.143	21.752	-17.896	0.0	0.0	145.692	6.7	4.1	0.0	74.319	10.056	-24.533	37.2	1.852	217.279	7.04
7.38	3.725	0.532	70.92	24.731	-11.304	34.8	0.0	179.984	5.72	2.6	0.0	72.589	33.521	-7.805	28.8	1.299	85.536	6.71	4.412	0.0	70.999	24.15	-10.237	0.0	1.332	201.392	6.66	4.85	0.0	75.246	30.833	-1.327	35.0	0.0	194.708	6.62	5.6	0.0	74.201	11.363	-9.014	0.0	0.0	199.358	6.31	4.1	0.0	75.55	0.0	0.0	0.2	0.0	179.887	7.28	4.537	1.063	73.313	9.765	-25.18	0.0	0.0	173.009	6.54	4.912	0.0	71.226	26.547	-11.593	31.6	0.0	191.124	7.42	4.412	0.0	70.455	21.462	-17.836	0.0	0.0	147.436	6.61	4.037	0.0	74.655	9.765	-24.512	37.2	2.053	216.117	6.93
7.11	3.163	1.063	72.014	25.312	-11.151	34.8	0.0	187.249	6.08	3.225	0.0	71.111	33.521	-7.875	28.8	1.492	87.086	6.66	4.162	0.0	71.12	23.568	-10.204	0.0	0.997	203.233	6.8	4.6	0.0	74.187	30.833	-1.412	35.0	0.0	188.993	6.59	5.6	0.0	74.347	11.218	-9.045	0.0	2.112	199.842	6.48	3.913	0.0	75.234	0.0	0.0	0.2	0.0	184.634	7.41	4.662	0.532	72.953	9.91	-25.516	0.0	0.0	176.206	6.68	5.037	0.0	71.045	26.62	-11.573	31.6	0.0	197.905	7.66	4.475	0.0	69.151	21.97	-18.043	0.0	0.0	145.208	6.64	4.1	0.0	74.964	10.274	-24.634	37.2	1.45	215.342	7.21
7.33	3.413	0.532	71.041	24.803	-11.259	34.8	0.0	173.978	6.04	3.163	0.0	71.492	33.449	-7.861	28.8	1.19	86.02	6.5	4.35	0.0	71.349	24.367	-10.162	0.0	0.0	187.443	6.85	4.787	0.0	73.687	30.761	-1.238	35.0	0.0	181.534	6.6	5.537	0.0	73.891	11.363	-8.985	0.0	2.12	184.343	6.63	3.725	0.0	74.482	0.0	0.0	0.2	0.0	185.893	7.2	4.537	0.532	73.886	9.838	-25.57	0.0	0.0	173.203	6.62	5.225	0.0	71.216	26.474	-11.679	31.6	0.0	202.07	7.53	4.662	0.0	70.08	22.333	-18.087	0.0	0.0	159.06	6.61	3.913	0.0	74.706	10.274	-24.572	37.2	1.341	210.207	7.21
