3.6	8.162	241.401	90.922	25.167	-15.659	35.0	0.0	60.737	2.26	7.912	210.561	0.0	32.795	-8.256	29.0	1.492	56.184	2.16	8.912	0.0	96.826	23.786	-13.195	0.4	0.0	41.945	3.24	10.6	0.0	31.808	30.761	-2.68	35.6	1.291	43.301	2.98	9.225	0.0	95.063	10.855	-9.652	0.6	0.0	57.25	3.56	8.287	0.0	98.09	0.0	0.0	0.8	0.0	32.064	2.95	9.475	302.549	93.096	9.038	-1.0	0.6	1.156	22.958	2.56	8.475	0.0	93.553	27.346	-13.542	32.2	0.0	34.776	3.68	11.1	0.0	35.854	21.244	-11.804	0.4	0.0	347.278	2.98	8.537	0.0	28.241	8.893	-1.0	37.6	0.0	98.517	3.07
4.18	9.85	287.129	90.992	24.803	-16.111	35.0	0.0	60.931	2.46	8.412	256.821	0.0	26.402	-8.302	29.0	0.0	55.797	2.52	9.475	0.0	96.835	24.004	-13.247	0.4	0.0	41.751	3.17	10.6	0.0	31.868	30.979	-3.037	35.6	1.341	45.722	3.17	9.475	0.0	95.117	11.073	-9.685	0.6	0.0	57.541	2.99	8.225	0.0	98.111	0.0	0.0	0.8	1.232	31.967	3.2	9.162	291.383	93.063	8.821	-1.0	0.6	1.198	25.477	2.5	8.787	0.0	93.577	26.402	-12.212	32.2	0.955	34.776	3.54	11.287	0.0	35.873	21.171	-12.036	0.4	0.0	293.128	2.84	8.975	0.0	28.264	9.256	-1.0	37.6	0.0	110.722	3.02
3.86	9.1	296.7	90.949	25.021	-15.786	35.0	1.039	36.617	2.74	9.475	279.685	0.0	32.722	-8.424	29.0	0.0	55.216	2.22	9.475	0.0	96.882	23.932	-13.095	0.4	1.316	45.916	3.36	11.037	0.0	31.819	31.124	-3.183	35.6	1.14	49.113	2.81	9.35	0.0	95.094	11.218	-9.659	0.6	1.316	57.734	3.1	8.475	0.0	98.106	0.0	0.0	0.8	1.014	31.87	3.25	9.475	270.114	93.097	8.893	-1.0	0.6	0.0	26.058	2.51	8.787	0.0	93.58	26.402	-12.093	32.2	0.0	34.873	3.3	10.787	0.0	35.946	20.953	-12.24	0.4	0.0	313.374	2.98	8.975	0.0	28.208	8.603	-1.0	37.6	0.0	87.861	3.26
3.49	8.037	209.498	90.914	24.731	-15.256	35.0	1.726	30.417	3.1	9.475	253.631	0.0	33.667	-8.461	29.0	1.182	56.281	2.1	9.725	0.0	96.942	24.15	-13.242	0.4	1.081	25.186	3.25	12.912	0.0	31.842	31.124	-3.807	35.6	1.14	54.053	3.35	9.6	0.0	95.168	11.073	-9.683	0.6	0.964	57.638	3.08	9.475	0.0	98.062	0.0	0.0	0.8	1.031	32.064	3.23	10.412	353.062	93.092	9.329	-1.0	0.6	1.106	45.722	2.51	9.6	0.0	93.58	27.056	-12.433	32.2	0.0	34.873	3.8	11.787	0.0	35.866	20.808	-12.02	0.4	0.0	345.535	3.25	9.475	0.0	28.196	9.256	-1.0	37.6	0.0	88.151	3.46
3.74	9.037	271.709	90.959	24.367	-15.62	35.0	0.0	31.58	2.7	8.912	239.806	0.0	32.867	-8.34	29.0	0.0	55.506	2.38	10.1	0.0	96.966	23.06	-13.261	0.4	1.123	52.503	3.35	12.475	0.0	31.818	30.833	-3.62	35.6	2.011	54.15	3.18	9.912	0.0	95.12	11.218	-9.698	0.6	0.0	57.25	3.69	9.975	0.0	98.128	0.0	0.0	0.8	1.064	41.654	3.42	10.287	403.576	93.103	8.966	-1.0	0.6	1.986	21.215	2.72	10.037	0.0	93.598	26.838	-12.345	32.2	1.098	29.836	4.08	12.162	0.0	35.764	21.389	-12.119	0.4	0.0	352.412	3.07	9.912	0.0	28.215	9.111	-1.0	37.6	0.0	87.28	3.48
3.86	8.35	236.084	90.991	24.44	-16.093	35.0	0.0	61.416	2.5	9.162	270.114	0.0	32.722	-8.425	29.0	1.291	55.991	2.32	8.787	0.0	96.968	24.077	-13.545	0.4	1.391	47.079	3.48	11.287	0.0	31.763	30.761	-2.703	35.6	1.601	38.748	2.77	9.537	0.0	95.083	11.508	-9.722	0.6	0.955	55.119	3.28	9.412	0.0	98.046	0.0	0.0	0.8	1.492	39.717	3.02	9.475	235.552	93.034	8.966	-1.0	0.6	1.919	33.13	2.89	9.412	0.0	93.624	26.474	-12.198	32.2	1.383	26.349	3.94	11.35	0.0	35.815	21.171	-11.978	0.4	0.0	305.915	3.37	9.975	0.0	28.138	9.111	-1.0	37.6	0.0	89.701	3.58
3.9	7.6	203.649	91.001	24.222	-15.387	35.0	1.735	35.745	2.46	8.662	207.371	0.0	32.94	-8.293	29.0	1.919	56.475	2.31	8.662	0.0	97.003	23.786	-13.577	0.4	1.81	57.153	3.09	11.225	0.0	31.861	31.051	-3.004	35.6	1.785	45.335	3.16	9.287	0.0	95.114	11.654	-9.669	0.6	1.684	57.153	26.04	9.037	0.0	0.0	0.0	0.0	0.8	1.676	31.192	3.12	9.475	320.627	93.102	8.893	-1.0	0.6	2.137	31.58	2.81	9.475	0.0	93.623	26.402	-12.248	32.2	1.441	37.198	3.58	11.412	0.0	35.877	20.953	-12.35	0.4	0.0	349.797	3.24	8.787	0.0	28.128	9.038	-1.0	37.6	1.332	88.83	3.3
3.48	7.162	223.323	90.974	24.44	-15.221	35.0	1.777	52.794	2.08	8.35	231.83	0.0	33.013	-8.258	29.0	1.651	56.088	2.14	9.1	0.0	97.011	24.077	-13.66	0.4	1.978	53.569	3.38	12.162	0.0	31.82	30.761	-3.188	35.6	2.103	50.275	2.98	9.475	0.0	95.103	11.0	-9.713	0.6	1.684	53.569	-1.0	8.787	0.0	0.0	0.0	0.0	0.8	1.953	39.232	2.93	9.6	319.032	93.091	8.748	-1.0	0.6	1.919	25.089	2.63	9.725	0.0	93.613	26.765	-12.372	32.2	1.886	30.417	4.08	12.162	0.0	35.764	21.244	-12.445	0.4	0.0	342.822	2.9	8.287	0.0	28.235	8.966	-1.0	37.6	1.425	99.001	3.24
3.34	7.037	210.561	90.937	24.731	-15.344	35.0	1.299	52.407	2.02	8.162	237.679	0.0	32.867	-8.228	29.0	1.768	56.378	2.12	9.537	0.0	97.005	24.15	-13.8	0.4	1.425	39.232	3.1	11.412	0.0	31.928	30.833	-3.267	35.6	1.877	51.438	2.89	9.6	0.0	95.117	11.436	-9.656	0.6	0.0	56.669	-1.0	9.225	0.0	0.0	0.0	0.0	0.8	1.483	38.554	3.15	10.35	349.872	93.07	9.111	-1.0	0.6	1.777	32.548	2.58	9.912	0.0	93.639	26.547	-12.244	32.2	1.643	25.477	3.98	12.225	0.0	35.819	20.662	-12.27	0.4	0.0	355.609	3.52	8.6	0.0	28.151	9.111	-1.0	37.6	1.383	115.275	3.3
3.66	7.725	178.126	91.001	24.222	-15.488	35.0	0.0	54.15	2.24	8.225	204.712	0.0	31.705	-8.318	29.0	1.668	56.088	2.2	8.85	0.0	97.028	23.859	-13.9	0.4	0.0	56.184	2.9	10.725	0.0	31.943	30.615	-2.84	35.6	1.567	63.062	3.07	9.225	0.0	95.148	11.581	-9.58	0.6	0.0	57.347	-1.0	8.912	0.0	0.0	0.0	0.0	0.8	1.399	43.591	3.05	9.037	182.912	93.144	8.966	-1.0	0.6	1.676	32.451	2.38	9.287	0.0	93.624	26.474	-12.506	32.2	1.056	25.477	3.23	10.912	0.0	35.971	21.825	-12.224	0.4	0.0	353.672	2.82	8.162	0.0	28.33	8.966	-1.0	37.6	0.0	103.844	3.38
3.82	7.6	161.643	91.022	25.021	-16.335	35.0	0.913	35.067	2.24	8.287	175.468	0.0	32.867	-8.261	29.0	1.399	56.088	2.13	8.6	0.0	97.027	23.859	-13.621	0.4	1.274	57.541	2.66	9.725	0.0	32.02	30.833	-2.668	35.6	1.525	54.731	2.64	8.975	0.0	95.066	10.855	-9.547	0.6	1.374	56.281	3.82	8.225	0.0	98.28	0.0	0.0	0.8	0.964	50.469	2.97	9.1	161.643	93.162	9.038	-1.0	0.6	1.307	37.876	2.32	8.975	0.0	93.607	26.62	-12.495	32.2	0.0	25.477	3.31	10.037	0.0	35.98	20.517	-12.001	0.4	0.0	349.409	2.8	7.537	0.0	28.328	9.111	-1.0	37.6	1.048	105.976	3.44
3.56	6.537	136.652	90.995	24.731	-14.735	35.0	1.567	38.554	2.3	7.725	151.009	0.0	32.867	-8.262	29.0	0.922	53.472	2.06	7.975	0.0	97.045	23.641	-13.911	0.4	1.492	39.813	2.82	9.537	0.0	31.969	30.906	-2.606	35.6	1.575	47.176	2.86	8.912	0.0	95.148	10.927	-9.574	0.6	1.575	55.022	13.9	7.6	0.0	0.0	0.0	0.0	0.8	1.508	40.007	3.0	8.537	151.009	93.171	9.111	-1.0	0.6	1.173	27.608	2.3	8.725	0.0	93.602	26.692	-12.005	32.2	1.089	34.195	3.41	9.475	0.0	35.957	20.662	-12.208	0.4	0.0	352.412	3.22	7.725	0.0	28.227	8.966	-1.0	37.6	0.0	61.222	3.2
3.58	6.162	123.359	91.0	24.876	-14.731	35.0	1.676	38.845	2.43	7.35	140.374	0.0	32.722	-8.239	29.0	1.483	56.378	1.93	7.6	0.0	97.045	23.714	-13.78	0.4	1.575	51.244	3.08	9.162	0.0	31.926	31.342	-2.482	35.6	1.726	47.854	2.78	8.412	0.0	95.125	11.145	-9.465	0.6	1.5	55.7	-1.0	7.412	0.0	0.0	0.0	0.0	0.8	1.584	36.907	3.02	7.787	111.661	93.176	8.966	-1.0	0.6	0.0	24.895	2.41	8.6	0.0	93.612	26.765	-12.101	32.2	1.232	40.201	3.1	8.85	0.0	35.991	20.808	-12.142	0.4	0.0	334.298	3.04	7.537	0.0	28.246	8.603	-1.0	37.6	0.0	74.59	3.62
3.46	6.162	111.13	91.01	24.513	-14.731	35.0	1.467	48.629	2.2	6.975	123.359	0.0	32.867	-8.171	29.0	1.115	56.088	1.88	7.1	0.0	97.068	24.004	-13.514	0.4	1.517	53.278	2.74	8.037	0.0	32.028	30.543	-2.407	35.6	0.0	50.566	2.84	8.412	0.0	95.122	11.145	-9.465	0.6	1.282	69.165	-1.0	7.037	0.0	0.0	0.0	0.0	0.8	1.559	48.047	2.76	6.85	88.797	93.165	8.966	-1.0	0.6	0.0	29.545	2.23	7.85	0.0	93.582	26.91	-11.788	32.2	1.668	34.97	3.28	8.1	0.0	36.009	21.171	-11.719	0.4	0.0	355.222	2.96	6.912	0.0	28.24	8.603	-1.0	37.6	1.006	92.511	2.81
3.56	5.975	128.145	91.016	24.658	-14.907	35.0	1.257	55.991	2.18	7.35	139.842	0.0	32.867	-8.175	29.0	0.0	55.991	1.74	6.225	0.0	97.065	23.859	-12.771	0.4	0.0	44.076	2.64	7.412	0.0	32.084	30.833	-2.74	35.6	1.106	46.691	2.81	8.35	0.0	95.133	11.291	-9.457	0.6	2.003	65.484	-1.0	6.225	0.0	0.0	0.0	0.0	0.8	0.0	47.369	2.75	6.537	89.861	93.163	9.256	-1.0	0.6	1.232	37.682	2.4	7.537	0.0	93.629	27.056	-12.252	32.2	1.953	46.304	3.04	7.6	0.0	36.05	21.026	-11.64	0.4	0.0	335.46	3.1	6.537	0.0	28.251	8.675	-1.0	37.6	1.048	95.514	2.94
3.21	4.475	124.423	90.986	24.803	-13.878	35.0	1.299	55.894	2.13	6.787	128.676	0.0	32.722	-8.114	29.0	0.0	78.174	1.54	5.912	0.0	97.045	24.077	-12.523	0.4	1.475	53.278	2.44	7.412	0.0	32.165	30.833	-1.939	35.6	0.964	59.672	2.62	8.1	0.0	95.158	11.145	-9.375	0.6	0.997	56.475	-1.0	5.975	0.0	0.0	0.0	0.0	0.8	0.922	51.825	2.66	6.6	144.096	93.219	9.038	-1.0	0.6	1.215	41.654	1.93	7.287	0.0	93.559	26.765	-11.591	32.2	0.0	34.873	2.57	7.6	0.0	36.197	20.88	-11.676	0.4	0.0	355.996	2.97	6.225	0.0	28.274	9.329	-1.0	37.6	1.886	98.904	2.76
3.02	4.975	169.087	90.977	24.949	-14.163	35.0	1.45	70.231	1.84	5.6	187.166	0.0	32.94	-2.374	29.0	0.0	82.243	1.44	6.162	0.0	97.053	24.367	-12.565	0.4	1.215	55.119	2.62	7.85	0.0	32.083	30.615	-2.232	35.6	1.265	61.028	2.53	8.475	0.0	95.133	11.363	-9.581	0.6	0.0	65.29	-1.0	6.35	0.0	0.0	0.0	0.0	0.8	0.0	53.763	2.84	7.1	163.238	93.268	9.474	-1.0	0.6	1.14	46.207	2.03	7.537	0.0	93.567	26.402	-11.63	32.2	0.0	52.697	2.64	7.85	0.0	36.204	21.244	-11.68	0.4	0.0	356.287	2.47	5.6	0.0	28.402	9.184	-1.0	37.6	0.0	110.722	2.73
2.94	5.975	203.649	90.998	24.876	-13.902	35.0	0.0	85.536	1.55	6.225	214.815	0.0	32.867	-8.072	29.0	1.039	82.63	1.35	5.975	0.0	97.065	24.004	-12.486	0.4	1.299	56.863	2.42	7.85	0.0	32.164	30.906	-2.306	35.6	1.416	63.644	2.5	8.475	0.0	95.124	11.073	-9.535	0.6	2.028	88.151	-1.0	6.412	0.0	0.0	0.0	0.0	0.8	1.274	42.429	2.73	6.787	138.247	93.278	8.966	-1.0	0.6	1.601	41.654	2.1	7.6	0.0	93.587	26.765	-12.619	32.2	0.0	27.608	2.54	7.537	0.0	36.194	20.735	-11.595	0.4	0.0	0.194	2.4	5.975	0.0	28.463	8.966	-1.0	37.6	0.0	130.193	2.49
3.45	7.225	239.806	91.05	24.585	-14.075	35.0	1.274	67.228	1.58	6.85	266.924	0.0	32.795	-8.175	29.0	0.0	82.146	1.38	6.475	0.0	97.055	23.859	-12.814	0.4	0.0	80.789	2.5	8.35	0.0	32.138	31.124	-2.138	35.6	1.182	48.629	2.33	8.6	0.0	95.116	11.436	-9.439	0.6	1.115	69.165	-1.0	6.475	0.0	0.0	0.0	0.0	0.8	0.0	59.575	2.67	6.975	186.102	93.302	9.184	-1.0	0.6	1.81	26.252	1.92	7.725	0.0	93.577	26.329	-12.283	32.2	0.0	53.278	2.96	7.975	0.0	36.106	20.808	-11.595	0.4	0.0	351.734	2.4	6.412	0.0	28.463	9.111	-1.0	37.6	0.0	108.494	2.83
2.72	6.1	154.731	91.001	25.021	-14.511	35.0	1.324	54.344	1.6	7.6	216.942	0.0	33.158	-8.239	29.0	1.944	81.758	1.36	6.975	0.0	97.068	24.004	-14.48	0.4	1.953	45.335	2.45	8.85	0.0	32.166	30.906	-2.53	35.6	0.0	61.319	2.54	8.85	0.0	95.175	11.0	-9.488	0.6	0.0	90.573	-1.0	6.912	0.0	93.201	0.0	0.0	0.8	0.0	33.033	2.55	7.1	171.214	93.249	8.966	-1.0	0.6	1.366	44.56	2.08	8.225	0.0	93.581	26.692	-12.681	32.2	2.129	42.816	2.94	8.537	0.0	36.104	20.662	-11.719	0.4	0.0	313.761	2.28	6.412	0.0	28.521	9.038	-1.0	37.6	1.383	119.053	2.82
2.72	5.787	113.788	91.001	24.731	-14.12	35.0	0.0	56.475	1.4	6.787	118.574	0.0	32.94	-8.186	29.0	1.592	82.533	1.36	6.225	0.0	97.068	23.859	-12.165	0.4	1.936	65.775	2.42	8.1	0.0	32.197	31.124	-2.354	35.6	1.374	57.928	2.45	8.287	0.0	95.15	11.0	-9.595	0.6	0.939	78.852	-1.0	6.725	0.0	0.0	0.0	0.0	0.8	0.0	38.942	2.66	7.1	145.691	93.32	8.675	-1.0	0.6	0.0	46.498	1.58	7.912	0.0	93.562	26.547	-11.654	32.2	0.0	38.651	2.89	8.225	0.0	36.164	20.88	-12.775	0.4	0.0	356.287	2.68	6.225	0.0	28.419	8.893	-1.0	37.6	1.006	109.56	2.59
2.9	6.1	139.842	91.029	24.658	-14.31	35.0	0.0	57.153	1.36	6.537	162.175	0.0	33.013	-8.445	29.0	0.0	82.436	1.66	6.475	0.0	97.099	24.077	-12.617	0.4	2.045	55.7	2.38	7.912	0.0	32.193	31.051	-2.216	35.6	0.0	54.635	2.58	8.475	0.0	95.088	11.581	-9.407	0.6	0.0	60.156	-1.0	6.537	0.0	0.0	0.0	0.0	0.8	0.0	52.019	2.78	6.975	152.072	93.332	8.603	-1.0	0.6	0.0	44.173	1.94	7.537	0.0	93.602	26.474	-12.338	32.2	0.0	29.836	2.69	7.975	0.0	36.176	21.098	-11.396	0.4	0.0	356.287	2.56	6.287	0.0	28.409	8.675	-1.0	37.6	0.0	108.785	2.62
2.91	6.287	151.54	91.031	24.585	-14.617	35.0	0.0	50.663	1.5	6.975	179.722	0.0	32.867	-8.242	29.0	0.0	82.339	1.62	5.912	0.0	97.106	23.786	-12.336	0.4	0.0	26.93	2.39	8.35	0.0	32.194	30.688	-2.4	35.6	1.902	61.803	2.96	8.6	0.0	95.136	11.073	-9.407	0.6	1.115	49.791	-1.0	6.35	0.0	0.0	0.0	0.0	0.8	0.0	54.635	2.55	6.912	161.643	93.309	9.329	-1.0	0.6	1.064	39.426	1.68	7.6	0.0	93.59	26.329	-11.676	32.2	0.0	40.588	2.6	7.912	0.0	36.2	21.316	-11.987	0.4	0.0	344.663	2.6	6.412	0.0	28.413	8.821	-1.0	37.6	0.0	159.351	2.66
3.32	6.1	170.151	91.099	25.021	-14.511	35.0	0.0	72.265	1.54	6.537	141.438	0.0	32.795	-8.141	29.0	1.601	82.146	1.61	6.537	0.0	97.141	23.786	-12.628	0.4	1.802	47.66	2.17	7.85	0.0	32.273	31.051	-2.343	35.6	0.0	45.626	2.76	8.537	0.0	95.119	10.927	-9.383	0.6	1.425	43.204	-1.0	6.85	0.0	0.0	0.0	0.0	0.8	1.617	48.047	2.15	6.537	170.151	93.32	9.038	-1.0	0.6	0.947	41.267	1.63	7.35	0.0	93.596	26.474	-12.221	32.2	2.137	42.041	2.49	8.037	0.0	36.253	20.808	-12.127	0.4	0.0	352.122	2.45	6.1	0.0	28.468	9.038	-1.0	37.6	0.0	73.912	2.57
3.55	6.912	237.147	91.118	24.585	-14.81	35.0	1.751	56.281	2.51	7.6	252.567	0.0	32.577	-8.239	29.0	1.751	82.339	1.14	6.162	0.0	97.117	23.568	-12.112	0.4	1.081	62.772	2.07	8.037	0.0	32.297	30.18	-2.407	35.6	1.022	48.725	2.3	8.412	0.0	95.068	11.363	-9.367	0.6	0.0	60.156	-1.0	6.1	0.0	0.0	0.0	0.0	0.8	0.0	44.463	2.05	7.037	237.679	93.292	9.038	-1.0	0.6	0.922	23.249	1.82	7.662	0.0	93.589	26.692	-12.188	32.2	0.0	34.873	2.79	8.975	0.0	36.186	20.59	-11.897	0.4	0.0	352.122	2.57	6.85	0.0	28.41	8.966	-1.0	37.6	0.0	77.786	2.11
2.7	4.662	126.018	91.038	25.021	-14.72	35.0	1.341	48.725	1.6	6.85	160.58	0.0	32.795	-8.103	29.0	0.0	76.915	0.9	5.537	0.0	97.103	23.641	-12.186	0.4	1.399	30.32	1.82	7.537	0.0	32.405	30.543	-2.274	35.6	0.972	52.116	1.86	7.662	0.0	95.061	10.855	-9.265	0.6	1.131	61.319	-1.0	6.1	0.0	0.0	0.0	0.0	0.8	1.165	38.651	2.04	6.537	126.549	93.29	9.256	-1.0	0.6	0.913	28.577	1.6	7.35	0.0	93.588	26.62	-12.395	32.2	0.0	24.314	2.51	8.162	0.0	36.255	21.389	-11.729	0.4	0.0	354.834	2.5	6.1	0.0	28.404	9.184	-1.0	37.6	1.81	94.835	2.2
2.45	4.287	130.803	91.034	25.021	-14.234	35.0	0.0	65.968	1.32	5.662	141.969	0.0	32.286	-8.109	29.0	0.0	79.336	0.82	5.725	0.0	97.098	23.714	-13.267	0.4	0.0	62.481	2.04	7.35	0.0	32.294	31.197	-2.138	35.6	0.0	29.158	1.92	7.662	0.0	95.078	10.927	-9.273	0.6	2.103	76.43	-1.0	5.725	0.0	0.0	0.0	0.0	0.8	0.0	45.335	2.31	6.475	120.169	93.284	8.821	-1.0	0.6	0.0	36.52	1.36	7.35	0.0	93.561	26.474	-11.566	32.2	0.0	26.736	2.23	7.725	0.0	36.291	20.808	-11.768	0.4	0.0	314.439	2.41	5.6	0.0	28.464	8.603	-1.0	37.6	1.458	89.798	2.02
2.74	5.1	156.326	91.069	24.731	-13.741	35.0	0.0	52.697	1.04	5.537	157.921	0.0	32.795	-8.079	29.0	0.0	79.336	0.89	5.912	0.0	97.119	23.568	-12.158	0.4	0.0	40.395	1.82	7.6	0.0	32.405	30.688	-2.295	35.6	0.0	56.378	2.02	7.85	0.0	95.106	11.363	-9.296	0.6	0.0	67.325	-1.0	5.85	0.0	94.636	0.0	0.0	0.8	0.0	51.632	1.92	7.1	228.108	93.257	9.329	-1.0	0.6	0.0	44.657	1.48	7.287	0.0	93.594	26.692	-11.454	32.2	1.869	53.375	2.06	8.412	0.0	36.339	21.244	-12.575	0.4	0.0	318.411	2.27	5.6	0.0	28.52	8.603	-1.0	37.6	1.358	79.53	2.23
2.46	4.287	143.033	91.036	24.585	-13.535	35.0	0.0	77.883	1.36	5.725	146.755	0.0	32.65	-8.098	29.0	0.0	79.143	0.92	5.725	0.0	97.127	24.077	-12.444	0.4	0.0	41.557	1.82	7.6	0.0	32.405	31.124	-2.332	35.6	0.0	54.635	1.94	7.725	0.0	95.084	11.508	-9.288	0.6	2.095	66.259	-1.0	5.725	0.0	0.0	0.0	0.0	0.8	0.0	61.803	2.12	7.037	139.842	93.272	9.256	-1.0	0.6	2.112	32.451	1.37	7.6	0.0	93.544	26.91	-12.178	32.2	1.668	44.173	2.25	7.912	0.0	36.293	20.662	-11.69	0.4	0.0	0.291	2.46	5.475	0.0	28.468	8.893	-1.0	37.6	1.441	91.348	2.36
2.58	4.6	117.51	91.068	24.949	-14.36	35.0	2.028	64.709	0.84	5.35	129.74	0.0	32.867	-7.954	29.0	0.0	78.755	0.8	5.6	0.0	97.13	23.423	-12.567	0.4	1.936	56.863	1.97	7.725	0.0	32.419	30.543	-2.411	35.6	0.0	50.179	1.79	7.912	0.0	95.08	11.218	-9.304	0.6	1.366	60.35	-1.0	5.912	0.0	0.0	0.0	0.0	0.8	1.76	47.951	2.13	7.1	154.199	93.274	9.038	-1.0	0.6	2.02	35.842	1.59	7.412	0.0	93.605	26.983	-12.274	32.2	1.886	29.739	2.07	8.35	0.0	36.34	21.244	-11.795	0.4	0.0	323.836	1.88	5.162	0.0	28.622	8.675	-1.0	37.6	1.282	90.379	2.2
