7.68	5.225	0.0	71.083	25.385	-12.753	34.8	0.0	224.544	6.46	5.912	0.0	70.401	33.449	-8.057	28.8	0.0	251.474	6.87	5.975	0.0	72.045	24.44	-12.04	0.0	2.112	223.866	7.65	7.037	0.0	70.183	30.906	-1.561	35.0	0.0	195.774	7.38	7.537	0.0	72.068	11.073	-9.196	0.0	1.064	230.26	7.45	6.287	0.0	73.141	0.0	0.0	0.2	1.944	199.358	7.95	6.6	0.0	71.894	9.62	-26.501	0.0	1.55	173.106	7.04	6.912	0.0	70.197	26.692	-11.498	31.6	1.584	201.683	7.69	6.475	0.0	70.454	21.026	-14.383	0.0	0.0	154.895	7.22	6.162	0.0	71.62	9.329	-1.0	37.2	0.0	216.407	7.8
7.64	4.975	1.063	71.572	25.239	-12.661	34.8	2.078	227.353	6.44	5.537	0.0	71.077	33.667	-8.139	28.8	0.0	245.565	6.81	5.975	0.0	72.601	24.222	-12.393	0.0	2.095	210.207	7.65	7.1	0.0	69.733	30.688	-1.399	35.0	0.0	200.52	7.34	7.225	0.0	72.629	11.363	-9.15	0.0	0.0	196.161	7.4	6.287	0.0	72.719	0.0	0.0	0.2	1.634	202.361	7.92	6.537	1.063	71.94	9.474	-1.0	0.0	1.777	169.619	6.96	6.6	0.0	70.969	26.62	-11.348	31.6	1.643	213.792	7.66	6.287	0.0	70.343	21.316	-14.413	0.0	0.0	148.889	7.02	6.037	0.0	71.372	9.474	-1.0	37.2	0.0	221.444	7.73
7.54	4.912	0.532	71.657	24.658	-12.65	34.8	0.972	181.921	6.4	5.85	0.0	70.546	33.594	-8.059	28.8	0.0	223.769	6.74	5.85	0.0	72.819	24.44	-11.937	0.0	0.0	220.766	7.54	6.975	0.0	70.029	31.124	-1.504	35.0	0.0	207.204	7.32	7.287	0.0	72.574	10.855	-9.188	0.0	1.5	222.316	7.38	6.037	0.0	72.895	0.0	0.0	0.2	1.81	197.324	7.97	6.6	1.063	70.85	9.111	-26.403	0.0	2.112	183.859	6.92	6.787	0.0	72.365	26.184	-11.215	31.6	1.785	229.969	7.61	6.287	0.0	70.491	21.389	-14.897	0.0	0.0	149.47	6.96	5.912	0.0	72.579	9.983	-1.0	37.2	0.0	208.754	7.72
7.55	4.537	0.532	70.927	24.803	-12.489	34.8	0.0	230.841	6.34	5.225	1.063	71.109	33.667	-7.976	28.8	0.0	260.677	6.78	5.787	0.0	70.515	24.222	-12.316	0.0	0.0	211.467	7.52	6.912	0.0	69.708	31.124	-1.737	35.0	0.0	217.666	7.34	7.225	0.0	71.121	11.508	-9.143	0.0	1.416	203.33	7.32	5.975	0.0	72.056	0.0	0.0	0.2	0.0	193.643	7.98	6.475	8.508	71.456	9.038	-26.259	0.0	2.011	187.831	6.9	6.412	0.0	70.565	26.692	-10.978	31.6	0.0	221.832	7.52	6.037	0.0	70.763	21.607	-14.233	0.0	0.0	166.907	6.84	5.912	0.0	71.831	9.62	-1.0	37.2	0.0	240.14	7.66
7.42	4.662	1.063	74.033	24.731	-14.105	34.8	0.0	188.993	6.34	5.225	0.0	70.483	33.158	-7.941	28.8	1.785	240.14	6.76	5.725	0.0	71.556	24.004	-12.085	0.0	2.07	221.057	7.48	6.787	0.0	71.645	30.761	-1.443	35.0	1.961	199.067	7.26	7.162	0.0	73.54	11.363	-9.18	0.0	0.0	195.29	7.32	6.037	0.0	71.509	0.0	0.0	0.2	0.0	193.158	7.97	6.537	0.532	71.087	9.256	-26.478	0.0	0.0	184.537	6.95	6.6	0.0	70.915	26.474	-11.187	31.6	0.0	215.342	7.56	6.287	0.0	69.663	20.953	-14.215	0.0	0.0	140.946	6.9	5.662	0.0	72.49	9.983	-1.0	37.2	1.886	248.859	7.71
7.5	4.787	0.532	70.602	24.658	-12.433	34.8	0.0	204.686	6.26	4.787	0.532	70.415	33.812	-7.922	28.8	0.0	161.385	6.72	5.787	0.0	69.424	23.714	-12.095	0.0	0.0	198.196	7.45	6.725	0.0	68.444	30.833	-1.315	35.0	0.0	198.68	7.21	7.412	0.0	68.826	10.927	-9.188	0.0	1.039	194.805	7.24	6.1	0.0	71.102	0.0	0.0	0.2	1.751	193.643	7.8	6.287	1.063	70.581	9.91	-26.191	0.0	1.777	175.625	6.84	6.537	0.0	69.975	26.547	-11.306	31.6	1.819	218.829	7.58	6.1	0.0	68.415	21.171	-14.051	0.0	0.0	170.394	6.89	5.725	0.0	72.333	9.474	-1.0	37.2	0.0	212.242	7.6
7.46	5.225	0.532	71.745	25.094	-12.603	34.8	1.089	180.372	6.26	5.6	1.063	71.458	33.667	-8.015	28.8	0.0	237.04	6.64	5.787	0.0	72.927	23.859	-12.01	0.0	0.0	200.327	7.52	6.975	0.0	70.395	30.979	-1.251	35.0	0.0	216.504	7.21	7.225	0.0	71.07	11.291	-9.203	0.0	1.919	194.805	7.3	5.725	0.0	70.826	0.0	0.0	0.2	0.0	202.942	7.75	6.412	0.0	70.992	9.547	-25.937	0.0	1.634	172.622	6.82	6.475	0.0	70.889	26.62	-11.046	31.6	1.71	216.698	7.54	5.912	0.0	68.862	21.098	-13.647	0.0	0.0	172.913	6.94	5.912	0.0	71.643	9.329	-1.0	37.2	0.0	227.644	7.31
7.5	5.037	0.0	70.654	24.731	-12.671	34.8	0.0	238.881	6.26	5.412	0.0	70.362	33.739	-2.306	28.8	1.894	285.475	6.78	5.6	0.0	68.692	24.44	-12.108	0.0	0.0	231.131	7.52	6.975	0.0	67.14	30.252	-1.432	35.0	0.922	207.786	7.21	7.037	0.0	69.781	11.363	-9.195	0.0	1.358	200.617	7.21	6.1	0.0	70.939	0.0	0.0	0.2	1.768	199.746	7.66	6.35	0.0	69.947	9.838	-26.409	0.0	1.668	195.58	6.88	6.475	0.0	68.551	26.692	-11.232	31.6	2.12	222.994	7.5	6.225	0.0	68.961	20.88	-14.139	0.0	0.0	166.325	6.88	6.162	0.0	68.418	9.184	-1.0	37.2	0.989	233.941	7.47
7.57	5.037	2.659	68.199	24.731	-12.523	34.8	1.156	225.029	6.28	5.725	0.532	69.841	34.03	-8.002	28.8	0.0	220.573	6.78	5.6	0.0	70.751	23.496	-12.152	0.0	2.036	231.809	7.55	7.037	0.0	69.422	31.342	-2.536	35.0	0.0	207.592	7.21	6.912	0.0	69.755	10.782	-9.195	0.0	1.634	203.33	7.29	6.1	0.0	70.876	0.0	0.0	0.2	2.062	207.883	7.9	6.412	0.532	69.515	9.038	-26.432	0.0	1.634	176.981	6.8	6.287	0.0	70.388	26.402	-11.334	31.6	2.045	220.766	7.52	6.225	0.0	68.991	21.098	-13.825	0.0	0.0	186.862	6.94	5.725	0.0	71.643	9.91	-1.0	37.2	1.5	219.41	7.68
7.5	4.85	0.0	69.943	24.658	-12.69	34.8	0.0	231.906	6.27	5.475	2.127	69.074	33.449	-8.002	28.8	0.0	264.455	6.74	5.787	0.0	68.951	23.568	-12.408	0.0	1.106	205.848	7.44	6.6	0.0	68.763	30.906	-1.382	35.0	0.0	197.518	7.2	7.162	0.0	69.991	10.927	-9.242	0.0	1.24	197.518	7.21	6.35	0.0	69.199	0.0	0.0	0.2	0.0	185.312	7.86	6.537	1.063	68.868	9.547	-26.575	0.0	0.0	196.258	6.83	6.287	0.0	69.26	26.62	-10.989	31.6	0.0	216.407	7.5	5.975	0.0	69.067	20.953	-13.902	0.0	0.0	148.695	6.86	5.662	0.0	70.137	9.765	-1.0	37.2	1.006	222.219	7.55
7.48	5.162	0.532	70.229	24.731	-12.306	34.8	0.0	223.866	6.22	5.662	0.0	70.014	33.594	-1.777	28.8	1.433	283.15	6.75	5.787	0.0	70.142	24.44	-12.095	0.0	0.0	225.803	7.42	6.6	0.0	68.358	30.397	-1.382	35.0	2.103	201.102	7.2	6.975	0.0	69.912	10.855	-9.219	0.0	1.609	217.666	7.21	5.85	0.0	71.904	0.0	0.0	0.2	0.0	202.555	7.74	6.475	0.532	70.041	9.329	-26.259	0.0	1.592	173.881	6.77	6.412	0.0	71.115	26.692	-10.921	31.6	2.036	226.191	7.48	6.037	0.0	68.877	21.462	-13.67	0.0	0.0	160.513	6.82	5.787	0.0	70.103	9.184	-1.0	37.2	0.905	236.265	7.4
7.48	5.162	2.659	71.384	25.312	-12.495	34.8	1.701	215.632	6.22	5.537	0.0	71.164	33.667	-7.991	28.8	1.718	243.628	6.72	5.6	0.0	70.241	23.714	-12.065	0.0	1.559	230.356	7.43	6.85	0.0	70.008	30.688	-1.572	35.0	0.913	217.182	7.16	6.912	0.0	71.842	10.782	-9.18	0.0	0.0	213.017	7.24	5.912	0.0	69.999	0.0	0.0	0.2	0.0	205.558	7.78	6.412	1.063	69.28	9.547	-1.0	0.0	0.0	183.568	6.8	6.037	0.0	69.862	26.765	-11.166	31.6	0.0	231.616	7.46	6.1	0.0	68.847	21.389	-14.051	0.0	0.0	178.725	6.81	5.787	0.0	71.669	9.62	-1.0	37.2	1.391	233.069	7.62
7.5	5.1	0.0	69.253	25.239	-12.533	34.8	0.0	242.659	6.21	5.662	0.0	69.353	33.594	-8.013	28.8	1.282	256.802	6.74	5.537	0.0	69.771	24.15	-11.97	0.0	1.056	218.829	7.37	6.6	0.0	68.403	30.47	-1.418	35.0	1.048	211.079	7.07	7.162	0.0	71.017	10.855	-9.282	0.0	0.922	211.273	7.24	6.162	0.0	69.231	0.0	0.0	0.2	0.913	222.219	7.82	6.412	1.063	68.54	9.256	-26.236	0.0	1.064	190.155	6.84	6.287	0.0	69.129	26.547	-11.019	31.6	1.366	233.553	7.42	6.037	0.0	68.839	21.171	-13.551	0.0	0.0	166.422	6.74	5.662	0.0	70.166	9.62	-1.0	37.2	0.0	250.215	7.55
7.4	4.787	2.659	71.968	25.167	-12.58	34.8	0.0	232.681	6.17	5.6	0.0	70.972	33.885	-7.962	28.8	0.0	261.839	6.65	5.537	0.0	70.726	23.714	-13.404	0.0	0.0	244.693	7.4	6.35	0.0	69.261	30.47	-1.123	35.0	0.0	201.005	7.08	7.037	0.0	71.149	10.855	-9.292	0.0	1.156	207.979	7.21	5.787	0.0	70.283	0.0	0.0	0.2	0.0	207.398	7.7	6.1	0.0	70.245	8.966	-1.0	0.0	0.0	171.75	6.68	6.225	0.0	70.679	26.547	-10.98	31.6	0.0	216.891	7.4	5.85	0.0	69.606	21.389	-13.635	0.0	0.0	159.351	6.88	5.6	0.0	70.613	9.038	-1.0	37.2	0.0	230.744	7.57
7.36	4.787	0.0	73.123	25.385	-12.246	34.8	0.964	216.407	6.06	5.35	0.0	73.959	33.449	-8.007	28.8	1.425	263.873	6.61	5.412	0.0	71.864	24.367	-11.909	0.0	0.0	231.325	7.3	6.6	0.0	71.349	31.124	-1.347	35.0	0.0	214.954	7.02	6.787	0.0	72.746	11.363	-9.433	0.0	1.265	214.567	7.12	5.787	0.0	72.12	0.0	0.0	0.2	0.0	204.298	7.67	6.287	0.0	70.845	9.256	-1.0	0.0	0.0	178.919	6.7	6.162	0.0	72.089	26.402	-10.885	31.6	0.0	228.419	7.32	5.912	0.0	70.251	21.389	-13.707	0.0	0.0	140.074	6.68	5.725	0.0	73.806	9.62	-1.0	37.2	0.93	230.066	7.42
7.29	5.037	0.532	74.006	25.239	-12.332	34.8	1.039	212.339	6.04	5.6	1.063	74.487	33.739	-7.98	28.8	1.291	238.009	6.54	5.225	0.0	70.338	24.295	-12.136	0.0	0.0	253.605	7.34	6.35	0.0	68.637	30.761	-1.586	35.0	0.0	195.483	7.02	6.787	0.0	72.952	10.782	-9.295	0.0	1.064	206.333	7.14	5.912	0.0	72.098	0.0	0.0	0.2	0.0	205.267	7.66	6.1	2.127	71.315	9.038	-1.0	0.0	0.0	181.437	6.74	6.1	0.0	70.612	26.547	-10.876	31.6	0.0	226.772	7.31	5.85	0.0	70.67	20.808	-13.517	0.0	0.0	149.858	6.72	5.662	0.0	71.911	9.256	-1.0	37.2	0.0	241.303	7.47
7.34	4.85	0.0	69.965	25.748	-12.349	34.8	0.0	194.611	6.07	5.6	0.0	69.01	33.667	-7.997	28.8	1.282	276.951	6.62	5.537	0.0	70.379	23.859	-11.847	0.0	0.0	249.052	7.22	6.787	0.0	69.704	30.47	-1.515	35.0	0.0	204.88	7.05	6.725	0.0	69.434	11.0	-9.322	0.0	1.215	211.661	7.02	5.725	0.0	73.466	0.0	0.0	0.2	0.0	200.23	7.62	6.287	0.532	70.809	8.893	-1.0	0.0	1.986	179.306	6.54	5.975	0.0	73.113	26.692	-10.802	31.6	2.036	219.991	7.3	5.725	0.0	70.458	21.825	-13.613	0.0	0.0	146.661	6.74	5.725	0.0	70.481	9.329	-1.0	37.2	0.0	248.859	7.33
7.37	5.1	0.532	69.971	25.457	-12.533	34.8	0.0	231.228	6.08	5.225	0.0	70.902	33.739	-7.923	28.8	0.0	246.727	6.53	5.6	0.0	70.572	23.859	-12.065	0.0	0.0	230.841	7.28	6.725	0.0	68.332	30.615	-1.567	35.0	0.0	203.33	6.96	6.787	0.0	71.673	11.581	-9.269	0.0	1.14	188.605	7.19	5.662	0.0	69.672	0.0	0.0	0.2	0.0	212.823	7.72	6.287	0.0	69.082	9.547	-1.0	0.0	0.0	183.568	6.72	6.225	0.0	69.688	26.474	-10.838	31.6	0.0	237.622	7.3	5.85	0.0	69.614	21.534	-13.517	0.0	0.0	184.246	6.77	5.912	0.0	70.697	9.91	-1.0	37.2	0.0	245.952	7.45
7.34	5.412	0.0	70.281	25.239	-12.585	34.8	1.76	249.052	6.07	5.725	0.0	70.273	33.376	-7.966	28.8	1.014	274.238	6.58	5.662	0.0	70.947	24.004	-11.948	0.0	1.064	226.385	7.25	6.975	0.0	69.842	30.397	-1.323	35.0	0.0	207.979	7.06	6.725	0.0	69.938	11.363	-9.253	0.0	1.735	215.729	7.03	5.912	0.0	71.192	0.0	0.0	0.2	0.0	208.367	7.62	6.225	0.0	70.441	9.474	-1.0	0.0	1.919	185.699	6.71	6.287	0.0	69.871	26.329	-10.819	31.6	0.0	225.803	7.26	6.1	0.0	69.817	21.244	-13.222	0.0	0.0	179.597	6.78	6.225	0.0	71.586	9.474	-1.0	37.2	0.0	227.741	7.41
7.35	5.412	0.532	69.411	25.167	-12.393	34.8	1.601	209.626	6.04	5.787	1.063	70.32	33.885	-8.044	28.8	1.986	264.164	6.58	5.725	0.0	70.947	24.15	-11.717	0.0	1.483	243.24	7.32	6.85	0.0	68.714	30.688	-1.427	35.0	0.0	232.778	7.0	6.975	0.0	71.264	11.0	-9.309	0.0	1.969	217.666	7.12	6.037	0.0	70.213	0.0	0.0	0.2	0.0	200.424	7.65	6.1	0.532	70.051	9.692	-1.0	0.0	1.592	186.184	6.68	6.287	0.0	70.391	26.62	-12.048	31.6	0.0	222.219	7.25	5.85	0.0	70.317	22.043	-13.289	0.0	0.0	140.558	6.82	6.287	0.0	71.02	9.184	-1.0	37.2	1.198	252.055	7.41
7.33	5.412	0.532	68.955	25.167	-12.684	34.8	0.0	250.893	6.06	5.85	0.0	68.77	33.957	-8.024	28.8	1.785	282.763	6.59	5.662	0.0	69.214	23.568	-11.99	0.0	1.726	268.426	7.31	6.85	0.0	68.284	30.688	-1.5	35.0	1.492	219.991	7.1	7.1	0.0	68.486	10.782	-9.274	0.0	1.198	207.979	7.05	6.037	0.0	70.567	0.0	0.0	0.2	0.0	204.492	7.66	6.475	0.0	68.35	9.329	-26.552	0.0	0.0	187.056	6.62	6.225	0.0	69.564	26.402	-10.866	31.6	0.0	214.567	7.3	6.037	0.0	69.056	20.953	-13.61	0.0	0.0	160.61	6.64	6.225	0.0	69.62	9.62	-1.0	37.2	1.207	255.639	7.48
7.35	5.537	0.0	69.225	25.239	-12.461	34.8	1.156	234.522	6.1	5.725	1.595	68.857	33.521	-7.993	28.8	1.366	239.656	6.62	5.85	0.0	68.449	23.641	-11.896	0.0	1.483	233.456	7.32	6.975	0.0	68.42	31.197	-1.396	35.0	1.265	225.803	7.06	7.162	0.0	69.064	11.073	-9.274	0.0	1.55	236.265	7.12	6.1	0.0	68.436	0.0	0.0	0.2	0.0	214.567	7.81	6.537	0.532	67.894	9.62	-1.0	0.0	1.148	162.548	6.6	6.287	0.0	69.454	26.474	-10.819	31.6	0.0	223.479	7.4	6.1	0.0	68.006	21.098	-15.376	0.0	0.0	172.331	6.67	6.1	0.0	70.231	9.91	-1.0	37.2	1.064	263.68	7.51
7.36	5.6	2.127	68.855	25.385	-12.471	34.8	1.131	221.929	6.04	5.787	0.532	69.057	33.812	-8.044	28.8	1.559	277.726	6.59	5.912	0.0	67.883	24.367	-11.946	0.0	1.902	261.064	7.36	7.162	0.0	66.569	31.124	-1.601	35.0	1.324	227.644	7.15	7.037	0.0	68.495	11.363	-9.275	0.0	1.198	206.042	7.21	6.287	0.0	68.48	0.0	0.0	0.2	0.0	205.945	7.72	6.537	0.0	67.797	8.966	-1.0	0.0	0.939	166.132	6.73	6.35	0.0	68.016	26.474	-10.94	31.6	0.0	227.741	7.36	6.225	0.0	67.838	21.68	-13.244	0.0	0.0	169.425	6.62	6.412	0.0	67.996	9.765	-1.0	37.2	1.534	288.188	7.44
7.4	5.725	0.0	67.63	25.239	-12.444	34.8	1.207	228.128	6.06	5.975	3.19	68.105	33.667	-8.01	28.8	2.011	287.122	6.61	5.975	0.0	66.569	23.568	-11.956	0.0	1.743	250.215	7.4	7.1	0.0	65.021	31.124	-1.617	35.0	1.584	213.792	7.06	7.037	0.0	66.217	11.363	-9.25	0.0	1.643	228.128	7.21	6.1	0.0	68.959	0.0	0.0	0.2	0.0	215.245	7.79	6.662	0.0	66.864	9.547	-1.0	0.0	1.006	179.79	6.78	6.35	0.0	68.186	26.692	-10.324	31.6	1.475	232.003	7.41	6.287	0.0	66.985	21.244	-13.48	0.0	0.0	166.519	6.72	6.537	0.0	67.102	9.402	-1.0	37.2	1.978	270.751	7.52
7.43	5.725	0.0	66.88	25.603	-12.54	34.8	0.0	240.915	6.1	6.1	0.0	66.934	33.667	-2.312	28.8	1.626	261.355	6.56	5.912	0.0	66.857	24.077	-11.946	0.0	1.073	233.166	7.4	7.1	0.0	64.719	30.906	-1.255	35.0	0.0	201.78	7.02	7.1	0.0	68.043	11.0	-9.25	0.0	2.045	220.669	7.18	6.225	0.0	67.563	0.0	0.0	0.2	0.0	195.096	7.7	6.725	7.444	67.146	9.038	-1.0	0.0	2.112	177.756	6.74	6.162	0.0	67.24	26.402	-10.748	31.6	0.0	223.285	7.42	6.475	0.0	65.873	21.244	-13.4	0.0	0.0	139.783	6.76	6.412	0.0	66.893	9.547	-1.0	37.2	1.089	243.918	7.58
7.4	5.6	0.0	66.848	25.167	-12.331	34.8	0.0	221.057	6.13	5.975	0.0	66.455	34.902	-8.001	28.8	1.584	253.121	6.6	5.975	0.0	65.835	24.077	-11.956	0.0	1.877	230.356	7.32	7.1	0.0	63.212	30.47	-1.581	35.0	2.053	213.792	7.04	7.287	0.0	66.62	11.363	-9.273	0.0	1.542	229.485	7.18	6.225	0.0	65.639	0.0	0.0	0.2	0.905	204.105	7.78	6.975	1.063	64.483	9.038	-1.0	0.0	1.039	187.734	6.8	6.162	0.0	66.061	26.62	-10.913	31.6	0.0	235.103	7.36	6.475	0.0	65.371	21.098	-13.344	0.0	0.0	176.981	6.62	6.537	0.0	66.922	9.474	-1.0	37.2	1.768	330.229	7.43
7.42	5.725	0.532	66.417	24.658	-12.444	34.8	1.358	240.915	6.08	6.225	0.0	64.652	33.739	-8.0	28.8	1.173	264.551	6.58	6.1	0.0	63.694	23.859	-11.895	0.0	1.869	242.853	7.36	7.35	0.0	63.94	31.342	-1.589	35.0	1.701	229.872	7.07	7.412	0.0	65.018	11.073	-9.281	0.0	1.115	216.31	7.14	6.287	0.0	68.893	0.0	0.0	0.2	0.939	185.99	7.72	6.85	0.0	64.638	8.966	-1.0	0.0	1.14	185.506	6.68	6.475	0.0	67.953	26.474	-10.793	31.6	1.207	225.707	7.38	6.412	0.0	65.045	21.389	-13.061	0.0	0.0	168.65	6.81	6.787	0.0	64.148	9.184	-1.0	37.2	0.0	241.981	7.54
7.36	5.912	0.0	67.407	25.457	-12.336	34.8	0.0	260.192	6.04	5.975	0.0	67.674	33.594	-2.44	28.8	0.0	249.052	6.54	6.162	0.0	65.471	24.44	-11.786	0.0	1.441	257.092	7.36	7.287	0.0	64.767	30.833	-1.605	35.0	1.592	219.604	6.96	7.287	0.0	67.307	10.782	-9.188	0.0	1.575	207.592	7.2	6.287	0.0	66.296	0.0	0.0	0.2	0.0	209.82	7.7	6.912	0.532	65.732	9.474	-1.0	0.0	0.0	170.297	6.68	6.475	0.0	66.744	26.692	-11.076	31.6	0.0	213.792	7.39	6.6	0.0	64.91	21.316	-13.255	0.0	0.0	204.105	6.68	6.35	0.0	67.256	9.838	-1.0	37.2	0.0	306.399	7.52
7.34	5.6	0.0	66.186	25.021	-12.331	34.8	0.0	230.066	5.99	6.162	0.532	68.012	33.739	-8.057	28.8	0.93	238.203	6.52	6.225	0.0	65.276	23.714	-11.955	0.0	1.944	223.091	7.32	7.35	0.0	64.209	31.633	-1.735	35.0	1.45	213.792	6.92	7.35	0.0	65.784	11.291	-9.249	0.0	0.0	214.47	7.13	6.475	0.0	65.548	0.0	0.0	0.2	1.5	196.161	7.73	6.975	0.0	64.75	9.692	-1.0	0.0	1.282	183.762	6.71	6.287	0.0	65.555	26.62	-10.819	31.6	1.534	224.447	7.38	6.537	0.0	64.137	21.171	-13.355	0.0	0.0	162.548	6.66	6.662	0.0	65.519	9.256	-1.0	37.2	1.064	274.916	7.51
7.36	5.475	0.0	65.288	25.457	-14.324	34.8	1.148	265.714	6.06	6.1	0.0	66.954	33.594	-8.077	28.8	0.0	278.598	6.52	6.287	0.0	66.526	24.222	-11.844	0.0	1.165	241.206	7.28	7.225	0.0	64.009	30.833	-1.695	35.0	1.106	210.886	7.07	7.35	0.0	65.182	11.654	-9.151	0.0	1.5	274.529	7.02	6.537	0.0	67.668	0.0	0.0	0.2	0.0	194.224	7.57	6.787	2.659	66.145	9.62	-1.0	0.0	0.0	170.588	6.7	6.412	0.0	66.963	26.547	-10.865	31.6	1.039	212.048	7.36	6.725	0.0	65.234	21.171	-13.169	0.0	0.0	155.282	6.72	6.85	0.0	66.508	9.692	-1.0	37.2	0.0	241.303	7.34
