13.24	6.475	1.063	57.722	25.748	-8.39	1.2	0.0	0.0	9.43	6.975	1.595	74.391	35.265	-13.783	12.2	0.0	43.398	9.23	7.85	0.0	75.78	26.765	-8.977	31.8	0.0	274.238	9.55	8.412	0.0	80.452	33.158	-2.271	28.0	0.0	218.345	9.71	9.1	0.0	71.925	13.252	-8.606	4.4	0.0	25.961	9.2	7.975	0.0	73.803	0.0	0.0	26.2	0.0	217.763	9.61	8.35	1.063	81.773	11.944	-15.322	48.2	0.0	227.741	9.46	8.725	0.0	74.01	27.346	-23.675	19.6	0.0	267.264	9.46	8.6	0.0	77.642	26.91	-25.118	26.0	0.0	156.542	9.0	7.537	0.0	81.394	18.192	-9.558	37.4	0.0	20.149	10.01
13.2	6.412	2.127	57.124	25.893	-8.309	1.2	0.0	0.097	9.31	6.85	0.532	75.007	35.338	-13.88	12.2	0.0	42.332	9.08	7.975	0.0	77.411	27.346	-9.006	31.8	0.0	253.218	9.56	8.225	0.0	78.511	33.158	-1.872	28.0	0.0	217.957	9.4	8.85	0.0	77.879	13.543	-8.603	4.4	0.0	25.961	8.99	8.037	0.0	76.135	0.0	0.0	26.2	0.0	217.666	9.58	8.287	1.063	81.959	12.453	-14.742	48.2	0.0	227.838	9.32	8.6	0.0	75.367	27.273	-23.748	19.6	0.0	267.651	9.46	8.537	0.0	77.041	25.675	-24.983	26.0	0.0	156.057	9.11	7.537	0.0	77.142	18.265	-9.59	37.4	0.0	259.127	10.08
11.64	6.35	1.063	62.395	25.312	-8.319	1.2	0.0	0.291	9.22	6.787	0.0	75.244	35.846	-13.808	12.2	0.0	43.301	8.94	7.912	0.0	81.043	27.128	-9.055	31.8	0.0	160.804	9.32	8.225	0.0	81.563	33.303	-1.947	28.0	0.0	185.409	9.08	9.162	0.0	81.533	13.543	-8.64	4.4	0.0	25.767	8.87	7.725	0.0	76.161	0.0	0.0	26.2	0.0	192.868	9.56	8.35	0.0	81.954	12.453	-15.546	48.2	0.0	227.935	9.19	8.787	0.0	76.405	26.838	-23.465	19.6	0.0	267.651	9.32	8.35	0.0	78.335	26.184	-24.916	26.0	0.0	156.735	9.02	7.412	0.0	81.639	18.41	-9.532	37.4	0.0	259.417	9.85
11.71	6.787	0.0	61.951	25.53	-8.333	1.2	0.0	239.85	9.48	7.287	0.0	74.04	34.974	-13.605	12.2	0.0	43.301	8.82	8.037	0.0	82.407	27.056	-9.014	31.8	1.039	157.22	9.06	8.1	0.0	84.141	33.231	-1.981	28.0	1.19	179.306	9.0	8.787	0.0	80.012	13.397	-8.595	4.4	0.0	7.072	8.67	7.912	0.0	78.812	0.0	0.0	26.2	1.031	168.747	9.55	8.412	1.063	81.808	12.526	-16.352	48.2	0.0	195.096	9.03	8.6	0.0	78.718	27.709	-24.208	19.6	0.0	266.876	9.35	8.475	0.0	78.341	26.692	-24.848	26.0	0.0	156.445	8.87	7.6	0.0	83.013	18.047	-9.556	37.4	0.0	228.903	9.85
10.78	6.725	1.595	66.005	25.53	-8.301	1.2	0.964	221.444	9.36	7.287	1.063	76.339	35.41	-13.781	12.2	1.358	43.107	8.74	8.037	0.0	81.552	26.838	-9.049	31.8	0.0	171.46	9.12	8.225	0.0	84.786	33.231	-2.134	28.0	0.98	201.78	8.82	8.725	0.0	82.264	13.252	-8.562	4.4	1.064	183.181	8.66	7.85	0.0	79.081	0.0	0.0	26.2	0.93	168.65	9.28	8.287	1.063	85.15	11.944	-15.091	48.2	0.0	195.193	8.9	8.725	0.0	79.893	27.491	-24.709	19.6	0.0	267.264	9.41	8.662	0.0	78.056	25.603	-25.027	26.0	0.0	152.861	9.06	7.6	0.0	80.099	18.338	-9.598	37.4	0.0	228.903	9.68
11.2	6.725	1.595	64.213	25.82	-8.327	1.2	1.785	238.203	9.47	7.412	0.0	74.502	35.192	-13.925	12.2	1.45	208.754	8.64	7.975	0.0	81.769	27.056	-9.049	31.8	0.0	178.24	9.18	8.412	0.0	84.122	33.158	-2.234	28.0	1.416	204.395	9.0	8.912	0.0	80.718	13.18	-8.54	4.4	0.997	190.737	8.42	7.85	0.0	81.407	0.0	0.0	26.2	0.0	179.209	9.36	8.35	0.532	85.262	12.526	-14.755	48.2	0.0	195.193	8.82	8.537	0.0	80.653	27.056	-24.529	19.6	0.0	267.264	9.49	8.412	0.0	77.998	26.184	-25.163	26.0	0.0	153.248	9.04	7.6	0.0	80.969	18.483	-9.598	37.4	0.0	228.903	9.96
10.48	7.162	1.595	65.98	25.53	-8.426	1.2	1.927	194.999	9.28	7.35	0.0	77.053	35.047	-13.793	12.2	1.659	239.946	8.58	7.85	0.0	80.308	26.91	-9.019	31.8	1.224	186.184	9.1	8.537	0.0	85.339	33.158	-2.2	28.0	1.324	198.68	9.36	8.662	0.0	78.269	13.543	-8.485	4.4	1.165	197.711	8.58	7.787	0.0	78.866	0.0	0.0	26.2	0.0	176.691	9.38	8.412	0.0	83.981	12.162	-14.632	48.2	1.039	195.193	9.03	8.537	0.0	77.75	28.073	-24.529	19.8	0.0	267.554	9.4	8.537	0.0	78.65	27.273	-25.095	26.0	1.031	158.77	9.36	7.6	0.0	76.718	18.192	-9.641	37.4	0.0	229.291	10.12
10.33	7.162	0.0	68.332	25.893	-8.341	1.2	0.0	223.866	9.2	7.225	0.0	77.562	35.41	-13.71	12.2	1.684	278.501	8.83	7.85	0.0	79.118	26.838	-9.033	31.8	1.617	185.796	9.16	8.35	0.0	84.702	32.867	-2.175	28.0	0.0	198.486	9.52	8.85	0.0	75.764	13.397	-8.533	4.4	1.768	201.489	8.68	7.85	0.0	78.271	0.0	0.0	26.2	0.0	179.597	9.51	8.162	1.063	81.654	12.526	-14.45	48.2	0.939	177.369	9.04	8.537	0.0	77.503	27.419	-24.756	19.8	0.0	267.264	9.52	8.412	0.0	76.777	27.346	-24.712	26.0	0.0	152.57	9.7	7.725	0.0	72.761	18.265	-9.703	37.4	0.0	327.323	10.08
10.28	6.975	2.127	69.026	25.53	-8.371	1.2	1.777	192.48	9.08	7.35	0.0	77.91	34.684	-13.559	12.2	1.249	240.237	8.99	7.85	0.0	79.251	26.62	-9.076	31.8	1.626	211.757	9.22	8.475	0.0	83.543	33.158	-2.292	28.0	1.508	183.181	9.37	8.6	0.0	76.569	13.18	-8.513	4.4	0.0	210.111	8.98	7.975	0.0	76.411	0.0	0.0	26.2	1.182	185.312	9.6	8.412	0.532	81.385	12.671	-14.632	48.2	0.0	177.369	9.16	8.6	0.0	77.203	27.056	-24.665	19.8	0.0	267.554	9.58	8.412	0.0	75.675	27.056	-24.599	26.0	0.0	152.57	9.44	7.85	0.0	77.663	18.265	-9.719	37.4	1.156	235.103	10.08
10.12	7.037	2.127	69.507	25.748	-8.361	1.2	1.819	195.193	9.06	7.162	0.0	77.981	35.265	-13.64	12.2	1.534	254.186	8.98	7.787	0.0	79.592	26.91	-9.061	31.8	0.0	227.353	9.54	8.537	0.0	80.742	33.013	-2.275	28.0	2.053	201.392	9.44	8.912	0.0	76.204	13.397	-8.505	4.4	0.0	221.541	8.86	7.85	0.0	77.838	0.0	0.0	26.2	2.137	179.112	9.56	8.412	0.0	81.521	12.453	-15.117	48.2	0.0	177.272	9.32	8.662	0.0	76.129	27.564	-24.801	19.8	1.458	194.805	9.43	8.537	0.0	78.01	26.256	-25.095	26.0	0.0	157.22	9.05	7.725	0.0	80.85	18.047	-9.75	37.4	2.087	259.32	10.0
10.07	6.975	0.0	68.555	25.748	-8.619	1.2	2.12	184.343	9.09	7.1	0.0	77.388	35.192	-13.746	12.2	1.257	259.611	9.08	7.975	0.0	77.486	27.346	-9.105	31.8	0.0	214.082	9.42	8.475	0.0	82.545	33.158	-2.329	28.0	0.0	202.458	9.24	8.662	0.0	77.97	13.107	-8.485	4.4	0.0	191.899	8.96	7.85	0.0	76.784	0.0	0.0	26.2	0.0	194.418	9.96	8.537	0.0	80.445	12.162	-15.289	48.2	1.534	191.608	9.16	8.6	0.0	77.603	26.91	-24.892	19.8	0.0	211.854	9.78	8.6	0.0	75.308	27.056	-25.118	26.0	0.0	185.312	9.1	7.85	0.0	81.248	18.265	-9.708	37.4	1.542	225.61	9.8
9.93	7.1	1.595	69.712	25.53	-8.394	1.2	0.0	194.708	9.02	7.225	0.0	78.146	35.701	-13.89	12.2	1.039	216.31	9.24	7.912	0.0	76.969	27.201	-9.076	31.8	1.358	211.854	9.25	8.412	0.0	83.456	33.086	-2.234	28.0	1.936	194.999	9.26	8.475	0.0	77.7	13.397	-8.454	4.4	0.0	227.257	8.76	7.787	0.0	78.362	0.0	0.0	26.2	2.028	196.549	9.75	8.287	1.063	82.142	12.162	-15.609	48.2	1.433	194.321	9.18	8.725	0.0	76.529	26.983	-24.936	19.8	0.0	214.857	9.68	8.537	0.0	75.797	26.692	-24.87	26.0	0.0	165.647	9.04	7.725	0.0	80.945	18.047	-9.703	37.4	1.936	245.468	9.86
10.16	7.287	0.532	66.693	26.038	-8.398	1.2	1.115	190.155	9.11	7.35	0.0	76.741	35.192	-13.502	12.2	1.441	244.596	8.93	7.912	0.0	79.189	26.838	-9.083	31.8	0.0	195.193	9.46	8.537	0.0	81.547	32.94	-2.313	28.0	0.0	222.316	9.36	8.6	0.0	76.869	13.397	-8.46	4.4	0.0	205.558	8.91	7.725	0.0	76.899	0.0	0.0	26.2	0.0	204.88	9.64	8.412	0.0	82.069	12.017	-15.046	48.2	1.986	192.287	9.13	8.537	0.0	76.996	27.782	-24.756	19.8	0.0	212.823	9.74	8.6	0.0	75.3	26.692	-24.779	26.0	0.0	162.257	8.86	7.912	0.0	83.789	18.265	-9.812	37.4	1.408	231.422	9.92
10.28	7.225	0.0	67.371	25.53	-8.399	1.2	0.922	200.52	9.31	7.6	0.0	75.135	34.175	-13.722	12.2	0.0	256.511	8.87	7.912	0.0	80.13	27.419	-9.041	31.8	0.0	204.492	9.43	8.475	0.0	80.571	33.086	-2.217	28.0	0.0	200.424	9.49	9.037	0.0	74.967	13.47	-8.519	4.4	0.0	203.911	8.61	7.912	0.0	79.609	0.0	0.0	26.2	1.483	190.155	9.98	8.287	1.063	79.96	12.09	-14.541	48.2	1.86	188.605	9.1	8.6	0.0	77.89	27.637	-25.118	19.8	1.441	198.874	9.67	8.475	0.0	75.948	26.547	-24.848	26.0	1.416	167.585	8.84	8.037	0.0	82.626	18.192	-9.791	37.4	0.0	232.778	9.92
10.22	7.287	0.532	68.529	25.603	-8.389	1.2	0.0	208.658	9.23	7.412	0.532	76.261	34.974	-13.925	12.2	0.0	249.052	9.16	7.912	0.0	76.525	27.346	-9.09	31.8	1.693	202.748	9.44	8.475	0.0	80.622	33.158	-2.179	28.0	1.106	191.318	9.3	9.037	0.0	76.831	13.543	-8.581	4.4	0.0	209.82	8.74	7.662	0.0	78.185	0.0	0.0	26.2	1.902	202.07	9.94	8.287	1.063	78.94	12.526	-14.607	48.2	2.02	172.719	9.25	8.6	0.0	76.114	27.564	-25.005	19.8	1.542	189.962	10.04	8.6	0.0	72.933	25.893	-24.892	26.0	1.827	153.248	8.88	7.975	0.0	80.957	18.41	-9.808	37.4	0.0	244.015	9.92
9.99	7.1	0.532	68.918	26.256	-8.41	1.2	0.0	187.831	9.22	7.412	0.0	76.562	34.756	-13.628	12.2	0.0	260.87	9.13	7.85	0.0	76.745	26.983	-9.09	31.8	1.425	205.267	9.3	8.537	0.0	82.111	33.231	-2.275	28.0	1.299	193.546	9.26	8.975	0.0	76.116	13.47	-8.521	4.4	0.0	204.008	8.71	7.725	0.0	79.042	0.0	0.0	26.2	0.0	197.518	9.9	8.412	0.532	78.808	12.453	-14.37	48.2	1.182	183.471	9.15	8.537	0.0	76.749	27.637	-25.095	19.8	0.0	205.655	10.21	8.6	0.0	71.257	25.603	-25.118	26.0	0.0	176.4	8.94	7.912	0.0	81.381	18.265	-9.825	37.4	0.0	241.593	10.01
10.32	7.037	0.532	68.358	25.82	-8.37	1.2	1.022	230.841	9.32	7.6	0.0	75.519	35.41	-14.671	12.2	0.0	271.429	9.17	7.85	0.0	76.123	26.838	-9.104	31.8	1.584	215.535	9.21	8.287	0.0	82.162	33.013	-2.117	28.0	0.0	181.631	9.2	8.475	0.0	76.91	13.833	-8.481	4.4	1.064	207.786	8.74	7.662	0.0	77.064	0.0	0.0	26.2	0.0	187.734	9.94	8.475	0.0	77.645	12.38	-14.192	48.2	0.0	171.072	9.08	8.6	0.0	76.935	27.709	-24.779	19.8	1.676	199.455	10.14	8.662	0.0	71.482	26.184	-1.0	26.0	0.0	184.731	9.2	7.975	0.0	77.212	18.265	-9.783	37.4	0.0	234.134	10.06
10.4	7.162	1.595	68.101	25.603	-8.434	1.2	0.0	185.118	9.38	7.412	0.0	74.612	35.773	-13.458	12.2	0.0	249.633	9.0	7.787	0.0	78.117	26.765	-9.103	31.8	1.651	204.783	9.12	8.412	0.0	82.595	33.086	-2.234	28.0	0.0	175.237	9.39	8.662	0.0	75.33	13.615	-8.494	4.4	1.299	216.407	8.78	7.6	0.0	77.397	0.0	0.0	26.2	0.0	164.097	9.94	8.225	1.063	77.945	12.308	-14.333	48.2	0.0	168.069	9.02	8.6	0.0	77.449	26.983	-24.892	19.8	1.877	188.218	10.14	8.537	0.0	72.009	27.056	-24.643	26.0	0.0	172.913	9.38	8.037	0.0	76.722	18.338	-9.816	37.4	1.19	233.747	10.18
10.24	7.35	2.127	68.478	25.893	-8.438	1.2	0.0	244.984	9.41	7.6	0.0	73.923	34.902	-13.605	12.2	0.0	249.052	8.75	7.912	0.0	79.615	26.91	-9.048	31.8	0.0	183.375	9.1	8.475	0.0	83.232	33.013	-2.179	28.0	0.0	183.956	9.16	8.912	0.0	78.077	13.252	-8.531	4.4	0.0	195.774	8.78	8.162	0.0	77.022	0.0	0.0	26.2	0.0	184.924	10.02	8.287	0.532	77.21	12.162	-14.093	48.2	0.0	184.924	9.3	8.537	0.0	74.903	27.564	-25.095	19.8	0.0	186.959	10.26	8.537	0.0	70.176	26.547	-24.756	26.0	0.0	166.519	9.19	7.85	0.0	76.933	18.265	-9.708	37.4	0.0	249.44	9.92
10.41	7.412	1.595	66.518	25.603	-8.42	1.2	1.19	233.456	9.48	7.35	0.0	73.394	34.902	-13.675	12.2	0.0	265.811	8.86	7.725	0.0	78.359	27.201	-9.018	31.8	0.0	206.526	9.17	8.35	0.0	81.673	33.303	-2.438	28.0	0.0	189.768	9.22	8.475	0.0	76.588	13.107	-8.463	4.4	0.0	193.643	8.65	7.912	0.0	77.818	0.0	0.0	26.2	0.0	184.343	9.95	8.412	0.0	77.371	12.526	-13.995	48.2	1.282	175.819	9.18	8.662	0.0	76.099	27.491	-25.253	19.8	0.0	204.008	9.89	8.475	0.0	73.216	27.273	-25.073	26.0	0.0	159.06	9.18	7.912	0.0	77.558	18.628	-9.727	37.4	1.978	240.431	9.87
10.52	7.35	0.532	65.766	25.603	-8.413	1.2	0.0	198.971	9.28	7.287	0.0	75.256	35.12	-13.663	12.2	1.71	240.721	8.98	7.662	0.0	77.615	26.765	-9.011	31.8	0.0	201.392	9.86	8.6	0.0	75.606	33.158	-2.296	28.0	0.0	200.036	9.57	8.662	0.0	73.152	13.397	-8.572	4.4	0.93	206.72	8.89	7.975	0.0	76.442	0.0	0.0	26.2	0.0	197.518	9.69	8.412	1.063	79.7	12.526	-13.875	48.2	0.0	181.825	9.28	8.85	0.0	74.847	27.564	-25.32	19.8	0.0	214.373	10.1	8.412	0.0	71.368	27.273	-24.599	26.0	1.207	176.787	9.33	8.037	0.0	76.535	18.265	-9.698	37.4	0.0	248.277	10.02
10.41	7.037	1.595	66.984	25.385	-8.412	1.2	0.0	223.091	9.3	7.537	4.254	74.775	35.483	-13.537	12.2	1.978	251.474	9.06	7.912	0.0	76.73	26.91	-9.048	31.8	1.408	195.193	9.96	8.412	0.0	77.298	33.158	-2.196	28.0	0.0	188.605	9.26	8.662	0.0	75.761	13.325	-8.52	4.4	1.148	204.88	9.12	7.85	0.0	74.302	0.0	0.0	26.2	0.0	211.854	9.9	8.35	0.0	77.561	12.598	-13.923	48.2	0.0	179.5	9.18	8.475	0.0	75.21	27.564	-25.849	19.8	2.028	184.731	10.1	8.6	0.0	71.315	26.184	-24.892	26.0	0.0	152.086	9.76	7.912	0.0	72.25	18.265	-9.638	37.4	1.567	276.854	10.05
10.59	7.225	0.0	65.833	25.385	-8.399	1.2	0.0	214.373	9.3	7.6	2.127	74.416	34.974	-13.605	12.2	0.0	247.405	9.08	7.725	0.0	76.154	26.765	-8.997	31.8	1.919	208.561	9.68	8.537	0.0	79.304	33.158	-2.275	28.0	0.0	191.705	9.22	8.412	0.0	75.778	13.397	-8.465	4.4	1.089	199.455	8.79	7.912	0.0	76.421	0.0	0.0	26.2	0.0	183.956	9.94	8.35	1.595	76.764	12.453	-14.755	48.2	0.0	152.957	9.08	8.6	0.0	76.18	27.709	-25.005	19.8	0.0	188.218	10.18	8.475	0.0	70.214	26.765	-24.734	26.0	0.0	165.841	9.41	7.975	0.0	75.334	18.41	-9.679	37.4	1.994	228.903	10.02
10.47	7.037	0.0	66.501	25.82	-8.37	1.2	0.0	179.887	9.23	7.35	0.0	75.246	35.192	-12.865	12.2	1.743	261.452	9.0	7.85	0.0	77.044	27.201	-8.991	31.8	1.584	207.979	9.21	8.287	0.0	81.683	33.158	-2.192	28.0	0.0	188.605	9.26	8.725	0.0	75.405	13.615	-8.553	4.4	0.913	208.27	8.72	7.85	0.0	76.658	0.0	0.0	26.2	0.0	194.611	9.86	8.225	0.532	77.953	12.017	-13.781	48.2	1.601	172.331	9.08	8.475	0.0	76.028	26.91	-25.185	19.8	0.0	182.212	10.02	8.287	0.0	71.696	26.983	-24.328	26.0	1.391	165.357	9.23	7.787	0.0	78.117	18.192	-9.633	37.4	0.0	240.915	10.04
10.42	7.162	1.063	66.685	25.966	-8.375	1.2	0.0	177.272	9.18	7.35	0.532	75.795	34.902	-13.502	12.2	1.064	256.317	9.2	7.6	0.0	75.265	26.838	-8.954	31.8	1.483	207.204	9.3	8.412	0.0	80.006	33.013	-2.346	28.0	0.997	194.03	9.34	8.537	0.0	74.988	13.252	-8.54	4.4	0.0	191.899	8.92	8.037	0.0	74.722	0.0	0.0	26.2	1.14	180.372	10.0	8.287	0.532	76.473	12.598	-13.971	48.2	1.508	174.172	9.04	8.6	0.0	76.297	27.637	-25.342	19.8	0.0	169.813	9.88	8.475	0.0	72.849	25.893	-24.621	26.0	1.366	168.457	8.97	7.787	0.0	79.737	17.974	-9.654	37.4	1.919	216.407	9.84
10.35	7.162	1.595	66.094	25.603	-8.392	1.2	0.0	190.737	8.94	7.037	0.0	77.457	35.41	-13.502	12.2	0.0	220.379	8.73	7.787	0.0	78.727	26.983	-8.948	31.8	0.0	196.161	8.94	8.225	0.0	83.549	33.158	-2.171	28.0	1.207	184.731	9.3	8.287	0.0	75.541	13.325	-8.537	4.4	0.0	194.03	8.58	7.787	0.0	77.33	0.0	0.0	26.2	0.0	182.406	9.74	8.287	0.532	78.376	12.744	-14.093	48.2	1.215	165.841	9.07	8.537	0.0	75.823	26.91	-24.87	19.8	0.0	190.059	10.17	8.412	0.0	70.798	26.692	-24.258	26.0	1.684	159.545	8.9	7.6	0.0	80.234	18.047	-9.587	37.4	2.011	231.131	9.97
10.28	7.225	0.532	66.275	25.82	-8.382	1.2	0.0	193.933	8.86	7.35	2.127	78.681	35.12	-12.577	12.2	1.441	239.946	8.6	7.662	0.0	79.875	26.983	-8.983	31.8	0.0	196.355	8.88	8.225	0.0	83.793	33.158	-2.022	28.0	0.0	188.993	9.3	8.475	0.0	74.903	13.034	-8.61	4.4	0.0	200.811	8.52	7.6	0.0	77.566	0.0	0.0	26.2	0.0	180.372	9.8	8.35	1.063	78.215	12.162	-14.105	48.2	1.341	170.781	9.27	8.412	0.0	74.64	27.273	-25.496	19.8	0.0	189.768	9.95	8.35	0.0	72.103	27.201	-23.204	26.0	1.349	195.483	8.93	7.85	0.0	79.434	18.265	-9.538	37.4	2.053	224.544	9.83
10.38	7.225	0.0	68.26	25.893	-8.382	1.2	0.0	238.009	8.65	7.6	2.659	80.3	35.483	-13.548	12.2	0.0	274.335	8.75	7.6	0.0	79.884	27.346	-8.982	31.8	1.433	223.382	9.59	8.787	0.0	77.695	33.086	-2.206	28.0	1.71	218.054	9.18	8.662	0.0	76.957	13.397	-8.615	4.4	0.964	224.544	8.62	7.85	0.0	78.776	0.0	0.0	26.2	0.0	213.307	9.62	8.35	0.532	80.199	12.598	-14.357	48.2	0.0	187.637	9.26	8.475	0.0	74.818	27.346	-25.519	19.8	0.0	208.27	9.67	8.412	0.0	74.876	27.056	-23.914	26.0	0.947	203.717	8.76	7.975	0.0	81.988	18.12	-9.605	37.4	0.0	234.522	10.69
10.46	7.225	0.0	68.085	25.603	-8.374	1.2	0.0	212.92	8.85	7.412	19.142	78.431	35.12	-13.402	12.2	0.0	248.665	8.98	7.85	0.0	78.063	27.201	-8.977	31.8	2.112	226.385	10.16	8.85	0.0	73.712	33.086	-2.264	28.0	0.0	194.708	9.44	8.725	0.0	74.624	13.034	-8.614	4.4	0.0	238.978	9.34	7.975	0.0	73.909	0.0	0.0	26.2	1.14	198.68	10.67	8.662	0.532	71.849	12.235	-14.166	48.2	0.0	183.084	9.27	8.662	0.0	75.458	26.983	-25.587	19.8	0.905	216.698	9.93	8.35	0.0	72.78	27.273	-24.35	26.0	1.173	150.245	9.4	7.975	0.0	75.459	18.192	-9.615	37.4	0.0	251.668	10.92
9.52	7.162	1.063	72.098	25.748	-8.401	1.2	0.0	191.027	8.6	7.35	0.0	80.652	34.974	-13.502	12.2	1.902	220.379	8.8	7.6	0.0	80.09	26.91	-8.968	31.8	0.0	197.614	9.76	8.35	0.0	77.632	33.013	-2.213	28.0	0.0	199.455	9.02	8.6	0.0	78.245	13.252	-8.582	4.4	0.0	198.196	9.55	7.725	0.0	71.657	0.0	0.0	26.2	0.0	193.158	10.86	8.537	0.0	71.409	12.38	-14.591	48.2	0.955	173.203	9.37	8.537	0.0	74.968	27.056	-25.542	19.8	0.0	196.161	10.02	8.475	0.0	72.484	26.765	-24.507	26.0	1.802	185.312	9.44	7.975	0.0	76.204	18.265	-9.605	37.4	1.014	265.714	9.7
