5.85	4.1	0.532	80.777	24.658	-14.067	34.8	0.0	207.495	4.5	3.913	0.0	81.274	32.432	-7.825	28.8	0.0	200.133	5.2	4.6	0.0	79.962	23.568	-13.591	0.0	0.972	210.498	6.1	5.85	0.0	80.523	30.906	-0.718	35.0	1.341	186.087	5.67	6.037	0.0	81.589	10.564	-9.22	0.0	1.064	206.72	5.76	5.037	0.0	81.397	0.0	0.0	0.2	0.0	207.398	6.24	5.35	1.595	80.961	9.038	-1.0	0.0	1.089	180.856	5.33	5.412	0.0	80.278	26.256	-10.616	31.6	0.0	207.979	6.27	5.225	0.0	78.752	20.808	-9.583	0.0	0.0	152.57	5.34	4.725	0.0	82.987	9.402	-1.0	37.2	0.913	209.045	6.13
5.84	3.975	1.063	81.012	25.167	-14.176	34.8	1.684	203.136	4.52	4.35	0.0	81.349	32.504	-7.878	28.8	0.989	212.629	5.14	4.725	0.0	80.64	23.496	-13.376	0.0	0.0	212.435	5.88	5.725	0.0	81.188	30.688	-0.854	35.0	1.156	128.546	5.49	6.1	0.0	83.045	11.073	-9.254	0.0	1.341	206.623	5.66	4.912	0.0	81.28	0.0	0.0	0.2	0.98	160.32	6.36	5.225	0.532	79.258	9.329	-1.0	0.0	0.0	180.759	5.33	5.35	0.0	79.896	26.329	-10.686	31.6	0.0	207.979	6.12	5.35	0.0	79.011	20.59	-9.585	0.0	0.0	138.814	5.3	4.725	0.0	83.579	9.184	-1.0	37.2	0.0	236.072	6.0
5.86	4.225	0.532	81.017	25.385	-14.223	34.8	1.701	186.281	4.53	4.037	0.0	81.398	32.722	-7.872	28.8	0.955	194.418	5.14	4.787	0.0	81.703	23.714	-13.809	0.0	0.0	187.056	5.8	5.725	0.0	82.301	31.051	-1.168	35.0	1.198	167.682	5.5	6.037	0.0	83.094	11.073	-9.22	0.0	1.911	204.783	5.54	4.725	0.0	82.405	0.0	0.0	0.2	0.0	187.734	6.18	5.412	0.532	80.589	8.675	-1.0	0.0	0.0	180.856	5.4	5.037	0.0	79.094	26.329	-10.67	31.6	0.0	207.979	6.16	5.475	0.0	78.85	20.154	-9.628	0.0	0.0	138.814	5.25	4.85	0.0	83.752	8.748	-1.0	37.2	1.039	236.072	6.04
5.84	4.1	2.659	80.679	24.585	-14.067	34.8	1.768	188.315	4.54	4.162	0.0	80.859	32.577	-7.859	28.8	0.947	195.483	5.06	4.662	0.0	83.084	24.004	-13.786	0.0	1.215	203.62	5.76	5.475	0.0	82.783	30.761	-0.982	35.0	0.0	167.585	5.49	6.1	0.0	83.185	11.218	-9.254	0.0	1.718	204.88	5.48	4.975	0.0	82.811	0.0	0.0	0.2	0.0	165.163	6.44	5.725	0.0	79.638	9.256	-1.0	0.0	1.55	195.193	5.37	5.225	0.0	78.894	26.547	-10.723	31.6	0.0	208.173	6.22	5.225	0.0	78.522	20.953	-9.583	0.0	0.0	150.923	5.2	5.037	0.0	83.855	8.893	-1.0	37.2	1.24	221.444	6.0
5.95	4.287	1.063	79.698	24.44	-14.234	34.8	1.835	184.731	4.6	4.225	0.532	80.541	32.795	-7.839	28.8	0.98	199.067	5.04	4.912	0.0	82.684	24.15	-13.467	0.0	1.307	192.383	5.72	5.725	0.0	82.867	30.979	-1.133	35.0	1.441	156.251	5.56	6.1	0.0	82.081	11.073	-9.193	0.0	1.735	205.655	5.37	5.037	0.0	83.596	0.0	0.0	0.2	0.0	175.819	6.25	5.725	0.0	81.082	8.53	-1.0	0.0	1.182	183.568	5.38	5.475	0.0	79.33	26.184	-10.758	31.6	0.0	208.27	6.25	5.475	0.0	78.162	20.953	-9.549	0.0	0.0	142.689	5.22	4.912	0.0	83.698	8.457	-1.0	37.2	1.014	221.929	5.99
5.98	4.1	0.532	79.801	24.44	-15.198	34.8	1.14	186.765	4.69	4.35	3.19	79.919	32.286	-7.904	28.8	0.0	199.939	5.04	4.85	0.0	82.405	23.568	-13.635	0.0	0.0	195.58	5.8	5.787	0.0	82.722	30.543	-1.119	35.0	1.249	160.998	5.62	6.037	0.0	82.213	11.073	-9.229	0.0	1.399	205.558	5.5	4.85	0.0	82.582	0.0	0.0	0.2	0.0	163.807	6.46	5.662	0.532	79.11	9.038	-1.0	0.0	1.366	190.155	5.51	5.35	0.0	78.026	26.184	-10.825	31.6	0.0	208.754	6.23	5.475	0.0	78.427	20.444	-9.628	0.0	0.0	156.057	5.36	5.037	0.0	83.108	9.038	-1.0	37.2	1.089	217.57	6.16
6.14	4.287	0.532	78.748	24.949	-14.101	34.8	0.0	208.27	4.79	4.6	1.063	79.151	32.359	-7.964	28.8	0.0	240.818	5.12	4.975	0.0	81.604	24.004	-13.78	0.0	0.0	201.586	5.75	5.725	0.0	82.967	30.252	-1.239	35.0	0.972	164.969	5.61	6.225	0.0	81.623	11.218	-9.243	0.0	0.0	205.267	5.52	5.037	0.0	82.423	0.0	0.0	0.2	0.0	169.038	6.32	5.35	0.0	80.381	9.038	-1.0	0.0	1.056	190.155	5.46	5.35	0.0	79.01	26.402	-10.797	31.6	0.0	207.979	6.19	5.537	0.0	78.662	20.444	-9.636	0.0	0.0	159.932	5.44	4.912	0.0	82.661	8.893	-1.0	37.2	0.0	217.57	6.04
6.19	4.162	8.508	77.929	24.295	-13.948	34.8	0.0	198.777	4.93	4.6	1.595	77.826	32.722	-7.92	28.8	1.45	246.534	5.18	5.037	0.0	81.241	24.367	-13.608	0.0	0.0	201.78	5.78	5.6	0.0	82.437	30.979	-1.058	35.0	0.0	164.194	5.76	6.287	0.0	80.375	11.073	-9.233	0.0	0.0	205.558	5.5	5.1	0.0	82.302	0.0	0.0	0.2	0.0	169.522	6.34	5.412	0.532	79.713	8.893	-1.0	0.0	1.056	190.155	5.5	5.537	0.0	78.438	26.111	-10.582	31.6	0.0	207.979	6.2	5.475	0.0	78.591	20.59	-9.628	0.0	0.0	133.68	5.51	5.1	0.0	81.103	9.329	-1.0	37.2	0.0	257.189	6.05
6.1	4.35	0.532	78.739	24.585	-14.047	34.8	1.173	195.58	4.99	4.537	0.0	77.326	32.577	-7.931	28.8	1.399	243.628	5.24	5.1	0.0	80.9	24.15	-13.501	0.0	1.224	208.367	5.77	5.787	0.0	82.598	30.688	-1.224	35.0	0.0	164.194	5.74	6.162	0.0	80.107	11.0	-9.184	0.0	1.534	204.492	5.48	4.85	0.0	82.157	0.0	0.0	0.2	0.0	169.91	6.34	5.662	0.0	79.423	8.966	-1.0	0.0	0.0	190.349	5.48	5.412	0.0	77.97	26.329	-10.668	31.6	0.0	207.979	6.27	5.537	0.0	77.676	20.88	-9.622	0.0	0.0	150.245	5.62	5.1	0.0	80.439	9.256	-1.0	37.2	0.0	306.302	6.06
6.08	4.162	1.595	78.589	25.167	-14.078	34.8	1.433	189.284	4.94	4.6	0.0	78.048	32.577	-7.929	28.8	0.0	231.228	5.16	4.975	0.0	81.165	23.932	-13.537	0.0	1.056	179.209	5.76	5.725	0.0	82.057	30.397	-1.868	35.0	0.0	164.388	5.68	6.162	0.0	81.284	11.0	-9.218	0.0	1.492	202.942	5.5	5.162	0.0	81.903	0.0	0.0	0.2	0.0	168.36	6.28	5.475	1.063	80.012	9.038	-1.0	0.0	0.0	190.349	5.52	5.537	0.0	77.93	26.329	-10.91	31.6	0.0	208.173	6.22	5.475	0.0	77.69	20.88	-9.614	0.0	0.0	139.299	5.6	4.85	0.0	80.863	8.603	-1.0	37.2	0.0	234.619	6.16
6.04	4.037	0.0	79.017	24.949	-13.926	34.8	1.064	186.281	4.91	4.412	0.0	78.163	32.867	-7.884	28.8	0.0	225.803	5.18	4.975	0.0	81.146	23.859	-13.843	0.0	1.249	196.355	5.76	5.6	0.0	82.479	30.979	-1.163	35.0	1.148	167.972	5.72	6.1	0.0	80.581	10.782	-9.193	0.0	1.383	194.999	5.52	5.225	0.0	81.931	0.0	0.0	0.2	0.0	172.138	6.22	5.35	0.532	79.951	8.748	-1.0	0.0	0.0	190.446	5.4	5.537	0.0	78.852	26.402	-10.795	31.6	0.0	201.78	6.21	5.475	0.0	77.712	20.517	-9.614	0.0	0.0	139.202	5.54	4.975	0.0	81.889	9.256	-1.0	37.2	0.0	216.117	6.14
6.0	4.037	0.532	79.033	24.658	-13.99	34.8	1.374	160.513	4.87	4.225	0.0	78.566	32.867	-1.879	28.8	0.0	226.385	5.25	4.975	0.0	80.807	24.004	-13.248	0.0	1.232	212.145	5.92	5.85	0.0	81.528	30.397	-1.244	35.0	1.391	182.406	5.66	6.225	0.0	81.351	10.927	-9.217	0.0	1.24	188.799	5.56	5.037	0.0	81.517	0.0	0.0	0.2	1.182	179.112	6.2	5.475	1.595	80.139	8.821	-1.0	0.0	0.0	188.605	5.38	5.475	0.0	78.678	26.547	-10.843	31.6	0.0	198.971	6.26	5.475	0.0	77.919	20.372	-9.656	0.0	0.0	146.758	5.46	4.725	0.0	82.339	8.966	-1.0	37.2	0.93	206.43	5.94
5.96	4.225	0.0	79.363	25.021	-13.96	34.8	1.383	158.576	4.8	3.913	0.532	79.202	32.504	-7.885	28.8	0.0	226.288	5.24	5.1	0.0	81.018	24.077	-13.62	0.0	1.559	202.361	5.86	5.725	0.0	82.385	30.47	-1.168	35.0	1.45	180.275	5.62	6.225	0.0	81.507	11.0	-9.209	0.0	1.55	189.38	5.56	5.037	0.0	81.823	0.0	0.0	0.2	1.048	185.118	6.18	5.412	1.595	80.23	9.547	-1.0	0.0	1.5	173.009	5.44	5.225	0.0	78.424	26.111	-10.925	31.6	0.0	199.649	6.22	5.537	0.0	77.96	20.299	-9.531	0.0	0.0	144.82	5.37	4.85	0.0	82.645	9.038	-1.0	37.2	1.224	192.48	6.04
5.98	4.225	0.0	79.198	25.094	-13.96	34.8	1.634	152.086	4.76	4.287	0.0	79.553	32.795	-7.889	28.8	0.0	148.501	5.18	5.162	0.0	81.382	23.932	-13.512	0.0	1.777	186.668	5.85	5.787	0.0	83.083	30.688	-1.224	35.0	1.626	184.149	5.61	6.225	0.0	81.552	10.492	-9.175	0.0	1.592	190.737	5.54	4.85	0.0	82.591	0.0	0.0	0.2	1.299	189.671	6.19	5.6	0.0	80.663	8.966	-1.0	0.0	1.5	176.594	5.41	5.475	0.0	78.612	26.474	-10.843	31.6	1.031	204.105	6.22	5.6	0.0	78.205	20.59	-9.617	0.0	0.0	151.311	5.31	5.1	0.0	82.841	8.748	-1.0	37.2	1.575	188.121	6.02
5.94	4.287	0.532	79.551	25.094	-14.234	34.8	1.651	174.656	4.72	4.225	2.659	80.093	32.722	-7.865	28.8	0.0	140.074	5.2	5.225	0.0	81.34	23.932	-14.277	0.0	1.71	200.23	5.82	5.975	0.0	82.89	30.761	-1.18	35.0	1.433	182.793	5.58	6.1	0.0	83.113	10.782	-9.21	0.0	1.55	198.874	5.52	5.225	0.0	82.587	0.0	0.0	0.2	1.274	177.659	6.22	5.6	0.532	80.574	8.821	-1.0	0.0	1.508	164.097	5.38	5.537	0.0	79.282	26.692	-10.91	31.6	0.964	179.887	6.29	5.6	0.0	77.73	20.517	-9.644	0.0	0.0	146.951	5.3	5.1	0.0	83.001	8.457	-1.0	37.2	1.726	187.831	6.03
5.94	4.412	0.532	79.96	25.167	-13.994	34.8	1.626	176.884	4.7	4.287	0.0	80.326	32.722	-7.863	28.8	0.0	140.267	5.21	5.1	0.0	81.177	23.641	-13.56	0.0	1.525	214.857	5.76	5.912	0.0	82.573	30.761	-1.194	35.0	1.559	174.269	5.56	6.225	0.0	82.269	11.073	-9.434	0.0	1.584	202.845	5.45	5.225	0.0	83.129	0.0	0.0	0.2	1.19	175.722	6.1	5.662	0.0	81.617	9.256	-1.0	0.0	1.24	161.094	5.3	5.537	0.0	80.009	26.62	-10.633	31.6	0.0	173.106	6.24	5.6	0.0	78.453	20.735	-9.644	0.0	0.0	133.777	5.25	5.162	0.0	83.221	8.966	-1.0	37.2	1.592	197.421	6.06
5.92	4.412	1.063	80.028	24.077	-13.93	34.8	1.224	179.597	4.66	4.537	0.532	80.791	32.65	-7.957	28.8	0.0	239.172	5.15	5.162	0.0	81.916	24.077	-13.28	0.0	1.475	205.558	5.72	6.037	0.0	83.285	30.47	-1.341	35.0	1.215	172.041	5.54	6.287	0.0	82.778	10.782	-9.233	0.0	1.651	193.255	5.46	5.6	0.0	83.038	0.0	0.0	0.2	1.006	176.497	6.28	5.537	0.0	79.651	9.038	-1.0	0.0	1.148	160.998	5.32	5.6	0.0	79.269	26.62	-10.948	31.6	0.0	171.847	6.2	5.6	0.0	78.883	20.662	-9.644	0.0	0.0	156.057	5.26	5.162	0.0	83.501	8.966	-1.0	37.2	1.24	197.421	6.04
5.94	4.35	0.532	80.248	25.167	-14.246	34.8	1.366	174.172	4.64	4.475	0.0	80.858	32.795	-7.951	28.8	0.0	171.75	5.18	5.225	0.0	81.829	23.568	-13.703	0.0	1.835	203.911	5.76	6.1	0.0	83.757	30.833	-1.079	35.0	1.123	175.044	5.56	6.35	0.0	82.736	11.218	-9.215	0.0	1.517	193.643	5.41	5.225	0.0	83.905	0.0	0.0	0.2	0.0	179.209	6.32	5.725	1.063	79.973	9.111	-1.0	0.0	0.0	160.61	5.38	5.475	0.0	79.306	26.547	-10.991	31.6	0.0	182.309	6.2	5.662	0.0	78.591	20.372	-9.638	0.0	0.0	154.895	5.2	5.225	0.0	83.625	8.603	-1.0	37.2	1.299	196.646	6.0
5.96	4.412	0.0	79.676	25.312	-14.059	34.8	0.0	173.978	4.72	4.475	0.0	80.045	32.795	-7.925	28.8	0.0	159.351	5.3	5.225	0.0	80.7	23.714	-13.764	0.0	1.684	215.148	5.84	6.162	0.0	83.29	30.979	-1.418	35.0	1.257	194.515	5.62	6.287	0.0	82.236	11.363	-9.199	0.0	1.358	193.643	5.46	5.412	0.0	83.686	0.0	0.0	0.2	1.022	185.699	6.26	5.725	1.063	80.655	8.966	-1.0	0.0	0.0	164.485	5.4	5.6	0.0	79.118	26.402	-10.919	31.6	0.0	200.617	6.22	5.725	0.0	78.62	21.098	-9.701	0.0	0.0	112.563	5.27	5.35	0.0	83.572	8.457	-1.0	37.2	1.073	197.421	6.01
6.01	4.475	0.0	79.156	25.239	-14.202	34.8	0.913	167.488	4.78	4.725	0.0	79.461	32.577	-7.951	28.8	0.0	140.849	5.22	5.225	0.0	81.085	23.786	-13.464	0.0	0.905	208.367	5.94	6.287	0.0	82.216	30.543	-1.317	35.0	1.022	195.193	5.62	6.412	0.0	81.86	10.782	-9.248	0.0	1.039	193.643	5.5	5.225	0.0	83.048	0.0	0.0	0.2	0.0	186.474	6.21	5.6	0.532	80.715	8.748	-1.0	0.0	0.0	164.582	5.44	5.475	0.0	79.006	26.692	-10.901	31.6	0.0	202.845	6.16	5.725	0.0	79.068	20.953	-9.58	0.0	0.0	114.791	5.28	5.225	0.0	83.181	9.329	-1.0	37.2	0.0	197.421	6.02
6.1	4.475	0.532	78.325	24.585	-14.006	34.8	0.0	165.744	4.84	4.787	1.595	79.21	32.795	-7.931	28.8	0.0	137.361	5.22	5.225	0.0	80.015	24.077	-13.642	0.0	0.0	209.142	5.82	6.162	0.0	82.983	30.47	-1.347	35.0	0.997	193.158	5.64	6.287	0.0	82.311	10.782	-9.208	0.0	0.0	193.643	5.5	5.162	0.0	82.559	0.0	0.0	0.2	0.0	186.377	6.26	5.662	0.0	80.535	8.748	-1.0	0.0	0.0	164.679	5.61	5.725	0.0	77.116	26.692	-11.421	31.6	0.0	202.264	6.17	5.725	0.0	78.925	21.026	-9.632	0.0	0.0	126.221	5.36	5.412	0.0	83.061	8.966	-1.0	37.2	0.0	197.905	6.14
6.28	4.412	0.532	76.616	24.876	-14.191	34.8	0.0	196.646	4.96	4.662	0.0	77.93	32.65	-7.918	28.8	0.0	137.458	5.22	5.225	0.0	80.539	24.15	-13.464	0.0	0.0	205.267	5.88	6.162	0.0	82.46	30.543	-1.205	35.0	0.972	193.255	5.76	6.35	0.0	79.656	11.145	-9.241	0.0	0.0	193.643	5.51	5.225	0.0	82.14	0.0	0.0	0.2	0.0	186.668	6.42	5.787	0.0	78.858	8.893	-1.0	0.0	0.939	167.488	5.64	5.412	0.0	77.073	26.111	-11.012	31.6	0.0	202.458	6.22	5.725	0.0	78.18	20.372	-9.805	0.0	0.0	126.512	5.34	5.412	0.0	82.591	8.748	-1.0	37.2	0.0	197.13	6.24
6.2	4.537	0.0	78.102	25.021	-13.401	34.8	0.0	199.455	4.96	4.787	2.127	78.343	32.65	-7.983	28.8	0.0	137.361	5.22	5.412	0.0	80.23	24.15	-13.381	0.0	0.0	204.686	5.88	6.35	0.0	81.472	30.761	-1.301	35.0	0.0	193.158	5.71	6.475	0.0	81.409	11.073	-9.248	0.0	0.0	194.03	5.64	5.475	0.0	81.275	0.0	0.0	0.2	0.0	186.377	6.28	5.6	0.0	80.372	9.038	-1.0	0.0	0.0	167.294	5.58	5.6	0.0	77.674	26.402	-10.695	31.6	0.0	203.136	6.3	5.85	0.0	77.781	20.808	-10.005	0.0	0.0	170.394	5.46	5.412	0.0	81.517	8.748	-1.0	37.2	0.0	197.518	6.14
6.19	4.287	1.063	78.1	25.094	-14.101	34.8	0.0	199.455	4.92	4.725	0.0	78.067	32.722	-7.916	28.8	0.0	137.264	5.27	5.412	0.0	79.978	23.568	-13.498	0.0	0.0	200.424	5.9	6.412	0.0	83.42	30.397	-1.322	35.0	0.0	193.255	5.69	6.35	0.0	82.58	10.782	-9.224	0.0	0.0	193.933	5.66	5.475	0.0	81.114	0.0	0.0	0.2	0.0	186.862	6.29	5.787	1.595	80.853	9.038	-1.0	0.0	0.905	170.685	5.57	5.662	0.0	78.38	26.402	-11.08	31.6	0.0	202.555	6.32	5.85	0.0	77.539	20.299	-9.675	0.0	0.0	163.613	5.52	5.412	0.0	82.119	9.038	-1.0	37.2	0.0	197.421	6.23
6.12	4.287	0.0	78.598	24.731	-13.971	34.8	0.0	199.358	4.92	4.662	0.532	78.891	32.722	-7.927	28.8	0.0	137.555	5.26	5.162	0.0	80.119	23.423	-13.512	0.0	0.0	200.23	5.99	6.412	0.0	80.499	30.833	-1.143	35.0	0.98	193.158	5.73	6.287	0.0	81.697	11.145	-9.233	0.0	0.0	193.643	5.6	5.537	0.0	82.278	0.0	0.0	0.2	0.0	187.443	6.32	5.662	1.063	79.925	9.184	-1.0	0.0	0.0	170.781	5.54	5.6	0.0	77.861	26.547	-11.04	31.6	0.0	202.555	6.28	5.787	0.0	78.12	20.227	-9.709	0.0	0.0	156.348	5.49	5.6	0.0	82.626	8.966	-1.0	37.2	0.0	197.324	6.18
6.11	4.537	0.0	78.278	24.876	-13.953	34.8	0.0	178.047	4.92	4.475	0.0	79.493	32.722	-7.908	28.8	0.0	137.458	5.28	5.225	0.0	80.124	25.312	-13.406	0.0	0.0	200.036	5.92	6.35	0.0	83.1	30.761	-1.301	35.0	0.0	193.062	5.66	6.537	0.0	82.198	11.0	-9.247	0.0	0.0	193.643	5.58	5.412	0.0	82.414	0.0	0.0	0.2	0.0	186.571	6.32	5.725	5.849	80.045	8.675	-1.0	0.0	0.0	170.781	5.46	5.725	0.0	78.671	26.765	-11.152	31.6	0.0	202.748	6.22	5.787	0.0	78.546	20.372	-9.681	0.0	0.0	155.282	5.47	5.537	0.0	82.715	8.675	-1.0	37.2	0.0	197.518	6.2
6.07	4.475	0.0	78.757	25.239	-13.815	34.8	0.0	174.656	4.9	4.6	0.0	78.209	32.577	-7.912	28.8	0.0	137.361	5.3	5.225	0.0	79.985	24.004	-13.348	0.0	0.0	208.27	5.84	6.412	0.0	83.499	31.051	-1.464	35.0	0.0	193.158	5.67	6.537	0.0	82.552	10.637	-9.247	0.0	0.0	193.643	5.6	5.412	0.0	82.278	0.0	0.0	0.2	0.0	185.796	6.3	5.725	1.063	79.897	9.184	-1.0	0.0	0.0	171.072	5.54	5.412	0.0	77.763	26.547	-11.305	31.6	0.0	202.555	6.2	5.975	0.0	78.785	20.372	-9.678	0.0	0.0	154.895	5.48	5.225	0.0	83.113	9.256	-1.0	37.2	0.0	197.518	6.17
6.04	4.412	2.659	79.308	25.094	-13.93	34.8	0.0	174.559	4.92	4.725	0.0	77.433	32.795	-7.916	28.8	0.0	234.716	5.26	5.412	0.0	80.786	23.568	-13.498	0.0	0.0	199.649	5.83	6.287	0.0	83.288	31.124	-1.53	35.0	0.0	193.255	5.62	6.412	0.0	82.913	11.0	-9.223	0.0	0.0	193.546	5.56	5.35	0.0	82.689	0.0	0.0	0.2	0.0	186.474	6.28	5.6	0.0	80.109	8.457	-1.0	0.0	0.0	170.975	5.52	5.725	0.0	78.539	26.402	-11.184	31.6	0.0	202.555	6.16	5.662	0.0	79.117	20.517	-9.652	0.0	0.0	155.282	5.42	5.6	0.0	83.561	8.603	-1.0	37.2	0.0	197.518	6.16
5.98	4.412	0.0	79.945	24.731	-13.866	34.8	0.0	174.269	4.86	4.537	0.0	80.148	32.722	-7.931	28.8	0.0	243.434	5.34	5.475	0.0	79.754	24.222	-13.509	0.0	1.039	212.629	5.88	6.35	0.0	84.108	31.124	-1.444	35.0	0.0	193.255	5.6	6.662	0.0	84.592	11.0	-9.254	0.0	0.0	193.643	5.61	5.412	0.0	82.257	0.0	0.0	0.2	0.0	183.375	6.28	5.725	1.063	80.3	9.184	-1.0	0.0	0.0	170.685	5.46	5.6	0.0	78.914	26.184	-11.299	31.6	0.0	202.845	6.2	5.787	0.0	78.956	20.953	-9.695	0.0	0.0	155.282	5.4	5.6	0.0	83.302	8.457	-1.0	37.2	0.0	197.905	6.09
6.08	4.162	0.532	77.684	24.44	-13.884	34.8	0.0	174.463	4.86	4.6	0.0	78.636	32.867	-7.955	28.8	0.0	244.209	5.28	5.412	0.0	80.838	23.568	-13.676	0.0	0.0	212.92	5.86	6.412	0.0	83.364	30.47	-1.25	35.0	0.0	193.255	5.62	6.662	0.0	83.261	10.492	-9.271	0.0	0.0	193.74	5.69	5.475	0.0	81.546	0.0	0.0	0.2	0.0	174.172	6.26	5.787	0.0	80.535	8.457	-1.0	0.0	0.0	170.975	5.38	5.6	0.0	79.667	26.474	-11.232	31.6	0.0	203.136	6.16	5.662	0.0	79.286	20.372	-9.665	0.0	0.0	152.957	5.36	5.412	0.0	83.778	8.821	-1.0	37.2	0.0	197.421	6.16
