6.88	-0.212	0.0	70.561	24.731	-11.049	34.8	0.0	102.488	5.81	0.412	0.0	70.171	34.03	-7.612	28.8	0.0	87.473	6.03	3.725	0.0	72.446	24.44	-9.767	0.0	0.0	115.275	6.68	3.288	0.0	73.346	30.833	-0.929	35.0	0.955	169.232	6.58	6.35	0.0	71.728	11.436	-9.119	0.0	0.0	94.932	6.2	2.975	0.0	74.343	0.0	0.0	0.2	0.0	68.293	6.92	4.1	1.595	74.516	10.056	-24.533	0.0	0.0	124.768	6.54	5.35	0.0	70.626	26.692	-11.066	31.6	0.0	133.099	6.66	4.225	0.0	74.817	21.825	-19.376	0.0	0.0	141.527	6.04	2.475	0.0	74.285	10.346	-24.686	37.2	0.0	123.025	6.58
6.83	-1.025	0.0	70.97	25.094	-11.015	34.8	0.0	102.682	5.7	0.163	0.0	70.15	33.521	-7.629	28.8	0.0	87.183	6.14	3.6	0.0	71.564	24.658	-9.787	0.0	0.0	117.019	6.64	3.163	0.0	73.491	30.833	-0.136	35.0	0.0	171.169	6.55	6.287	0.0	71.878	11.363	-9.119	0.0	0.0	95.611	6.2	2.913	0.0	75.326	0.0	0.0	0.2	0.0	68.003	6.84	4.037	1.063	74.677	9.547	-24.813	0.0	0.0	125.059	6.4	5.225	0.0	70.834	26.692	-11.143	31.6	0.0	133.099	6.89	3.913	0.0	72.926	21.68	-19.398	0.0	0.0	141.333	6.0	2.288	0.0	74.58	9.91	-23.651	37.2	0.0	123.025	6.41
6.78	-0.9	0.0	71.012	25.021	-11.071	34.8	0.0	102.488	5.61	0.163	1.063	70.759	33.521	-7.636	28.8	0.0	87.57	6.16	3.788	0.0	71.671	23.932	-9.757	0.0	0.0	124.575	6.61	3.225	0.0	73.229	31.269	-0.385	35.0	0.0	171.169	6.5	5.912	0.0	72.899	11.145	-9.106	0.0	0.0	96.773	6.16	3.163	0.0	74.789	0.0	0.0	0.2	0.0	68.39	6.88	4.1	0.532	74.584	9.474	-25.032	0.0	0.0	125.35	6.3	5.162	0.0	71.906	26.692	-11.167	31.6	0.0	133.002	7.02	4.037	0.0	72.436	22.115	-19.534	0.0	0.0	141.914	5.95	2.35	0.0	75.123	10.201	-1.0	37.2	0.0	122.928	6.4
6.83	-0.338	1.063	70.813	25.312	-11.227	34.8	0.0	102.682	5.5	-0.025	0.0	71.023	33.449	-7.619	28.8	0.0	87.377	6.12	3.725	0.0	72.051	24.513	-9.715	0.0	0.0	124.284	6.39	2.913	0.0	74.204	31.124	-0.153	35.0	0.0	170.588	6.46	6.412	0.0	73.148	11.581	-9.142	0.0	0.0	137.846	6.16	2.85	0.0	74.714	0.0	0.0	0.2	0.0	68.293	7.21	4.1	1.063	72.965	9.983	-1.0	0.0	0.0	125.156	6.43	5.037	0.0	71.387	26.256	-11.249	31.6	0.0	133.293	6.96	3.538	0.0	72.269	21.607	-19.818	0.0	0.0	141.721	5.94	2.35	0.0	75.046	10.056	-24.263	37.2	0.0	123.218	6.05
6.8	-0.212	0.0	71.433	25.603	-11.284	34.8	0.0	102.779	5.4	0.225	0.532	71.341	34.03	-7.658	28.8	0.0	87.183	6.19	3.725	0.0	71.548	24.295	-9.767	0.0	0.0	124.284	6.42	2.788	0.0	74.489	31.051	-0.242	35.0	0.0	170.007	6.47	6.35	0.0	72.224	11.073	-9.127	0.0	0.0	137.846	6.05	2.725	0.0	75.545	0.0	0.0	0.2	0.0	68.293	6.76	3.913	0.0	76.469	9.62	-24.672	0.0	0.0	125.156	6.43	5.1	0.0	71.465	26.474	-11.293	31.6	0.0	132.615	6.85	3.663	0.0	72.661	22.188	-19.54	0.0	0.0	141.624	5.99	2.225	0.0	74.704	9.91	-24.126	37.2	0.0	122.734	6.06
6.97	-0.525	1.063	70.762	24.731	-11.044	34.8	0.0	102.779	5.38	0.037	0.0	71.75	33.594	-7.601	28.8	0.0	87.28	6.01	3.725	0.0	72.236	23.932	-10.865	0.0	0.0	124.381	6.59	3.225	0.0	73.379	31.124	-0.287	35.0	0.0	170.588	6.39	6.475	0.0	72.595	11.363	-9.142	0.0	0.0	138.136	6.21	2.85	0.0	74.421	0.0	0.0	0.2	0.0	68.293	6.7	3.725	1.063	75.757	9.474	-24.309	0.0	0.0	125.059	6.26	5.1	0.0	71.95	26.547	-11.435	31.6	0.0	133.196	6.69	3.538	0.0	73.476	22.043	-20.026	0.0	0.0	141.333	6.02	2.288	0.0	74.987	9.692	-24.34	37.2	0.0	123.025	6.16
6.96	-0.212	7.976	70.655	24.876	-11.76	34.8	0.0	102.973	5.3	-0.15	0.0	71.966	34.03	-7.592	28.8	0.0	87.086	6.46	3.788	0.0	70.453	24.367	-9.829	0.0	0.0	123.509	6.56	2.85	0.0	73.322	30.688	-0.262	35.0	0.0	170.394	6.4	6.1	0.0	72.262	11.944	-9.185	0.0	0.0	138.427	6.24	2.85	0.0	74.174	0.0	0.0	0.2	0.0	68.293	6.26	3.788	0.532	76.909	9.402	-24.43	0.0	0.0	125.446	6.27	5.1	0.0	71.926	26.692	-11.435	31.6	0.0	133.196	6.75	3.85	0.0	73.334	21.462	-19.588	0.0	0.0	142.302	5.92	2.413	0.0	74.689	9.983	-24.283	37.2	0.0	123.122	5.97
7.05	-0.275	0.532	70.462	25.53	-11.485	34.8	0.0	102.682	5.45	-0.025	0.532	71.583	33.449	-7.611	28.8	0.0	87.377	6.17	3.538	0.0	71.777	24.15	-9.744	0.0	0.0	119.634	6.62	2.475	0.0	72.846	31.197	-0.268	35.0	0.0	170.685	6.28	6.037	0.0	73.953	11.073	-9.082	0.0	0.0	138.136	6.29	2.538	0.0	73.879	0.0	0.0	0.2	0.0	68.293	6.34	3.475	0.0	76.629	10.128	-24.228	0.0	0.0	124.575	6.02	5.037	0.0	73.238	26.329	-11.573	31.6	0.0	131.937	6.7	3.663	0.0	73.299	22.043	-19.955	0.0	0.0	141.139	5.82	2.288	0.0	75.547	9.62	-24.719	37.2	0.0	123.122	6.11
6.92	-0.4	0.0	70.857	25.603	-11.178	34.8	0.0	102.585	5.36	-0.15	10.103	71.694	33.449	-7.607	28.8	0.0	86.989	6.14	3.475	0.0	72.468	24.15	-9.718	0.0	0.0	119.537	6.38	2.538	0.0	74.228	31.269	-0.032	35.0	0.0	170.685	6.34	6.037	0.0	73.456	11.508	-9.051	0.0	0.0	138.427	6.01	2.038	0.0	75.261	0.0	0.0	0.2	0.0	68.1	6.21	3.725	1.595	77.688	9.838	-23.9	0.0	0.0	125.059	6.1	4.85	0.0	72.793	26.692	-11.434	31.6	0.0	131.162	6.66	3.538	0.0	73.7	21.97	-19.714	0.0	0.0	141.236	5.93	2.413	0.0	75.37	10.201	-23.89	37.2	0.0	123.122	6.18
6.82	-0.713	0.532	71.411	25.239	-11.136	34.8	0.0	102.391	5.57	-0.087	2.659	71.244	33.812	-7.636	28.8	0.0	86.698	6.18	3.538	0.0	72.347	23.786	-9.873	0.0	0.0	119.247	6.24	2.225	0.0	74.452	31.124	-0.058	35.0	0.0	170.394	6.28	6.1	0.0	73.546	11.073	-9.066	0.0	0.0	138.039	5.87	2.475	0.0	75.882	0.0	0.0	0.2	0.0	68.39	6.26	3.85	0.532	78.067	9.62	-23.94	0.0	0.0	125.35	6.13	5.037	0.0	72.517	26.692	-11.573	31.6	0.0	131.549	6.6	4.037	0.0	73.942	22.188	-20.37	0.0	0.0	141.333	5.94	2.538	0.0	75.547	10.201	-24.225	37.2	0.0	122.928	6.18
6.71	-1.337	0.0	71.598	25.457	-11.466	34.8	0.0	103.748	5.6	0.1	0.0	70.913	33.594	-7.677	28.8	0.0	88.151	5.96	3.35	0.0	73.047	23.859	-9.756	0.0	0.0	119.634	6.24	2.163	0.0	75.785	30.688	0.0	35.0	0.0	170.781	6.24	6.1	0.0	74.882	10.927	-9.081	0.0	0.0	138.233	5.82	2.538	0.0	76.171	0.0	0.0	0.2	0.0	68.874	6.03	3.788	0.0	77.82	9.329	-24.329	0.0	0.0	125.156	6.18	4.912	0.0	72.269	26.62	-11.555	31.6	0.0	131.646	6.74	3.85	0.0	73.511	21.607	-20.426	0.0	0.0	141.624	5.92	2.413	0.0	75.718	10.274	-23.69	37.2	0.0	123.122	6.1
6.82	-0.275	1.063	71.567	25.385	-11.195	34.8	0.0	102.682	5.68	-0.087	1.063	70.486	33.449	-7.629	28.8	0.0	75.268	5.72	3.475	0.0	73.89	24.803	-9.754	0.0	0.0	119.247	6.37	2.6	0.0	74.428	30.833	-0.181	35.0	0.0	170.685	6.24	5.912	0.0	74.047	11.0	-9.029	0.0	0.0	138.039	5.76	2.475	0.0	76.357	0.0	0.0	0.2	0.0	68.1	6.24	4.037	1.595	78.013	9.62	-24.411	0.0	0.0	127.674	6.27	4.787	0.0	72.004	26.838	-11.979	31.6	0.0	131.452	6.43	3.85	0.0	74.668	21.897	-20.004	0.0	0.0	141.333	5.82	2.038	0.0	76.295	9.91	-23.773	37.2	0.0	123.122	6.11
6.8	-0.4	0.532	71.46	25.094	-11.1	34.8	0.0	102.585	5.51	-0.15	0.0	71.233	33.667	-7.638	28.8	0.0	87.086	5.92	3.6	0.0	73.6	24.077	-9.9	0.0	0.0	119.634	6.51	2.663	0.0	73.797	31.269	-0.137	35.0	0.0	170.394	6.16	5.975	0.0	73.903	10.782	-9.022	0.0	0.0	138.136	5.91	2.163	0.0	75.99	0.0	0.0	0.2	0.0	68.39	6.16	3.85	1.063	77.16	10.201	-23.836	0.0	0.0	127.674	6.07	5.037	0.0	72.864	26.256	-11.389	31.6	0.0	131.162	6.23	3.913	0.0	76.058	21.171	-20.442	0.0	0.0	140.074	5.8	2.225	0.0	76.291	10.419	-24.126	37.2	0.0	122.54	6.09
6.64	-0.463	0.532	72.154	24.658	-11.17	34.8	0.0	102.585	5.51	0.037	7.976	71.466	33.521	-7.702	28.8	0.0	88.151	5.82	3.35	0.0	73.58	24.367	-9.774	0.0	0.0	119.344	6.54	3.038	0.0	73.854	30.543	-0.454	35.0	0.0	170.394	6.12	6.037	0.0	74.326	11.581	-9.022	0.0	0.0	138.136	5.84	2.288	0.0	76.844	0.0	0.0	0.2	0.0	68.39	5.98	3.725	0.0	77.957	10.128	-24.207	0.0	0.0	127.771	6.06	4.85	0.0	72.76	26.474	-11.622	31.6	0.0	131.646	6.17	3.913	0.0	76.294	22.043	-19.398	0.0	0.0	132.13	5.8	2.1	0.0	76.316	9.91	-24.086	37.2	0.0	123.025	6.1
6.72	-0.838	1.595	71.963	25.457	-11.119	34.8	0.0	102.585	5.44	0.037	1.595	71.916	33.667	-7.664	28.8	0.0	87.473	5.9	3.85	0.0	72.83	24.513	-9.819	0.0	0.0	136.49	6.45	3.35	0.0	74.141	31.051	-0.426	35.0	0.0	170.394	6.12	5.912	0.0	74.377	11.363	-8.999	0.0	0.0	138.233	5.7	2.35	0.0	77.234	0.0	0.0	0.2	0.0	68.487	6.37	3.725	1.063	76.734	9.91	-24.309	0.0	0.0	127.674	6.04	5.037	0.0	72.961	26.474	-11.573	31.6	0.0	131.452	6.24	4.037	0.0	75.86	21.825	-20.265	0.0	0.0	132.324	5.76	2.225	0.0	76.382	9.91	-24.415	37.2	0.0	123.122	6.08
6.62	-0.838	0.0	72.357	24.731	-11.002	34.8	0.0	102.682	5.41	-0.212	0.0	72.039	33.521	-7.648	28.8	0.0	86.892	5.76	3.788	0.0	73.415	24.077	-9.793	0.0	0.0	135.133	6.5	3.288	0.0	74.252	30.47	-0.438	35.0	0.0	174.463	6.15	5.725	0.0	75.064	11.436	-8.956	0.0	0.0	137.846	6.01	2.725	0.0	76.061	0.0	0.0	0.2	0.0	68.293	6.58	3.788	0.532	75.38	9.765	-24.329	0.0	0.0	128.159	6.07	4.787	0.0	72.89	26.474	-11.612	31.6	0.0	131.452	6.18	4.037	0.0	76.57	21.752	-19.43	0.0	0.0	133.002	5.8	2.225	0.0	76.39	9.838	-24.028	37.2	0.0	123.025	6.27
6.51	-1.15	0.0	73.004	24.658	-11.076	34.8	0.0	102.391	5.41	-0.338	1.595	72.245	33.812	-7.644	28.8	0.0	87.28	5.74	3.413	0.0	73.945	24.44	-9.659	0.0	0.0	135.133	6.64	3.288	0.0	73.44	30.761	-0.34	35.0	1.064	178.725	6.05	5.787	0.0	75.094	11.073	-8.977	0.0	0.0	138.039	5.93	2.975	0.0	76.814	0.0	0.0	0.2	0.0	68.1	6.6	3.85	1.063	75.485	9.402	-24.451	0.0	0.0	130.193	5.98	4.85	0.0	72.897	26.402	-11.545	31.6	0.0	131.452	6.06	3.788	0.0	76.891	21.534	-19.366	0.0	0.0	132.421	5.74	2.038	0.0	76.576	9.983	-23.673	37.2	0.0	123.412	6.06
6.54	-1.337	0.0	72.805	25.53	-11.051	34.8	0.0	103.069	5.41	-0.4	0.0	71.936	33.667	-7.661	28.8	0.0	88.055	5.82	3.538	0.0	73.834	24.585	-9.816	0.0	0.0	135.23	6.69	2.85	0.0	73.143	31.197	-0.198	35.0	0.0	178.434	6.0	5.85	0.0	74.403	11.0	-9.022	0.0	0.0	138.039	5.68	2.538	0.0	78.087	0.0	0.0	0.2	0.0	72.459	6.74	3.913	1.063	74.808	10.128	-24.672	0.0	0.0	130.484	5.9	4.912	0.0	73.392	26.765	-11.593	31.6	0.0	131.452	6.24	3.6	0.0	76.085	21.68	-19.216	0.0	0.0	132.421	5.76	2.163	0.0	76.505	10.201	-24.008	37.2	0.0	122.928	6.3
6.58	-1.025	1.063	72.838	25.457	-11.093	34.8	0.0	102.488	5.32	-0.212	9.571	72.535	33.449	-7.64	28.8	0.0	86.892	5.86	3.163	0.0	73.486	23.859	-9.751	0.0	0.0	135.327	6.42	3.35	0.0	74.337	30.906	-0.525	35.0	1.048	178.628	5.92	5.85	0.0	75.618	11.073	-8.999	0.0	0.0	138.427	5.7	2.663	0.0	77.994	0.0	0.0	0.2	0.0	171.75	6.61	3.975	2.659	75.412	9.692	-24.492	0.0	0.0	131.549	5.92	4.85	0.0	73.32	26.474	-11.508	31.6	0.0	131.259	6.26	3.35	0.0	75.539	21.825	-19.769	0.0	0.0	132.615	5.8	2.288	0.0	76.464	9.474	-23.751	37.2	0.0	123.896	6.18
6.69	-1.15	1.063	72.68	25.53	-10.999	34.8	0.0	102.391	5.15	-0.212	2.659	72.96	33.667	-7.678	28.8	0.0	87.086	5.84	3.475	0.0	73.227	23.932	-9.944	0.0	0.0	135.133	6.22	3.163	0.0	75.23	31.487	-0.234	35.0	1.006	178.919	5.83	5.725	0.0	76.272	11.363	-8.941	0.0	0.0	137.749	5.59	2.85	0.0	77.799	0.0	0.0	0.2	0.0	171.75	6.6	3.913	0.532	75.259	9.62	-24.37	0.0	0.0	131.259	5.96	4.787	0.0	73.149	26.547	-11.536	31.6	0.0	131.549	6.28	3.35	0.0	75.869	22.115	-18.951	0.0	0.0	132.808	5.76	2.225	0.0	76.728	10.056	-24.126	37.2	0.0	123.8	5.84
6.62	-1.212	1.063	72.821	25.53	-10.991	34.8	0.0	102.585	5.2	-0.212	2.659	73.047	33.812	-7.625	28.8	0.0	87.086	5.68	3.35	0.0	73.501	24.44	-9.869	0.0	0.0	134.94	6.15	2.975	0.0	75.716	31.415	-0.303	35.0	0.0	178.919	5.84	5.725	0.0	75.876	11.436	-8.934	0.0	0.0	138.039	5.74	2.663	0.0	76.996	0.0	0.0	0.2	0.0	171.653	6.35	3.6	3.722	76.158	9.91	-24.569	0.0	0.0	131.743	6.0	4.725	0.0	72.978	26.692	-11.489	31.6	0.0	131.646	6.52	3.35	0.0	75.192	22.115	-18.651	0.0	0.0	132.421	5.61	2.038	0.0	77.165	10.201	-23.871	37.2	0.0	123.896	6.01
6.63	-1.462	0.0	72.771	25.603	-11.236	34.8	0.0	102.876	5.31	-0.212	0.0	72.558	33.739	-7.663	28.8	0.0	87.183	5.74	3.35	0.0	73.462	24.44	-9.83	0.0	0.0	135.908	6.04	2.85	0.0	75.718	30.615	-0.295	35.0	0.0	178.919	5.79	5.725	0.0	75.741	11.145	-8.934	0.0	0.0	138.233	5.74	2.475	0.0	76.675	0.0	0.0	0.2	0.0	171.556	6.3	3.6	0.532	76.471	10.128	-24.369	0.0	0.0	131.259	6.04	4.662	0.0	72.576	26.692	-11.442	31.6	0.0	131.452	6.58	3.788	0.0	74.37	21.825	-18.759	0.0	0.0	132.518	5.53	2.225	0.0	77.467	9.838	-23.632	37.2	0.0	123.509	5.84
6.56	-1.462	0.0	72.809	25.167	-10.957	34.8	0.0	102.488	5.19	-0.15	0.0	72.866	33.594	-7.736	28.8	0.0	86.698	5.72	3.163	0.0	73.687	24.367	-9.865	0.0	0.0	135.908	6.12	2.913	0.0	74.957	31.051	-0.38	35.0	1.081	179.306	5.8	5.787	0.0	75.992	11.436	-8.963	0.0	0.0	138.233	5.82	2.35	0.0	76.345	0.0	0.0	0.2	0.0	171.556	6.3	3.788	0.532	76.844	10.056	-24.43	0.0	0.0	131.452	6.02	4.725	0.0	72.546	26.692	-11.379	31.6	0.0	131.549	6.47	3.663	0.0	75.03	22.115	-18.628	0.0	0.0	135.811	5.65	2.1	0.0	76.952	10.419	-23.792	37.2	0.0	123.703	5.88
6.57	-1.275	1.063	72.502	25.239	-11.021	34.8	0.0	102.585	5.07	-0.15	2.127	72.97	33.521	-7.654	28.8	0.0	87.377	5.73	3.35	0.0	73.79	24.15	-9.888	0.0	0.0	135.908	6.14	3.163	0.0	75.639	30.761	-0.397	35.0	1.173	179.112	5.76	5.725	0.0	76.009	11.363	-8.934	0.0	0.0	138.136	5.56	2.788	0.0	78.207	0.0	0.0	0.2	0.0	171.556	6.4	3.475	4.254	76.069	10.201	-24.528	0.0	0.0	136.683	6.04	4.475	0.0	72.884	26.402	-11.306	31.6	0.0	131.452	6.32	3.913	0.0	75.752	21.825	-18.492	0.0	0.0	135.908	5.61	2.1	0.0	77.165	10.128	-1.0	37.2	0.0	123.896	6.19
6.59	-1.4	0.0	72.403	25.094	-11.004	34.8	0.0	102.779	4.88	-0.15	1.063	73.364	33.739	-7.638	28.8	0.0	86.602	5.67	3.35	0.0	74.032	24.44	-9.869	0.0	0.0	135.908	6.1	3.1	0.0	75.906	30.833	-0.507	35.0	1.039	179.209	5.7	5.662	0.0	76.567	11.291	-8.999	0.0	0.0	139.202	5.7	2.663	0.0	77.135	0.0	0.0	0.2	0.0	171.653	6.4	3.725	1.063	75.969	9.838	-24.51	0.0	0.0	137.846	6.06	4.85	0.0	72.657	26.402	-11.508	31.6	0.0	131.259	6.24	3.788	0.0	75.985	21.97	-18.265	0.0	0.0	135.908	5.68	2.163	0.0	76.711	9.547	-23.811	37.2	0.0	123.8	6.2
6.56	-1.587	0.0	72.757	25.094	-10.941	34.8	0.0	102.585	4.82	-0.212	0.0	74.034	33.449	-7.594	28.8	0.0	88.539	5.66	3.225	0.0	74.055	23.859	-10.06	0.0	0.0	135.424	5.93	3.413	0.0	76.715	31.415	-0.611	35.0	1.073	179.5	5.66	5.6	0.0	76.261	11.436	-8.941	0.0	0.0	138.039	5.68	2.475	0.0	77.155	0.0	0.0	0.2	0.0	171.75	6.49	3.538	2.659	75.537	9.547	-23.943	0.0	0.0	137.846	6.04	4.537	0.0	72.653	26.402	-11.315	31.6	0.0	131.259	6.34	3.663	0.0	75.631	22.115	-18.431	0.0	0.0	136.102	5.6	2.038	0.0	77.089	10.274	-23.171	37.2	0.0	123.8	6.1
6.54	-1.837	0.532	73.113	25.239	-10.946	34.8	0.0	102.682	4.74	-0.212	0.0	74.772	33.594	-7.602	28.8	0.0	86.989	5.92	3.6	0.0	73.294	23.932	-9.96	0.0	0.0	135.908	5.94	3.038	0.0	76.519	31.269	-0.454	35.0	1.064	179.306	5.68	5.662	0.0	76.563	11.0	-8.956	0.0	0.0	138.039	5.84	2.663	0.0	76.498	0.0	0.0	0.2	0.0	171.556	6.22	3.475	0.532	76.826	10.056	-24.528	0.0	0.0	138.33	6.06	4.537	0.0	72.349	26.547	-11.176	31.6	0.0	131.452	6.6	3.538	0.0	74.602	21.752	-17.821	0.0	0.0	135.908	5.57	1.975	0.0	76.984	9.983	-23.95	37.2	0.0	123.218	6.24
6.48	-1.15	0.532	73.203	25.239	-10.999	34.8	0.0	102.682	4.96	0.163	0.0	74.265	33.739	-7.565	28.8	0.0	86.698	5.92	3.475	0.0	73.167	24.367	-9.944	0.0	0.0	135.908	6.07	3.35	0.0	75.85	30.906	-0.492	35.0	1.215	181.728	5.82	5.537	0.0	75.572	11.0	-8.912	0.0	0.0	137.943	5.72	2.35	0.0	76.917	0.0	0.0	0.2	0.0	171.556	6.1	3.6	1.063	77.787	9.692	-24.369	0.0	0.0	160.029	5.84	4.725	0.0	73.202	26.765	-11.343	31.6	0.0	131.549	6.39	3.913	0.0	75.114	21.462	-18.492	0.0	0.0	135.715	5.6	2.163	0.0	76.744	9.547	-23.712	37.2	0.0	123.509	6.24
6.62	-0.963	0.0	72.821	24.731	-10.986	34.8	0.0	102.488	5.13	0.537	0.0	73.465	33.521	-7.695	28.8	0.0	87.086	6.03	3.725	0.0	72.702	24.004	-9.916	0.0	0.0	139.783	6.32	3.538	0.0	74.393	30.979	-0.619	35.0	1.324	188.896	5.9	5.725	0.0	75.564	11.291	-8.999	0.0	0.0	138.136	5.54	2.6	0.0	78.203	0.0	0.0	0.2	0.0	171.556	6.03	3.475	1.063	77.968	9.402	-1.0	0.0	0.0	159.545	5.84	4.662	0.0	73.584	26.474	-11.229	31.6	0.0	131.646	6.26	3.975	0.0	75.414	22.115	-18.408	0.0	0.0	144.82	5.52	1.975	0.0	77.416	10.346	-23.654	37.2	0.0	123.8	6.16
6.66	-1.025	1.063	72.674	25.094	-10.977	34.8	0.0	102.488	5.4	0.975	5.849	72.576	33.667	-7.721	28.8	0.0	84.277	5.79	3.475	0.0	73.115	24.367	-10.027	0.0	0.0	139.686	6.18	3.413	0.0	75.272	31.124	-0.545	35.0	1.207	188.896	5.82	5.6	0.0	76.096	11.0	-8.992	0.0	0.0	138.136	5.34	2.788	0.0	79.562	0.0	0.0	0.2	0.0	171.944	6.24	3.475	5.849	76.583	9.329	-24.429	0.0	0.0	159.545	6.06	4.6	0.0	72.606	26.692	-11.22	31.6	0.0	131.549	6.19	3.85	0.0	75.55	22.188	-17.799	0.0	0.0	139.008	5.41	1.788	0.0	78.223	9.765	-23.695	37.2	0.0	123.606	5.76
