-1.0	-9.963	0.0	0.0	24.513	-13.029	0.0	0.0	73.718	-5.71	-8.025	0.0	79.408	30.906	0.0	0.0	1.751	88.151	-4.46	-4.963	0.0	64.953	21.026	-1.0	0.0	1.014	105.685	-4.47	-7.338	0.0	68.114	0.0	-7.025	0.0	0.0	33.808	-5.3	-4.65	0.0	72.347	0.0	-1.0	32.4	0.0	71.877	-5.6	-5.713	0.0	69.454	0.0	0.0	0.0	0.0	68.584	-4.32	-5.463	1.595	68.346	0.0	-1.0	0.2	0.0	159.06	-4.28	-3.462	0.0	66.951	8.094	-1.0	0.6	0.0	177.659	-4.94	-5.713	0.0	65.125	18.919	0.0	0.2	0.0	236.944	-4.69	-7.338	0.0	67.538	11.654	-22.186	0.0	0.0	85.827	-4.6
-1.0	-10.213	1.063	0.0	24.295	-12.993	0.0	0.0	73.621	-5.84	-8.213	0.0	80.299	30.761	0.0	0.0	1.592	91.929	-4.47	-4.9	0.0	65.393	21.462	-1.0	0.0	0.0	105.104	-4.59	-7.713	0.0	68.547	0.0	-6.988	0.0	0.0	34.001	-5.29	-4.588	0.0	73.437	0.0	-1.0	32.4	0.0	71.684	-5.54	-5.4	0.0	68.388	0.0	0.0	0.0	0.0	68.874	-4.3	-5.4	3.722	68.477	0.0	-1.0	0.2	0.0	158.963	-4.14	-3.712	0.0	66.206	7.803	-1.0	0.6	0.0	177.95	-4.97	-5.65	0.0	66.154	18.556	0.0	0.2	0.0	237.428	-4.73	-7.713	0.0	66.585	11.508	-1.0	0.0	0.0	86.02	-4.5
-1.0	-10.088	0.532	0.0	23.859	-13.076	0.0	0.0	73.621	-5.77	-7.65	0.0	81.601	30.543	0.0	0.0	1.693	100.938	-4.48	-4.9	0.0	65.806	21.026	-1.0	0.0	0.0	135.908	-4.5	-7.588	0.0	67.651	0.0	-7.068	0.0	0.0	34.001	-5.14	-4.588	0.0	72.087	0.0	-1.0	32.4	0.0	72.555	-5.24	-5.65	0.0	67.662	0.0	0.0	0.0	0.0	68.584	-4.5	-5.4	3.19	69.821	0.0	-1.0	0.2	0.0	158.77	-4.06	-3.712	0.0	66.53	8.239	-1.0	0.6	0.0	177.756	-4.76	-5.275	0.0	66.656	18.701	0.0	0.2	0.0	237.331	-4.86	-7.775	0.0	67.174	11.508	-1.0	0.0	0.0	85.149	-4.31
-1.0	-9.838	0.0	0.0	24.222	-13.113	0.0	0.0	73.815	-5.35	-6.775	0.0	82.229	30.833	0.0	0.0	2.455	98.614	-4.44	-4.9	0.0	65.762	21.462	-1.0	0.0	1.316	118.666	-4.26	-6.963	0.0	66.853	0.0	-7.117	0.0	0.0	33.904	-5.14	-4.775	0.0	73.637	0.0	-1.0	32.4	0.0	72.168	-5.26	-5.4	0.0	67.836	0.0	0.0	0.0	0.0	69.552	-4.48	-5.4	0.0	70.647	0.0	-1.0	0.2	0.0	159.06	-4.2	-3.462	0.0	67.861	8.748	-1.0	0.6	0.0	177.465	-4.63	-4.963	0.0	66.937	18.338	0.0	0.2	0.0	237.815	-5.0	-7.588	0.0	68.139	11.291	-1.0	0.0	0.0	84.761	-4.38
-1.0	-9.65	0.532	0.0	24.367	-13.273	0.0	0.0	79.046	-5.3	-6.9	0.0	81.713	30.906	0.0	0.0	2.187	100.938	-4.36	-4.838	0.0	66.061	21.462	-1.0	0.0	0.989	118.472	-4.33	-7.025	0.0	68.37	0.0	-7.105	0.0	0.0	34.001	-5.28	-4.775	0.0	73.511	0.0	-1.0	32.4	0.0	72.168	-5.06	-4.963	0.0	67.417	0.0	0.0	0.0	0.0	68.196	-4.14	-5.15	0.532	68.533	0.0	-1.0	0.2	0.0	158.77	-3.94	-3.462	0.0	66.501	8.457	-1.0	0.6	0.0	178.047	-4.16	-4.775	0.0	65.294	18.628	0.0	0.2	0.0	185.506	-5.04	-7.463	0.0	67.421	11.291	-21.744	0.0	0.0	84.955	-4.1
-1.0	-10.9	0.0	0.0	24.077	-12.96	0.0	0.0	78.949	-5.26	-7.275	0.0	79.986	30.543	0.0	0.0	1.936	98.614	-4.52	-4.838	0.0	65.902	21.244	-1.0	0.0	0.0	118.859	-4.18	-6.588	0.0	68.17	0.0	-7.084	0.0	0.0	33.808	-5.32	-4.713	0.0	73.383	0.0	-1.0	32.4	0.0	72.362	-5.06	-5.4	0.0	67.9	0.0	0.0	0.0	0.0	68.681	-4.14	-5.213	1.063	69.466	0.0	-1.0	0.2	0.0	158.866	-4.06	-3.4	0.0	67.352	8.457	-1.0	0.6	0.0	177.756	-4.28	-4.963	0.0	65.324	19.064	0.0	0.2	0.0	181.147	-4.85	-7.088	0.0	67.151	11.508	-22.331	0.0	0.0	84.858	-3.91
-1.0	-10.4	1.063	0.0	24.367	-13.097	0.0	0.0	79.24	-5.12	-7.963	0.0	74.479	30.47	0.0	0.0	1.115	68.681	-4.3	-4.775	0.0	66.176	21.534	-1.0	0.0	0.913	118.569	-3.92	-6.4	0.0	66.453	0.0	-7.113	0.0	0.0	33.904	-5.62	-5.025	0.0	74.158	0.0	-1.0	32.4	0.0	72.555	-4.88	-5.338	0.0	66.992	0.0	0.0	0.0	0.0	68.778	-4.27	-5.275	0.532	70.788	0.0	-1.0	0.2	0.0	158.963	-3.74	-3.462	0.0	65.736	8.167	-1.0	0.6	0.0	178.24	-4.18	-5.15	0.0	63.982	18.556	0.0	0.2	0.0	181.437	-4.4	-6.9	0.0	66.157	11.581	-22.137	0.0	0.0	84.858	-3.92
-1.0	-10.338	0.532	0.0	24.367	-13.106	0.0	0.0	76.721	-4.94	-8.15	0.0	74.518	31.051	0.0	0.0	0.0	68.778	-4.24	-4.9	0.0	66.419	21.462	-1.0	0.0	0.0	116.922	-4.12	-7.338	0.0	67.213	0.0	-7.046	0.0	0.0	33.904	-5.68	-5.088	0.0	77.614	0.0	-1.0	32.4	0.0	72.265	-5.14	-5.15	0.0	69.119	0.0	0.0	0.0	0.0	68.196	-4.12	-5.15	0.532	69.696	0.0	-1.0	0.2	0.0	158.963	-3.9	-3.712	0.0	66.56	8.457	-1.0	0.6	0.0	178.337	-4.3	-5.463	0.0	65.71	19.863	0.0	0.2	0.0	181.243	-4.16	-6.9	0.0	65.736	11.581	-22.055	0.0	0.0	84.761	-4.14
-1.0	-11.838	0.532	0.0	24.585	-13.09	0.0	0.0	76.237	-5.46	-7.963	0.0	81.012	30.979	-6.831	0.0	0.0	85.536	-4.18	-4.963	0.0	65.551	21.026	-1.0	0.0	0.0	98.71	-4.22	-7.4	0.0	69.475	0.0	-7.082	0.0	0.0	34.001	-5.72	-4.963	0.0	75.98	0.0	-1.0	32.4	0.0	71.781	-5.2	-5.15	0.0	72.099	0.0	0.0	0.0	0.0	68.1	-4.18	-5.4	2.127	69.859	0.0	-1.0	0.2	0.0	158.963	-3.96	-3.337	0.0	66.986	8.385	-1.0	0.6	0.0	155.476	-4.38	-5.338	0.0	65.332	18.265	0.0	0.2	0.0	181.243	-4.04	-7.15	0.0	65.888	11.654	-21.99	0.0	0.0	85.052	-4.08
-1.0	-9.213	0.532	0.0	24.077	-13.138	0.0	0.0	77.011	-5.43	-7.025	0.0	80.036	31.051	0.0	0.0	1.659	112.756	-4.18	-4.963	0.0	65.628	21.534	-1.0	0.0	0.922	98.517	-4.27	-7.4	0.0	68.963	0.0	-7.055	0.0	0.0	34.001	-5.54	-4.838	0.0	75.785	0.0	-1.0	32.4	0.0	71.974	-5.32	-5.588	0.0	70.231	0.0	0.0	0.0	0.0	69.359	-4.32	-5.4	1.063	70.505	0.0	-1.0	0.2	0.0	159.157	-3.96	-3.337	0.0	66.678	8.457	-1.0	0.6	0.0	111.497	-4.43	-5.463	0.0	65.115	18.556	0.0	0.2	0.0	181.243	-4.2	-7.775	0.0	66.143	11.363	-21.912	0.0	0.0	85.245	-4.02
-1.0	-11.15	0.532	0.0	24.004	-14.031	0.0	0.0	76.818	-5.59	-7.4	0.0	82.39	30.543	0.0	0.0	1.802	99.97	-4.07	-5.025	0.0	64.396	21.534	-1.0	0.0	0.939	99.388	-4.16	-7.65	0.0	68.2	0.0	-7.028	0.0	0.0	33.904	-5.6	-4.713	0.0	75.49	0.0	-1.0	32.4	0.0	71.877	-5.26	-5.338	0.0	69.321	0.0	0.0	0.0	0.0	68.584	-3.98	-5.4	0.0	68.665	0.0	-1.0	0.2	0.0	159.157	-3.87	-3.525	0.0	66.411	8.457	-1.0	0.6	0.0	118.859	-4.13	-4.9	0.0	64.438	18.846	0.0	0.2	0.0	181.437	-4.39	-7.463	0.0	66.546	11.508	-21.91	0.0	0.0	85.633	-4.06
-1.0	-11.463	0.0	0.0	24.077	-12.689	0.0	0.0	77.011	-5.4	-6.775	0.0	81.888	31.197	0.0	0.0	1.726	103.069	-4.2	-5.025	0.0	64.582	21.171	-1.0	0.0	0.989	105.976	-4.14	-6.213	0.0	68.305	0.0	-7.185	0.0	0.0	33.711	-5.83	-4.775	0.0	75.015	0.0	-1.0	32.4	0.0	71.974	-5.2	-5.213	0.0	71.316	0.0	0.0	0.0	0.0	68.681	-3.82	-5.025	0.0	67.73	0.0	-1.0	0.2	0.0	159.06	-3.74	-3.65	0.0	65.293	7.949	-1.0	0.6	0.0	119.15	-3.92	-4.9	0.0	64.082	19.209	0.0	0.2	0.0	180.856	-4.52	-7.588	0.0	66.855	11.654	-21.796	0.0	0.0	85.245	-4.04
-1.0	-12.213	1.063	0.0	24.44	-12.906	0.0	0.0	77.108	-5.4	-7.463	0.0	82.195	30.252	0.0	0.0	1.517	97.548	-4.16	-4.775	0.0	63.696	21.534	-1.0	0.0	0.0	105.976	-3.86	-5.963	0.0	66.774	0.0	-7.198	0.0	1.064	33.904	-5.99	-5.025	0.0	75.522	0.0	-1.0	32.4	0.0	71.877	-5.3	-5.025	0.0	69.787	0.0	0.0	0.0	0.0	196.549	-4.1	-5.025	0.532	70.624	0.0	-1.0	0.2	0.0	180.081	-3.88	-3.837	0.0	65.995	8.603	-1.0	0.6	0.0	144.433	-3.96	-4.65	0.0	64.048	19.209	0.0	0.2	0.0	154.023	-4.56	-7.588	0.0	66.847	11.654	-21.202	0.0	0.0	84.858	-4.22
-1.0	-12.213	0.532	0.0	24.004	-12.906	0.0	0.0	76.915	-5.42	-8.275	1.063	81.442	30.761	0.0	0.0	0.0	97.742	-4.08	-4.963	0.0	62.837	21.752	-1.0	0.0	0.0	105.685	-3.48	-5.775	0.0	65.523	0.0	-7.227	0.0	1.19	247.405	-6.06	-5.213	0.0	75.178	0.0	-1.0	32.4	0.0	81.661	-5.52	-5.338	0.0	71.57	0.0	0.0	0.0	1.224	197.324	-4.06	-5.025	0.0	69.683	0.0	-1.0	0.2	1.76	171.944	-4.06	-3.65	0.0	67.249	8.094	-1.0	0.6	0.0	164.969	-3.78	-4.463	0.0	62.916	19.209	0.0	0.2	1.24	159.06	-4.42	-7.15	0.0	65.895	11.145	-22.154	0.0	0.0	84.664	-4.56
-1.0	-11.275	0.532	0.0	24.15	-12.972	0.0	0.0	76.527	-5.38	-9.088	0.0	80.808	30.615	0.0	0.0	0.0	97.838	-4.1	-4.775	0.0	61.552	21.607	-1.0	0.0	0.0	131.259	-3.35	-5.65	0.0	65.182	0.0	-7.167	0.0	1.198	236.556	-5.7	-4.775	0.0	73.807	0.0	-1.0	32.4	0.0	102.391	-5.6	-5.338	0.0	70.743	0.0	0.0	0.0	1.425	197.518	-3.94	-4.9	1.063	68.673	0.0	-1.0	0.2	1.601	167.294	-4.14	-3.712	0.0	67.669	8.457	-1.0	0.6	0.0	199.067	-3.76	-4.338	0.0	62.814	18.773	0.0	0.2	1.391	159.06	-4.22	-7.213	0.0	65.465	11.363	-21.974	0.0	0.0	84.955	-4.54
-1.0	-11.588	0.0	0.0	24.077	-12.928	0.0	0.0	76.915	-5.21	-8.775	0.0	80.289	30.543	0.0	0.0	0.0	97.548	-4.3	-5.025	0.0	63.671	21.244	-1.0	0.0	0.0	169.232	-2.94	-5.025	0.0	62.343	0.0	-7.365	0.0	1.106	236.556	-5.5	-4.9	0.0	74.826	0.0	-1.0	32.4	0.0	102.391	-5.68	-5.213	0.0	72.001	0.0	0.0	0.0	1.567	200.811	-3.83	-5.088	1.063	67.779	0.0	-1.0	0.2	1.408	171.266	-3.96	-3.462	0.0	66.239	8.966	-1.0	0.6	0.0	201.295	-3.62	-4.713	0.0	62.225	18.556	0.0	0.2	1.073	159.157	-4.26	-7.338	0.0	64.152	11.291	-21.942	0.0	0.0	85.149	-4.74
-1.0	-11.838	0.0	0.0	24.004	-12.893	0.0	0.0	77.108	-4.32	-9.15	0.0	71.125	30.615	0.0	0.0	0.0	97.935	-4.06	-5.213	0.0	61.344	21.244	-1.0	0.0	0.0	169.232	-3.04	-6.463	0.0	62.727	0.0	-7.115	0.0	0.0	236.653	-5.62	-4.9	0.0	75.908	0.0	-1.0	32.4	0.0	102.488	-5.22	-4.963	0.0	69.129	0.0	0.0	0.0	1.366	192.383	-3.58	-5.15	2.127	66.387	0.0	-1.0	0.2	0.0	170.975	-3.68	-3.712	0.0	63.993	8.167	-1.0	0.6	0.0	201.489	-3.51	-4.713	0.0	60.818	18.338	0.0	0.2	0.0	159.157	-3.72	-6.775	0.0	61.886	11.291	-22.17	0.0	0.0	85.245	-3.84
-1.0	-11.838	1.063	0.0	23.932	-12.764	0.0	0.0	76.915	-4.57	-8.025	0.0	75.642	30.543	0.0	0.0	0.0	97.548	-3.96	-5.025	0.0	60.904	21.098	-1.0	0.0	0.0	169.232	-3.66	-5.9	0.0	64.916	0.0	-7.189	0.0	1.19	231.906	-5.47	-4.713	0.0	73.64	0.0	-1.0	32.4	0.0	102.585	-4.48	-5.15	0.0	64.427	0.0	0.0	0.0	0.0	190.833	-3.72	-4.9	0.532	69.473	0.0	-1.0	0.2	0.0	170.781	-3.57	-3.4	0.0	63.617	8.457	-1.0	0.6	0.0	201.392	-3.22	-4.525	0.0	59.041	19.209	0.0	0.2	0.0	159.157	-3.53	-6.525	0.0	61.166	11.654	-22.152	0.0	0.0	84.761	-3.33
-1.0	-12.213	0.0	0.0	24.513	-12.776	0.0	0.0	77.302	-4.69	-7.65	1.063	77.35	30.47	0.0	0.0	1.014	97.935	-3.48	-4.713	0.0	58.201	21.098	-1.0	0.0	1.249	106.363	-3.34	-6.088	0.0	62.059	0.0	-7.209	0.0	0.0	231.906	-5.04	-4.838	0.0	71.103	0.0	-1.0	32.4	0.0	103.554	-4.52	-4.9	0.0	64.603	0.0	0.0	0.0	0.0	204.589	-3.68	-4.838	0.0	68.723	0.0	-1.0	0.2	0.0	184.149	-3.31	-3.587	0.0	62.064	8.457	-1.0	0.6	0.0	167.972	-3.18	-4.65	0.0	59.24	19.137	0.0	0.2	0.0	159.932	-3.74	-7.275	0.0	61.292	11.581	-22.282	0.0	0.0	84.567	-3.6
-1.0	-12.525	0.532	0.0	23.714	-12.359	0.0	0.0	76.818	-4.78	-7.713	0.0	79.282	30.906	0.0	0.0	0.0	97.935	-2.88	-4.713	0.0	53.719	21.171	-1.0	0.0	0.0	106.266	-3.2	-6.463	0.0	60.871	0.0	-7.178	0.0	0.0	231.519	-5.48	-5.213	0.0	73.349	0.0	-1.0	32.4	0.0	102.391	-4.94	-4.775	0.0	68.504	0.0	0.0	0.0	0.0	204.492	-3.72	-4.713	1.595	69.8	0.0	-1.0	0.2	0.0	184.053	-2.98	-3.587	0.0	60.718	7.949	-1.0	0.6	0.0	167.1	-3.02	-4.4	0.0	57.499	19.209	0.0	0.2	0.0	159.157	-3.36	-6.588	0.0	59.839	11.654	-22.136	0.0	0.0	84.858	-3.55
-1.0	-11.838	0.0	0.0	24.004	-13.224	0.0	0.0	76.915	-4.66	-7.213	0.532	75.93	30.688	0.0	0.0	1.232	94.835	-3.08	-4.775	0.0	53.832	21.026	-1.0	0.0	0.0	111.885	-2.96	-5.4	0.0	58.754	0.0	-7.279	0.0	1.056	231.228	-5.56	-5.025	0.0	71.952	0.0	-1.0	32.4	0.0	102.004	-4.68	-5.088	0.0	65.718	0.0	0.0	0.0	0.0	204.686	-3.68	-4.775	1.063	67.91	0.0	-1.0	0.2	1.224	193.74	-2.78	-3.65	0.0	60.099	8.094	-1.0	0.6	0.0	167.197	-2.73	-4.338	0.0	56.933	18.846	0.0	0.2	1.014	150.536	-3.46	-7.275	0.0	59.822	11.363	-21.958	0.0	0.0	84.955	-3.5
-1.0	-11.463	0.0	0.0	23.859	-12.946	0.0	0.0	76.915	-4.5	-7.588	0.0	74.325	30.761	0.0	0.0	1.198	94.835	-2.58	-4.525	0.0	55.1	20.953	-1.0	0.0	0.0	107.622	-3.04	-5.588	0.0	60.083	0.0	-7.27	0.0	0.98	231.228	-5.72	-4.775	0.0	72.648	0.0	-1.0	32.4	0.0	102.585	-4.62	-4.525	0.0	63.798	0.0	0.0	0.0	1.165	204.88	-3.45	-4.65	1.595	65.919	0.0	-1.0	0.2	0.0	190.93	-2.62	-3.587	0.0	58.368	8.457	-1.0	0.6	0.0	166.907	-2.92	-4.65	0.0	56.707	19.282	0.0	0.2	1.014	150.633	-3.62	-7.338	0.0	60.176	11.218	-21.942	0.0	0.0	84.858	-3.44
-1.0	-9.65	0.532	0.0	24.295	-13.14	0.0	0.0	82.243	-3.96	-8.775	0.0	64.39	30.543	0.0	0.0	0.0	93.382	-2.66	-4.775	0.0	48.549	20.953	-1.0	0.0	0.0	113.822	-2.68	-5.713	0.0	57.47	0.0	-7.239	0.0	0.0	231.519	-5.5	-4.838	0.0	72.887	0.0	-1.0	32.4	0.0	102.391	-4.37	-4.838	0.0	62.094	0.0	0.0	0.0	1.081	193.933	-3.26	-4.775	0.532	64.385	0.0	-1.0	0.2	0.0	191.124	-2.54	-3.4	0.0	57.715	8.53	-1.0	0.6	0.0	167.294	-3.01	-4.4	0.0	56.189	19.645	0.0	0.2	1.006	165.744	-3.66	-7.025	0.0	58.392	11.654	-22.267	0.0	0.0	85.052	-3.46
-1.0	-10.088	0.532	0.0	24.295	-13.076	0.0	0.0	81.661	-3.56	-8.463	0.0	58.325	30.688	0.0	0.0	1.006	96.385	-2.6	-4.65	0.0	49.206	21.098	-1.0	0.0	0.0	115.275	-2.64	-5.4	0.0	56.779	0.0	-7.216	0.0	0.0	231.131	-5.24	-5.088	0.0	70.593	0.0	-1.0	32.4	0.0	102.488	-4.66	-5.65	0.0	63.66	0.0	0.0	0.0	1.324	192.771	-3.34	-5.088	0.0	64.028	0.0	-1.0	0.2	0.0	186.862	-2.46	-3.462	0.0	56.668	8.385	-1.0	0.6	0.0	167.197	-2.62	-4.463	0.0	53.357	19.064	0.0	0.2	1.249	165.647	-3.71	-7.088	0.0	56.917	11.291	-22.251	0.0	0.0	84.567	-3.71
