-1.0	9.85	152.072	0.0	26.402	-9.048	26.0	0.0	185.118	8.6	10.1	149.945	86.094	34.684	-16.168	11.2	1.332	210.789	8.44	10.225	0.0	88.851	26.256	-3.654	31.2	0.964	202.167	9.14	11.537	0.0	90.221	31.996	-8.65	26.2	1.039	183.181	8.88	9.287	0.0	84.613	18.628	-9.067	3.0	0.0	197.033	8.54	8.975	0.0	84.322	0.0	0.0	24.8	1.307	182.018	8.57	10.975	155.262	92.323	15.141	-15.31	46.6	0.0	23.442	8.84	10.35	0.0	84.206	27.273	-28.067	18.4	0.0	206.817	7.84	10.787	0.0	88.655	26.838	-27.936	24.8	1.173	268.329	8.45	10.662	0.0	91.971	23.859	-28.094	35.8	1.911	206.43	9.94
-1.0	9.85	157.389	0.0	26.62	-9.055	26.0	1.14	196.646	8.78	10.037	160.048	83.981	34.466	-16.234	11.2	1.886	229.678	8.74	10.287	0.0	85.114	27.273	-3.637	31.2	2.07	202.748	9.3	11.537	0.0	86.927	32.577	-8.641	26.2	0.0	198.292	9.11	9.412	0.0	82.641	18.773	-9.001	3.0	0.0	214.954	8.61	9.225	0.0	82.549	0.0	0.0	24.8	0.0	192.48	9.62	10.912	157.921	87.438	15.141	-15.367	46.6	1.408	181.34	8.88	10.537	0.0	81.919	26.765	-28.145	18.4	0.0	194.805	8.23	11.35	0.0	88.754	26.547	-27.739	24.8	0.0	213.21	8.52	10.662	0.0	91.064	23.859	-27.349	35.8	1.986	213.598	9.66
-1.0	10.35	170.682	0.0	26.62	-9.119	26.0	1.173	176.884	9.13	10.6	162.706	82.287	34.03	-16.125	11.2	0.0	218.054	9.1	10.412	0.0	82.71	26.692	-3.642	31.2	1.156	150.633	10.1	11.6	0.0	79.346	32.577	-8.609	26.2	0.0	204.589	10.09	9.475	0.0	72.183	18.265	-9.113	3.0	0.0	358.321	9.07	9.35	0.0	80.15	0.0	0.0	24.8	0.0	200.23	10.12	11.225	168.024	84.485	14.85	-15.436	46.6	2.095	170.394	9.23	10.537	0.0	79.647	26.838	-1.0	18.4	0.0	185.021	9.42	11.225	0.0	81.006	26.256	-28.224	24.8	1.768	184.343	9.21	10.787	0.0	81.152	23.859	-27.508	35.8	0.0	180.468	10.03
-1.0	10.35	186.634	0.0	26.329	-9.111	26.0	1.684	190.93	9.08	10.537	184.507	82.657	34.393	-16.431	11.2	0.0	281.116	8.94	10.662	0.0	82.053	26.765	-3.611	31.2	1.575	254.477	10.4	12.037	0.0	77.618	32.795	-8.722	26.2	0.0	225.319	9.18	9.35	0.0	81.435	18.338	-9.06	3.0	1.517	205.267	9.9	9.475	0.0	71.276	0.0	0.0	24.8	0.0	194.418	10.93	11.225	183.975	74.515	14.996	-15.655	46.6	0.0	204.686	9.79	10.975	0.0	77.463	27.564	-1.0	18.4	1.919	215.632	10.35	11.537	0.0	75.426	26.474	-1.0	24.8	1.819	153.635	8.94	11.037	0.0	85.67	23.932	-27.056	35.8	0.0	348.925	10.76
-1.0	9.85	194.078	0.0	26.184	-8.986	26.0	1.467	198.583	8.8	10.475	199.927	85.498	34.538	-18.29	11.2	2.053	197.808	8.47	10.6	0.0	86.039	26.983	-3.629	31.2	0.0	230.453	9.46	11.662	0.0	87.035	32.504	-8.627	26.2	1.022	194.224	8.84	9.537	0.0	83.313	18.628	-9.113	3.0	1.14	207.592	8.96	9.1	0.0	80.466	0.0	0.0	24.8	0.0	201.199	10.48	11.1	196.205	81.049	15.286	-15.409	46.6	0.0	197.808	9.12	10.6	0.0	80.793	27.201	-1.0	18.4	0.0	207.108	9.85	11.162	0.0	78.698	26.329	-28.303	24.8	0.0	192.771	8.5	10.662	0.0	89.574	23.859	-26.682	35.8	2.062	227.838	10.56
-1.0	11.1	195.141	87.618	26.111	-9.2	26.0	0.0	197.808	8.92	10.725	196.737	86.057	34.466	-16.394	11.2	0.0	251.765	9.03	10.787	0.0	82.049	26.983	-3.694	31.2	0.0	204.783	9.6	12.35	0.0	86.703	32.577	-8.751	26.2	2.095	154.895	9.0	9.475	0.0	82.329	18.41	-9.12	3.0	1.659	245.177	9.04	9.475	0.0	81.451	0.0	0.0	24.8	1.911	154.507	9.96	11.1	192.483	83.976	14.996	-15.267	46.6	0.913	168.263	9.06	10.975	0.0	82.51	26.983	-1.0	18.4	0.0	211.467	9.6	11.225	0.0	79.655	26.256	-28.224	24.8	0.0	193.255	8.44	11.225	0.0	90.413	23.859	-27.132	35.8	0.0	241.109	9.94
-1.0	10.537	196.737	86.575	26.256	-9.104	26.0	0.0	240.043	8.72	10.225	191.951	84.271	34.684	-16.117	11.2	0.0	251.765	8.74	10.725	0.0	86.357	26.765	-8.581	31.2	2.112	201.78	9.62	12.85	0.0	87.279	32.65	-8.912	26.2	0.0	180.372	8.88	9.537	0.0	83.699	18.483	-9.157	3.0	0.0	204.88	9.14	9.475	0.0	78.89	0.0	0.0	24.8	0.955	216.891	10.89	11.287	189.824	75.332	14.56	-15.523	46.6	0.0	204.88	9.55	11.037	0.0	78.93	26.765	-1.0	18.4	0.913	207.979	10.63	11.537	0.0	72.026	25.239	-28.462	24.8	2.12	186.959	8.62	11.412	0.0	87.846	23.714	-26.285	35.8	1.458	237.04	10.57
-1.0	10.787	205.244	87.829	26.474	-9.167	26.0	0.0	229.194	8.72	10.1	207.903	83.049	34.684	-16.089	11.2	0.0	255.446	8.59	10.725	0.0	86.0	26.91	-3.594	31.2	0.0	215.148	9.54	12.162	0.0	86.368	32.722	-8.718	26.2	1.249	206.333	8.99	9.6	0.0	84.124	18.265	-9.165	3.0	0.0	218.441	8.82	9.35	0.0	81.45	0.0	0.0	24.8	0.0	189.574	10.08	11.037	203.649	84.991	14.56	-14.777	46.6	1.257	184.149	9.16	10.975	0.0	83.293	26.983	-1.0	18.4	0.0	198.68	9.74	11.162	0.0	79.391	25.893	-28.407	24.8	0.0	183.181	8.75	11.412	0.0	87.631	23.859	-26.635	35.8	0.0	243.337	10.03
-1.0	11.1	209.498	86.596	26.765	-9.207	26.0	1.668	248.955	8.84	10.725	206.839	83.266	34.611	-15.767	11.2	1.274	260.967	8.65	10.85	0.0	85.3	26.62	-3.558	31.2	0.0	225.513	9.82	12.475	0.0	84.719	32.867	-8.747	26.2	0.0	215.342	9.07	9.475	0.0	82.584	18.338	-9.178	3.0	0.0	218.345	8.97	9.475	0.0	81.748	0.0	0.0	24.8	0.0	187.056	10.17	11.35	205.776	82.813	14.487	-15.464	46.6	1.098	174.656	9.02	10.912	0.0	82.047	27.056	-1.0	18.4	0.0	207.495	9.74	11.412	0.0	79.465	26.62	-1.0	24.8	0.0	173.397	8.94	11.662	0.0	89.642	23.568	-25.311	35.8	1.793	248.955	10.06
-1.0	11.412	241.401	0.0	26.62	-9.193	26.0	1.609	244.402	8.98	11.162	230.767	81.293	34.684	-16.416	11.2	1.282	260.677	8.85	11.1	0.0	85.464	26.692	-3.604	31.2	1.961	207.883	10.14	13.287	0.0	81.265	32.504	-8.85	26.2	0.0	198.971	9.51	9.725	0.0	79.291	18.338	-9.166	3.0	0.0	214.47	9.01	9.537	0.0	80.477	0.0	0.0	24.8	2.137	195.096	10.46	11.85	237.147	82.736	14.342	-17.085	46.6	0.0	197.808	9.26	11.225	0.0	82.102	26.983	-1.0	18.4	0.0	208.658	9.13	11.85	0.0	83.805	27.273	-28.596	24.8	1.332	274.626	9.47	12.037	0.0	80.483	23.568	-27.002	35.8	1.953	188.896	10.32
46.86	11.787	249.909	97.255	26.256	-9.21	26.0	1.827	241.303	9.22	11.725	262.138	81.781	34.902	-16.388	11.2	0.0	258.642	9.04	11.35	0.0	84.581	26.547	-3.769	31.2	1.994	198.68	10.26	13.537	0.0	80.022	32.504	-8.912	26.2	1.827	187.056	9.72	9.975	0.0	79.041	18.338	-9.183	3.0	0.0	237.815	9.28	9.975	0.0	80.343	0.0	0.0	24.8	2.02	174.656	8.54	11.725	229.172	91.63	15.141	-15.621	46.6	0.0	51.632	9.58	11.662	0.0	80.214	26.983	-28.62	18.4	1.659	211.854	8.46	11.85	0.0	86.767	26.402	-28.701	24.8	0.0	331.198	9.86	12.537	0.0	78.898	23.496	-27.088	35.8	0.0	140.558	10.58
-1.0	11.6	214.815	0.0	26.692	-9.217	26.0	1.953	241.012	9.08	11.037	225.981	82.228	34.538	-16.306	11.2	1.634	327.42	9.07	11.287	0.0	84.214	26.765	-3.668	31.2	2.112	209.336	10.44	13.6	0.0	84.183	32.795	-8.86	26.2	1.651	192.48	9.39	10.1	0.0	82.132	18.192	-9.117	3.0	2.036	214.954	9.42	10.1	0.0	77.133	0.0	0.0	24.8	1.844	198.971	8.04	11.787	207.371	93.951	14.778	-15.419	46.6	0.0	51.244	9.76	11.537	0.0	78.604	27.056	-28.462	18.4	1.827	202.167	8.23	11.787	0.0	88.197	26.62	-28.569	24.8	0.0	0.581	10.01	11.912	0.0	79.623	23.714	-26.364	35.8	1.475	261.452	10.91
-1.0	11.662	209.498	0.0	25.893	-9.111	26.0	0.0	269.589	9.23	10.537	207.903	82.787	34.393	-16.269	11.2	2.003	291.191	9.01	11.1	0.0	83.683	26.765	-3.643	31.2	0.905	255.543	9.68	12.037	0.0	86.631	32.359	-8.692	26.2	2.028	233.069	9.48	9.975	0.0	79.997	18.192	-9.139	3.0	0.0	225.803	9.4	9.6	0.0	79.021	0.0	0.0	24.8	1.902	205.848	8.2	11.537	200.459	93.744	14.996	-15.876	46.6	0.0	51.147	9.34	10.975	0.0	80.939	26.983	-27.693	18.4	0.0	219.604	7.98	11.6	0.0	88.646	27.201	-1.0	24.8	0.0	12.206	8.9	11.162	0.0	88.297	23.496	-26.071	35.8	0.0	277.726	10.18
-1.0	11.287	220.132	0.0	26.62	-9.079	26.0	1.215	229.485	8.6	10.162	301.486	86.596	34.611	-16.263	11.2	1.249	260.967	8.83	11.037	0.0	85.089	27.056	-3.423	31.2	0.0	225.416	10.23	13.35	0.0	84.228	32.867	-8.858	26.2	1.131	235.878	9.27	10.037	0.0	83.319	18.192	-9.177	3.0	1.458	201.392	9.22	9.537	0.0	79.694	0.0	0.0	24.8	0.0	210.692	8.78	12.162	289.256	93.08	15.141	-16.493	46.6	0.0	179.597	9.5	11.287	0.0	79.658	27.419	-28.46	18.4	0.947	215.923	8.16	12.287	0.0	88.625	27.346	-28.679	24.8	0.0	204.298	9.09	12.787	0.0	86.807	23.35	-26.351	35.8	1.634	269.395	10.24
-1.0	10.475	172.809	0.0	26.547	-9.041	26.0	0.0	226.482	8.42	9.725	189.824	86.734	34.466	-16.083	11.2	1.265	250.99	8.32	10.225	0.0	85.659	27.056	-3.187	31.2	1.936	218.441	9.68	11.787	0.0	86.356	32.867	-8.652	26.2	1.048	194.418	8.77	9.85	0.0	84.12	18.483	-9.017	3.0	1.073	209.917	9.1	9.412	0.0	82.304	0.0	0.0	24.8	1.349	205.267	10.98	11.35	172.277	76.246	14.923	-16.299	46.6	0.0	192.287	9.42	11.1	0.0	83.59	27.128	-28.172	18.4	0.0	219.991	10.22	11.1	0.0	76.57	26.184	-1.0	24.8	0.0	175.044	9.44	12.85	0.0	86.09	23.568	-26.133	35.8	0.0	231.228	10.75
-1.0	10.287	165.897	0.0	26.402	-9.009	26.0	0.0	237.428	8.61	9.662	164.833	83.777	34.829	-16.641	11.2	0.0	246.243	8.38	10.225	0.0	85.305	26.983	-3.304	31.2	1.257	218.441	9.53	11.662	0.0	87.416	32.795	-8.695	26.2	1.676	207.204	8.87	9.537	0.0	84.26	18.12	-9.009	3.0	0.0	202.167	8.75	8.975	0.0	81.049	0.0	0.0	24.8	1.575	185.893	10.0	10.725	166.96	85.81	15.068	-14.844	46.6	1.249	178.531	8.94	10.412	0.0	83.572	27.564	-27.782	18.4	0.0	223.382	9.68	10.787	0.0	79.427	26.256	-28.146	24.8	0.0	168.069	9.03	11.787	0.0	88.911	23.568	-26.314	35.8	1.668	237.428	10.01
-1.0	11.537	265.86	0.0	26.547	-9.12	26.0	1.366	245.081	9.07	10.537	208.434	83.697	34.974	-16.269	11.2	1.886	239.075	8.82	10.662	0.0	85.849	26.983	-3.375	31.2	0.0	240.14	10.5	12.162	0.0	76.832	32.432	-8.698	26.2	1.232	216.504	9.86	10.1	0.0	74.401	17.756	-9.095	3.0	1.416	253.218	9.23	9.475	0.0	78.909	0.0	0.0	24.8	0.0	209.432	11.02	11.287	220.664	75.049	14.705	-15.45	46.6	1.022	186.668	9.0	10.725	0.0	82.52	26.983	-1.0	18.4	1.399	214.954	9.8	11.35	0.0	77.865	25.893	-28.277	24.8	0.0	159.351	9.76	11.975	0.0	78.38	23.35	-26.507	35.8	1.165	295.356	10.32
-1.0	10.85	260.543	0.0	26.692	-9.015	26.0	0.0	218.054	8.64	10.225	229.703	84.532	34.611	-16.44	11.2	0.0	254.38	9.22	10.787	0.0	84.717	27.201	-3.497	31.2	1.534	182.89	10.57	13.225	0.0	78.205	32.286	-8.842	26.2	0.0	161.482	9.68	10.287	0.0	79.427	18.12	-9.103	3.0	0.0	195.483	10.08	9.662	0.0	72.102	0.0	0.0	24.8	1.978	263.583	11.24	11.6	267.455	75.301	14.923	-15.593	46.6	0.0	205.848	10.06	11.412	0.0	75.519	26.91	-1.0	18.4	1.249	240.915	10.27	11.85	0.0	74.845	26.91	-28.701	24.8	0.0	256.802	9.99	13.1	0.0	77.103	23.568	-26.72	35.8	0.0	0.097	11.26
-1.0	12.475	441.328	0.0	26.62	-9.317	26.0	0.0	196.646	8.52	10.6	264.265	88.782	35.919	-15.443	11.2	2.129	259.902	8.3	10.725	0.0	90.442	26.474	-3.356	31.2	1.726	225.416	9.32	12.912	0.0	88.492	32.94	-8.812	26.2	0.905	190.737	8.68	10.162	0.0	88.466	17.756	-9.125	3.0	1.173	186.668	9.23	9.662	0.0	82.047	0.0	0.0	24.8	1.953	200.52	10.7	11.85	283.939	82.431	14.778	-15.504	46.6	0.0	198.583	9.18	11.1	0.0	82.394	27.709	-1.0	18.4	0.0	217.666	10.05	12.35	0.0	79.335	26.983	-1.0	24.8	1.726	178.725	8.83	12.537	0.0	90.623	23.278	-26.613	35.8	1.592	204.88	10.94
-1.0	13.725	394.005	0.0	26.256	-9.471	26.0	0.0	206.042	8.76	13.225	601.376	88.083	34.829	-16.59	11.2	2.02	252.54	7.99	11.037	0.0	89.268	27.273	-3.582	31.2	0.0	215.729	9.89	16.975	0.0	91.356	32.867	-6.379	26.2	1.819	184.634	8.92	10.35	0.0	87.808	18.047	-9.08	3.0	1.106	205.945	8.64	10.787	0.0	86.012	0.0	0.0	24.8	1.844	200.617	10.12	13.287	605.63	89.632	14.633	-16.768	46.6	0.0	183.471	8.47	11.787	0.0	87.019	26.983	-1.0	18.4	2.103	213.307	9.55	13.662	0.0	83.903	25.82	-29.507	24.8	1.961	180.662	8.96	17.038	0.0	89.868	23.278	-28.813	35.8	0.0	207.495	9.76
-1.0	15.537	611.479	0.0	26.62	-9.788	26.0	0.0	224.932	8.85	13.912	650.294	85.024	34.974	-16.68	11.2	0.0	264.939	8.12	11.6	0.0	89.653	27.273	-3.815	31.2	2.028	212.435	10.12	17.6	0.0	89.387	32.577	-9.441	26.2	1.994	194.999	8.92	10.475	0.0	84.038	18.047	-9.104	3.0	1.098	209.917	8.76	11.162	0.0	84.84	0.0	0.0	24.8	1.835	185.893	10.12	13.412	592.337	88.106	14.633	-16.882	46.6	2.011	183.956	8.57	12.35	0.0	85.857	28.073	-28.27	18.4	0.0	207.011	9.51	14.225	0.0	82.828	26.256	-29.546	24.8	1.676	185.118	9.14	18.163	0.0	90.09	23.278	-29.61	35.8	0.0	226.385	9.88
8.05	13.975	443.455	83.786	26.402	-9.472	26.0	0.0	214.47	9.06	12.6	384.966	86.709	34.974	-15.46	11.2	0.0	220.766	8.39	12.037	0.0	89.502	26.547	-4.411	31.2	1.081	207.495	10.36	17.288	0.0	86.105	32.867	-9.406	26.2	1.131	194.03	9.17	10.725	0.0	85.679	17.974	-9.19	3.0	0.0	199.842	9.02	11.85	0.0	82.453	0.0	0.0	24.8	1.274	182.018	10.55	14.725	546.077	84.185	14.56	-16.408	46.6	1.115	189.768	9.04	13.162	0.0	84.604	27.491	-28.734	18.4	1.282	214.567	9.38	14.787	0.0	82.56	26.62	-29.808	24.8	0.0	292.062	9.82	18.038	0.0	88.864	23.423	-30.566	35.8	0.0	202.942	10.24
51.41	15.537	676.348	93.385	26.474	-9.788	26.0	1.081	185.409	9.0	14.6	715.696	85.638	34.902	-16.935	11.2	0.0	233.747	8.59	11.912	0.0	88.13	26.692	-3.882	31.2	0.0	223.479	10.26	16.475	0.0	85.895	32.504	-9.332	26.2	1.232	201.392	9.3	10.85	0.0	84.221	17.902	-9.19	3.0	0.93	202.361	9.26	11.1	0.0	84.399	0.0	0.0	24.8	1.089	194.418	9.3	13.662	395.6	88.934	14.269	-16.072	46.6	1.182	354.447	9.08	12.725	0.0	84.94	26.838	-1.0	18.4	0.0	208.367	9.16	15.037	0.0	84.562	26.983	-1.0	24.8	0.0	317.636	9.86	18.725	0.0	89.61	23.278	-29.226	35.8	1.978	223.866	10.73
-1.0	14.475	440.796	0.0	26.256	-9.507	26.0	0.947	199.746	9.84	15.6	680.07	84.957	34.611	-17.537	11.2	1.416	214.179	8.81	11.85	0.0	85.223	27.273	-3.779	31.2	1.224	208.173	10.56	17.225	0.0	86.361	32.504	-9.481	26.2	0.0	186.668	9.58	10.6	0.0	81.042	17.756	-9.158	3.0	0.964	197.324	9.44	10.912	0.0	82.143	0.0	0.0	24.8	0.98	185.409	9.26	14.037	354.126	91.018	15.214	-15.865	46.6	0.0	26.058	9.46	13.1	0.0	83.078	27.056	-28.706	18.4	0.0	194.321	9.19	14.912	0.0	86.237	26.765	-1.0	24.8	0.0	317.249	9.84	19.413	0.0	89.16	23.205	-29.968	35.8	0.0	210.692	10.67
-1.0	13.912	236.616	0.0	26.256	-9.463	26.0	0.0	202.845	9.78	13.412	277.026	83.057	34.393	-16.966	11.2	1.5	276.563	8.83	11.162	0.0	85.482	26.547	-4.101	31.2	1.374	229.388	10.34	14.6	0.0	86.7	32.577	-9.279	26.2	1.148	183.471	9.55	10.537	0.0	82.096	17.466	-9.143	3.0	0.0	221.929	9.26	10.537	0.0	79.187	0.0	0.0	24.8	0.0	207.398	8.9	14.037	472.699	91.293	14.197	-16.63	46.6	0.0	26.155	9.43	12.662	0.0	81.636	27.346	-29.057	18.4	0.0	216.795	8.88	14.975	0.0	85.332	26.474	-1.0	24.8	0.0	318.411	9.29	14.225	0.0	88.843	23.35	-27.92	35.8	0.0	220.669	10.9
-1.0	12.287	255.758	92.412	26.474	-9.234	26.0	1.651	209.239	9.57	11.975	299.359	82.269	34.466	-16.693	11.2	2.053	199.939	8.67	10.662	0.0	83.955	26.765	-3.925	31.2	2.011	201.199	9.92	13.662	0.0	85.883	33.013	-9.018	26.2	1.416	179.5	9.55	10.35	0.0	81.736	17.684	-9.096	3.0	0.0	235.781	9.16	9.912	0.0	81.382	0.0	0.0	24.8	1.76	199.842	9.66	15.1	579.575	90.487	14.778	-16.271	46.6	0.0	151.407	9.24	11.975	0.0	81.906	26.983	-28.437	18.4	0.0	206.333	9.3	14.475	0.0	84.221	26.038	-1.0	24.8	0.0	175.334	9.39	15.975	0.0	87.018	23.35	-27.304	35.8	1.978	239.946	10.34
-1.0	13.037	396.663	0.0	26.838	-9.309	26.0	1.877	223.382	9.04	10.787	344.555	78.324	34.611	-17.347	11.2	1.249	254.477	8.94	11.037	0.0	84.93	26.838	-4.057	31.2	0.913	215.342	10.07	14.412	0.0	84.965	33.303	-9.196	26.2	1.835	170.2	10.07	10.475	0.0	78.621	17.466	-9.127	3.0	1.098	225.513	9.26	9.85	0.0	79.728	0.0	0.0	24.8	0.0	166.035	10.75	14.85	573.195	82.273	14.85	-15.914	46.6	1.299	184.924	9.46	12.162	0.0	81.257	27.056	-1.0	18.4	1.668	167.972	9.72	15.537	0.0	81.412	26.402	-1.0	24.8	1.609	212.048	9.82	17.163	0.0	84.249	23.205	-27.962	35.8	1.098	230.647	10.24
-1.0	15.412	601.376	0.0	26.765	-9.65	26.0	0.93	240.818	9.28	12.162	430.694	78.871	31.778	-17.606	11.2	0.0	265.326	8.73	10.787	0.0	82.719	26.474	-3.969	31.2	1.986	232.003	10.53	14.1	0.0	81.789	32.432	-9.163	26.2	1.869	191.318	9.51	10.35	0.0	77.378	17.902	-9.096	3.0	1.869	201.005	9.24	9.6	0.0	77.471	0.0	0.0	24.8	0.0	183.471	11.37	15.225	431.225	80.218	14.923	-16.005	46.6	1.056	157.607	9.74	12.912	0.0	79.021	27.564	-1.0	18.4	0.964	209.723	9.88	14.975	0.0	82.243	26.765	-1.0	24.8	1.475	279.663	10.08	18.788	0.0	85.341	23.205	-29.919	35.8	0.0	239.365	10.74
-1.0	13.912	242.996	0.0	26.329	-9.455	26.0	0.0	259.902	9.51	13.1	537.569	81.22	34.538	-16.971	11.2	0.0	280.632	8.8	10.725	0.0	83.869	26.474	-3.594	31.2	1.961	211.467	10.44	13.6	0.0	84.065	32.795	-9.087	26.2	1.341	202.167	9.54	10.475	0.0	79.765	17.684	-9.21	3.0	1.014	220.573	9.26	9.725	0.0	77.999	0.0	0.0	24.8	1.508	202.555	11.27	13.225	271.709	81.275	14.633	-15.82	46.6	0.0	200.424	9.44	12.662	0.0	78.881	26.983	-1.0	18.4	0.0	205.267	9.68	13.787	0.0	82.843	26.038	-1.0	24.8	0.0	1.55	9.84	18.413	0.0	83.995	23.06	-29.733	35.8	0.0	245.565	10.64
9.2	12.85	321.159	77.811	26.474	-9.456	26.0	0.0	236.265	9.2	11.787	397.727	79.445	34.611	-18.543	11.2	0.0	274.626	8.7	10.475	0.0	85.957	26.474	-3.858	31.2	1.936	229.872	9.89	13.475	0.0	84.501	33.086	-9.051	26.2	1.617	203.911	9.42	10.225	0.0	79.787	17.756	-9.23	3.0	0.0	196.549	9.07	9.475	0.0	79.096	0.0	0.0	24.8	1.617	201.78	10.7	12.287	274.899	82.431	14.923	-15.603	46.6	1.232	191.318	9.23	11.537	0.0	81.495	27.564	-1.0	18.4	1.115	230.066	9.84	13.412	0.0	80.272	27.056	-1.0	24.8	1.584	179.597	9.55	14.912	0.0	84.233	23.278	-28.464	35.8	2.003	217.279	10.44
