10.49	18.788	658.27	64.315	25.167	-16.052	34.8	0.0	233.553	9.16	16.975	769.399	63.695	33.449	-9.476	28.8	0.0	292.837	8.81	21.6	0.0	66.504	23.932	-14.685	0.0	2.103	225.707	10.74	25.6	0.0	63.938	30.833	-9.1	35.0	0.0	178.919	10.3	19.1	0.0	65.422	10.855	-10.853	0.0	1.944	168.844	10.7	16.85	0.0	61.755	0.0	0.0	0.2	1.911	182.406	11.86	17.538	509.388	61.231	9.62	-31.274	0.0	0.0	143.077	9.82	15.975	0.0	65.172	26.692	-13.336	31.6	1.425	226.869	11.74	22.413	0.0	60.232	21.68	-21.267	0.0	0.0	119.828	10.83	25.413	0.0	61.663	9.838	-1.0	37.2	1.584	186.959	11.38
10.75	16.913	370.609	63.771	25.312	-15.649	34.8	2.112	128.934	8.77	15.1	567.346	64.6	33.449	-9.29	28.8	0.905	227.16	8.48	14.85	0.0	67.071	24.077	-14.103	0.0	1.349	216.504	10.51	18.35	0.0	64.122	30.543	-6.272	35.0	0.0	187.443	9.75	15.85	0.0	65.104	10.927	-10.303	0.0	0.0	220.379	9.94	12.662	0.0	64.665	0.0	0.0	0.2	1.617	192.868	11.18	14.412	225.981	64.07	9.91	-29.633	0.0	1.86	179.209	9.18	13.35	0.0	66.544	26.62	-12.473	31.6	1.165	210.304	10.63	15.037	0.0	63.132	21.534	-19.572	0.0	0.0	157.995	10.74	20.538	0.0	64.721	9.256	-1.0	37.2	0.0	178.919	10.78
10.99	16.6	366.887	63.868	24.513	-15.507	34.8	0.0	142.883	9.46	15.787	580.639	65.578	33.521	-9.376	28.8	1.819	162.935	8.58	14.037	0.0	66.817	24.004	-12.994	0.0	1.274	252.152	9.86	16.288	0.0	65.511	30.979	-5.78	35.0	1.307	193.158	9.86	15.1	0.0	65.676	11.291	-10.461	0.0	1.969	272.301	9.89	12.6	0.0	65.405	0.0	0.0	0.2	0.0	185.118	10.44	13.412	249.377	66.99	9.329	-29.285	0.0	1.106	178.531	8.94	12.35	0.0	67.562	26.402	-12.084	31.6	1.014	208.754	9.98	14.037	0.0	64.589	21.171	-19.174	0.0	0.0	127.093	9.92	17.538	0.0	63.741	9.983	-1.0	37.2	1.751	203.717	9.8
10.25	15.287	414.21	65.386	25.385	-15.528	34.8	0.0	197.421	8.78	13.6	332.325	65.733	33.158	-9.029	28.8	2.137	143.27	8.52	13.787	0.0	68.321	24.004	-12.823	0.0	1.173	254.38	9.72	16.1	0.0	64.544	31.051	-5.538	35.0	1.467	189.574	9.58	15.287	0.0	65.185	10.927	-10.334	0.0	0.0	215.729	9.42	11.787	0.0	66.505	0.0	0.0	0.2	1.173	186.765	9.95	12.85	248.845	67.42	9.329	-28.817	0.0	1.944	176.4	8.63	11.912	0.0	68.288	26.692	-12.362	31.6	1.601	197.421	9.77	13.725	0.0	66.705	21.68	-19.185	0.0	0.0	144.045	9.76	14.975	0.0	64.634	9.62	-1.0	37.2	0.997	248.277	9.54
10.06	14.037	369.546	66.373	24.44	-14.914	34.8	0.0	229.678	8.26	13.037	397.195	66.46	33.449	-8.808	28.8	0.0	245.371	8.53	15.662	0.0	67.622	23.859	-13.189	0.0	0.0	258.352	10.44	17.913	0.0	64.11	31.269	-5.936	35.0	0.0	210.207	9.31	15.287	0.0	66.813	10.709	-10.405	0.0	1.76	203.136	9.45	11.912	0.0	66.702	0.0	0.0	0.2	1.165	180.662	10.0	13.912	322.754	64.592	9.765	-28.727	0.0	1.366	171.169	8.82	12.412	0.0	66.615	26.62	-12.568	31.6	1.626	226.385	9.74	15.6	0.0	64.213	21.316	-19.638	0.0	0.0	143.27	9.66	16.163	0.0	66.712	9.692	-1.0	37.2	0.0	203.717	9.64
10.3	17.1	462.597	67.375	24.658	-15.433	34.8	1.332	200.52	8.44	13.662	478.548	67.849	34.03	-9.114	28.8	1.508	284.507	8.47	17.038	0.0	67.341	24.585	-13.387	0.0	1.609	217.86	10.56	22.85	0.0	62.951	30.979	-7.218	35.0	1.073	195.58	9.25	16.913	0.0	67.238	10.564	-10.665	0.0	1.215	214.857	9.91	13.787	0.0	66.236	0.0	0.0	0.2	0.0	198.971	10.66	16.475	610.947	66.343	9.765	-30.622	0.0	1.726	185.506	9.34	13.787	0.0	67.554	26.474	-12.864	31.6	1.986	212.92	10.23	18.538	0.0	64.632	21.752	-20.905	0.0	0.0	147.533	9.71	19.1	0.0	65.069	9.838	-1.0	37.2	1.978	198.292	10.22
10.26	16.413	398.79	65.996	25.312	-14.899	34.8	1.81	233.844	8.94	16.163	686.983	66.2	33.594	-9.369	28.8	0.0	250.215	8.46	16.413	0.0	68.095	24.004	-13.426	0.0	0.0	225.029	10.28	17.975	0.0	64.641	30.761	-5.679	35.0	0.0	226.578	9.56	16.475	0.0	65.789	11.0	-10.521	0.0	0.0	143.174	9.8	13.6	0.0	67.964	0.0	0.0	0.2	1.785	212.242	10.43	13.85	256.289	64.806	9.765	-29.374	0.0	1.508	188.121	9.16	12.85	0.0	67.086	26.402	-12.769	31.6	1.634	225.319	10.22	15.1	0.0	66.071	21.244	-20.335	0.0	0.0	155.282	9.9	19.6	0.0	66.755	9.692	-1.0	37.2	0.0	221.735	10.21
9.79	13.85	414.21	66.379	24.949	-14.389	34.8	1.257	237.428	8.08	12.475	407.298	66.863	33.449	-8.883	28.8	1.458	282.763	8.55	15.162	0.0	67.95	24.658	-13.131	0.0	0.964	217.279	10.22	18.913	0.0	66.319	30.833	-6.089	35.0	0.0	186.281	9.53	15.037	0.0	67.071	10.782	-10.252	0.0	0.0	191.318	9.58	13.475	0.0	65.875	0.0	0.0	0.2	0.0	210.304	10.13	13.662	261.075	66.824	9.692	-29.068	0.0	1.224	173.591	9.18	13.412	0.0	68.174	26.474	-13.087	31.6	1.089	216.504	9.77	14.787	0.0	65.384	21.389	-19.81	0.0	0.0	170.781	10.24	18.225	0.0	65.467	9.62	-31.632	37.2	1.542	217.666	9.87
9.84	13.662	300.422	67.209	24.803	-14.292	34.8	0.0	280.729	8.03	12.85	345.087	67.449	33.667	-8.988	28.8	0.0	269.782	8.57	14.662	0.0	68.411	24.44	-12.991	0.0	1.869	220.766	9.67	16.788	0.0	65.643	30.543	-5.686	35.0	1.927	197.518	9.33	14.85	0.0	66.981	10.782	-10.165	0.0	0.0	166.132	9.4	12.35	0.0	66.474	0.0	0.0	0.2	1.022	192.674	10.24	13.412	354.126	66.954	9.838	-29.285	0.0	0.0	189.187	9.03	12.6	0.0	68.443	26.62	-12.722	31.6	0.0	218.829	9.78	14.975	0.0	66.57	21.316	-20.188	0.0	0.0	154.217	9.57	16.913	0.0	65.597	9.838	-1.0	37.2	0.0	231.228	9.98
9.74	13.475	327.54	68.169	24.658	-14.14	34.8	1.031	171.169	8.16	12.162	334.984	68.443	33.594	-8.928	28.8	1.567	238.203	8.42	13.912	0.0	69.879	24.44	-12.887	0.0	1.425	220.96	10.0	17.913	0.0	67.674	31.342	-6.35	35.0	0.0	180.372	9.52	14.85	0.0	68.318	10.637	-10.157	0.0	1.022	219.023	9.55	12.662	0.0	67.483	0.0	0.0	0.2	0.93	193.643	10.14	14.412	364.229	67.045	9.256	-29.633	0.0	1.165	180.372	8.78	12.412	0.0	67.965	26.184	-12.414	31.6	1.425	211.757	9.85	16.475	0.0	66.911	21.171	-20.335	0.0	0.0	166.907	9.95	16.6	0.0	65.996	9.838	-1.0	37.2	1.827	205.945	9.7
10.18	19.538	832.143	66.394	24.658	-15.656	34.8	0.0	274.82	8.41	16.663	831.611	66.596	33.376	-9.431	28.8	0.0	266.101	8.35	13.85	0.0	69.307	24.222	-12.717	0.0	1.835	208.27	10.29	17.975	0.0	66.469	30.906	-6.418	35.0	1.827	190.155	9.58	17.788	0.0	67.788	10.492	-10.605	0.0	0.0	209.723	9.38	12.162	0.0	68.589	0.0	0.0	0.2	1.207	198.292	10.2	15.287	608.82	68.064	9.62	-30.268	0.0	1.081	188.121	8.93	12.85	0.0	69.149	26.474	-12.275	31.6	0.964	209.723	9.92	16.475	0.0	66.293	21.171	-20.887	0.0	0.0	188.509	9.24	16.538	0.0	68.158	9.62	-1.0	37.2	0.0	207.689	9.77
9.8	14.537	312.652	68.451	25.312	-14.309	34.8	2.103	247.405	8.52	13.475	334.984	68.724	33.086	-9.127	28.8	0.0	268.717	8.41	17.35	0.0	69.292	24.15	-13.412	0.0	1.207	220.766	10.15	22.913	0.0	64.618	30.906	-7.952	35.0	1.232	183.181	9.32	15.287	0.0	68.389	11.218	-10.2	0.0	0.0	207.011	9.56	13.912	0.0	67.404	0.0	0.0	0.2	0.939	201.392	10.48	17.288	643.382	65.897	9.329	-31.261	0.0	0.913	183.181	9.28	14.6	0.0	68.624	26.474	-12.163	31.6	1.165	227.547	10.29	18.85	0.0	66.001	21.68	-20.9	0.0	0.0	172.234	9.86	20.1	0.0	67.131	9.184	-32.53	37.2	0.0	188.509	10.19
9.98	14.287	371.141	67.834	24.876	-14.256	34.8	1.835	240.14	8.45	12.225	316.905	67.958	33.376	-8.973	28.8	0.0	269.589	8.21	14.6	0.0	70.343	24.585	-12.86	0.0	1.492	219.798	10.23	19.163	0.0	68.774	30.543	-6.836	35.0	1.609	193.933	9.54	16.413	0.0	67.889	11.218	-10.366	0.0	0.0	229.291	9.54	13.662	0.0	68.726	0.0	0.0	0.2	0.913	199.455	10.5	15.412	380.18	67.847	9.62	-30.217	0.0	0.0	187.831	9.36	13.537	0.0	69.284	26.474	-11.943	31.6	0.0	216.407	10.28	17.788	0.0	66.988	21.026	-20.987	0.0	0.0	177.175	9.16	16.538	0.0	68.79	9.329	-1.0	37.2	0.0	214.954	10.5
10.02	20.1	869.363	67.378	25.457	-15.492	34.8	0.0	247.987	8.6	15.162	504.071	68.309	33.667	-9.318	28.8	0.0	279.082	9.12	21.913	0.0	68.163	24.15	-14.44	0.0	0.0	226.966	10.73	25.788	0.0	63.515	30.47	-8.953	35.0	1.651	196.743	9.71	18.225	0.0	67.376	11.145	-10.695	0.0	2.12	195.483	9.58	14.912	0.0	67.57	0.0	0.0	0.2	1.643	200.424	10.44	17.538	824.698	65.834	9.62	-1.0	0.0	1.5	187.831	9.44	15.287	0.0	67.653	26.329	-12.516	31.6	1.332	236.169	10.56	22.1	0.0	66.49	21.171	-21.836	0.0	0.0	178.531	9.48	22.6	0.0	68.284	9.256	-34.119	37.2	0.0	210.692	10.34
9.74	16.225	415.805	67.736	24.731	-14.916	34.8	0.0	223.382	8.52	15.85	682.197	68.16	33.594	-9.434	28.8	0.0	245.177	8.93	23.725	0.0	68.02	23.714	-14.894	0.0	1.014	245.565	11.85	29.6	0.0	65.305	30.979	-10.393	35.0	0.0	189.187	10.22	17.725	0.0	66.099	10.782	-10.595	0.0	0.0	222.897	10.19	17.663	0.0	66.671	0.0	0.0	0.2	0.0	206.333	10.89	19.663	950.184	63.627	9.91	-32.529	0.0	0.0	170.394	9.73	16.475	0.0	64.657	26.329	-12.78	31.6	0.0	245.952	10.66	23.288	0.0	64.54	21.389	-22.055	0.0	0.0	187.346	10.4	24.163	0.0	66.708	10.128	-1.0	37.2	1.793	206.236	11.0
10.13	16.288	394.005	68.647	24.731	-14.695	34.8	0.0	194.418	8.83	15.6	492.905	68.271	33.231	-9.379	28.8	0.0	216.891	8.9	21.288	0.0	66.357	24.077	-14.423	0.0	1.089	239.753	10.99	24.538	0.0	60.946	30.543	-8.674	35.0	1.24	215.342	9.96	17.663	0.0	65.694	10.782	-10.576	0.0	1.701	207.979	9.92	16.975	0.0	67.578	0.0	0.0	0.2	1.282	202.167	11.16	18.288	839.055	64.794	8.966	-1.0	0.0	0.0	189.284	9.56	15.35	0.0	65.209	26.692	-12.428	31.6	1.165	215.729	10.54	21.913	0.0	64.351	21.171	-21.308	0.0	0.0	171.944	10.32	25.35	0.0	65.37	9.329	-1.0	37.2	0.0	235.878	11.06
10.18	16.663	383.37	65.981	25.312	-14.781	34.8	0.0	233.747	8.49	16.788	489.183	67.29	33.594	-9.57	28.8	0.0	253.993	9.28	20.913	0.0	68.166	23.786	-14.158	0.0	0.0	235.103	10.49	24.163	0.0	62.232	30.688	-8.594	35.0	0.0	198.196	9.89	17.6	0.0	64.573	11.0	-10.608	0.0	0.0	188.605	10.06	16.663	0.0	64.38	0.0	0.0	0.2	0.0	207.204	10.98	19.413	743.877	61.915	9.547	-32.39	0.0	0.0	172.331	10.04	16.6	0.0	65.238	26.62	-12.769	31.6	0.0	233.069	10.45	22.413	0.0	62.565	21.534	-21.046	0.0	0.0	171.169	10.6	25.913	0.0	64.445	9.474	-1.0	37.2	1.575	219.604	10.48
9.74	14.787	324.881	67.027	24.731	-15.083	34.8	0.0	225.9	8.39	13.537	331.794	67.19	33.303	-9.088	28.8	0.0	271.429	8.74	17.225	0.0	67.931	23.859	-13.51	0.0	0.989	226.191	10.74	20.163	0.0	65.666	30.906	-6.947	35.0	0.0	193.449	9.68	16.1	0.0	66.14	10.855	-10.325	0.0	0.0	200.811	10.28	15.287	0.0	63.494	0.0	0.0	0.2	2.028	199.746	11.34	16.413	390.283	62.402	9.692	-1.0	0.0	1.383	179.306	9.95	15.225	0.0	63.69	26.402	-12.539	31.6	1.827	223.866	10.5	17.6	0.0	62.517	21.389	-19.532	0.0	0.0	175.819	10.44	21.038	0.0	65.114	9.111	-1.0	37.2	1.651	218.441	10.87
9.96	15.537	318.501	66.135	24.658	-14.527	34.8	0.0	242.756	8.64	13.787	360.506	66.856	33.957	-9.092	28.8	1.693	263.68	8.7	17.288	0.0	67.951	23.714	-13.399	0.0	0.0	243.24	9.64	18.6	0.0	66.407	31.124	-6.498	35.0	1.064	194.03	9.4	16.225	0.0	67.293	11.363	-10.337	0.0	1.852	213.598	9.76	13.912	0.0	66.209	0.0	0.0	0.2	0.0	192.383	10.96	15.537	359.975	64.927	10.056	-1.0	0.0	0.0	182.696	9.56	13.912	0.0	64.96	26.329	-12.229	31.6	0.0	222.316	10.1	16.788	0.0	64.61	21.534	-19.182	0.0	0.0	171.847	9.76	17.975	0.0	66.511	9.474	-1.0	37.2	1.969	191.221	10.36
10.48	15.85	323.286	67.653	24.585	-14.54	34.8	0.0	210.595	8.69	13.662	321.159	66.292	33.449	-9.047	28.8	1.894	245.759	8.62	16.1	0.0	67.368	24.15	-13.319	0.0	0.0	190.446	10.6	19.475	0.0	67.156	30.979	-6.851	35.0	0.0	193.158	9.9	16.413	0.0	65.435	10.927	-10.366	0.0	1.232	191.705	9.62	13.475	0.0	66.732	0.0	0.0	0.2	0.0	200.617	10.75	15.725	364.76	66.716	9.329	-1.0	0.0	0.0	187.056	9.5	13.912	0.0	66.19	26.547	-12.039	31.6	0.0	228.128	10.21	17.35	0.0	64.629	21.462	-19.763	0.0	0.0	172.234	9.74	18.1	0.0	66.781	9.474	-1.0	37.2	1.483	184.149	10.15
9.68	13.662	331.262	65.147	25.312	-14.014	34.8	0.0	225.029	8.41	13.1	330.198	65.282	33.667	-8.944	28.8	2.045	256.802	8.42	16.475	0.0	67.494	24.513	-13.354	0.0	1.232	228.128	9.75	18.1	0.0	66.29	30.979	-6.278	35.0	1.006	186.281	9.46	15.6	0.0	64.721	10.782	-10.223	0.0	0.0	221.929	10.1	14.412	0.0	67.257	0.0	0.0	0.2	1.994	196.646	10.69	15.537	344.023	66.375	9.838	-1.0	0.0	0.0	194.418	9.5	13.412	0.0	66.929	26.474	-12.043	31.6	0.0	207.592	9.98	15.85	0.0	65.78	21.607	-19.202	0.0	0.0	159.06	9.78	18.6	0.0	65.552	9.91	-1.0	37.2	1.567	213.404	10.26
9.72	13.662	340.833	64.182	24.658	-14.179	34.8	0.0	233.069	8.8	14.1	377.522	64.578	33.594	-9.076	28.8	0.0	271.139	8.84	16.288	0.0	64.917	23.859	-13.316	0.0	1.198	227.644	10.54	18.35	0.0	63.679	30.906	-6.78	35.0	1.006	188.799	10.12	15.6	0.0	64.167	11.363	-10.223	0.0	0.0	199.261	9.76	13.537	0.0	64.745	0.0	0.0	0.2	0.98	197.905	10.84	16.1	333.92	65.156	9.692	-1.0	0.0	0.0	178.822	9.6	14.225	0.0	65.05	26.547	-12.319	31.6	0.0	232.003	10.05	17.225	0.0	64.601	21.752	-18.92	0.0	0.0	142.495	10.35	17.6	0.0	65.181	9.983	-1.0	37.2	1.961	239.753	10.0
10.02	14.037	318.501	63.618	25.239	-14.093	34.8	1.684	225.029	8.66	12.912	317.969	63.581	33.449	-8.891	28.8	0.0	268.039	9.18	16.663	0.0	63.921	24.367	-13.31	0.0	1.567	248.277	10.17	17.413	0.0	62.715	31.342	-6.311	35.0	1.626	196.743	9.71	15.162	0.0	63.621	11.291	-10.213	0.0	0.0	235.297	9.88	13.537	0.0	63.678	0.0	0.0	0.2	1.156	205.073	10.5	14.537	314.779	62.997	9.983	-1.0	0.0	1.24	183.665	9.3	13.725	0.0	64.72	26.474	-12.398	31.6	1.391	245.371	10.14	16.1	0.0	63.555	21.316	-18.589	0.0	0.0	177.562	10.04	16.788	0.0	62.722	9.692	-1.0	37.2	2.036	207.786	10.18
9.53	13.787	309.461	64.871	25.167	-13.987	34.8	0.0	190.833	8.84	14.1	309.461	64.002	33.594	-9.095	28.8	2.036	216.407	8.81	15.975	0.0	64.552	24.44	-13.6	0.0	1.416	225.803	9.56	16.85	0.0	63.175	30.397	-5.663	35.0	1.592	199.358	9.54	15.162	0.0	63.676	11.073	-10.205	0.0	0.0	204.105	9.88	13.1	0.0	63.986	0.0	0.0	0.2	1.148	203.33	10.63	14.787	306.271	64.339	9.256	-1.0	0.0	0.0	178.531	9.39	13.912	0.0	63.985	26.692	-12.363	31.6	1.022	228.71	10.14	15.6	0.0	64.394	21.462	-18.165	0.0	0.0	159.932	9.69	16.225	0.0	63.981	9.838	-1.0	37.2	0.0	212.629	10.3
9.66	13.85	293.51	64.255	25.167	-14.0	34.8	1.592	226.772	8.39	12.6	294.041	64.146	33.376	-8.831	28.8	1.617	269.686	8.66	15.537	0.0	63.497	23.859	-13.043	0.0	1.156	221.444	10.67	17.975	0.0	62.885	30.325	-5.4	35.0	0.93	188.509	9.71	15.662	0.0	64.013	11.218	-10.29	0.0	1.802	211.854	9.84	13.225	0.0	64.926	0.0	0.0	0.2	1.24	198.68	10.33	14.225	284.47	63.475	9.838	-1.0	0.0	1.383	185.021	9.28	13.537	0.0	65.408	26.62	-12.399	31.6	1.24	236.072	10.07	15.35	0.0	63.318	21.825	-17.384	0.0	0.0	181.631	9.43	16.225	0.0	63.685	9.62	-1.0	37.2	0.0	219.119	10.06
10.11	13.537	277.026	65.001	24.876	-13.882	34.8	1.793	182.987	8.58	12.975	275.963	64.235	33.521	-8.879	28.8	1.844	263.389	9.3	16.1	0.0	63.775	23.859	-13.195	0.0	0.0	232.003	10.42	17.475	0.0	62.87	31.124	-5.602	35.0	0.0	188.024	9.58	15.1	0.0	63.543	11.218	-10.179	0.0	0.0	212.242	9.69	13.662	0.0	62.352	0.0	0.0	0.2	0.0	211.564	10.34	14.725	265.328	62.405	10.056	-1.0	0.0	0.0	175.044	9.44	13.662	0.0	62.93	26.329	-12.531	31.6	0.0	256.027	10.0	14.975	0.0	62.772	21.244	-17.72	0.0	0.0	170.781	9.48	15.725	0.0	64.585	9.62	-1.0	37.2	1.441	206.042	10.11
9.71	13.162	263.733	64.542	24.803	-13.805	34.8	1.944	228.419	8.34	12.6	261.075	64.304	33.594	-8.822	28.8	1.969	254.38	9.04	15.787	0.0	64.425	24.077	-13.893	0.0	0.0	227.353	9.99	16.85	0.0	64.089	31.051	-5.255	35.0	1.098	207.592	9.54	14.912	0.0	65.04	10.927	-10.2	0.0	0.0	221.929	9.83	12.787	0.0	64.591	0.0	0.0	0.2	0.0	203.717	10.4	14.412	266.392	62.302	9.62	-1.0	0.0	0.0	193.158	9.44	13.1	0.0	64.828	26.692	-12.655	31.6	0.0	251.183	10.04	15.475	0.0	62.975	21.462	-17.857	0.0	0.0	159.738	9.26	15.412	0.0	64.963	9.256	-1.0	37.2	1.902	216.504	10.3
9.92	13.537	249.377	65.328	24.513	-13.778	34.8	1.978	233.941	8.49	12.287	251.504	64.524	33.594	-8.792	28.8	1.777	267.264	8.63	14.912	0.0	65.321	24.367	-13.0	0.0	1.123	220.766	9.92	16.475	0.0	63.405	31.124	-5.084	35.0	0.0	204.88	9.64	14.85	0.0	64.502	11.291	-10.337	0.0	1.994	217.666	9.66	13.037	0.0	63.557	0.0	0.0	0.2	0.0	200.23	10.51	14.412	252.567	64.178	9.765	-1.0	0.0	0.0	176.884	9.48	12.912	0.0	64.168	26.474	-12.393	31.6	0.0	223.091	10.15	15.35	0.0	63.584	21.098	-17.822	0.0	0.0	181.534	9.54	16.1	0.0	64.178	9.402	-1.0	37.2	0.0	245.856	10.14
9.68	12.787	235.552	64.676	25.167	-13.73	34.8	1.751	210.692	8.55	12.287	233.957	64.34	33.521	-8.714	28.8	1.45	254.477	8.95	15.412	0.0	64.576	23.714	-12.978	0.0	0.0	244.015	10.05	16.475	0.0	63.343	30.252	-5.174	35.0	0.0	199.649	9.5	14.662	0.0	65.585	10.855	-10.187	0.0	0.0	198.486	9.62	12.787	0.0	64.332	0.0	0.0	0.2	0.0	210.111	10.4	13.912	241.933	62.302	9.765	-1.0	0.0	0.0	195.096	9.46	13.162	0.0	63.802	26.547	-12.331	31.6	0.0	221.347	10.0	14.537	0.0	63.138	21.316	-17.427	0.0	0.0	208.561	9.42	14.85	0.0	64.074	9.62	-29.837	37.2	1.886	227.353	10.21
9.83	12.912	234.489	64.229	24.949	-13.755	34.8	1.659	223.866	8.48	12.162	231.298	64.494	33.594	-8.776	28.8	1.408	264.067	9.02	15.287	0.0	64.422	24.077	-12.954	0.0	0.0	231.616	10.01	16.663	0.0	63.139	30.688	-5.101	35.0	0.0	182.89	9.42	14.225	0.0	64.241	11.363	-10.137	0.0	0.0	224.641	9.78	12.662	0.0	64.971	0.0	0.0	0.2	0.0	211.951	10.4	14.1	252.035	61.592	9.329	-1.0	0.0	0.0	191.318	9.36	12.975	0.0	63.197	26.184	-12.711	31.6	0.0	228.419	10.19	14.85	0.0	62.04	21.534	-17.337	0.0	0.0	167.294	9.62	15.1	0.0	64.526	9.91	-29.843	37.2	1.383	205.267	10.13
