6.34	2.1	0.0	53.502	25.385	-12.657	34.8	0.0	223.382	5.32	3.475	3.722	51.932	33.667	-7.875	28.8	1.064	242.078	5.56	2.913	0.0	51.488	23.568	-12.426	0.0	0.0	205.945	6.44	4.475	0.0	48.862	31.124	-1.2	35.0	0.0	206.817	5.78	3.35	0.0	53.775	10.709	-8.956	0.0	1.341	198.196	5.78	3.038	0.0	54.04	0.0	0.0	0.2	2.02	205.848	6.58	3.538	0.0	52.288	9.474	-1.0	0.0	0.0	173.397	5.42	3.225	0.0	54.222	26.329	-11.09	31.6	1.869	214.082	6.32	3.1	0.0	51.054	21.244	-12.259	0.0	0.0	148.308	5.82	3.288	0.0	49.871	9.256	-25.422	37.2	0.0	274.626	6.33
6.23	2.163	0.532	54.194	24.731	-13.47	34.8	0.0	218.441	5.21	3.35	0.0	52.629	33.667	-7.726	28.8	0.955	243.531	5.56	2.913	0.0	51.637	24.513	-12.327	0.0	0.0	216.504	6.4	4.475	0.0	48.765	30.397	-1.065	35.0	0.0	198.971	5.88	3.35	0.0	53.11	11.218	-8.974	0.0	1.433	214.179	5.69	2.975	0.0	54.526	0.0	0.0	0.2	2.003	205.558	6.96	3.788	1.063	49.205	9.329	-1.0	0.0	0.0	176.303	5.41	3.163	0.0	54.573	26.474	-11.116	31.6	0.0	233.747	6.39	3.038	0.0	50.401	21.098	-12.547	0.0	0.0	170.394	5.88	3.35	0.0	49.97	9.547	-1.0	37.2	1.056	246.631	6.12
6.19	1.725	0.0	53.746	25.457	-12.597	34.8	1.886	202.167	5.0	3.35	0.532	52.718	33.521	-7.769	28.8	0.98	268.136	5.7	2.85	0.0	50.969	24.658	-12.22	0.0	0.0	237.04	6.41	4.475	0.0	48.461	30.761	-1.099	35.0	0.0	223.091	5.84	3.35	0.0	53.754	11.0	-8.983	0.0	0.955	214.857	6.06	3.35	0.0	51.258	0.0	0.0	0.2	0.0	209.336	7.16	4.1	0.532	47.947	9.547	-1.0	0.0	0.989	177.078	5.56	3.225	0.0	53.831	26.329	-11.125	31.6	0.0	242.271	6.47	3.163	0.0	49.898	21.462	-12.567	0.0	0.0	138.427	5.9	3.475	0.0	49.064	9.184	-25.016	37.2	0.0	278.791	6.53
6.19	1.85	1.063	53.51	24.585	-12.889	34.8	0.0	216.795	5.04	3.225	0.0	52.96	33.739	-7.757	28.8	0.0	263.97	5.46	2.913	0.0	51.832	24.295	-13.356	0.0	0.955	241.981	6.55	4.662	0.0	47.592	31.124	-1.128	35.0	0.972	199.842	6.08	3.475	0.0	51.441	11.291	-9.006	0.0	0.905	213.792	6.28	3.475	0.0	49.327	0.0	0.0	0.2	0.0	208.367	6.96	3.788	0.0	48.931	9.402	-1.0	0.0	0.0	176.594	5.89	3.35	0.0	50.905	26.547	-11.143	31.6	0.0	231.616	6.49	3.1	0.0	49.628	20.953	-12.929	0.0	0.0	160.513	5.9	3.538	0.0	49.428	9.111	-24.941	37.2	1.24	263.292	6.72
6.42	2.475	0.0	51.278	25.312	-13.222	34.8	1.718	224.157	5.37	4.287	0.0	49.961	33.594	-7.889	28.8	1.693	305.43	5.72	2.913	0.0	49.404	24.367	-12.476	0.0	1.307	222.704	6.54	4.662	0.0	47.897	30.325	-1.162	35.0	0.0	206.43	6.14	3.35	0.0	50.578	11.218	-9.354	0.0	1.299	204.105	6.49	3.6	0.0	47.737	0.0	0.0	0.2	1.182	214.179	7.36	4.1	3.19	46.832	9.184	-1.0	0.0	1.131	177.562	5.83	3.288	0.0	51.526	26.402	-11.241	31.6	0.0	233.166	6.61	3.288	0.0	49.097	21.098	-12.96	0.0	0.0	160.901	5.93	3.475	0.0	48.825	9.402	-1.0	37.2	1.131	246.727	6.86
6.36	2.163	0.0	51.51	24.513	-13.112	34.8	1.735	200.714	5.12	3.788	0.0	51.098	33.739	-7.821	28.8	1.793	277.435	5.84	3.163	0.0	49.026	23.859	-12.318	0.0	1.433	227.257	6.48	4.225	0.0	48.898	30.47	-1.116	35.0	0.0	204.105	6.1	3.35	0.0	51.084	10.855	-9.001	0.0	1.366	206.333	6.18	3.35	0.0	49.889	0.0	0.0	0.2	0.0	199.261	7.11	3.913	0.0	49.103	9.547	-1.0	0.0	0.0	179.209	5.86	3.163	0.0	51.111	26.402	-11.082	31.6	0.0	203.717	6.78	3.35	0.0	48.724	21.244	-12.597	0.0	0.0	147.92	5.92	3.475	0.0	49.127	9.838	-25.394	37.2	1.115	240.14	6.66
6.33	2.163	1.063	52.61	24.585	-12.941	34.8	2.087	217.279	5.24	3.413	0.0	51.234	33.594	-7.784	28.8	1.148	274.142	5.59	2.975	0.0	50.653	23.714	-12.435	0.0	0.947	219.991	6.56	4.6	0.0	47.869	30.397	-1.175	35.0	1.098	198.874	6.06	3.35	0.0	51.797	10.709	-8.992	0.0	1.433	205.267	6.01	3.35	0.0	51.611	0.0	0.0	0.2	0.0	192.674	7.08	4.037	0.0	48.457	9.402	-1.0	0.0	0.0	181.243	6.0	3.35	0.0	50.469	26.765	-11.108	31.6	0.0	227.741	6.63	3.163	0.0	49.252	21.098	-12.83	0.0	0.0	150.245	5.8	3.35	0.0	50.411	9.329	-1.0	37.2	0.0	253.702	6.58
6.32	2.475	0.532	52.341	24.658	-13.106	34.8	0.0	230.066	4.82	3.1	0.532	53.194	33.667	-7.77	28.8	0.0	270.267	5.4	2.725	0.0	51.943	24.15	-12.297	0.0	0.0	226.094	6.37	4.287	0.0	48.364	30.833	-1.07	35.0	0.0	200.23	5.98	3.288	0.0	51.995	11.073	-9.022	0.0	0.947	207.204	6.1	3.413	0.0	50.603	0.0	0.0	0.2	0.0	207.108	7.06	3.85	1.063	48.608	8.966	-1.0	0.0	0.0	169.135	5.73	3.163	0.0	51.751	26.474	-11.013	31.6	0.0	226.966	6.63	3.413	0.0	49.1	21.244	-12.764	0.0	0.0	135.327	5.9	3.475	0.0	49.155	9.547	-25.486	37.2	1.19	247.502	6.66
6.24	1.85	2.127	53.043	24.658	-13.002	34.8	2.07	207.108	4.84	2.975	0.0	53.108	33.594	-7.741	28.8	0.0	267.264	5.7	2.975	0.0	49.855	24.367	-12.486	0.0	1.274	230.744	6.34	4.287	0.0	48.94	30.397	-1.07	35.0	0.0	194.805	6.12	3.288	0.0	50.606	11.0	-9.032	0.0	1.198	215.535	6.08	3.1	0.0	50.48	0.0	0.0	0.2	0.0	196.646	7.0	3.725	5.317	49.058	9.038	-1.0	0.0	0.0	179.306	5.84	3.35	0.0	51.048	26.692	-11.04	31.6	0.939	231.034	6.5	3.288	0.0	50.265	20.88	-12.639	0.0	0.0	187.831	5.84	3.413	0.0	49.42	9.038	-1.0	37.2	1.198	240.818	6.64
6.24	1.85	0.0	53.31	24.731	-13.002	34.8	2.003	187.443	5.12	3.225	0.0	52.082	33.667	-7.782	28.8	0.0	244.015	5.52	2.788	0.0	51.094	23.568	-12.768	0.0	0.0	213.695	6.4	4.412	0.0	48.552	30.47	-1.044	35.0	1.156	209.917	5.8	3.288	0.0	53.542	11.291	-9.022	0.0	1.123	202.458	6.08	3.163	0.0	50.269	0.0	0.0	0.2	0.0	202.458	6.93	3.725	1.063	48.896	9.547	-1.0	0.0	1.106	175.334	5.84	3.288	0.0	51.258	26.547	-12.289	31.6	0.0	224.447	6.43	3.1	0.0	49.772	21.244	-12.506	0.0	0.0	164.776	5.84	3.35	0.0	49.904	9.765	-25.351	37.2	0.0	244.402	6.42
6.26	2.35	0.0	53.372	25.094	-12.751	34.8	0.0	197.324	5.12	3.413	0.0	52.26	33.667	-7.827	28.8	0.0	234.037	5.31	2.913	0.0	52.88	24.222	-12.527	0.0	0.0	199.455	6.36	4.475	0.0	48.973	30.397	-0.862	35.0	0.0	201.295	5.44	3.1	0.0	56.729	11.363	-8.954	0.0	1.232	213.21	5.71	3.1	0.0	54.412	0.0	0.0	0.2	0.0	198.583	6.58	3.538	1.063	51.81	9.62	-1.0	0.0	0.0	186.862	5.62	3.288	0.0	52.984	26.402	-11.134	31.6	0.0	218.054	6.26	3.038	0.0	51.256	21.171	-12.445	0.0	0.0	141.527	5.8	3.288	0.0	50.562	8.966	-25.33	37.2	0.0	235.49	6.34
6.06	1.475	0.0	54.405	25.312	-12.611	34.8	1.877	209.917	4.84	3.038	0.532	53.756	33.449	-7.747	28.8	0.0	257.577	5.48	2.725	0.0	51.686	23.568	-12.201	0.0	0.0	226.966	6.36	4.412	0.0	48.821	30.833	-1.112	35.0	0.913	205.364	5.63	3.288	0.0	54.547	10.782	-9.032	0.0	1.123	209.432	5.5	2.913	0.0	55.637	0.0	0.0	0.2	1.953	199.455	6.81	3.788	1.063	49.793	9.474	-1.0	0.0	0.947	186.087	5.36	2.788	0.0	54.448	26.474	-10.862	31.6	0.0	220.766	6.16	2.975	0.0	51.811	20.808	-13.307	0.0	0.0	172.719	5.76	3.038	0.0	50.346	9.111	-25.153	37.2	0.0	236.265	6.16
6.0	1.288	0.532	54.484	24.513	-12.798	34.8	1.668	205.655	4.98	2.85	0.532	52.803	33.521	-7.729	28.8	0.0	236.265	5.36	2.538	0.0	52.383	23.786	-11.94	0.0	0.0	222.316	6.3	4.287	0.0	48.691	31.415	-1.305	35.0	0.0	206.817	5.56	3.163	0.0	54.975	10.709	-9.027	0.0	0.0	208.367	5.86	3.35	0.0	52.246	0.0	0.0	0.2	0.0	208.076	7.0	3.85	0.532	48.202	9.765	-1.0	0.0	0.0	189.865	5.54	3.225	0.0	53.327	26.184	-10.956	31.6	0.0	223.479	6.21	2.788	0.0	50.678	21.534	-12.507	0.0	0.0	164.194	5.72	3.163	0.0	50.159	9.329	-1.0	37.2	0.0	242.271	6.34
6.15	1.913	0.0	54.006	25.603	-13.07	34.8	0.0	194.805	4.97	2.725	0.0	53.038	33.594	-7.674	28.8	0.0	262.614	5.31	2.788	0.0	53.235	23.568	-12.163	0.0	0.0	209.432	6.2	4.162	0.0	49.771	30.543	-0.927	35.0	0.0	225.707	5.39	3.1	0.0	56.23	11.073	-9.039	0.0	1.048	207.979	5.69	3.1	0.0	53.29	0.0	0.0	0.2	2.011	204.783	6.81	3.85	1.063	50.126	8.603	-1.0	0.0	0.0	185.699	5.36	2.85	0.0	54.536	26.692	-10.903	31.6	0.0	228.128	6.24	3.225	0.0	51.193	20.808	-12.426	0.0	0.0	166.907	5.63	2.85	0.0	51.049	9.256	-24.617	37.2	0.0	251.668	6.25
5.87	1.538	1.063	55.809	24.658	-12.783	34.8	0.0	189.962	5.07	2.85	0.0	52.283	33.667	-7.737	28.8	0.0	249.052	5.48	2.975	0.0	51.775	24.004	-12.052	0.0	0.0	218.054	6.34	4.287	0.0	48.818	30.688	-0.767	35.0	0.0	201.295	5.31	2.85	0.0	56.362	11.0	-9.021	0.0	1.106	211.273	5.06	2.725	0.0	58.79	0.0	0.0	0.2	1.45	204.202	6.52	3.538	0.0	51.682	9.765	-1.0	0.0	0.0	180.662	5.1	2.85	0.0	56.215	26.547	-10.936	31.6	0.0	219.604	6.0	2.913	0.0	52.92	20.808	-12.043	0.0	0.0	139.008	5.62	2.975	0.0	50.928	8.966	-1.0	37.2	0.0	252.54	5.89
6.0	2.163	1.063	55.187	25.312	-12.997	34.8	0.0	205.17	4.99	2.663	0.0	52.509	33.449	-7.71	28.8	0.0	224.544	5.54	2.913	0.0	51.216	23.641	-12.089	0.0	0.0	205.073	6.1	4.225	0.0	50.211	30.833	-1.116	35.0	0.0	221.444	5.29	3.038	0.0	56.85	11.073	-9.003	0.0	1.374	197.905	5.02	2.288	0.0	58.783	0.0	0.0	0.2	1.651	205.655	6.49	3.538	1.595	52.305	9.474	-1.0	0.0	0.0	182.406	5.22	3.038	0.0	55.391	26.62	-10.962	31.6	0.0	212.242	5.98	2.975	0.0	52.739	20.662	-12.337	0.0	0.0	175.625	5.7	3.225	0.0	50.127	9.402	-1.0	37.2	0.0	237.815	5.56
5.58	1.538	0.0	56.606	25.021	-12.839	34.8	0.0	211.661	4.75	2.913	0.0	54.738	33.667	-7.769	28.8	0.0	242.853	5.36	2.788	0.0	51.818	23.786	-12.116	0.0	0.0	211.079	5.8	3.913	0.0	53.246	30.47	-0.877	35.0	0.0	198.777	5.38	2.975	0.0	55.706	11.145	-9.035	0.0	1.626	209.917	5.03	2.913	0.0	58.842	0.0	0.0	0.2	1.718	205.17	5.89	3.1	1.063	57.203	9.474	-1.0	0.0	0.0	190.059	5.27	3.288	0.0	55.515	26.474	-10.932	31.6	0.0	202.555	5.92	2.725	0.0	53.353	20.953	-12.249	0.0	0.0	161.094	5.64	2.913	0.0	51.678	9.62	-1.0	37.2	0.0	243.143	5.78
6.04	1.913	0.532	54.607	25.094	-12.844	34.8	0.0	203.233	4.81	2.975	0.532	53.722	33.812	-7.749	28.8	0.0	251.28	5.46	2.788	0.0	51.175	24.15	-12.07	0.0	0.0	211.079	5.83	3.788	0.0	53.044	30.833	-0.868	35.0	0.0	208.561	5.46	3.163	0.0	54.931	11.073	-9.067	0.0	1.467	211.467	5.12	2.663	0.0	56.824	0.0	0.0	0.2	1.886	198.68	5.74	2.913	1.063	57.006	9.329	-1.0	0.0	0.0	176.109	5.42	3.1	0.0	53.899	26.62	-10.938	31.6	0.0	212.435	5.92	2.913	0.0	52.938	20.88	-12.182	0.0	0.0	165.744	5.26	2.538	0.0	54.404	9.765	-1.0	37.2	0.0	226.578	5.4
6.06	2.288	1.595	54.434	25.312	-12.961	34.8	0.0	228.516	4.84	2.85	1.063	53.668	33.739	-7.694	28.8	0.0	247.309	5.44	2.975	0.0	51.262	24.004	-12.098	0.0	0.0	212.242	5.8	3.975	0.0	52.891	30.18	-0.931	35.0	0.0	206.817	5.44	3.225	0.0	55.074	11.145	-9.074	0.0	1.45	202.748	5.08	2.788	0.0	57.106	0.0	0.0	0.2	2.129	198.874	5.72	3.163	0.0	56.743	9.474	-1.0	0.0	0.0	185.021	5.28	3.163	0.0	54.612	26.474	-10.882	31.6	0.0	210.982	5.9	2.85	0.0	52.965	20.662	-12.173	0.0	0.0	148.308	5.38	2.6	0.0	53.186	9.765	-25.191	37.2	0.0	240.528	5.59
6.0	1.725	1.063	54.455	24.658	-14.104	34.8	0.0	202.845	5.06	3.1	0.0	52.282	33.739	-7.753	28.8	0.913	255.639	5.29	2.663	0.0	52.373	24.004	-12.005	0.0	0.0	222.607	6.13	4.162	0.0	50.517	31.342	-0.692	35.0	0.0	209.626	5.44	3.038	0.0	55.22	11.0	-9.073	0.0	1.022	207.592	5.12	2.538	0.0	57.342	0.0	0.0	0.2	1.877	206.43	6.04	3.288	0.0	55.135	9.62	-1.0	0.0	0.0	173.009	5.43	3.163	0.0	54.018	26.692	-10.882	31.6	0.0	213.017	6.04	2.975	0.0	52.599	20.808	-12.288	0.0	0.0	120.99	5.5	2.788	0.0	52.314	9.765	-24.5	37.2	0.0	236.556	5.39
6.03	1.538	0.0	54.077	24.949	-12.783	34.8	2.062	205.267	4.92	2.788	0.0	52.913	33.521	-7.697	28.8	0.0	259.902	4.91	2.538	0.0	54.528	24.295	-12.078	0.0	0.0	221.929	5.94	4.037	0.0	51.929	31.051	-1.052	35.0	0.0	201.78	5.28	2.725	0.0	56.474	11.436	-9.006	0.0	0.0	195.58	5.24	2.788	0.0	56.323	0.0	0.0	0.2	1.81	205.267	5.88	3.1	0.532	56.014	9.038	-1.0	0.0	0.0	188.993	5.3	2.85	0.0	54.293	26.256	-10.775	31.6	0.0	210.304	6.04	3.163	0.0	52.182	21.098	-11.902	0.0	0.0	152.861	5.55	2.913	0.0	51.487	9.256	-25.204	37.2	0.0	230.744	5.56
5.9	1.85	1.063	54.675	25.457	-13.002	34.8	0.0	215.729	4.94	2.85	0.532	52.561	33.594	-7.677	28.8	0.0	265.229	5.1	2.85	0.0	53.735	24.077	-12.22	0.0	0.0	200.23	6.04	4.162	0.0	50.895	30.397	-0.994	35.0	0.0	200.617	5.27	2.913	0.0	56.414	11.363	-9.058	0.0	1.064	205.461	5.06	2.6	0.0	57.62	0.0	0.0	0.2	1.332	202.845	5.9	3.288	1.595	55.581	9.474	-1.0	0.0	0.0	186.668	5.24	2.788	0.0	54.899	26.184	-10.705	31.6	2.003	225.997	5.94	2.725	0.0	52.852	21.244	-12.201	0.0	0.0	152.57	5.56	2.913	0.0	51.548	9.474	-25.204	37.2	0.0	244.015	5.46
6.04	1.725	0.0	53.843	24.731	-12.925	34.8	0.0	194.708	4.94	2.788	0.0	52.472	33.449	-7.74	28.8	1.902	251.377	5.21	2.85	0.0	53.25	24.367	-12.033	0.0	0.0	201.295	5.68	4.037	0.0	53.849	30.688	-0.785	35.0	0.0	200.52	5.06	2.6	0.0	58.191	11.073	-9.086	0.0	1.089	207.204	4.94	2.538	0.0	58.486	0.0	0.0	0.2	1.819	196.646	5.66	3.225	0.0	57.368	8.966	-1.0	0.0	0.0	186.862	5.1	2.913	0.0	55.838	26.474	-10.722	31.6	0.0	213.307	5.97	3.788	0.0	52.856	21.244	-12.32	0.0	0.0	161.869	5.4	2.538	0.0	52.508	9.329	-24.801	37.2	0.0	240.14	5.1
5.92	2.1	0.532	55.029	25.167	-12.819	34.8	0.0	212.242	4.9	2.725	0.0	53.028	33.812	-7.725	28.8	1.961	244.79	5.18	2.788	0.0	53.982	24.367	-11.978	0.0	0.0	210.014	5.65	3.725	0.0	53.638	30.979	-7.754	35.0	0.0	202.167	5.19	2.975	0.0	57.669	11.073	-9.086	0.0	1.098	203.33	4.93	2.538	0.0	58.399	0.0	0.0	0.2	1.508	197.033	5.58	3.1	0.0	57.959	8.748	-1.0	0.0	2.036	183.568	5.22	3.1	0.0	55.566	26.038	-10.543	31.6	0.0	208.367	6.01	3.1	0.0	52.595	21.098	-11.936	0.0	0.0	163.322	5.43	2.538	0.0	51.888	9.983	-1.0	37.2	2.036	252.54	5.23
5.82	1.475	0.0	55.685	25.021	-12.773	34.8	0.0	188.896	4.94	2.725	0.0	52.739	33.812	-7.725	28.8	0.0	244.306	5.06	2.538	0.0	54.433	24.295	-11.94	0.0	0.0	204.105	5.52	3.663	0.0	54.589	30.979	-0.826	35.0	1.936	207.592	5.06	2.913	0.0	58.363	10.927	-9.09	0.0	1.014	197.905	4.94	2.6	0.0	58.372	0.0	0.0	0.2	1.844	205.558	5.61	3.1	2.127	57.648	9.474	-1.0	0.0	0.0	178.144	5.15	2.913	0.0	55.817	26.547	-10.784	31.6	0.0	219.313	5.92	3.038	0.0	53.086	21.316	-11.839	0.0	0.0	158.285	5.38	2.413	0.0	52.683	9.329	-25.038	37.2	2.12	236.653	5.35
6.03	1.975	0.0	54.106	24.658	-12.91	34.8	0.0	221.251	4.88	2.788	0.0	52.996	33.449	-7.79	28.8	0.0	239.268	5.14	2.663	0.0	54.767	24.15	-11.783	0.0	0.0	207.883	5.42	3.663	0.0	55.334	30.034	-0.826	35.0	0.0	204.589	5.08	2.788	0.0	58.963	11.436	-9.097	0.0	1.257	215.923	5.02	2.475	0.0	57.756	0.0	0.0	0.2	1.693	194.805	5.58	2.913	1.063	58.388	9.474	-1.0	0.0	2.062	178.434	5.3	2.975	0.0	55.053	26.62	-10.793	31.6	0.0	210.595	6.0	3.163	0.0	52.861	21.244	-11.991	0.0	0.0	141.527	5.3	2.413	0.0	53.056	8.966	-1.0	37.2	0.0	239.268	5.48
5.84	1.725	1.063	55.455	24.658	-12.814	34.8	0.0	194.611	4.94	2.725	0.0	52.413	33.885	-7.733	28.8	0.0	229.581	4.99	2.6	0.0	54.891	24.004	-11.86	0.0	0.0	211.079	5.62	3.725	0.0	53.575	30.543	-0.88	35.0	1.902	209.529	5.3	3.225	0.0	56.361	10.782	-9.227	0.0	0.989	206.042	4.94	2.6	0.0	58.458	0.0	0.0	0.2	1.869	190.737	5.76	3.163	1.063	57.009	9.402	-1.0	0.0	0.0	183.181	5.18	2.975	0.0	56.053	26.983	-10.824	31.6	0.0	202.845	6.08	3.163	0.0	52.039	20.808	-11.991	0.0	0.0	163.032	5.4	2.788	0.0	52.151	9.765	-1.0	37.2	0.0	241.593	5.29
6.04	2.038	0.0	54.461	25.53	-12.755	34.8	0.0	188.605	4.69	2.163	0.532	54.32	33.739	-7.688	28.8	1.735	238.59	5.24	2.663	0.0	53.52	24.004	-11.914	0.0	0.0	197.905	5.81	3.975	0.0	52.774	30.761	-0.798	35.0	0.0	198.68	5.2	3.038	0.0	57.354	11.145	-9.148	0.0	1.098	207.786	4.92	2.6	0.0	58.909	0.0	0.0	0.2	1.71	198.196	5.57	3.163	0.0	58.186	8.893	-1.0	0.0	0.0	184.731	5.1	3.038	0.0	56.099	26.474	-10.801	31.6	1.911	221.929	5.9	3.163	0.0	53.527	20.808	-11.946	0.0	0.0	155.282	5.52	2.85	0.0	51.483	9.184	-24.904	37.2	0.0	267.264	5.36
5.95	1.975	0.532	54.887	25.312	-12.744	34.8	0.0	190.543	4.75	2.788	0.0	53.095	33.667	-7.748	28.8	0.0	212.048	5.28	2.725	0.0	52.609	24.295	-13.034	0.0	0.0	205.267	5.66	3.975	0.0	53.993	30.833	-0.664	35.0	0.0	205.558	5.19	2.975	0.0	57.008	11.145	-9.151	0.0	1.156	206.72	5.02	2.788	0.0	57.756	0.0	0.0	0.2	1.609	199.358	5.78	3.288	1.063	56.868	9.547	-1.0	0.0	1.86	191.124	5.46	3.35	0.0	54.082	26.62	-10.844	31.6	0.0	212.532	6.06	3.038	0.0	52.245	21.244	-12.25	0.0	0.0	147.436	5.44	2.85	0.0	52.603	9.402	-25.091	37.2	0.0	242.853	5.0
6.06	2.163	0.0	54.052	24.44	-12.829	34.8	0.0	194.805	4.88	3.163	0.0	52.641	33.449	-7.785	28.8	0.0	222.219	5.17	2.975	0.0	52.534	24.44	-11.917	0.0	0.0	207.108	5.54	3.913	0.0	54.563	31.124	-0.977	35.0	0.0	194.805	5.28	3.225	0.0	56.126	10.564	-9.158	0.0	1.282	196.161	5.28	2.85	0.0	55.487	0.0	0.0	0.2	1.71	184.731	5.76	3.225	0.0	56.402	8.748	-1.0	0.0	1.567	180.275	5.37	3.1	0.0	54.303	26.62	-10.841	31.6	0.0	207.495	5.94	2.663	0.0	52.317	21.244	-11.783	0.0	0.0	161.482	5.32	2.788	0.0	53.443	9.474	-24.977	37.2	0.0	225.513	5.5
