42.0	4.537	1.063	0.0	26.983	-8.708	15.0	1.819	214.47	4.78	4.725	0.0	89.102	35.192	-15.478	1.6	1.659	250.602	4.79	5.537	0.0	90.433	26.402	-0.898	21.6	1.467	230.453	5.42	6.225	0.0	91.362	32.577	-2.495	15.2	1.198	176.594	5.16	6.225	0.0	88.373	23.568	-8.362	41.4	1.307	204.783	4.87	5.537	0.0	85.999	0.0	0.0	14.0	0.0	183.956	6.06	5.975	0.0	86.986	17.756	-22.007	35.2	1.056	174.172	5.0	5.662	0.0	86.79	26.838	-25.367	8.2	1.944	215.632	5.42	5.912	0.0	85.864	25.893	-24.619	14.6	1.483	138.427	5.0	5.35	0.0	91.713	13.979	-25.055	24.4	2.053	243.434	5.76
0.0	4.662	1.595	0.0	27.564	-8.634	15.0	0.0	202.555	4.45	4.725	0.0	90.556	34.175	-15.478	1.8	0.0	244.015	4.6	5.475	0.0	91.018	26.038	-0.878	21.8	0.0	215.729	5.38	6.1	0.0	91.982	32.359	-2.346	15.2	1.458	195.968	4.98	6.037	0.0	89.067	22.115	-8.382	41.6	1.718	247.115	4.92	5.35	0.0	85.065	0.0	0.0	14.0	1.978	196.258	5.92	5.85	4.254	88.391	18.556	-22.523	35.4	1.374	163.807	4.96	5.6	0.0	86.869	27.491	-25.548	8.4	1.056	210.207	5.52	5.912	0.0	85.301	25.748	-24.19	14.8	0.0	186.668	4.81	5.475	0.0	93.114	13.906	-25.703	24.6	1.601	229.678	5.74
-1.0	4.662	1.063	0.0	27.346	-8.593	15.2	1.056	224.544	4.75	4.725	0.0	89.482	34.611	-15.957	2.0	0.0	257.964	4.78	5.475	0.0	90.303	26.329	-1.017	21.8	1.316	239.946	5.46	6.1	0.0	91.076	32.214	-2.277	15.4	2.062	199.358	5.0	6.162	0.0	88.158	22.115	-8.372	41.8	1.718	232.391	4.99	5.537	0.0	84.674	0.0	0.0	14.2	1.55	207.979	6.0	6.225	7.976	88.191	17.756	-22.972	35.4	1.039	187.54	4.94	5.412	0.0	87.285	26.91	-25.876	8.4	0.0	219.991	5.58	5.85	0.0	84.77	26.983	-1.0	14.8	1.048	178.434	4.95	5.6	0.0	93.255	13.833	-25.548	24.6	1.106	246.243	5.84
-1.0	4.787	0.532	0.0	27.128	-8.912	15.2	0.0	206.042	4.77	4.787	0.0	90.258	34.393	-16.559	2.0	1.14	279.857	4.79	5.6	0.0	91.026	26.184	-0.988	21.8	1.257	263.389	5.46	6.037	0.0	91.076	32.141	-7.989	15.4	0.0	203.717	5.16	6.412	0.0	89.069	22.115	-8.439	41.8	1.718	241.109	4.96	5.6	0.0	86.111	0.0	0.0	14.2	1.953	198.68	5.93	5.912	1.595	88.744	18.265	-25.146	35.6	0.0	195.58	5.03	5.662	0.0	86.798	27.056	-25.868	8.6	1.869	223.091	5.52	5.912	0.0	85.188	25.675	-24.082	15.0	1.676	156.832	4.7	5.35	0.0	93.861	13.979	-25.56	24.8	0.0	241.981	5.91
-1.0	4.537	1.063	0.0	27.201	-8.518	15.4	0.0	206.042	4.4	4.725	0.0	90.797	34.974	-15.875	2.0	1.307	262.033	4.26	5.475	0.0	92.841	26.111	-0.982	21.8	0.0	221.735	5.27	6.1	0.0	94.017	32.286	-2.242	15.4	0.0	192.383	4.8	6.725	0.0	91.134	22.915	-8.474	42.0	0.0	214.373	4.94	5.725	0.0	86.016	0.0	0.0	14.4	1.467	190.059	5.94	5.975	0.0	89.139	18.41	-22.229	35.6	0.93	179.984	4.94	5.662	0.0	87.682	27.346	-25.67	8.6	0.0	213.21	5.44	6.162	0.0	85.914	25.82	-24.273	15.0	0.0	159.641	4.74	5.537	0.0	94.72	13.906	-25.526	24.8	0.0	233.844	5.87
-1.0	4.662	3.19	0.0	27.637	-8.546	15.4	0.972	216.117	4.38	4.725	0.0	90.791	34.902	-15.023	2.2	1.994	248.665	4.38	5.537	0.0	92.544	26.692	-1.316	22.0	1.366	235.394	5.23	6.225	0.0	93.721	32.722	-8.125	15.6	0.0	195.29	4.74	6.162	0.0	91.35	23.133	-8.466	42.2	0.0	193.546	4.84	5.725	0.0	87.436	0.0	0.0	14.4	1.927	197.13	5.72	5.787	0.532	90.847	17.611	-21.291	35.6	0.0	173.203	4.86	5.537	0.0	88.21	27.273	-1.0	8.6	1.609	210.692	5.36	5.725	0.0	86.209	26.91	-24.128	15.0	1.953	160.901	4.82	5.537	0.0	93.853	14.124	-25.324	25.0	0.0	241.496	5.65
-1.0	4.537	0.0	0.0	27.346	-8.511	15.6	0.0	229.097	4.52	4.6	0.0	90.278	34.611	-15.072	2.2	0.0	251.668	4.7	5.537	0.0	90.897	25.603	-0.933	22.0	0.0	286.541	5.42	6.287	0.0	92.034	32.214	-8.016	15.6	1.886	230.453	4.87	6.35	0.0	89.856	23.205	-8.563	42.2	2.137	203.717	4.84	5.6	0.0	87.392	0.0	0.0	14.4	0.0	199.649	5.9	6.1	0.0	89.93	18.192	-22.045	35.6	1.291	185.021	4.93	5.6	0.0	87.833	27.201	-25.845	8.6	1.768	222.897	5.52	5.912	0.0	85.437	26.983	-24.19	15.2	0.0	179.306	4.63	5.35	0.0	94.287	14.197	-25.757	25.0	1.324	280.438	5.72
-1.0	4.412	0.0	0.0	27.201	-8.477	15.6	0.0	222.704	4.88	4.787	0.0	88.564	34.321	-14.888	2.2	0.997	311.533	4.82	5.537	0.0	89.929	27.637	-0.933	22.0	2.036	225.803	5.48	6.1	0.0	91.588	31.996	-2.45	15.6	0.0	197.905	5.08	6.662	0.0	88.09	22.987	-8.491	42.2	0.0	208.754	5.06	5.412	0.0	85.371	0.0	0.0	14.4	1.081	190.155	6.13	5.975	0.0	87.516	17.829	-21.786	35.6	0.0	162.16	5.08	5.6	0.0	86.23	27.419	-25.548	8.6	0.0	232.003	5.65	6.037	0.0	84.444	27.056	-24.014	15.2	1.684	157.995	5.02	5.412	0.0	91.424	14.342	-25.973	25.0	0.0	240.915	6.0
-1.0	4.662	1.063	0.0	27.491	-8.532	15.6	0.0	223.866	4.56	4.725	0.0	90.627	34.175	-14.521	2.4	0.955	275.401	4.48	5.412	0.0	92.116	25.893	-0.997	22.0	1.073	230.647	5.4	6.35	0.0	92.405	32.577	-2.435	15.8	0.0	200.617	5.02	6.475	0.0	89.25	22.697	-8.486	42.2	1.668	220.766	4.98	5.85	0.0	86.741	0.0	0.0	14.4	0.0	212.242	5.98	6.037	0.532	89.886	18.12	-22.47	35.8	0.0	189.38	4.96	5.6	0.0	87.312	26.91	-25.447	8.8	0.0	216.504	5.5	5.975	0.0	85.478	27.056	-23.885	15.2	0.0	162.257	4.82	5.6	0.0	93.158	14.269	-25.845	25.2	0.0	277.241	5.8
5.22	4.787	0.532	85.725	27.346	-8.483	15.6	1.609	278.791	4.48	4.787	0.0	90.818	34.829	-14.396	2.4	1.257	283.054	4.58	5.537	0.0	92.122	26.256	-1.003	22.0	0.939	234.909	5.51	6.537	0.0	91.744	32.432	-2.501	15.8	1.969	197.421	5.28	6.225	0.0	87.789	22.333	-8.411	42.4	0.0	210.111	4.75	5.6	0.0	87.985	0.0	0.0	14.6	1.483	204.492	5.76	6.037	1.063	90.858	18.556	-20.709	35.8	1.844	180.468	4.84	5.662	0.0	88.314	27.491	-25.769	8.8	1.282	231.422	5.49	5.912	0.0	85.837	27.128	-24.19	15.2	1.215	185.893	4.9	5.6	0.0	92.146	14.342	-26.136	25.2	2.036	255.446	5.8
-1.0	4.6	0.0	0.0	27.491	-8.391	15.8	0.0	236.653	5.02	4.787	1.595	87.504	34.393	-14.328	2.4	0.0	304.849	4.78	5.6	0.0	90.473	25.53	-0.883	22.0	0.0	229.097	5.58	6.287	0.0	90.938	32.214	-2.517	15.8	0.905	179.597	5.26	6.287	0.0	87.166	23.205	-8.385	42.4	0.0	198.583	5.04	5.6	0.0	85.772	0.0	0.0	14.6	0.0	195.483	6.06	6.037	0.0	88.58	17.902	-22.026	35.8	1.073	181.825	5.06	5.725	0.0	86.493	26.765	-24.872	8.8	0.0	213.792	5.56	6.162	0.0	85.22	25.748	-23.946	15.2	1.81	176.594	5.0	5.725	0.0	93.821	14.342	-1.0	25.2	0.0	236.169	5.9
5.9	4.787	0.0	83.975	27.346	-8.441	15.8	1.508	210.692	5.26	4.912	0.0	85.419	34.829	-14.284	2.4	0.93	261.355	5.1	5.475	0.0	87.568	26.62	-0.948	22.2	0.939	226.191	5.63	6.162	0.0	90.14	32.504	-2.473	15.8	1.919	196.646	5.48	6.225	0.0	84.791	22.624	-8.387	42.4	1.609	208.754	5.19	5.475	0.0	83.99	0.0	0.0	14.6	0.0	209.529	6.1	6.1	0.532	87.907	17.974	-21.823	36.0	0.0	174.85	5.2	5.6	0.0	85.11	27.056	-25.141	8.8	0.0	220.669	5.72	5.787	0.0	83.609	26.329	-23.932	15.4	1.207	162.838	5.22	5.662	0.0	90.992	14.342	-26.254	25.4	1.366	257.189	6.07
94.85	4.662	0.0	0.0	27.273	-8.427	15.8	1.777	189.962	4.9	4.662	0.0	87.606	34.466	-14.509	2.4	1.659	282.666	4.59	5.475	0.0	91.079	26.402	-0.809	22.2	1.257	223.866	5.52	6.412	0.0	92.249	32.504	-2.666	15.8	0.905	207.883	5.08	6.225	0.0	88.418	22.769	-8.379	42.4	1.877	217.279	5.03	5.412	0.0	85.001	0.0	0.0	14.6	1.86	199.067	6.04	5.912	0.532	88.399	17.684	-21.767	36.0	0.0	183.181	5.18	5.725	0.0	85.671	27.564	-25.081	8.8	2.078	229.678	5.72	5.912	0.0	83.702	26.111	-24.19	15.4	1.76	171.46	4.86	5.537	0.0	93.087	14.415	-25.921	25.4	1.785	244.402	6.04
-1.0	4.537	9.571	0.0	27.564	-8.428	15.8	0.0	195.096	4.97	4.787	1.063	87.975	34.756	-14.194	2.4	1.936	268.814	4.9	5.475	0.0	89.392	26.329	-0.705	22.2	1.492	235.394	5.82	6.162	0.0	89.672	32.867	-2.403	16.0	0.0	213.307	5.31	6.037	0.0	86.332	22.915	-8.342	42.4	0.0	220.573	5.19	5.6	0.0	84.995	0.0	0.0	14.6	0.0	219.701	6.35	6.412	1.595	85.866	17.538	-22.362	36.0	0.905	186.571	5.14	5.6	0.0	86.043	27.346	-24.934	8.8	1.299	233.359	6.01	5.975	0.0	81.691	26.111	-24.319	15.4	0.0	173.881	5.09	5.6	0.0	92.405	14.56	-26.136	25.4	1.676	240.14	6.24
-1.0	4.662	0.0	0.0	27.346	-8.34	15.8	0.0	228.903	4.54	4.662	0.0	90.686	34.684	-14.649	2.4	0.0	248.665	4.34	5.537	0.0	92.575	26.547	-0.69	22.2	2.02	216.504	5.84	6.225	0.0	88.195	32.504	-2.53	16.0	1.031	230.26	4.82	6.35	0.0	90.907	22.261	-8.384	42.4	0.0	204.395	5.08	5.6	0.0	85.149	0.0	0.0	14.6	0.0	195.968	6.2	6.1	0.532	87.533	17.756	-22.6	36.0	0.0	164.097	5.17	5.662	0.0	85.465	26.692	-24.746	8.8	0.955	227.353	5.9	6.037	0.0	82.582	25.893	-24.232	15.4	1.911	193.255	5.04	5.6	0.0	90.838	14.705	-26.136	25.4	2.053	274.82	6.13
-1.0	4.725	1.063	0.0	27.346	-8.419	15.8	0.955	256.802	4.58	4.85	0.0	90.844	34.248	-14.974	2.4	0.0	275.691	4.35	5.537	0.0	92.866	25.675	-0.933	22.2	1.014	229.388	5.86	6.162	0.0	87.913	32.141	-2.473	16.0	1.475	202.845	4.99	6.162	0.0	90.358	22.261	-8.315	42.4	0.0	210.886	4.92	5.6	0.0	87.302	0.0	0.0	14.6	1.249	195.968	6.5	5.975	0.0	84.877	17.393	-22.561	36.0	1.265	196.355	5.08	5.6	0.0	86.632	26.983	-24.62	8.8	1.123	226.966	6.12	5.975	0.0	80.957	25.82	-23.994	15.4	0.0	237.428	4.96	5.6	0.0	94.297	14.633	-26.04	25.4	2.137	247.502	5.98
0.0	4.787	0.0	0.0	27.346	-8.412	15.8	1.299	256.221	4.58	4.912	0.0	90.781	34.466	-15.285	2.4	1.969	261.742	4.74	5.6	0.0	91.013	26.474	-0.918	22.2	2.053	222.316	5.79	6.475	0.0	89.361	32.577	-2.584	16.0	2.045	187.734	5.36	6.35	0.0	86.567	21.897	-8.352	42.4	1.358	213.792	5.12	5.537	0.0	84.796	0.0	0.0	14.6	0.0	189.187	6.65	6.037	0.532	84.061	17.466	-23.024	36.0	2.053	209.529	5.24	5.787	0.0	85.324	27.346	-24.789	8.8	1.768	248.084	6.0	5.912	0.0	81.83	26.765	-24.298	15.4	1.86	168.457	5.04	5.6	0.0	92.35	14.633	-26.136	25.4	1.332	239.365	6.34
0.0	4.662	0.0	0.0	27.273	-8.332	15.8	1.374	238.59	4.52	4.912	0.0	90.786	34.103	-15.361	2.4	1.785	242.174	4.46	5.6	0.0	92.401	26.038	-0.883	22.2	0.0	208.367	5.38	6.287	0.0	92.607	32.795	-2.517	16.0	1.735	208.173	4.84	6.225	0.0	90.701	22.261	-8.322	42.4	2.087	207.011	4.96	5.225	0.0	85.932	0.0	0.0	14.6	2.003	196.743	5.88	5.912	0.0	89.471	17.538	-23.206	36.0	1.819	171.847	4.97	5.6	0.0	87.226	27.273	-24.514	8.8	1.651	178.531	5.6	5.787	0.0	84.638	25.53	-24.256	15.4	1.961	172.525	5.1	5.725	0.0	93.398	14.85	-25.988	25.4	0.0	224.254	5.88
0.0	4.662	0.0	0.0	27.564	-8.279	15.8	1.777	200.327	4.53	4.85	0.0	90.747	34.902	-15.426	2.4	1.911	231.228	4.44	5.412	0.0	92.354	27.128	-0.893	22.2	1.19	215.148	5.36	6.287	0.0	92.248	32.577	-2.308	16.0	0.0	241.206	4.74	6.162	0.0	91.308	22.479	-8.331	42.4	1.785	210.111	4.68	5.225	0.0	87.154	0.0	0.0	14.6	0.0	218.054	5.82	5.912	0.0	90.06	17.538	-23.426	36.0	0.0	187.734	4.82	5.662	0.0	88.548	27.273	-23.891	8.8	0.0	226.094	5.44	5.975	0.0	85.869	26.111	-23.885	15.4	1.852	201.005	4.88	5.6	0.0	93.42	14.778	-25.747	25.4	1.115	266.101	5.64
-1.0	4.662	0.532	0.0	27.491	-8.34	15.8	1.131	240.431	4.65	4.787	0.0	90.311	34.175	-15.035	2.6	2.07	295.356	4.6	5.6	0.0	91.982	26.402	-0.953	22.2	2.028	250.215	5.56	6.1	0.0	91.039	32.359	-2.416	16.0	0.0	248.859	5.03	6.225	0.0	89.382	22.261	-8.354	42.6	1.006	318.798	4.86	5.475	0.0	87.243	0.0	0.0	14.6	0.0	219.216	6.05	5.912	3.722	89.08	17.538	-23.536	36.0	1.425	189.671	4.88	5.725	0.0	88.564	26.91	-24.45	8.8	1.584	237.815	5.54	5.912	0.0	85.533	26.184	-24.19	15.4	0.0	167.488	4.64	5.537	0.0	94.006	14.705	-25.324	25.4	0.0	245.177	5.72
-1.0	4.412	0.0	0.0	27.273	-8.357	15.8	0.0	282.957	4.92	4.912	0.532	88.921	33.885	-15.06	2.6	0.0	315.311	4.77	5.6	0.0	91.4	26.547	-1.023	22.2	1.131	202.555	5.57	6.225	0.0	91.147	32.432	-2.495	16.0	0.972	209.529	5.18	6.287	0.0	88.181	21.68	-8.377	42.6	0.0	217.473	4.98	5.475	0.0	85.442	0.0	0.0	14.6	0.0	207.689	5.95	5.975	0.0	88.836	16.885	-23.775	36.0	0.0	167.294	4.96	5.725	0.0	87.157	27.056	-23.912	8.8	0.0	256.802	5.4	5.85	0.0	86.398	25.893	-24.277	15.4	0.0	180.856	4.86	5.6	0.0	93.578	14.778	-25.038	25.4	1.592	299.812	5.86
-1.0	4.662	1.595	0.0	27.273	-8.384	15.8	2.07	218.732	4.87	4.85	0.0	89.233	34.829	-14.273	2.6	0.0	263.001	4.6	5.6	0.0	91.313	26.329	-0.849	22.2	1.525	237.622	5.36	6.225	0.0	93.016	32.577	-2.251	16.0	1.936	207.883	5.08	6.162	0.0	89.438	21.752	-8.396	42.6	0.0	217.57	4.86	5.225	0.0	86.489	0.0	0.0	14.8	0.0	184.343	5.86	5.975	0.532	90.113	17.684	-22.894	36.0	1.751	185.506	5.02	5.787	0.0	87.194	27.346	-24.256	9.0	0.0	214.567	5.36	5.975	0.0	86.523	26.184	-24.319	15.4	1.425	175.819	4.68	5.787	0.0	95.224	14.778	-24.894	25.4	0.0	244.693	5.91
3.88	4.6	0.532	89.215	27.056	-8.318	16.0	0.0	231.228	4.6	4.912	0.0	90.828	34.829	-14.086	2.6	1.877	252.54	4.24	5.475	0.0	93.368	26.474	-0.843	22.2	1.131	220.669	5.32	6.225	0.0	93.663	32.577	-2.426	16.0	0.0	202.845	4.7	6.162	0.0	92.029	21.462	-8.356	42.6	0.0	212.823	4.78	5.475	0.0	87.949	0.0	0.0	14.8	1.953	200.617	5.81	6.1	0.0	91.211	17.466	-22.378	36.0	0.0	196.258	4.88	5.6	0.0	88.433	27.346	-24.194	9.0	1.131	219.216	5.34	6.037	0.0	86.808	26.547	-24.232	15.4	1.156	188.896	4.82	5.662	0.0	95.582	14.705	-24.641	25.4	1.265	240.818	5.72
16.2	4.787	0.532	93.398	27.637	-8.246	16.0	0.0	252.54	4.52	4.85	0.0	90.85	34.902	-14.075	2.6	0.0	263.292	4.48	5.475	0.0	92.778	25.675	-0.774	22.2	0.0	225.803	5.4	6.1	0.0	92.509	32.504	-2.485	16.0	0.0	204.88	4.86	6.225	0.0	91.613	21.897	-8.362	42.6	0.0	240.043	4.66	5.6	0.0	88.66	0.0	0.0	14.8	1.819	204.976	6.0	6.1	2.127	89.502	17.756	-21.934	36.0	0.0	179.597	4.76	5.662	0.0	89.205	26.91	-24.107	9.0	2.02	218.248	5.52	5.912	0.0	86.069	25.82	-23.973	15.6	0.0	204.298	4.64	5.6	0.0	95.412	14.85	-24.408	25.4	0.0	246.534	5.63
34.03	4.662	5.317	99.957	27.419	-8.202	16.0	1.483	233.941	4.45	4.975	3.722	90.81	34.756	-14.033	2.6	2.095	251.765	4.38	5.6	0.0	92.874	26.184	-0.883	22.2	0.0	217.279	5.45	6.1	0.0	92.293	32.432	-2.485	16.0	1.24	194.708	4.74	6.35	0.0	92.04	21.389	-8.384	42.6	1.953	206.042	4.89	5.6	0.0	87.471	0.0	0.0	14.8	1.71	224.932	6.06	5.912	4.785	88.908	17.175	-21.767	36.0	0.0	187.443	5.06	5.6	0.0	87.558	27.346	-24.301	9.0	1.911	249.44	5.63	6.1	0.0	84.668	26.62	-24.253	15.6	0.0	195.968	4.81	5.662	0.0	95.081	14.85	-24.535	25.4	1.601	252.443	5.84
50.01	4.537	0.0	0.0	27.346	-8.149	16.0	1.433	187.831	4.42	4.725	0.0	90.76	34.829	-13.86	2.6	0.0	240.431	4.2	5.412	0.0	93.275	26.765	-0.858	22.2	0.0	224.157	5.16	5.85	0.0	93.824	32.286	-2.258	16.0	0.0	207.495	4.7	6.037	0.0	91.967	21.026	-8.39	42.6	1.508	213.017	4.55	5.6	0.0	89.043	0.0	0.0	14.8	0.0	204.298	5.6	5.725	2.659	92.375	17.538	-21.382	36.0	0.0	191.512	4.6	5.537	0.0	89.829	27.637	-24.066	9.0	0.0	214.567	5.26	5.787	0.0	86.899	26.91	-23.932	15.6	1.676	169.425	4.58	5.537	0.0	95.989	14.996	-24.387	25.4	0.0	237.718	5.58
56.5	4.475	0.0	0.0	27.491	-8.19	16.0	0.0	220.379	4.52	5.037	0.0	90.723	34.684	-13.792	2.6	0.0	243.046	4.78	5.412	0.0	91.066	26.111	-0.754	22.2	1.14	222.994	5.52	6.287	0.0	91.473	32.432	-2.448	16.0	1.584	234.134	5.16	6.35	0.0	88.111	21.534	-8.448	42.6	0.0	188.024	4.85	5.6	0.0	88.207	0.0	0.0	14.8	0.0	235.006	6.01	5.85	10.103	90.066	17.103	-21.419	36.0	0.0	218.635	4.82	5.662	0.0	88.896	26.765	-24.322	9.0	0.0	240.14	5.48	5.975	0.0	86.059	25.603	-24.211	15.6	1.844	190.93	4.89	5.662	0.0	93.872	14.996	-23.999	25.4	1.492	218.732	5.48
40.48	4.6	0.0	97.927	27.056	-8.257	16.0	0.0	233.941	4.58	4.725	1.595	90.59	34.756	-13.434	2.6	0.0	251.668	4.5	5.537	0.0	91.684	26.402	-0.759	22.2	1.324	203.814	5.25	6.1	0.0	93.808	32.504	-2.312	16.0	1.316	199.067	4.7	6.1	0.0	90.664	21.316	-8.42	42.8	1.182	207.979	5.0	5.6	0.0	85.694	0.0	0.0	14.8	1.257	200.908	6.05	6.037	1.063	89.319	17.248	-21.254	36.2	1.458	200.23	5.02	5.6	0.0	87.194	27.564	-23.871	9.0	1.098	219.991	5.52	6.037	0.0	85.347	25.893	-1.0	15.6	0.0	184.44	4.85	5.725	0.0	93.983	14.85	-24.128	25.6	2.103	235.006	5.88
-1.0	4.537	0.532	0.0	27.346	-8.258	16.0	0.0	212.823	4.4	4.787	0.0	90.755	34.466	-14.888	2.8	0.0	262.227	4.19	5.35	0.0	93.354	25.82	-0.7	22.2	1.232	207.495	5.26	6.1	0.0	93.974	32.432	-2.312	16.2	1.894	202.845	4.9	6.162	0.0	90.886	20.953	-8.489	42.8	0.0	244.596	4.47	5.475	0.0	89.238	0.0	0.0	14.8	1.165	212.629	5.48	5.662	1.595	93.296	17.03	-24.535	36.2	0.972	184.246	4.52	5.475	0.0	90.171	26.765	-23.83	9.0	1.475	226.094	5.18	5.85	0.0	87.808	26.692	-24.384	15.6	0.0	177.562	4.51	5.6	0.0	95.929	15.141	-24.514	25.6	1.198	226.094	5.3
102.0	4.537	0.0	0.0	27.346	-8.296	16.0	0.0	203.717	5.02	4.85	2.127	88.817	34.103	-13.82	2.8	1.341	326.548	4.8	5.475	0.0	90.563	25.748	-0.982	22.4	0.0	198.68	5.7	6.35	0.0	89.034	32.068	-2.54	16.2	0.0	210.111	5.21	5.975	0.0	87.153	21.462	-8.476	42.8	1.844	201.78	5.08	5.225	0.0	84.741	0.0	0.0	14.8	1.467	203.911	6.19	6.162	1.063	87.841	17.32	-20.313	36.2	1.131	197.905	4.96	5.725	0.0	87.577	27.273	-24.556	9.0	1.173	228.903	5.66	5.912	0.0	84.561	26.62	-24.405	15.6	1.877	182.309	5.0	5.412	0.0	91.503	15.068	-24.766	25.6	0.0	254.38	5.92
