6.97	6.35	87.734	66.472	25.385	-12.229	34.8	1.048	223.769	5.63	6.6	87.734	66.58	33.449	-8.304	28.8	0.0	249.246	6.0	6.725	0.0	67.239	24.004	-11.367	0.0	1.659	233.069	6.97	7.662	0.0	65.329	30.833	-2.463	35.0	1.324	203.427	6.45	6.412	0.0	67.402	11.291	-9.457	0.0	2.129	205.848	6.63	6.287	0.0	68.291	0.0	0.0	0.2	0.0	188.605	7.28	6.912	90.392	66.853	9.62	-1.0	0.0	0.905	194.224	6.32	5.912	0.0	67.002	26.765	-12.158	31.6	0.0	228.032	7.16	6.662	0.0	65.663	21.534	-16.981	0.0	0.0	166.713	6.32	6.85	0.0	67.94	9.329	-1.0	37.2	1.098	237.428	7.08
6.98	6.287	86.139	66.771	25.53	-12.175	34.8	0.0	231.228	5.65	6.475	88.797	66.61	33.739	-8.274	28.8	0.947	244.79	6.04	6.787	0.0	66.6	24.295	-11.479	0.0	1.324	222.607	6.94	7.725	0.0	65.678	30.397	-2.668	35.0	1.467	219.023	6.46	6.412	0.0	68.206	11.0	-9.447	0.0	1.969	201.005	6.56	6.225	0.0	68.731	0.0	0.0	0.2	0.0	194.805	7.38	7.037	90.392	66.166	9.692	-26.664	0.0	1.19	177.756	6.36	5.912	0.0	66.847	26.474	-11.988	31.6	1.525	216.02	7.13	6.725	0.0	65.739	21.389	-16.995	0.0	0.0	142.883	6.33	6.975	0.0	67.755	9.692	-1.0	37.2	0.0	237.428	7.1
7.0	6.537	91.456	66.233	24.949	-12.216	34.8	0.0	201.295	5.66	6.537	90.924	66.397	33.594	-8.272	28.8	0.0	249.343	6.02	6.85	0.0	67.457	23.932	-11.42	0.0	1.022	230.453	6.86	7.975	0.0	67.181	31.415	-2.755	35.0	0.0	208.27	6.44	6.162	0.0	67.588	11.291	-9.375	0.0	1.701	201.392	6.52	6.037	0.0	68.697	0.0	0.0	0.2	0.0	202.652	7.22	6.975	93.051	67.436	9.474	-1.0	0.0	0.0	176.497	6.26	5.912	0.0	67.715	26.329	-13.134	31.6	0.0	209.045	7.14	6.85	0.0	65.796	21.97	-16.761	0.0	0.0	162.548	6.32	7.1	0.0	68.978	9.62	-1.0	37.2	0.0	213.792	7.1
7.08	6.662	95.178	67.168	25.239	-12.193	34.8	0.0	202.652	5.68	6.662	93.051	66.373	33.449	-8.294	28.8	0.0	249.343	6.08	6.725	0.0	67.119	24.367	-11.401	0.0	1.089	226.482	6.94	7.787	0.0	66.168	30.761	-2.469	35.0	0.0	197.905	6.46	6.287	0.0	67.162	10.927	-9.485	0.0	1.835	198.68	6.54	6.412	0.0	67.874	0.0	0.0	0.2	0.0	198.583	7.21	7.1	93.583	67.353	9.91	-1.0	0.0	0.0	173.3	6.32	5.975	0.0	67.244	26.402	-12.486	31.6	0.0	219.119	7.2	6.787	0.0	65.697	21.171	-16.921	0.0	0.0	168.65	6.22	7.037	0.0	68.667	9.474	-1.0	37.2	0.0	214.179	7.04
7.11	6.6	97.837	66.334	25.239	-12.183	34.8	0.0	216.117	5.73	6.787	96.241	65.679	33.739	-8.325	28.8	0.0	237.04	6.06	6.725	0.0	67.437	23.859	-11.301	0.0	0.0	211.079	6.97	8.037	0.0	65.165	30.906	-2.703	35.0	0.0	200.52	6.5	6.537	0.0	67.545	11.0	-9.442	0.0	1.307	203.523	6.6	6.225	0.0	67.617	0.0	0.0	0.2	0.0	198.874	7.32	6.975	97.837	65.637	9.692	-1.0	0.0	0.0	185.021	6.3	6.225	0.0	66.405	26.474	-12.165	31.6	0.0	219.507	7.16	6.85	0.0	65.253	20.953	-20.397	0.0	0.0	135.133	6.33	7.1	0.0	66.923	9.329	-1.0	37.2	0.0	253.315	7.1
7.11	6.412	98.9	66.632	24.949	-12.153	34.8	0.0	193.643	5.71	6.537	97.837	66.163	33.667	-8.289	28.8	0.0	232.778	6.0	6.662	0.0	66.943	24.513	-11.292	0.0	0.0	201.199	6.92	7.912	0.0	65.838	30.47	-2.66	35.0	0.0	201.005	6.43	6.412	0.0	69.184	10.782	-9.457	0.0	1.467	193.255	6.62	6.662	0.0	68.103	0.0	0.0	0.2	0.0	205.17	7.28	6.912	97.837	67.42	9.329	-26.714	0.0	0.0	185.506	6.36	6.037	0.0	67.894	26.402	-12.135	31.6	0.0	216.795	7.16	6.662	0.0	65.827	21.825	-16.805	0.0	0.0	162.257	6.25	6.975	0.0	67.311	9.765	-1.0	37.2	0.0	209.045	7.12
7.07	6.537	99.963	66.679	24.949	-12.088	34.8	0.0	199.067	5.8	6.6	100.495	66.152	33.885	-8.279	28.8	0.0	241.303	6.06	6.85	0.0	66.361	24.367	-11.488	0.0	0.0	210.886	6.95	8.162	0.0	67.117	30.47	-2.746	35.0	0.0	189.38	6.44	6.225	0.0	68.389	11.218	-9.324	0.0	1.458	197.905	6.56	6.475	0.0	67.69	0.0	0.0	0.2	0.0	184.149	7.26	6.912	97.837	67.011	9.256	-1.0	0.0	0.0	179.693	6.28	6.037	0.0	67.959	26.402	-12.267	31.6	0.0	215.535	7.13	6.787	0.0	65.658	21.462	-17.099	0.0	0.0	183.956	6.28	7.037	0.0	68.146	9.765	-1.0	37.2	0.964	206.333	7.1
7.17	6.35	99.963	66.616	25.167	-12.1	34.8	0.0	212.532	5.76	6.662	101.027	65.386	33.739	-8.286	28.8	0.0	264.745	6.1	6.6	0.0	66.422	24.585	-11.283	0.0	1.173	217.279	6.94	7.912	0.0	65.542	30.761	-8.182	35.0	1.148	203.717	6.54	5.975	0.0	67.472	10.564	-9.351	0.0	1.777	198.68	6.59	6.287	0.0	67.776	0.0	0.0	0.2	0.0	197.905	7.33	6.912	98.9	66.862	9.547	-1.0	0.0	0.0	179.306	6.32	5.912	0.0	67.217	26.692	-12.115	31.6	0.0	219.507	7.16	6.787	0.0	65.39	21.316	-17.01	0.0	0.0	180.081	6.35	7.35	0.0	67.383	9.983	-1.0	37.2	0.0	214.954	7.08
7.21	6.6	103.685	66.026	24.367	-12.226	34.8	0.0	221.444	5.83	6.787	104.749	65.589	33.667	-8.299	28.8	0.0	261.742	6.1	6.662	0.0	65.718	23.859	-11.292	0.0	1.282	212.726	6.98	7.912	0.0	65.549	31.051	-2.66	35.0	0.0	205.945	6.61	6.287	0.0	66.407	11.073	-9.4	0.0	1.969	196.646	6.64	6.35	0.0	67.356	0.0	0.0	0.2	1.123	199.358	7.33	6.912	98.368	66.754	9.692	-1.0	0.0	0.0	186.281	6.27	6.1	0.0	67.422	26.474	-12.232	31.6	0.0	209.529	7.15	6.725	0.0	65.579	21.244	-16.907	0.0	0.0	146.951	6.39	7.225	0.0	66.961	9.62	-1.0	37.2	0.0	229.969	7.16
7.19	6.412	100.495	66.186	25.094	-12.153	34.8	0.0	198.292	5.84	6.662	107.939	65.346	33.449	-8.286	28.8	0.0	255.446	6.14	6.475	0.0	65.127	23.859	-11.396	0.0	1.45	215.148	6.98	7.787	0.0	64.81	31.051	-2.69	35.0	1.148	198.583	6.6	6.412	0.0	66.161	11.218	-9.396	0.0	1.936	200.23	6.68	6.287	0.0	66.906	0.0	0.0	0.2	0.0	198.292	7.28	6.912	96.241	66.718	9.838	-1.0	0.0	0.0	181.534	6.37	6.1	0.0	65.713	26.474	-12.188	31.6	1.056	213.598	7.2	6.662	0.0	65.342	21.171	-16.209	0.0	0.0	159.448	6.48	7.287	0.0	67.515	9.838	-1.0	37.2	0.0	216.504	7.13
7.14	6.287	103.685	65.741	25.239	-12.09	34.8	0.0	226.578	5.76	6.475	105.281	65.522	33.521	-8.248	28.8	0.0	240.528	6.16	6.225	0.0	65.158	23.859	-11.259	0.0	1.207	208.27	6.98	7.85	0.0	65.084	31.051	-2.638	35.0	1.073	191.996	6.56	6.35	0.0	66.965	11.363	-9.378	0.0	1.643	208.948	6.7	6.287	0.0	67.528	0.0	0.0	0.2	0.0	200.617	7.36	6.787	95.178	66.569	9.983	-26.571	0.0	0.0	178.144	6.35	5.912	0.0	67.222	26.256	-12.202	31.6	0.0	206.042	7.16	6.6	0.0	65.362	21.68	-16.617	0.0	0.0	181.437	6.4	7.162	0.0	67.634	9.765	-1.0	37.2	0.0	249.052	7.16
7.11	6.162	107.408	66.47	24.949	-12.112	34.8	0.0	211.079	5.72	6.412	108.471	65.542	33.521	-8.267	28.8	0.0	248.084	6.13	6.475	0.0	66.266	24.15	-11.2	0.0	0.98	210.692	6.88	8.1	0.0	66.428	30.688	-2.688	35.0	0.0	190.93	6.54	6.287	0.0	66.799	10.709	-9.351	0.0	2.137	207.592	6.64	6.1	0.0	66.763	0.0	0.0	0.2	0.0	202.07	7.34	6.787	103.685	65.777	9.256	-1.0	0.0	0.98	180.372	6.31	6.037	0.0	67.349	26.329	-12.222	31.6	0.0	211.467	7.12	6.662	0.0	65.383	21.389	-16.631	0.0	0.0	173.591	6.47	7.287	0.0	67.861	8.966	-1.0	37.2	0.0	225.029	7.12
7.12	6.225	113.256	66.228	26.038	-14.011	34.8	0.0	199.746	5.76	6.475	113.256	66.01	33.885	-8.205	28.8	0.0	243.143	6.05	6.787	0.0	66.224	24.077	-11.311	0.0	0.0	222.704	6.9	8.225	0.0	67.162	30.615	-2.47	35.0	0.997	192.674	6.49	6.162	0.0	67.167	10.782	-9.345	0.0	1.601	203.911	6.7	6.225	0.0	68.278	0.0	0.0	0.2	0.0	195.193	7.21	6.85	103.154	67.81	9.256	-26.691	0.0	0.0	175.916	6.31	5.975	0.0	66.865	26.402	-12.125	31.6	0.0	203.717	7.13	6.662	0.0	65.056	21.462	-16.893	0.0	0.0	162.451	6.32	7.037	0.0	67.002	9.329	-1.0	37.2	0.0	206.817	7.18
7.17	6.475	116.979	66.209	25.021	-12.163	34.8	0.0	220.669	5.79	6.662	118.574	66.231	33.739	-8.294	28.8	0.0	240.14	5.99	6.662	0.0	67.558	23.786	-11.196	0.0	0.0	209.529	6.97	8.162	0.0	65.083	31.124	-2.746	35.0	1.006	193.643	6.56	6.537	0.0	67.046	11.145	-9.363	0.0	1.81	213.404	6.64	6.6	0.0	67.732	0.0	0.0	0.2	0.0	197.711	7.3	6.662	110.066	66.64	9.838	-1.0	0.0	0.0	185.118	6.32	6.1	0.0	67.19	26.474	-12.322	31.6	0.0	223.382	7.18	6.475	0.0	65.475	21.171	-16.85	0.0	0.0	152.861	6.4	7.162	0.0	67.955	9.91	-1.0	37.2	0.0	206.817	7.1
7.21	6.662	126.018	66.108	25.603	-12.151	34.8	0.0	203.33	5.84	6.787	125.486	65.916	33.449	-8.308	28.8	0.913	248.568	6.04	6.725	0.0	67.246	23.641	-11.144	0.0	0.0	207.979	7.04	8.287	0.0	64.848	30.543	-2.864	35.0	0.0	205.558	6.6	6.537	0.0	67.026	10.782	-9.382	0.0	1.567	210.982	6.7	6.412	0.0	68.064	0.0	0.0	0.2	0.0	197.13	7.38	6.912	113.788	65.593	9.62	-1.0	0.0	0.0	180.081	6.37	6.287	0.0	67.387	26.402	-12.308	31.6	2.078	223.866	7.2	6.662	0.0	65.342	21.534	-16.805	0.0	0.0	173.397	6.37	7.287	0.0	66.309	9.91	-1.0	37.2	0.0	225.416	7.16
7.2	6.6	132.398	65.806	25.021	-12.056	34.8	0.0	192.093	5.81	6.912	133.462	65.477	33.594	-8.356	28.8	1.022	241.787	6.08	6.787	0.0	66.311	24.44	-11.215	0.0	0.947	210.111	6.98	8.287	0.0	65.876	31.269	-2.974	35.0	0.0	199.842	6.56	6.725	0.0	66.452	11.218	-9.396	0.0	2.011	201.683	6.72	6.412	0.0	67.532	0.0	0.0	0.2	0.0	203.33	7.36	6.725	118.042	67.057	9.329	-1.0	0.0	0.0	184.634	6.33	6.225	0.0	66.869	26.474	-12.342	31.6	0.0	198.777	7.18	6.85	0.0	65.503	20.953	-16.848	0.0	0.0	150.051	6.54	7.6	0.0	67.874	9.983	-1.0	37.2	0.0	229.194	7.19
7.24	6.975	137.716	65.377	24.731	-12.159	34.8	0.0	187.346	5.92	7.037	141.438	65.142	32.867	-8.292	28.8	0.98	227.45	6.12	6.787	0.0	66.156	24.44	-11.247	0.0	0.0	207.979	6.96	8.412	0.0	65.327	31.124	-3.313	35.0	0.964	191.705	6.66	6.475	0.0	66.389	11.291	-9.365	0.0	1.886	204.88	6.7	6.725	0.0	66.666	0.0	0.0	0.2	0.0	204.783	7.42	7.037	123.891	66.878	10.056	-1.0	0.0	0.0	177.272	6.37	6.287	0.0	66.876	26.474	-12.308	31.6	0.0	206.139	7.2	6.85	0.0	65.424	21.607	-17.114	0.0	0.0	161.869	6.59	7.662	0.0	67.856	9.62	-1.0	37.2	0.0	238.59	7.21
7.33	7.287	147.287	65.666	25.239	-12.127	34.8	0.0	207.301	5.98	7.162	148.35	64.798	33.594	-8.35	28.8	0.0	238.493	6.15	6.975	0.0	66.513	23.859	-11.243	0.0	0.0	210.595	6.99	8.85	0.0	65.031	31.415	-3.284	35.0	0.905	200.617	6.68	6.6	0.0	67.846	11.581	-9.38	0.0	1.71	204.88	6.78	6.662	0.0	66.816	0.0	0.0	0.2	0.0	187.831	7.47	7.287	131.335	65.828	9.547	-1.0	0.0	0.0	191.705	6.42	6.162	0.0	66.345	26.474	-12.377	31.6	2.137	202.458	7.18	6.912	0.0	65.994	21.389	-16.775	0.0	0.0	151.407	6.6	7.975	0.0	67.107	9.983	-1.0	37.2	0.0	239.365	7.21
7.33	7.35	155.794	65.009	24.876	-12.179	34.8	0.0	184.634	5.88	7.1	156.326	64.944	33.521	-8.334	28.8	1.475	243.918	6.18	7.162	0.0	66.194	23.786	-10.866	0.0	0.98	210.982	7.07	9.037	0.0	65.374	30.688	-2.973	35.0	0.0	200.036	6.68	6.975	0.0	66.636	10.927	-9.417	0.0	1.609	189.284	6.81	6.85	0.0	66.848	0.0	0.0	0.2	0.0	211.467	7.5	7.225	135.057	66.649	9.838	-26.734	0.0	0.0	178.822	6.48	6.35	0.0	66.572	26.62	-12.318	31.6	2.078	214.76	7.2	6.975	0.0	65.752	21.098	-17.507	0.0	0.0	155.379	6.59	7.912	0.0	66.7	9.91	-1.0	37.2	1.014	216.504	7.26
7.39	7.35	160.58	65.376	25.167	-12.137	34.8	0.0	202.555	5.95	7.35	161.643	65.148	33.812	-8.318	28.8	1.534	237.331	6.14	7.1	0.0	65.807	23.859	-11.262	0.0	1.131	207.883	7.12	9.162	0.0	66.526	30.397	-3.244	35.0	0.0	185.118	6.7	6.912	0.0	66.99	11.291	-9.354	0.0	1.877	201.392	6.85	6.975	0.0	66.07	0.0	0.0	0.2	0.0	215.342	7.44	7.35	137.184	67.341	9.91	-1.0	0.0	0.0	188.993	6.5	6.475	0.0	66.387	26.329	-12.476	31.6	1.877	220.669	7.21	7.1	0.0	65.18	21.316	-17.172	0.0	0.0	154.314	6.57	8.162	0.0	66.589	9.765	-1.0	37.2	0.972	231.809	7.24
7.32	7.35	163.77	65.828	24.949	-12.179	34.8	0.0	204.783	5.98	7.162	167.492	65.48	33.667	-8.236	28.8	1.031	259.127	6.12	7.037	0.0	65.749	23.568	-11.382	0.0	1.19	198.874	7.04	9.037	0.0	65.969	31.197	-3.049	35.0	0.997	182.309	6.67	7.225	0.0	66.661	11.291	-9.412	0.0	1.936	209.432	6.82	6.975	0.0	66.661	0.0	0.0	0.2	0.0	195.193	7.4	7.225	139.311	67.064	9.62	-1.0	0.0	0.0	183.859	6.45	6.412	0.0	66.567	26.474	-12.328	31.6	0.0	207.495	7.21	6.85	0.0	65.207	21.825	-16.674	0.0	0.0	124.671	6.59	8.225	0.0	66.7	10.128	-1.0	37.2	0.0	224.641	7.21
7.34	7.35	165.365	65.886	24.949	-12.179	34.8	0.0	200.133	5.94	7.225	170.151	65.173	32.141	-8.216	28.8	1.265	238.978	6.16	7.287	0.0	66.703	23.714	-12.566	0.0	0.0	198.196	7.08	9.162	0.0	65.649	30.543	-2.978	35.0	1.366	183.956	6.64	6.787	0.0	67.302	11.291	-9.357	0.0	2.129	194.321	6.76	6.975	0.0	67.513	0.0	0.0	0.2	0.0	178.434	7.44	7.225	137.184	66.584	9.62	-26.832	0.0	0.0	173.784	6.48	6.537	0.0	66.491	26.547	-12.628	31.6	0.0	195.096	7.21	6.725	0.0	64.851	21.244	-16.56	0.0	0.0	146.661	6.6	8.287	0.0	67.59	9.983	-1.0	37.2	1.5	193.643	7.18
7.38	7.35	167.492	64.963	25.385	-12.137	34.8	1.123	187.056	5.95	7.412	173.341	64.355	33.449	-8.36	28.8	1.399	258.255	6.17	7.35	0.0	66.813	23.714	-11.207	0.0	0.0	210.304	7.06	9.412	0.0	66.624	30.833	-3.026	35.0	0.0	185.506	6.68	7.1	0.0	68.594	11.291	-9.783	0.0	1.886	196.161	6.81	6.787	0.0	66.902	0.0	0.0	0.2	0.0	184.537	7.38	7.225	135.589	67.465	9.983	-1.0	0.0	0.0	184.731	6.48	6.475	0.0	66.95	26.402	-12.429	31.6	1.19	175.431	7.21	6.85	0.0	64.823	21.534	-16.503	0.0	0.0	144.336	6.62	8.35	0.0	67.083	9.765	-1.0	37.2	1.257	201.489	7.18
7.36	7.6	170.151	65.944	25.53	-12.137	34.8	0.0	158.673	5.94	7.35	174.404	64.353	33.303	-8.327	28.8	1.567	225.803	6.24	7.1	0.0	65.798	24.295	-11.262	0.0	0.0	191.608	7.14	9.35	0.0	66.068	30.761	-3.347	35.0	0.0	181.631	6.69	7.162	0.0	67.285	10.782	-9.376	0.0	1.852	195.193	6.76	7.037	0.0	68.022	0.0	0.0	0.2	2.036	190.833	7.37	7.287	135.589	66.517	9.402	-1.0	0.0	0.0	183.568	6.46	6.412	0.0	66.704	26.692	-12.465	31.6	1.073	205.848	7.21	6.725	0.0	64.686	21.244	-16.39	0.0	0.0	147.339	6.56	8.412	0.0	65.365	9.838	-1.0	37.2	1.408	205.655	7.14
7.39	7.6	173.873	66.873	24.803	-12.392	34.8	0.0	187.346	5.92	7.537	180.785	64.569	33.667	-8.383	28.8	1.089	219.894	6.18	7.1	0.0	65.868	24.513	-11.262	0.0	1.039	197.905	7.08	9.475	0.0	66.166	30.543	-3.353	35.0	0.0	173.978	6.71	7.162	0.0	67.369	11.508	-9.359	0.0	1.751	198.099	6.8	6.975	0.0	67.197	0.0	0.0	0.2	1.835	189.187	7.36	7.225	139.842	66.759	9.256	-1.0	0.0	0.0	164.969	6.45	6.412	0.0	66.324	26.474	-12.419	31.6	1.659	204.492	7.22	6.85	0.0	64.44	21.171	-17.294	0.0	0.0	134.649	6.52	8.725	0.0	66.038	9.91	-1.0	37.2	0.947	208.754	7.19
7.48	8.162	181.848	66.916	25.239	-12.444	34.8	0.0	211.37	6.02	7.6	191.951	64.969	33.739	-8.399	28.8	0.0	262.13	6.19	7.225	0.0	65.49	24.077	-11.219	0.0	1.173	210.886	7.19	9.912	0.0	66.511	30.543	-3.698	35.0	0.0	191.512	6.66	7.225	0.0	67.896	10.855	-9.366	0.0	0.0	201.974	6.8	7.225	0.0	67.116	0.0	0.0	0.2	0.0	181.921	7.44	7.287	145.691	65.986	9.62	-1.0	0.0	0.0	171.944	6.49	6.475	0.0	66.277	26.547	-12.476	31.6	1.467	205.17	7.26	6.975	0.0	64.364	21.316	-16.965	0.0	0.0	173.591	6.74	8.662	0.0	66.132	9.62	-1.0	37.2	1.14	242.465	7.2
7.49	7.912	191.951	65.284	25.457	-12.066	34.8	1.592	216.407	5.92	7.725	195.673	64.459	33.594	-8.378	28.8	1.684	253.218	6.15	7.35	0.0	65.972	23.496	-11.238	0.0	1.735	223.769	7.38	9.725	0.0	64.275	30.543	-3.325	35.0	0.0	204.783	6.84	7.6	0.0	66.502	10.782	-9.459	0.0	0.0	228.419	6.84	6.975	0.0	67.554	0.0	0.0	0.2	0.0	206.042	7.4	7.412	150.477	66.929	9.474	-1.0	0.0	0.0	171.072	6.44	6.662	0.0	66.43	26.547	-12.507	31.6	0.0	196.646	7.22	6.975	0.0	64.523	21.534	-16.965	0.0	0.0	165.744	6.85	9.225	0.0	65.962	9.983	-1.0	37.2	1.022	230.26	7.2
7.26	7.412	189.824	65.161	25.167	-12.065	34.8	0.0	216.31	5.9	7.6	196.205	65.112	33.594	-8.364	28.8	1.651	246.727	6.24	7.6	0.0	66.177	23.859	-11.276	0.0	1.408	229.291	7.38	9.975	0.0	65.237	31.269	-3.566	35.0	0.0	216.31	6.74	7.225	0.0	66.186	10.637	-9.384	0.0	0.0	190.059	6.9	7.037	0.0	66.106	0.0	0.0	0.2	0.922	194.418	7.58	7.537	156.326	65.382	9.838	-26.653	0.0	0.0	184.634	6.58	6.725	0.0	66.266	26.692	-13.98	31.6	0.0	211.37	7.31	6.975	0.0	64.841	21.389	-16.789	0.0	0.0	138.524	6.82	8.975	0.0	66.309	9.329	-1.0	37.2	1.458	235.878	7.32
7.43	7.912	187.166	64.944	25.603	-12.066	34.8	1.894	207.301	6.0	7.6	192.483	64.802	33.667	-8.373	28.8	0.0	253.315	6.24	7.6	0.0	65.008	24.44	-11.184	0.0	1.299	209.142	7.46	10.287	0.0	65.005	31.051	-3.792	35.0	0.0	184.343	6.84	7.412	0.0	66.014	11.145	-9.39	0.0	0.0	197.518	6.94	7.225	0.0	66.168	0.0	0.0	0.2	0.0	198.196	7.54	7.6	158.453	65.949	9.62	-1.0	0.0	0.0	159.835	6.55	6.912	0.0	66.45	26.329	-12.596	31.6	1.735	213.017	7.28	6.975	0.0	64.202	21.098	-16.965	0.0	0.0	170.781	6.88	8.85	0.0	66.157	10.201	-1.0	37.2	2.02	233.359	7.4
7.34	7.537	188.761	64.709	25.385	-12.252	34.8	1.902	185.118	5.95	7.725	196.737	64.574	33.667	-8.369	28.8	1.634	242.078	6.3	7.6	0.0	65.836	23.859	-11.184	0.0	0.0	183.375	7.12	10.162	0.0	64.89	30.688	-3.593	35.0	0.0	182.793	6.8	7.35	0.0	66.549	11.291	-9.391	0.0	0.0	206.43	7.08	7.6	0.0	64.718	0.0	0.0	0.2	2.011	182.018	7.51	7.412	160.048	65.725	9.692	-1.0	0.0	1.684	189.284	6.6	6.85	0.0	66.324	26.474	-12.633	31.6	1.19	153.151	7.36	6.912	0.0	64.133	21.098	-19.048	0.0	0.0	131.259	7.2	9.35	0.0	63.025	9.838	-1.0	37.2	1.374	185.893	7.38
