-1.0	3.475	0.532	0.0	26.038	-8.046	26.0	1.408	198.099	7.82	3.913	0.532	73.009	35.12	-14.79	11.2	1.224	199.067	8.2	4.662	0.0	71.026	26.838	-7.848	31.2	1.374	166.422	7.54	4.662	0.0	79.519	32.722	-1.196	26.2	2.02	218.829	6.68	7.35	0.0	77.814	13.761	-8.64	3.0	1.399	200.424	6.74	4.787	0.0	75.539	0.0	0.0	24.8	1.852	195.58	7.28	4.6	0.0	81.364	12.017	-13.354	46.6	1.911	182.212	7.9	5.225	0.0	71.936	26.765	-23.641	18.4	0.947	171.46	7.86	4.662	0.0	72.966	26.62	-25.123	24.8	1.433	187.637	8.32	4.225	0.0	73.006	19.209	-11.098	35.8	1.048	245.565	7.44
-1.0	3.475	0.0	0.0	25.893	-8.062	26.0	1.249	198.099	7.84	3.725	0.0	73.168	35.12	-14.827	11.2	1.098	231.616	8.53	4.787	0.0	68.726	26.983	-7.878	31.2	0.0	166.132	8.02	5.475	0.0	76.511	33.303	-2.159	26.2	1.768	225.029	6.62	7.287	0.0	78.463	13.833	-8.617	3.0	0.0	200.52	6.88	4.787	0.0	75.191	0.0	0.0	24.8	1.274	215.148	7.84	4.912	0.532	79.877	12.526	-13.351	46.6	1.735	198.196	8.18	5.037	0.0	69.674	27.346	-23.581	18.4	0.0	171.556	8.26	4.725	0.0	71.117	26.838	-25.441	24.8	1.508	171.75	8.12	3.85	0.0	74.533	19.209	-11.18	35.8	0.0	245.662	7.98
-1.0	2.85	0.0	0.0	26.184	-7.999	26.0	0.0	198.099	7.98	3.663	0.0	72.446	34.829	-14.529	11.2	1.131	231.519	7.62	4.725	0.0	73.124	26.692	-1.959	31.2	1.089	141.236	8.22	4.85	0.0	74.987	32.722	-1.6	26.2	1.366	225.029	6.56	7.1	0.0	79.35	13.615	-8.618	3.0	0.0	200.23	6.66	4.537	0.0	76.498	0.0	0.0	24.8	0.0	197.905	7.5	4.6	1.063	80.189	13.034	-13.127	46.6	1.575	171.75	8.36	5.225	0.0	68.828	26.765	-23.533	18.4	0.0	171.363	8.18	4.725	0.0	71.18	27.128	-25.538	24.8	1.291	155.476	8.22	3.6	0.0	73.502	19.209	-11.286	35.8	0.0	245.952	8.16
-1.0	2.975	0.0	0.0	26.184	-8.011	26.0	0.0	198.099	8.02	3.725	0.0	71.62	34.829	-14.9	11.2	0.0	203.717	8.18	4.537	0.0	70.416	26.91	-1.793	31.2	0.0	186.087	8.36	5.037	0.0	74.122	32.867	-1.528	26.2	1.592	214.179	6.8	7.35	0.0	80.177	13.906	-8.609	3.0	0.0	200.52	6.61	4.6	0.0	76.437	0.0	0.0	24.8	1.316	207.689	7.32	4.287	0.0	80.197	12.38	-13.185	46.6	1.425	192.771	7.89	5.162	0.0	71.15	27.346	-23.621	18.4	0.0	199.842	8.4	4.412	0.0	69.37	27.056	-25.526	24.8	0.0	155.282	7.96	3.85	0.0	74.424	19.209	-11.25	35.8	0.0	245.952	7.6
-1.0	3.913	0.532	0.0	25.748	-8.115	26.0	1.676	205.073	8.05	4.35	0.0	71.861	34.756	-14.803	11.2	1.458	229.097	7.77	4.537	0.0	72.922	26.91	-1.726	31.2	1.374	216.117	8.43	5.412	0.0	73.931	32.722	-1.691	26.2	2.07	228.903	7.14	7.037	0.0	77.469	13.906	-8.588	3.0	1.584	219.216	5.65	4.225	0.0	80.493	0.0	0.0	24.8	1.802	193.643	6.57	4.162	1.595	84.134	12.598	-14.553	46.6	1.911	186.862	8.07	5.225	0.0	69.68	26.765	-23.533	18.4	0.0	181.243	8.31	4.6	0.0	69.885	26.692	-25.782	24.8	1.601	162.644	8.1	4.225	0.0	74.043	19.209	-11.414	35.8	0.0	253.993	6.81
-1.0	3.788	0.0	0.0	26.038	-8.094	26.0	2.062	205.558	7.96	4.225	0.0	72.078	34.756	-14.707	11.2	1.76	216.698	7.84	4.475	0.0	71.166	26.91	-1.604	31.2	1.366	178.047	8.7	5.412	0.0	71.78	33.086	-1.725	26.2	1.76	227.16	7.32	7.287	0.0	76.188	13.833	-8.617	3.0	1.609	206.817	6.05	4.162	0.0	78.923	0.0	0.0	24.8	1.651	194.321	7.19	4.225	1.595	80.769	11.799	-13.646	46.6	1.45	175.044	7.54	4.975	0.0	72.695	27.346	-23.776	18.4	1.391	191.608	8.62	4.912	0.0	68.823	26.62	-25.7	24.8	1.366	163.032	8.1	4.35	0.0	72.884	19.5	-11.546	35.8	0.972	298.94	7.46
-1.0	3.85	1.063	0.0	26.329	-8.116	26.0	0.0	206.333	7.76	4.287	3.19	73.229	34.902	-14.648	11.2	1.835	233.65	7.98	4.662	0.0	71.167	27.056	-1.703	31.2	1.626	201.295	7.98	4.912	0.0	75.09	32.94	-1.553	26.2	1.777	200.133	7.64	7.412	0.0	74.638	13.47	-8.631	3.0	2.095	215.535	6.23	4.35	0.0	77.101	0.0	0.0	24.8	1.634	206.042	7.05	4.35	6.912	81.597	12.526	-13.918	46.6	1.416	183.084	7.63	5.225	0.0	71.753	27.419	-23.641	18.4	1.148	184.634	8.96	4.912	0.0	66.422	26.692	-25.506	24.8	1.961	164.582	8.5	4.287	0.0	70.636	19.5	-11.615	35.8	0.989	278.113	8.05
-1.0	4.1	0.532	0.0	26.111	-8.15	26.0	2.112	208.851	7.66	4.412	0.0	73.775	35.192	-14.888	11.2	1.718	236.265	7.94	4.662	0.0	72.23	27.056	-1.569	31.2	1.802	179.597	8.19	5.037	0.0	74.701	32.286	-1.733	26.2	1.944	201.489	7.76	7.662	0.0	73.948	13.688	-8.645	3.0	0.0	206.333	6.28	4.412	0.0	77.136	0.0	0.0	24.8	1.316	200.811	7.2	4.662	2.659	81.107	12.889	-13.912	46.6	0.0	184.246	7.92	5.412	0.0	70.472	27.564	-23.593	18.4	1.341	179.306	8.83	4.912	0.0	66.835	27.273	-25.108	24.8	2.103	160.998	8.46	4.225	0.0	70.84	19.209	-11.527	35.8	0.0	278.113	7.52
-1.0	3.85	0.532	0.0	25.82	-8.116	26.0	1.936	207.979	7.72	4.287	0.532	72.938	35.12	-14.507	11.2	1.542	220.766	7.84	4.537	0.0	71.976	26.62	-1.525	31.2	1.224	168.457	7.82	4.287	0.0	76.142	33.013	-1.438	26.2	1.777	195.968	7.34	7.6	0.0	75.891	13.688	-8.606	3.0	0.0	218.248	6.72	4.662	0.0	75.132	0.0	0.0	24.8	1.911	199.455	7.51	4.662	1.063	79.609	12.671	-14.04	46.6	0.0	190.543	7.94	5.412	0.0	70.476	27.201	-23.81	18.4	1.433	182.406	8.39	4.6	0.0	68.941	26.838	-25.3	24.8	0.0	160.804	8.29	4.287	0.0	71.647	19.137	-11.499	35.8	1.249	287.025	7.48
-1.0	4.475	2.659	0.0	25.748	-8.158	26.0	0.0	210.595	7.82	4.35	0.532	72.57	35.192	-14.875	11.2	1.819	226.869	8.08	4.787	0.0	70.45	27.056	-1.881	31.2	1.986	175.625	7.38	4.787	0.0	79.069	32.722	-1.646	26.2	0.0	188.509	7.28	7.725	0.0	76.054	13.615	-8.604	3.0	0.0	216.407	6.86	4.412	0.0	74.377	0.0	0.0	24.8	1.844	191.318	7.34	4.787	1.063	80.611	11.944	-14.128	46.6	0.0	187.831	7.56	5.35	0.0	72.207	26.692	-23.573	18.4	1.399	176.691	8.26	4.912	0.0	69.477	26.184	-25.209	24.8	0.0	152.957	8.56	4.662	0.0	70.092	19.064	-11.752	35.8	1.274	235.394	7.52
-1.0	4.287	0.532	0.0	25.675	-8.033	26.0	0.0	212.629	7.61	4.225	0.0	73.79	34.974	-14.851	11.2	1.626	231.131	8.0	4.725	0.0	71.093	27.201	-1.59	31.2	1.567	162.257	7.4	4.225	0.0	79.195	32.722	-1.45	26.2	1.877	189.671	7.48	7.85	0.0	75.088	14.051	-8.651	3.0	0.0	208.754	7.06	4.475	0.0	73.576	0.0	0.0	24.8	2.011	185.99	7.26	4.85	1.595	80.424	12.526	-14.34	46.6	0.0	188.509	7.94	5.35	0.0	70.106	26.765	-23.573	18.4	1.659	187.443	8.98	5.1	0.0	66.59	25.82	-25.473	24.8	0.0	156.638	8.38	5.1	0.0	72.265	19.355	-11.699	35.8	1.944	246.34	8.16
-1.0	4.225	0.0	68.191	25.893	-8.132	26.0	0.0	213.017	7.71	4.412	1.063	73.116	35.192	-15.035	11.2	2.137	222.897	7.76	4.537	0.0	71.882	26.765	-1.424	31.2	1.567	152.957	7.61	4.537	0.0	76.849	33.158	-1.592	26.2	1.676	181.534	7.44	7.725	0.0	74.826	13.979	-8.668	3.0	0.0	197.518	7.36	4.975	0.0	71.908	0.0	0.0	24.8	1.869	142.883	8.08	4.537	0.0	76.222	12.235	-14.214	46.6	0.0	186.474	8.11	5.35	0.0	69.688	27.346	-23.573	18.4	0.0	206.333	8.31	4.6	0.0	68.712	27.128	-25.3	24.8	0.0	157.607	8.4	4.85	0.0	71.825	19.282	-11.862	35.8	1.684	252.443	8.48
-1.0	4.162	0.532	69.064	26.184	-8.133	26.0	0.0	213.017	7.72	4.6	0.0	72.964	34.974	-14.924	11.2	0.0	226.966	7.88	4.662	0.0	71.2	26.838	-1.467	31.2	1.198	185.699	7.6	4.662	0.0	76.222	33.013	-1.636	26.2	1.617	193.933	7.28	7.6	0.0	75.652	13.397	-8.598	3.0	2.103	193.158	7.81	4.85	0.0	68.859	0.0	0.0	24.8	0.0	156.445	7.74	4.662	3.722	78.928	12.598	-14.372	46.6	1.911	212.92	8.2	5.412	0.0	68.557	26.474	-24.025	18.4	0.0	173.784	8.82	4.85	0.0	66.397	26.765	-25.287	24.8	2.028	166.422	8.64	4.975	0.0	70.213	19.209	-11.882	35.8	1.575	263.486	8.79
-1.0	4.287	0.532	44.407	26.329	-8.146	26.0	0.0	175.625	8.14	4.475	0.0	69.879	35.047	-14.827	11.2	2.12	215.535	8.6	4.85	0.0	66.603	26.983	-1.87	31.2	0.0	243.434	7.6	4.975	0.0	77.444	33.158	-1.677	26.2	1.936	223.672	7.82	7.725	0.0	73.164	13.761	-8.62	3.0	1.701	211.854	7.4	4.475	0.0	71.264	0.0	0.0	24.8	1.458	182.018	7.92	4.787	0.532	77.785	12.453	-14.261	46.6	1.659	204.88	8.7	5.6	0.0	65.388	27.056	-23.545	18.4	0.0	197.905	8.68	4.662	0.0	66.835	27.056	-25.419	24.8	1.961	162.935	8.66	4.287	0.0	69.045	19.5	-11.776	35.8	0.0	295.453	8.17
-1.0	4.225	0.532	63.459	26.038	-8.14	26.0	1.324	172.622	8.37	4.412	0.0	67.836	35.12	-14.888	11.2	1.173	189.09	8.76	4.725	0.0	65.564	26.838	-1.658	31.2	0.0	341.079	8.44	5.162	0.0	71.938	32.65	-1.742	26.2	0.0	190.059	7.86	7.85	0.0	72.604	13.615	-8.635	3.0	0.0	231.906	7.52	4.475	0.0	70.5	0.0	0.0	24.8	1.282	200.23	8.42	5.475	0.532	74.85	12.671	-14.324	46.6	0.0	211.467	8.96	5.6	0.0	64.827	26.692	-23.762	18.4	0.0	178.24	8.82	4.85	0.0	66.096	27.128	-25.087	24.8	0.0	165.55	8.54	4.225	0.0	69.397	19.427	-12.066	35.8	0.0	278.404	8.34
-1.0	4.287	0.532	60.971	25.893	-8.146	26.0	0.0	186.281	8.58	4.537	0.0	68.333	35.192	-14.767	11.2	1.475	193.062	8.28	4.85	0.0	67.9	27.056	-1.634	31.2	0.0	218.441	9.66	5.725	0.0	63.892	33.013	-1.972	26.2	0.0	165.454	7.65	7.662	0.0	73.053	13.397	-8.581	3.0	0.0	231.228	8.49	4.912	0.0	64.91	0.0	0.0	24.8	1.391	170.103	10.0	5.6	1.063	64.146	12.162	-14.281	46.6	0.0	210.982	8.82	5.725	0.0	65.024	27.273	-23.366	18.4	1.483	187.443	9.19	4.662	0.0	63.783	27.346	-25.223	24.8	2.087	182.696	8.58	4.1	0.0	68.252	19.137	-11.747	35.8	0.0	278.404	8.76
-1.0	3.788	3.19	0.0	25.893	-8.094	26.0	1.207	192.093	8.64	4.287	0.0	67.832	34.902	-15.01	11.2	1.358	203.717	8.46	4.787	0.0	66.442	26.62	-1.747	31.2	0.0	228.71	9.12	5.6	0.0	66.97	32.65	-1.997	26.2	0.0	168.069	7.22	7.537	0.0	74.222	13.906	-8.583	3.0	0.0	231.519	8.21	4.912	0.0	66.315	0.0	0.0	24.8	1.944	156.251	9.62	5.475	0.0	66.568	12.526	-14.192	46.6	2.095	211.564	9.07	5.725	0.0	64.153	27.346	-23.146	18.4	1.458	201.005	9.38	5.162	0.0	63.397	26.838	-25.395	24.8	0.0	164.194	8.12	4.1	0.0	71.849	19.064	-11.586	35.8	0.0	229.097	8.9
-1.0	3.975	0.532	0.0	26.329	-8.122	26.0	0.0	217.085	7.96	4.162	0.0	71.163	34.829	-14.624	11.2	1.45	232.778	8.4	4.475	0.0	67.056	26.765	-1.57	31.2	0.0	235.878	9.86	5.725	0.0	62.353	32.94	-2.214	26.2	0.0	163.322	7.54	7.725	0.0	74.108	13.615	-8.564	3.0	0.922	214.47	8.67	5.225	0.0	63.945	0.0	0.0	24.8	1.282	163.71	9.54	5.475	0.0	66.773	12.453	-14.062	46.6	0.0	199.358	8.54	5.475	0.0	66.538	26.765	-23.613	18.4	1.668	193.643	9.61	5.037	0.0	62.0	26.184	-25.549	24.8	0.0	176.787	8.32	4.35	0.0	70.443	19.282	-11.546	35.8	0.0	238.881	9.35
-1.0	4.037	0.532	66.005	25.675	-8.228	26.0	0.0	211.854	7.99	4.225	0.0	70.749	35.047	-14.924	11.2	1.768	234.619	8.35	4.85	0.0	67.427	27.128	-1.735	31.2	1.785	171.072	8.79	5.162	0.0	69.417	32.867	-7.899	26.2	0.0	186.571	7.2	7.6	0.0	75.434	13.833	-8.59	3.0	2.062	204.105	7.9	4.787	0.0	67.776	0.0	0.0	24.8	1.282	199.067	9.4	5.412	1.063	67.619	12.308	-13.923	46.6	1.131	192.771	8.46	5.725	0.0	66.85	26.983	-23.694	18.4	1.944	192.287	9.5	5.162	0.0	62.349	27.346	-25.395	24.8	0.0	177.659	8.31	4.1	0.0	70.811	19.355	-11.396	35.8	0.0	236.459	9.74
-1.0	3.538	0.532	0.0	25.53	-8.076	26.0	1.911	210.595	7.94	4.1	0.0	70.844	34.611	-14.755	11.2	1.643	214.47	8.45	4.85	0.0	66.549	26.474	-1.87	31.2	1.45	129.612	7.54	4.725	0.0	77.008	32.432	-1.992	26.2	0.0	218.732	6.93	7.975	0.0	76.804	13.906	-8.649	3.0	1.232	203.717	7.6	4.662	0.0	69.219	0.0	0.0	24.8	1.575	192.287	8.84	5.162	0.0	70.702	12.162	-13.877	46.6	1.081	185.699	8.54	5.6	0.0	66.265	26.983	-23.654	18.4	0.0	187.443	9.82	5.1	0.0	60.612	25.603	-25.373	24.8	0.0	190.737	8.49	3.975	0.0	69.946	19.355	-11.341	35.8	0.0	239.656	8.73
-1.0	3.85	0.0	0.0	25.966	-8.109	26.0	2.036	193.546	8.07	3.913	0.0	70.29	35.12	-14.863	11.2	1.475	211.273	8.49	4.912	0.0	66.801	26.765	-1.858	31.2	1.224	207.204	8.86	5.35	0.0	67.601	32.722	-7.909	26.2	2.12	167.488	7.21	7.662	0.0	75.183	13.47	-8.589	3.0	1.483	219.023	8.14	4.537	0.0	65.975	0.0	0.0	24.8	1.492	188.605	9.07	5.162	1.063	69.897	12.526	-13.753	46.6	0.0	215.342	8.79	5.475	0.0	64.548	27.056	-23.505	18.4	1.006	154.507	8.99	4.662	0.0	65.247	27.056	-25.321	24.8	0.0	186.087	8.52	3.85	0.0	69.712	19.137	-11.25	35.8	0.0	239.559	8.38
-1.0	4.162	0.532	67.777	26.329	-8.141	26.0	0.0	218.054	7.88	4.412	0.532	71.2	34.829	-14.888	11.2	1.961	228.419	8.28	4.537	0.0	67.549	27.128	-1.759	31.2	1.316	197.518	7.9	4.85	0.0	74.156	32.795	-1.566	26.2	0.0	191.705	7.59	7.787	0.0	73.298	13.906	-8.612	3.0	1.994	215.342	7.26	4.412	0.0	71.106	0.0	0.0	24.8	1.994	202.167	9.3	5.6	0.532	67.546	11.799	-13.958	46.6	0.0	193.158	8.74	5.6	0.0	65.23	26.765	-23.762	18.4	1.081	199.746	9.56	5.037	0.0	61.623	27.056	-25.549	24.8	0.0	145.595	8.02	4.475	0.0	72.843	19.209	-11.342	35.8	0.997	241.69	8.69
-1.0	4.287	0.532	38.097	26.111	-8.162	26.0	0.0	217.957	7.74	4.85	0.0	72.139	34.756	-14.828	11.2	1.944	241.981	7.88	4.662	0.0	71.305	26.983	-1.87	31.2	1.19	216.31	8.02	4.725	0.0	74.666	32.432	-1.959	26.2	0.0	193.643	7.21	7.537	0.0	75.385	13.761	-8.551	3.0	2.07	207.204	6.86	4.225	0.0	73.203	0.0	0.0	24.8	1.726	200.617	8.54	5.1	1.063	73.541	12.453	-13.213	46.6	1.207	198.389	8.39	5.475	0.0	67.055	27.346	-23.286	18.4	0.0	206.236	9.58	5.037	0.0	61.57	26.62	-25.744	24.8	0.0	170.007	8.26	4.85	0.0	71.536	19.209	-11.361	35.8	1.927	250.215	8.02
-1.0	4.225	0.532	0.0	25.82	-8.179	26.0	0.0	213.598	7.97	4.787	0.0	71.113	35.338	-14.816	11.2	0.0	232.972	7.72	4.662	0.0	72.031	27.201	-1.937	31.2	1.994	163.613	7.04	3.975	0.0	79.116	32.577	-7.814	26.2	1.735	185.312	7.36	7.537	0.0	74.606	13.688	-8.567	3.0	0.0	214.76	7.42	4.725	0.0	70.534	0.0	0.0	24.8	1.986	165.647	7.51	4.912	0.532	78.682	11.799	-13.586	46.6	1.073	195.483	8.2	5.6	0.0	68.504	26.692	-23.545	18.4	2.062	200.23	9.32	5.037	0.0	63.387	26.91	-1.0	24.8	0.0	160.126	8.22	4.787	0.0	71.581	19.137	-11.282	35.8	1.684	255.833	8.64
-1.0	4.475	0.0	63.164	26.256	-8.174	26.0	0.0	223.382	7.97	4.787	0.0	71.192	34.829	-17.18	11.2	2.12	221.154	8.18	4.537	0.0	68.5	26.983	-1.925	31.2	0.989	208.754	7.82	4.725	0.0	74.828	32.432	-1.992	26.2	2.036	195.968	7.26	7.85	0.0	74.941	13.906	-8.603	3.0	2.078	213.792	7.73	4.912	0.0	69.43	0.0	0.0	24.8	1.994	180.953	7.81	4.975	1.063	77.414	12.09	-13.597	46.6	0.0	198.874	8.17	5.412	0.0	68.418	27.273	-23.701	18.4	0.0	200.133	8.71	4.662	0.0	65.939	26.765	-25.321	24.8	0.0	165.357	8.2	4.787	0.0	72.021	19.137	-11.247	35.8	1.768	261.839	8.68
-1.0	4.475	0.0	0.0	25.675	-8.158	26.0	0.0	206.817	8.24	4.975	0.0	70.057	34.538	-14.925	11.2	2.12	216.795	8.18	4.225	0.0	68.043	26.91	-1.846	31.2	0.0	226.578	7.75	4.912	0.0	75.573	32.577	-1.993	26.2	2.12	206.43	7.6	7.725	0.0	73.531	13.615	-8.62	3.0	0.0	223.382	7.76	4.85	0.0	68.073	0.0	0.0	24.8	1.718	178.531	8.14	5.037	0.532	75.932	12.453	-13.608	46.6	0.0	203.233	8.76	5.412	0.0	64.377	26.838	-23.593	18.4	1.098	180.468	9.34	4.912	0.0	62.237	26.91	-25.209	24.8	0.0	161.094	8.51	4.787	0.0	69.311	19.137	-11.179	35.8	1.249	269.589	8.52
-1.0	4.162	0.0	0.0	26.402	-8.125	26.0	0.0	206.72	8.15	4.662	0.0	70.411	34.974	-14.44	11.2	1.911	225.997	8.03	4.412	0.0	68.418	26.838	-7.962	31.2	0.0	151.214	7.67	4.475	0.0	74.721	33.013	-1.87	26.2	1.684	190.349	7.32	7.662	0.0	72.367	14.051	-8.573	3.0	1.056	194.805	8.18	4.912	0.0	65.818	0.0	0.0	24.8	1.651	181.534	8.61	5.225	0.532	73.116	12.09	-13.703	46.6	0.0	210.498	9.03	5.725	0.0	63.141	27.201	-23.585	18.4	0.0	200.23	8.85	4.85	0.0	64.669	25.603	-25.087	24.8	0.0	158.576	8.11	4.475	0.0	72.16	19.355	-11.067	35.8	1.71	196.743	8.45
-1.0	3.788	0.0	0.0	26.111	-8.063	26.0	1.751	204.686	8.58	4.412	0.0	66.19	34.974	-14.888	11.2	1.617	192.093	8.4	4.787	0.0	65.802	27.056	-7.869	31.2	1.14	155.67	8.78	4.787	0.0	67.478	32.867	-1.881	26.2	0.93	207.204	7.86	7.662	0.0	72.292	13.833	-8.722	3.0	1.458	232.197	8.04	4.787	0.0	66.066	0.0	0.0	24.8	1.131	170.394	9.2	5.225	1.595	67.826	12.453	-13.582	46.6	0.0	192.48	9.49	5.787	0.0	60.901	26.765	-23.823	18.4	1.592	169.716	9.46	5.1	0.0	61.522	25.82	-25.173	24.8	0.0	161.482	8.16	3.788	0.0	71.019	19.064	-10.905	35.8	0.0	237.428	9.26
-1.0	3.85	0.0	48.802	26.184	-8.116	26.0	1.274	201.586	8.38	4.1	0.0	68.349	34.829	-14.9	11.2	0.0	221.347	8.83	4.975	0.0	64.028	26.765	-7.933	31.2	1.55	116.728	7.86	4.787	0.0	74.658	32.432	-2.015	26.2	1.86	197.033	7.76	7.912	0.0	70.81	13.761	-8.642	3.0	1.936	214.954	7.97	4.35	0.0	66.299	0.0	0.0	24.8	1.207	173.009	8.28	4.725	1.063	72.869	12.235	-13.148	46.6	2.12	186.959	8.91	5.6	0.0	63.708	26.838	-23.545	18.4	1.643	157.607	8.98	5.162	0.0	63.831	26.184	-25.093	24.8	0.0	155.185	8.53	4.287	0.0	68.0	19.064	-11.174	35.8	1.131	228.128	9.45
-1.0	3.413	0.0	0.0	25.603	-8.064	26.0	0.0	177.272	8.29	4.1	0.532	66.874	34.974	-15.123	11.2	1.307	192.674	8.67	4.6	0.0	64.721	26.547	-7.912	31.2	1.19	128.74	9.22	4.912	0.0	64.151	32.795	-1.993	26.2	0.0	120.797	7.72	7.975	0.0	70.117	13.688	-8.576	3.0	0.947	207.979	8.52	4.912	0.0	63.138	0.0	0.0	24.8	0.0	151.407	9.37	5.225	0.532	66.66	12.09	-14.277	46.6	0.0	209.142	8.81	5.412	0.0	64.385	27.056	-23.157	18.4	0.93	209.82	8.82	4.85	0.0	64.581	26.62	-25.187	24.8	0.0	157.607	8.52	3.85	0.0	67.701	19.137	-10.978	35.8	0.0	231.616	8.6
