11.28	20.538	667.309	56.567	24.731	-17.415	34.8	1.324	253.315	8.92	15.975	680.07	56.241	33.158	-3.625	28.8	0.0	295.065	8.86	20.975	0.0	56.378	24.077	-17.705	0.0	0.0	193.643	11.3	24.975	0.0	51.376	30.397	-8.565	35.0	2.095	215.342	10.66	20.163	0.0	53.196	10.927	-11.112	0.0	0.0	224.835	10.62	16.038	0.0	53.671	0.0	0.0	0.2	1.777	194.805	11.25	18.975	703.466	53.008	8.893	-1.0	0.0	0.0	172.913	10.28	16.35	0.0	55.619	26.474	-12.366	31.6	1.844	273.754	10.97	20.913	0.0	53.811	20.735	-13.716	0.0	0.0	184.44	12.02	26.413	0.0	52.996	9.184	-1.0	37.2	0.939	208.561
11.48	22.038	661.46	56.863	25.312	-17.778	34.8	0.0	221.541	9.88	18.225	679.539	54.699	33.086	-9.49	28.8	0.0	256.802	9.02	23.225	0.0	54.959	24.222	-17.981	0.0	1.927	306.787	10.84	25.1	0.0	51.374	31.124	-8.819	35.0	1.257	190.155	10.94	20.163	0.0	52.541	11.145	-11.075	0.0	0.0	252.54	10.32	16.038	0.0	52.877	0.0	0.0	0.2	0.0	200.617	11.04	18.413	698.681	51.462	8.966	-1.0	0.0	0.0	180.275	10.08	15.537	0.0	53.414	26.474	-12.126	31.6	0.0	213.21	10.84	21.663	0.0	53.342	20.517	-14.004	0.0	0.0	194.611	11.16	25.725	0.0	51.112	9.256	-1.0	37.2	1.659	183.084
12.4	21.225	654.016	54.828	24.44	-17.945	34.8	0.0	225.61	9.54	17.038	672.626	54.263	32.94	-6.402	28.8	0.0	256.221	9.16	22.288	0.0	53.731	23.714	-17.773	0.0	1.366	341.563	10.99	25.163	0.0	52.397	31.124	-8.471	35.0	1.785	168.457	10.35	20.538	0.0	54.291	10.782	-11.152	0.0	0.0	42.041	10.51	16.475	0.0	52.934	0.0	0.0	0.2	1.458	210.498	11.52	18.725	694.959	52.258	9.038	-1.0	0.0	1.19	209.045	10.47	16.475	0.0	53.529	26.547	-12.215	31.6	1.659	251.668	11.3	22.225	0.0	51.345	20.808	-14.3	0.0	0.0	170.588	10.28	24.038	0.0	55.915	9.038	-1.0	37.2	1.332	104.135
11.1	18.913	658.27	54.34	24.44	-17.602	34.8	0.98	259.514	9.74	17.163	666.777	55.243	32.94	-9.346	28.8	1.701	313.955	9.34	23.225	0.0	54.828	23.859	-18.145	0.0	0.0	57.638	11.15	26.538	0.0	50.805	31.051	-9.16	35.0	0.905	154.12	11.03	20.975	0.0	52.402	11.218	-11.223	0.0	0.0	46.304	10.52	17.038	0.0	52.543	0.0	0.0	0.2	1.257	155.573	11.77	19.913	692.3	51.501	8.966	-1.0	0.0	1.534	154.701	10.39	16.913	0.0	55.368	26.547	-13.321	31.6	1.425	210.595	11.04	22.038	0.0	50.974	20.88	-14.297	0.0	0.0	182.987	10.6	24.85	0.0	55.102	9.184	-1.0	37.2	0.0	164.776
11.31	19.1	648.167	53.83	25.239	-17.246	34.8	0.0	249.827	9.02	14.912	665.714	55.166	33.667	-5.513	28.8	1.282	252.152	9.25	21.038	0.0	54.726	23.568	-17.561	0.0	1.324	233.941	11.06	26.163	0.0	53.824	30.761	-9.03	35.0	0.0	126.028	10.58	20.35	0.0	53.755	11.218	-11.118	0.0	1.76	210.982	10.24	17.35	0.0	53.377	0.0	0.0	0.2	0.0	77.302	12.29	20.413	692.3	48.767	9.402	-1.0	0.0	0.0	154.992	10.88	17.788	0.0	52.895	26.474	-12.466	31.6	0.0	42.235	11.96	22.475	0.0	51.954	20.808	-14.578	0.0	0.0	127.19	11.24	23.725	0.0	53.429	9.329	-1.0	37.2	1.869	268.911
11.21	19.85	643.913	53.545	24.44	-17.54	34.8	0.0	268.232	8.86	16.288	661.992	54.639	33.594	-6.001	28.8	0.0	255.058	9.52	20.975	0.0	54.498	23.786	-17.384	0.0	1.534	244.209	12.14	24.35	0.0	49.862	30.325	-8.556	35.0	2.129	210.595	10.56	19.788	0.0	53.633	11.073	-11.036	0.0	1.777	222.316	10.97	16.663	0.0	53.029	0.0	0.0	0.2	0.0	194.418	11.9	20.413	692.3	50.508	8.821	-1.0	0.0	0.0	154.507	11.08	17.163	0.0	51.894	26.329	-12.262	31.6	0.0	259.805	11.97	21.225	0.0	48.942	20.88	-14.992	0.0	0.0	152.182	11.94	24.85	0.0	53.287	9.329	-1.0	37.2	1.961	269.395
11.02	19.038	646.04	53.879	24.44	-16.689	34.8	0.0	266.004	9.24	14.85	662.524	56.083	32.722	-9.147	28.8	0.939	270.654	9.5	21.6	0.0	55.0	23.786	-17.728	0.0	0.0	211.079	12.05	25.788	0.0	49.294	30.543	-8.686	35.0	1.232	213.792	10.36	19.85	0.0	52.49	11.073	-11.074	0.0	0.939	228.516	10.62	16.413	0.0	53.1	0.0	0.0	0.2	0.0	204.105	11.48	18.1	691.768	51.766	9.474	-1.0	0.0	1.944	195.193	10.7	16.663	0.0	54.789	26.547	-12.279	31.6	0.0	255.155	11.7	22.225	0.0	52.162	20.59	-14.652	0.0	0.0	170.781	11.14	23.475	0.0	50.957	9.256	-1.0	37.2	1.408	219.894
10.48	18.6	652.421	53.471	25.021	-16.873	34.8	2.02	251.861	9.28	15.912	662.524	55.145	32.65	-5.912	28.8	0.0	274.626	9.2	22.038	0.0	54.57	24.295	-17.618	0.0	1.718	216.117	11.79	26.288	0.0	48.297	30.979	-9.019	35.0	1.123	178.24	10.66	20.163	0.0	52.804	11.073	-11.149	0.0	1.567	228.128	11.12	16.85	0.0	51.838	0.0	0.0	0.2	1.332	211.661	11.92	19.725	690.705	50.48	9.256	-1.0	0.0	0.955	165.744	10.82	17.163	0.0	53.61	26.474	-12.374	31.6	1.207	216.891	12.27	22.6	0.0	48.266	20.59	-14.52	0.0	0.0	205.945	11.52	25.6	0.0	49.687	8.966	-1.0	37.2	1.701	195.58
11.02	18.975	658.802	54.448	23.932	-16.976	34.8	1.844	237.331	9.05	15.35	668.373	55.79	32.65	-9.082	28.8	0.0	237.912	9.34	20.6	0.0	54.709	24.15	-17.433	0.0	0.964	199.358	11.86	24.975	0.0	52.7	30.397	-8.67	35.0	1.559	202.748	10.96	20.725	0.0	53.058	10.782	-11.271	0.0	1.751	225.803	10.79	17.038	0.0	54.474	0.0	0.0	0.2	1.517	185.409	12.29	20.538	697.086	51.511	9.038	-1.0	0.0	0.0	230.453	10.84	17.413	0.0	53.973	26.402	-12.337	31.6	1.014	215.923	11.53	20.788	0.0	49.256	20.517	-13.881	0.0	0.0	36.326	11.13	25.35	0.0	50.435	9.256	-1.0	37.2	1.416	250.505
11.26	19.85	668.904	55.229	24.44	-17.458	34.8	1.165	229.291	9.57	16.1	678.475	55.218	32.65	-9.196	28.8	2.129	294.194	9.28	20.475	0.0	53.927	24.295	-17.397	0.0	1.291	207.011	11.51	24.475	0.0	49.408	30.688	-8.704	35.0	1.048	180.081	11.1	20.288	0.0	53.379	10.637	-11.191	0.0	1.399	185.118	10.54	15.975	0.0	54.169	0.0	0.0	0.2	0.98	217.182	11.5	17.975	717.823	51.342	9.256	-1.0	0.0	1.508	196.549	10.82	16.6	0.0	55.818	26.692	-12.102	31.6	0.0	249.44	11.22	19.163	0.0	51.791	21.098	-13.405	0.0	0.0	173.881	10.98	26.288	0.0	51.545	8.893	-1.0	37.2	1.483	210.207
10.92	18.663	680.07	55.06	24.658	-16.738	34.8	0.0	281.504	9.47	15.725	701.339	55.705	32.577	-9.165	28.8	1.014	262.905	9.46	20.913	0.0	55.467	23.568	-17.768	0.0	0.0	216.407	11.34	25.288	0.0	52.415	30.761	-8.567	35.0	0.0	175.237	10.94	20.6	0.0	53.777	11.0	-11.2	0.0	2.036	179.887	11.07	16.538	0.0	54.605	0.0	0.0	0.2	0.0	180.759	12.15	19.663	719.418	53.498	8.821	-1.0	0.0	1.626	173.009	10.68	17.1	0.0	56.948	26.62	-12.25	31.6	2.028	217.86	11.55	22.475	0.0	50.706	20.517	-14.319	0.0	0.0	150.245	11.56	25.85	0.0	50.124	9.329	-1.0	37.2	1.726	203.33
11.05	17.663	650.826	55.436	24.731	-16.776	34.8	0.0	214.179	9.39	15.037	666.777	56.106	32.722	-9.112	28.8	1.475	255.543	9.84	22.6	0.0	55.672	24.222	-18.369	0.0	0.0	209.432	11.06	24.225	0.0	51.251	30.979	-8.305	35.0	0.0	195.774	10.89	19.663	0.0	52.927	10.637	-11.107	0.0	0.0	211.661	10.8	16.663	0.0	53.186	0.0	0.0	0.2	0.0	236.265	11.73	18.913	723.14	50.577	9.256	-1.0	0.0	0.0	225.997	10.76	16.538	0.0	55.809	26.402	-12.342	31.6	0.0	251.183	11.32	22.038	0.0	51.287	20.662	-13.862	0.0	0.0	234.134	11.88	27.413	0.0	55.678	9.474	-1.0	37.2	0.0	139.396
10.68	14.475	369.014	54.279	25.021	-15.97	34.8	1.86	232.488	9.68	14.225	371.673	55.559	32.65	-8.993	28.8	0.0	255.446	9.2	18.475	0.0	55.34	23.932	-16.994	0.0	1.953	234.134	10.93	21.288	0.0	53.053	31.124	-7.485	35.0	2.137	199.067	10.56	17.288	0.0	53.091	10.637	-10.727	0.0	1.944	187.056	11.18	15.662	0.0	53.36	0.0	0.0	0.2	1.19	205.945	12.14	18.538	450.367	49.522	9.184	-1.0	0.0	0.0	225.029	10.66	15.037	0.0	56.09	26.547	-12.182	31.6	1.081	230.066	11.6	22.038	0.0	52.876	20.953	-13.753	0.0	0.0	268.426	10.42	20.475	0.0	51.498	9.184	-1.0	37.2	0.0	228.806
10.42	16.413	442.923	54.808	24.949	-19.07	34.8	1.768	299.425	9.16	14.975	590.21	54.95	32.795	-9.103	28.8	0.0	285.766	9.12	17.35	0.0	54.291	23.714	-16.541	0.0	1.081	254.768	10.86	20.038	0.0	50.582	30.47	-7.048	35.0	0.939	198.68	10.66	18.538	0.0	53.947	10.492	-10.929	0.0	1.425	243.143	10.72	14.287	0.0	52.812	0.0	0.0	0.2	0.922	197.13	12.39	17.85	547.672	49.926	9.038	-1.0	0.0	0.0	182.309	10.72	15.6	0.0	53.895	26.329	-12.166	31.6	0.0	248.084	12.14	21.85	0.0	53.013	20.517	-13.819	0.0	0.0	228.903	10.54	19.1	0.0	51.849	9.111	-1.0	37.2	0.0	276.757
10.72	19.725	564.687	55.536	24.367	-16.876	34.8	0.0	302.912	9.54	17.35	574.79	55.627	33.013	-6.289	28.8	1.224	8.234	9.38	21.788	0.0	54.834	23.568	-17.866	0.0	1.55	189.768	11.28	24.788	0.0	50.025	31.051	-8.5	35.0	1.936	144.917	10.32	19.975	0.0	53.778	10.709	-11.173	0.0	0.0	328.098	10.64	15.287	0.0	53.253	0.0	0.0	0.2	0.905	186.087	11.36	18.35	724.203	52.145	9.474	-1.0	0.0	1.182	172.234	10.51	16.288	0.0	55.535	26.474	-12.125	31.6	1.182	249.052	11.06	20.725	0.0	51.86	21.098	-13.287	0.0	0.0	202.555	11.15	24.663	0.0	54.077	9.038	-1.0	37.2	0.0	122.443
10.57	12.537	217.474	54.442	25.167	-15.169	34.8	2.062	230.26	9.0	12.725	289.256	55.163	32.577	-8.788	28.8	0.0	253.993	9.48	18.35	0.0	55.5	23.568	-16.883	0.0	1.307	231.131	11.6	20.725	0.0	52.148	31.124	-6.948	35.0	0.0	180.468	10.62	16.913	0.0	53.13	10.782	-10.665	0.0	0.0	237.234	10.5	16.35	0.0	52.026	0.0	0.0	0.2	0.0	173.494	12.18	17.85	265.86	50.638	8.821	-1.0	0.0	0.98	150.245	10.82	17.288	0.0	51.432	26.692	-12.671	31.6	0.0	220.379	11.48	17.475	0.0	52.92	20.59	-12.677	0.0	0.0	73.524	11.61	22.85	0.0	52.938	9.038	-1.0	37.2	0.0	185.409
9.87	14.412	485.992	55.528	24.803	-15.809	34.8	0.0	295.55	8.54	12.412	396.663	56.212	32.795	-8.788	28.8	0.0	295.162	9.25	14.1	0.0	55.731	23.641	-15.88	0.0	0.0	268.814	11.26	19.163	0.0	53.582	30.688	-6.789	35.0	1.458	203.33	10.43	17.975	0.0	53.584	10.927	-10.814	0.0	1.684	299.037	10.39	12.85	0.0	53.638	0.0	0.0	0.2	0.0	213.598	11.36	14.537	204.181	52.6	9.038	-1.0	0.0	0.0	199.842	10.56	14.412	0.0	52.76	26.474	-12.191	31.6	1.14	248.955	11.18	17.038	0.0	52.363	21.098	-12.528	0.0	0.0	177.175	10.91	17.85	0.0	52.173	9.547	-1.0	37.2	0.0	257.092
10.45	16.288	648.167	55.348	25.167	-16.494	34.8	0.0	330.035	8.89	14.162	671.563	55.589	32.867	-9.034	28.8	0.0	302.137	9.38	18.6	0.0	55.13	24.004	-17.268	0.0	1.819	259.902	10.76	20.85	0.0	51.667	30.688	-7.039	35.0	1.291	201.78	10.79	18.913	0.0	52.46	10.855	-10.873	0.0	0.0	272.592	10.16	12.6	0.0	53.335	0.0	0.0	0.2	0.0	202.458	12.09	17.35	697.086	53.791	9.038	-1.0	0.0	0.0	200.23	10.32	14.1	0.0	53.958	26.474	-11.954	31.6	0.0	229.581	11.49	20.725	0.0	51.524	20.953	-13.255	0.0	0.0	160.901	10.56	20.163	0.0	53.872	9.547	-1.0	37.2	1.869	303.977
10.76	19.475	493.437	55.126	24.731	-17.114	34.8	2.078	0.097	9.97	16.6	622.113	55.336	32.65	-9.266	28.8	0.0	311.436	9.15	21.538	0.0	54.978	24.295	-17.392	0.0	0.98	289.641	11.21	22.663	0.0	52.063	30.397	-7.916	35.0	0.0	211.079	10.5	19.1	0.0	52.902	11.218	-11.017	0.0	1.048	275.304	10.27	14.787	0.0	53.02	0.0	0.0	0.2	0.0	202.167	11.74	18.1	677.944	51.924	9.62	-1.0	0.0	0.0	189.671	10.56	16.038	0.0	55.156	25.893	-12.43	31.6	0.0	257.964	11.17	20.663	0.0	51.602	20.735	-13.513	0.0	0.0	180.372	10.62	20.35	0.0	54.599	9.547	-1.0	37.2	1.886	12.012
12.0	20.663	622.645	55.845	24.44	-17.294	34.8	1.031	187.831	10.21	18.1	640.191	53.792	32.722	-9.472	28.8	0.0	273.851	9.74	20.975	0.0	54.471	23.859	-17.543	0.0	0.0	293.515	11.14	22.6	0.0	50.191	30.325	-7.642	35.0	1.45	238.203	10.87	20.288	0.0	53.075	10.927	-11.3	0.0	0.0	246.727	10.47	15.787	0.0	53.859	0.0	0.0	0.2	1.299	208.27	11.76	19.6	675.285	50.612	8.748	-1.0	0.0	1.299	169.038	10.56	16.475	0.0	53.212	26.184	-12.39	31.6	1.542	225.803	11.18	21.6	0.0	51.237	20.662	-13.798	0.0	0.0	179.597	10.96	23.225	0.0	58.075	9.038	-1.0	37.2	1.073	16.855
11.92	21.1	624.24	55.744	25.239	-17.499	34.8	0.0	293.612	9.94	18.85	635.938	54.202	32.722	-9.725	28.8	0.0	44.27	9.34	21.788	0.0	52.858	23.714	-18.116	0.0	1.291	12.206	11.62	23.288	0.0	48.928	31.197	-7.878	35.0	1.374	22.183	11.5	20.413	0.0	51.312	11.073	-11.204	0.0	0.0	301.556	10.98	16.85	0.0	53.753	0.0	0.0	0.2	1.609	197.518	11.89	18.725	678.475	51.518	8.966	-1.0	0.0	1.768	181.243	10.45	16.6	0.0	51.867	26.402	-12.295	31.6	2.045	226.966	11.04	20.663	0.0	50.668	20.953	-13.549	0.0	0.0	180.372	11.4	25.1	0.0	50.87	9.62	-1.0	37.2	0.964	193.158
11.8	19.663	596.059	53.569	24.731	-17.011	34.8	0.0	169.232	9.9	16.538	643.913	54.732	32.286	-9.392	28.8	0.964	227.644	9.94	23.663	0.0	53.933	24.295	-18.537	0.0	1.425	275.788	12.04	23.788	0.0	51.263	30.761	-8.205	35.0	1.173	68.874	11.56	20.788	0.0	50.83	11.218	-11.216	0.0	0.0	211.854	10.44	16.35	0.0	52.773	0.0	0.0	0.2	1.198	32.161	11.32	18.413	681.666	50.522	8.966	-1.0	0.0	1.45	170.007	10.5	17.038	0.0	53.714	26.474	-12.35	31.6	0.0	303.59	11.44	21.1	0.0	49.43	20.88	-13.913	0.0	0.0	163.807	11.74	24.975	0.0	51.497	9.256	-1.0	37.2	0.0	273.367
11.29	18.1	571.068	56.184	25.167	-16.739	34.8	1.601	200.133	9.37	15.6	637.533	55.602	32.577	-9.147	28.8	0.0	275.885	9.54	21.538	0.0	55.509	23.932	-19.693	0.0	1.911	233.166	11.96	24.1	0.0	49.437	30.397	-8.675	35.0	1.14	173.397	11.2	20.038	0.0	53.182	10.492	-11.062	0.0	1.852	183.568	10.81	16.038	0.0	52.523	0.0	0.0	0.2	0.0	225.029	11.92	20.038	706.125	50.049	8.675	-1.0	0.0	0.0	138.911	10.58	17.163	0.0	53.605	26.692	-12.29	31.6	1.039	0.0	11.5	21.288	0.0	50.3	20.662	-13.956	0.0	0.0	40.007	12.17	25.288	0.0	50.698	9.256	-1.0	37.2	1.14	213.985
10.8	16.475	496.627	55.726	24.876	-16.316	34.8	1.886	209.045	9.28	14.412	507.793	55.824	32.795	-9.007	28.8	0.0	279.276	9.4	19.6	0.0	54.659	24.367	-17.071	0.0	0.0	198.196	11.16	19.913	0.0	50.009	31.415	-6.813	35.0	0.0	197.13	11.44	19.288	0.0	50.906	10.927	-11.192	0.0	1.374	233.941	10.93	15.412	0.0	52.207	0.0	0.0	0.2	0.0	202.942	11.37	17.475	562.029	51.416	8.893	-1.0	0.0	0.989	210.111	10.42	16.163	0.0	54.032	26.111	-12.129	31.6	2.011	214.179	11.37	20.038	0.0	50.314	20.953	-13.914	0.0	0.0	154.798	11.46	22.475	0.0	49.803	9.256	-1.0	37.2	1.735	202.652
11.23	14.975	281.28	56.353	25.094	-15.591	34.8	0.0	268.039	9.44	12.975	308.93	56.613	32.722	-8.86	28.8	1.684	249.537	9.54	20.475	0.0	55.331	24.15	-17.722	0.0	1.559	228.322	11.86	21.225	0.0	51.575	30.833	-7.365	35.0	1.986	194.03	11.02	17.6	0.0	55.373	10.855	-10.634	0.0	1.207	212.629	10.77	15.662	0.0	53.663	0.0	0.0	0.2	2.087	195.096	11.49	17.288	554.584	52.921	9.329	-1.0	0.0	0.0	167.585	10.92	17.35	0.0	55.358	26.474	-12.244	31.6	1.534	319.283	11.82	20.35	0.0	52.148	21.098	-13.703	0.0	0.0	158.673	11.82	22.225	0.0	50.559	9.474	-1.0	37.2	0.0	180.275
10.86	15.162	430.162	57.592	25.094	-15.775	34.8	0.0	197.711	9.12	12.162	310.525	57.674	32.867	-8.757	28.8	0.0	276.563	9.62	17.1	0.0	56.14	23.496	-16.782	0.0	0.0	221.057	10.62	18.6	0.0	54.479	31.124	-6.731	35.0	1.492	218.441	10.29	17.288	0.0	55.65	10.492	-10.54	0.0	0.0	169.813	10.8	14.225	0.0	54.923	0.0	0.0	0.2	1.056	204.105	11.67	17.163	393.473	51.67	8.821	-1.0	0.0	0.0	174.269	11.2	15.912	0.0	53.363	26.329	-11.924	31.6	0.0	230.647	11.77	19.038	0.0	51.196	20.662	-13.378	0.0	0.0	123.8	11.24	17.475	0.0	54.3	9.329	-1.0	37.2	1.777	176.206
10.5	13.725	320.096	55.8	24.367	-15.719	34.8	1.693	237.428	9.43	13.475	482.802	57.372	32.94	-8.894	28.8	0.0	263.68	9.41	20.225	0.0	55.726	24.15	-17.815	0.0	0.0	272.301	11.08	19.975	0.0	53.195	31.124	-6.882	35.0	0.0	228.032	10.66	16.6	0.0	55.081	11.0	-10.471	0.0	0.0	227.935	10.79	14.975	0.0	55.665	0.0	0.0	0.2	0.0	207.592	11.8	18.413	546.609	54.141	8.748	-1.0	0.0	1.182	183.762	10.16	15.537	0.0	56.133	26.547	-11.908	31.6	0.0	227.935	11.63	20.35	0.0	51.39	20.372	-13.206	0.0	0.0	157.607	10.76	20.663	0.0	53.451	8.821	-1.0	37.2	0.0	217.666
10.74	19.1	646.572	55.272	24.731	-16.856	34.8	1.173	358.321	9.3	14.6	460.47	56.621	32.577	-9.093	28.8	0.0	260.677	9.22	19.913	0.0	54.721	23.786	-17.237	0.0	0.0	250.99	11.34	20.85	0.0	51.045	30.397	-6.942	35.0	1.391	204.88	10.38	19.35	0.0	53.906	10.274	-10.905	0.0	0.0	235.103	10.62	14.412	0.0	53.731	0.0	0.0	0.2	0.0	197.905	11.6	16.475	607.756	52.937	8.457	-1.0	0.0	0.0	184.246	10.32	15.287	0.0	54.674	26.474	-11.787	31.6	0.0	226.482	11.2	18.85	0.0	52.426	21.244	-12.828	0.0	0.0	172.719	10.62	17.975	0.0	52.617	9.402	-1.0	37.2	0.0	242.368
11.62	20.225	673.69	53.995	24.949	-17.247	34.8	1.626	237.428	9.22	18.163	824.698	55.107	32.867	-9.62	28.8	0.0	279.566	9.66	24.975	0.0	55.852	23.786	-18.713	0.0	2.053	222.219	11.96	26.1	0.0	54.884	30.688	-8.415	35.0	0.0	210.886	11.35	21.225	0.0	54.016	10.927	-11.223	0.0	0.0	199.455	10.74	16.975	0.0	53.958	0.0	0.0	0.2	0.989	196.549	11.6	21.1	845.967	52.725	9.329	-1.0	0.0	0.0	197.905	10.56	17.163	0.0	54.291	26.402	-12.778	31.6	0.0	228.128	11.42	24.038	0.0	52.487	20.953	-13.788	0.0	0.0	193.255	11.96	26.6	0.0	52.745	8.893	-1.0	37.2	0.0	219.023
11.23	17.538	395.6	53.969	24.949	-16.743	34.8	1.467	219.023	9.4	15.475	409.425	55.783	32.722	-9.222	28.8	1.986	304.946	9.74	24.163	0.0	54.946	23.641	-18.965	0.0	1.894	219.023	11.32	23.475	0.0	51.348	30.688	-7.634	35.0	2.087	210.886	10.82	19.413	0.0	53.55	10.927	-10.881	0.0	1.207	229.485	10.88	18.475	0.0	53.167	0.0	0.0	0.2	1.743	201.295	12.08	19.85	602.439	53.85	9.402	-1.0	0.0	2.045	180.856	10.85	17.725	0.0	54.094	26.692	-12.111	31.6	0.0	234.328	12.82	23.413	0.0	53.472	21.026	-13.671	0.0	0.0	142.495	11.52	23.288	0.0	50.242	9.111	-1.0	37.2	1.693	226.772
