-1.0	1.975	524.808	0.0	24.15	-15.881	0.0	0.0	110.722	-5.26	-1.15	556.711	88.272	31.633	-7.317	0.0	0.0	129.224	-1.0	-6.275	0.0	0.0	22.697	-1.0	0.0	0.0	116.534	-2.42	13.787	0.0	49.319	0.0	-9.578	0.0	0.0	156.348	-6.74	-0.588	0.0	92.325	0.0	-1.0	28.8	0.0	89.023	-7.89	-6.15	0.0	86.177	0.0	0.0	0.0	0.0	111.788	-3.99	3.6	558.838	91.686	0.0	-1.0	0.2	0.0	30.127	-6.42	-3.025	0.0	63.815	9.765	-1.0	0.4	0.0	143.464	-4.72	6.725	0.0	68.117	19.209	-2.674	0.2	0.0	184.246	-4.51	19.85	0.0	68.157	11.654	-1.0	0.0	0.0	166.422
-1.0	1.1	523.745	0.0	24.222	-14.845	0.0	0.0	139.396	-5.82	-0.9	556.711	88.002	31.705	-7.372	0.0	0.0	133.68	-1.0	-6.275	0.0	0.0	22.043	-1.0	0.0	0.0	118.278	-2.23	12.412	0.0	50.109	0.0	-9.243	0.0	0.0	156.348	-6.74	-0.275	0.0	91.906	0.0	-1.0	28.8	0.0	90.864	-7.79	-5.963	0.0	85.709	0.0	0.0	0.0	0.0	111.11	-4.2	3.538	562.56	92.541	0.0	-1.0	0.2	0.0	30.32	-6.48	-3.025	0.0	65.59	9.474	-1.0	0.4	0.0	143.561	-4.56	6.725	0.0	73.88	18.556	-2.674	0.2	0.0	183.956	-4.27	20.413	0.0	71.48	11.581	-1.0	0.0	0.0	160.32
-1.0	1.663	522.681	0.0	24.004	-15.18	0.0	0.0	139.299	-5.69	-0.65	558.306	88.057	31.633	-7.418	0.0	1.014	135.23	-1.0	-6.338	0.0	0.0	22.333	-1.0	0.0	0.0	117.6	-3.56	10.35	0.0	47.392	0.0	-8.952	0.0	0.0	147.533	-6.46	0.037	0.0	91.641	0.0	-1.0	28.8	0.0	101.035	-7.91	-6.463	0.0	85.306	0.0	0.0	0.0	0.0	111.594	-4.13	2.85	558.306	91.706	0.0	-1.0	0.2	0.939	36.326	-6.68	-3.212	0.0	71.989	8.966	-1.0	0.4	0.0	143.27	-4.1	7.162	0.0	75.365	19.355	-2.687	0.2	0.0	18.89	-4.58	18.663	0.0	65.529	12.09	-1.0	0.0	0.0	160.61
-1.0	2.725	521.618	0.0	24.077	-15.952	0.0	0.0	138.911	-5.34	-0.838	556.18	88.21	31.487	-7.393	0.0	0.0	134.068	-1.0	-6.15	0.0	0.0	21.752	-1.0	0.0	0.0	111.303	-3.74	9.35	0.0	48.786	0.0	-8.821	0.0	0.0	144.045	-6.22	0.475	0.0	91.669	0.0	-1.0	28.8	0.0	101.81	-8.02	-6.15	0.0	86.123	0.0	0.0	0.0	0.0	111.691	-4.84	1.975	556.711	91.041	0.0	-1.0	0.2	1.643	25.38	-6.78	-3.025	0.0	77.527	9.62	-1.0	0.4	0.0	115.759	-3.99	5.85	0.0	74.553	18.846	-2.154	0.2	1.534	346.6	-5.02	18.788	0.0	62.407	11.581	-1.0	0.0	0.0	152.861
-1.0	3.038	522.681	0.0	24.077	-15.933	0.0	0.0	116.631	-5.38	-1.462	558.306	88.179	31.705	-7.314	0.0	1.173	119.731	-1.0	-6.15	0.0	0.0	22.043	-1.0	0.0	1.156	105.104	-2.22	11.225	0.0	48.044	0.0	-9.079	0.0	1.383	53.666	-5.48	0.912	0.0	92.336	0.0	-1.0	28.8	0.0	101.229	-8.02	-5.963	0.0	86.491	0.0	0.0	0.0	0.0	111.788	-5.12	2.538	558.838	91.51	0.0	-1.0	0.2	1.819	26.833	-6.84	-3.025	0.0	85.244	9.402	-1.0	0.4	0.0	115.953	-4.08	5.912	0.0	73.861	18.773	-2.314	0.2	1.785	342.241	-4.38	19.288	0.0	63.076	11.872	-1.0	0.0	0.0	138.621
-1.0	4.1	527.467	0.0	24.222	-16.072	0.0	0.0	111.885	-5.71	-1.212	557.243	87.97	31.633	-7.376	0.0	1.383	113.531	-1.0	-5.963	0.0	0.0	22.188	-1.0	0.0	0.939	109.753	-2.26	12.6	0.0	45.252	0.0	-9.276	0.0	1.559	56.184	-5.18	0.975	0.0	91.455	0.0	-1.0	28.8	0.0	101.423	-7.92	-5.775	0.0	86.822	0.0	0.0	0.0	0.0	111.497	-5.28	2.663	558.838	91.892	0.0	-1.0	0.2	1.341	27.027	-6.83	-3.087	0.0	86.574	9.547	-1.0	0.4	0.0	60.059	-4.1	5.85	0.0	72.521	18.701	-2.154	0.2	1.768	357.159	-4.48	19.475	0.0	59.842	11.291	-1.0	0.0	0.0	138.233
-1.0	5.037	523.213	0.0	24.15	-16.105	0.0	0.0	112.175	-5.75	-0.963	554.584	87.919	31.633	-7.69	0.0	1.089	114.113	-1.0	-5.9	0.0	0.0	21.825	-1.0	0.0	0.0	109.463	-1.78	12.85	0.0	46.428	0.0	-9.259	0.0	1.483	53.181	-4.9	1.163	0.0	91.571	0.0	-1.0	29.0	0.0	101.229	-7.5	-3.525	0.0	87.862	0.0	0.0	0.0	0.0	111.594	-5.37	2.85	556.711	91.983	0.0	-1.0	0.2	1.316	26.252	-6.84	-2.9	0.0	87.673	9.111	-1.0	0.4	0.0	59.284	-4.3	6.225	0.0	74.271	18.846	-2.146	0.2	1.55	4.843	-4.4	19.6	0.0	59.72	11.581	-1.0	0.0	0.0	138.814
-1.0	6.412	521.618	0.0	24.295	-16.49	0.0	0.0	111.691	-5.68	-0.525	550.862	87.937	31.705	-7.494	0.0	0.0	113.435	-1.0	-5.9	0.0	0.0	22.188	-1.0	0.0	0.0	114.597	-1.6	11.975	0.0	49.902	0.0	-9.022	0.0	1.785	58.8	-5.67	1.163	0.0	87.654	0.0	-1.0	29.0	0.0	101.229	-7.06	-2.462	0.0	88.139	0.0	0.0	0.0	0.0	44.463	-5.56	2.85	558.838	91.834	0.0	-1.0	0.2	2.062	32.548	-6.89	-3.025	0.0	87.923	8.966	-1.0	0.4	0.0	35.939	-4.78	6.1	0.0	74.528	18.773	-2.067	0.2	1.735	12.206	-3.71	19.038	0.0	61.27	11.799	-1.0	0.0	0.0	138.814
-1.0	5.725	522.149	0.0	24.367	-16.088	0.0	0.0	112.078	-5.48	-0.588	554.584	88.071	31.56	-7.424	0.0	0.972	113.822	-1.0	-6.025	0.0	0.0	21.825	-1.0	0.0	0.997	101.326	-1.76	12.35	0.0	49.321	0.0	-9.123	0.0	2.187	48.919	-5.26	0.787	0.0	90.828	0.0	-1.0	30.0	0.0	101.035	-6.84	-2.025	0.0	88.117	0.0	0.0	0.0	0.0	34.292	-5.32	3.288	557.775	91.494	0.0	-1.0	0.2	0.997	38.457	-6.84	-3.212	0.0	88.398	9.329	-1.0	0.4	0.955	37.392	-4.6	7.037	0.0	77.532	18.919	-2.714	0.2	0.997	12.206	-3.88	17.975	0.0	57.75	11.654	-1.0	0.0	0.0	123.412
-1.0	5.6	523.213	0.0	24.15	-16.143	0.0	0.0	113.919	-5.32	-0.463	550.862	88.134	31.56	-7.451	0.0	1.131	113.822	-1.0	-5.713	0.0	0.0	22.406	-1.0	0.0	1.098	102.488	-1.62	12.912	0.0	48.837	0.0	-9.18	0.0	1.391	47.66	-5.32	1.038	0.0	88.621	0.0	-1.0	31.8	0.0	101.326	-6.46	-2.025	0.0	88.117	0.0	0.0	0.0	0.947	42.72	-5.29	3.538	559.902	92.024	0.0	-1.0	0.2	1.257	25.574	-6.84	-3.087	0.0	87.185	9.329	-1.0	0.4	0.0	37.392	-4.48	6.975	0.0	77.257	19.355	-2.763	0.2	1.307	7.265	-3.96	19.288	0.0	58.892	12.017	-1.0	0.0	0.0	132.615
-1.0	7.1	522.149	0.0	24.077	-16.39	0.0	0.0	114.209	-5.28	-0.4	551.926	88.205	31.633	-7.465	0.0	0.955	113.822	-1.0	-5.65	0.0	0.0	21.825	-1.0	0.0	1.098	102.779	-1.26	12.225	0.0	48.707	0.0	-9.226	0.0	1.467	34.97	-5.33	1.475	0.0	89.96	0.0	-1.0	31.8	0.0	101.229	-6.02	-1.462	0.0	89.157	0.0	0.0	0.0	0.0	43.301	-5.32	2.413	555.116	90.791	0.0	-1.0	0.2	1.877	19.374	-6.84	-3.337	0.0	87.916	8.893	-1.0	0.4	0.0	37.295	-4.38	6.912	0.0	77.813	18.12	-2.74	0.2	1.5	6.006	-4.18	18.35	0.0	56.704	11.799	-1.0	0.0	0.0	132.615
-1.0	8.35	520.554	0.0	24.44	-16.589	0.0	0.0	114.306	-5.27	-0.713	547.14	88.208	31.269	-7.469	0.0	1.064	104.716	-1.0	-5.963	0.0	0.0	21.97	-1.0	0.0	1.232	100.841	-1.28	11.537	0.0	45.739	0.0	-9.326	0.0	2.145	56.281	-4.78	1.225	0.0	91.838	0.0	-1.0	31.8	0.0	101.035	-6.38	-0.963	0.0	88.481	0.0	0.0	0.0	0.0	42.816	-5.5	2.975	557.243	90.938	0.0	-1.0	0.2	1.894	27.802	-6.78	-3.15	0.0	88.294	9.256	-1.0	0.4	0.0	37.586	-4.81	6.85	0.0	77.694	18.628	-2.753	0.2	1.643	10.365	-4.28	18.163	0.0	57.021	11.508	-1.0	0.0	1.022	132.421
-1.0	7.912	520.554	0.0	24.222	-17.275	0.0	0.0	108.3	-5.3	0.537	547.672	88.2	31.487	-7.664	0.0	0.0	92.026	-1.0	-5.713	0.0	0.0	22.261	-1.0	0.0	1.056	82.049	-0.98	12.35	0.0	48.567	0.0	-9.079	0.0	2.095	45.916	-4.64	1.35	0.0	91.252	0.0	-1.0	31.8	0.0	101.229	-5.84	-1.337	0.0	88.503	0.0	0.0	0.0	0.0	42.429	-5.58	2.85	556.18	90.76	0.0	-1.0	0.2	1.777	27.705	-6.87	-3.337	0.0	88.37	9.184	-1.0	0.4	1.089	36.907	-4.74	7.35	0.0	76.803	19.137	-3.004	0.2	1.156	10.559	-3.94	18.538	0.0	56.797	11.872	-1.0	0.0	0.0	132.421
-1.0	7.412	521.086	0.0	24.004	-16.545	0.0	0.0	96.482	-5.18	0.225	546.609	88.252	31.342	-7.506	0.0	0.0	91.736	-1.0	-5.65	0.0	0.0	22.479	-1.0	0.0	1.048	83.986	-1.29	12.162	0.0	45.586	0.0	-9.055	0.0	1.735	52.213	-4.98	1.475	0.0	90.924	0.0	-1.0	31.8	0.0	101.132	-5.62	-1.087	0.0	86.306	0.0	0.0	0.0	1.651	33.808	-5.59	3.1	553.521	91.303	0.0	-1.0	0.2	1.735	23.152	-6.89	-3.4	0.0	88.184	8.675	-1.0	0.4	0.0	37.198	-4.74	6.662	0.0	76.03	18.773	-2.721	0.2	1.467	13.659	-3.4	17.663	0.0	50.734	12.09	-1.0	0.0	1.332	82.824
-1.0	7.412	518.427	0.0	24.15	-18.574	0.0	0.0	86.214	-5.3	0.1	545.545	88.2	31.487	-7.583	0.0	1.291	88.151	-1.0	-5.65	0.0	0.0	22.333	-1.0	0.0	1.123	87.086	-1.05	11.412	0.0	49.328	0.0	-8.976	0.0	2.087	49.113	-4.87	1.788	0.0	92.025	0.0	-1.0	31.8	0.0	101.229	-5.47	-1.15	0.0	86.511	0.0	0.0	0.0	1.299	41.654	-5.64	3.225	555.648	91.753	0.0	-1.0	0.2	1.416	22.958	-6.87	-3.337	0.0	87.34	8.675	-1.0	0.4	0.0	37.198	-4.6	7.037	0.0	75.257	18.919	-2.821	0.2	1.475	337.785	-3.98	15.975	0.0	53.896	11.726	-1.0	0.0	1.324	115.469
-1.0	5.85	518.959	0.0	24.367	-15.791	0.0	1.039	72.265	-5.56	0.037	544.482	88.091	30.906	-7.521	0.0	1.366	83.211	-1.0	-5.588	0.0	0.0	21.897	-1.0	0.0	1.148	54.441	-1.26	11.975	0.0	47.486	0.0	-9.013	0.0	1.785	44.463	-4.94	1.725	0.0	91.909	0.0	-1.0	31.8	0.0	64.515	-5.38	-1.087	0.0	86.451	0.0	0.0	0.0	1.475	36.423	-5.64	3.788	554.584	92.253	0.0	-1.0	0.2	1.073	28.77	-7.05	-3.337	0.0	88.102	8.675	-1.0	0.4	0.0	37.101	-4.98	7.287	0.0	76.937	19.209	-8.104	0.2	1.265	0.0	-2.68	15.412	0.0	48.812	11.726	-1.0	0.0	1.701	121.668
-1.0	7.975	518.427	0.0	24.077	-16.419	0.0	0.0	71.781	-5.59	-0.4	541.823	88.042	31.051	-7.489	0.0	1.399	102.585	-1.0	-5.463	0.0	0.0	21.97	-1.0	0.0	1.215	58.025	-1.88	12.725	0.0	42.246	0.0	-9.128	0.0	1.525	55.7	-5.4	1.538	0.0	91.859	0.0	-1.0	31.8	1.165	60.834	-5.34	-1.525	0.0	86.835	0.0	0.0	0.0	1.391	41.654	-5.54	2.788	552.458	90.653	0.0	-1.0	0.2	1.617	17.243	-6.84	-1.837	0.0	88.238	9.038	-1.0	0.4	0.0	37.101	-4.94	7.412	0.0	77.688	18.846	-8.118	0.2	1.349	342.047	-2.74	14.412	0.0	49.481	11.654	-1.0	0.0	1.902	108.3
-1.0	7.787	517.896	0.0	24.077	-16.294	0.0	0.0	79.046	-5.94	-0.338	540.228	87.869	31.342	-7.503	0.0	1.559	95.611	-1.0	-5.65	0.0	0.0	22.043	-1.0	0.0	0.964	71.49	-1.64	11.35	0.0	49.632	0.0	-8.977	0.0	1.542	52.213	-5.34	1.475	0.0	88.676	0.0	-1.0	31.8	0.0	60.737	-5.3	-0.9	0.0	87.073	0.0	0.0	0.0	1.123	41.073	-5.54	3.288	554.584	91.935	0.0	-1.0	0.2	1.148	26.833	-6.36	-0.212	0.0	87.921	9.111	-1.0	0.4	0.0	37.295	-4.65	7.412	0.0	79.471	19.5	-8.118	0.2	1.718	9.106	-3.52	15.725	0.0	47.486	11.872	-1.0	0.0	1.668	118.666
-1.0	8.475	515.769	0.0	24.367	-16.703	0.0	0.939	90.476	-6.3	-0.463	536.506	87.632	31.415	-7.451	0.0	1.76	100.066	-1.0	-5.463	0.0	0.0	21.825	-1.0	0.0	1.022	90.089	-1.49	11.1	0.0	52.833	0.0	-8.971	0.0	1.969	53.86	-5.02	1.85	0.0	87.145	0.0	-1.0	31.8	0.0	62.481	-5.54	-0.9	0.0	86.472	0.0	0.0	0.0	0.0	33.226	-5.94	2.225	550.331	91.824	0.0	-1.0	0.2	2.682	34.001	-5.94	0.163	0.0	87.91	8.457	-1.0	0.4	0.0	37.489	-4.82	6.287	0.0	78.772	19.064	-2.621	0.2	2.137	15.305	-3.74	16.85	0.0	52.906	11.872	-1.0	0.0	0.0	133.196
-1.0	7.412	516.832	0.0	24.004	-16.047	0.0	0.905	92.317	-6.56	-0.15	537.569	87.462	31.269	-7.472	0.0	1.793	103.457	-1.0	-5.4	0.0	0.0	22.333	-1.0	0.0	1.115	88.636	-2.34	10.662	0.0	55.42	0.0	-8.899	0.0	2.589	53.472	-5.04	1.663	0.0	89.46	0.0	-1.0	31.8	0.0	71.974	-5.65	-1.15	0.0	87.126	0.0	0.0	0.0	1.55	42.526	-6.0	3.1	550.331	92.266	0.0	-1.0	0.2	2.33	38.942	-5.94	-0.15	0.0	87.584	8.675	-1.0	0.4	1.793	37.682	-5.22	6.475	0.0	77.579	18.919	-8.026	0.2	2.07	21.118	-3.36	16.413	0.0	53.533	11.726	-1.0	0.0	1.022	111.885
-1.0	7.225	515.769	0.0	24.44	-16.169	0.0	1.156	92.704	-6.72	-0.4	534.911	87.339	31.487	-7.497	0.0	1.944	101.616	-1.0	-5.713	0.0	0.0	21.825	-1.0	0.0	1.425	60.156	-2.75	11.162	0.0	49.773	0.0	-8.918	0.0	2.129	62.868	-5.13	1.788	0.0	89.536	0.0	-1.0	31.8	0.0	54.053	-5.74	-0.838	0.0	86.773	0.0	0.0	0.0	2.263	38.07	-5.72	3.163	548.204	91.383	0.0	-1.0	0.2	1.441	20.536	-5.77	0.287	0.0	87.546	8.457	-1.0	0.4	1.098	37.586	-4.94	7.35	0.0	77.895	18.628	-8.139	0.2	1.307	6.393	-2.42	13.975	0.0	48.492	11.581	-1.0	0.0	1.785	90.573
-1.0	6.537	513.11	0.0	23.859	-15.937	0.0	1.399	80.789	-6.84	-0.212	535.974	87.226	31.633	-7.4	0.0	2.112	100.066	-1.0	-5.4	0.0	0.0	21.534	-1.0	0.0	1.215	68.971	-2.46	11.412	0.0	54.209	0.0	-8.923	0.0	1.902	54.15	-5.27	1.725	0.0	91.079	0.0	-1.0	32.0	1.039	54.344	-5.9	-0.838	0.0	87.839	0.0	0.0	0.0	1.534	41.17	-5.84	3.35	548.204	91.775	0.0	-1.0	0.2	1.224	28.674	-5.36	0.537	0.0	87.981	8.603	-1.0	0.4	0.0	37.295	-4.92	7.287	0.0	77.183	18.556	-8.123	0.2	1.165	16.468	-2.64	14.537	0.0	51.828	11.872	-1.0	0.0	1.659	95.804
-1.0	6.6	519.491	0.0	24.077	-15.951	0.0	1.45	84.567	-6.96	-0.025	532.252	87.154	31.487	-7.417	0.0	2.095	93.189	-1.0	-5.4	0.0	0.0	22.333	-1.0	0.0	0.947	69.165	-2.38	11.412	0.0	51.198	0.0	-8.932	0.0	1.768	57.25	-5.04	2.6	0.0	88.836	0.0	-1.0	32.0	0.0	53.86	-5.78	-0.9	0.0	86.348	0.0	0.0	0.0	1.182	33.711	-5.87	3.038	547.672	91.843	0.0	-1.0	0.2	1.609	22.958	-5.27	0.537	0.0	87.677	8.966	-1.0	0.4	0.0	37.392	-4.76	6.975	0.0	76.915	18.701	-8.098	0.2	1.282	6.49	-3.47	15.6	0.0	52.573	11.508	-1.0	0.0	1.684	114.597
-1.0	6.6	509.388	0.0	24.222	-15.951	0.0	1.224	83.986	-6.96	0.412	531.72	87.154	31.56	-7.431	0.0	1.735	93.964	-1.0	-5.588	0.0	0.0	21.97	-1.0	0.0	0.0	75.171	-2.15	11.6	0.0	52.101	0.0	-9.009	0.0	1.668	55.991	-4.98	2.1	0.0	88.203	0.0	-1.0	32.0	0.0	54.538	-5.75	-1.087	0.0	87.429	0.0	0.0	0.0	1.165	40.201	-5.77	3.975	545.545	92.006	0.0	-1.0	0.2	1.156	23.152	-5.28	0.6	0.0	87.264	8.457	-1.0	0.4	0.0	37.295	-4.7	7.287	0.0	75.472	18.773	-8.114	0.2	1.249	335.848	-3.02	14.6	0.0	51.339	11.799	-1.0	0.0	1.592	93.092
-1.0	6.725	504.071	0.0	24.367	-16.059	0.0	1.089	83.986	-6.9	0.225	529.062	87.149	31.56	-7.406	0.0	1.684	92.511	-1.0	-5.4	0.0	0.0	21.897	-1.0	0.0	0.0	75.462	-2.44	12.037	0.0	49.728	0.0	-9.012	0.0	1.165	54.441	-5.31	-0.087	0.0	90.085	0.0	-1.0	32.0	0.0	54.247	-5.64	-0.65	0.0	87.785	0.0	0.0	0.0	1.073	41.267	-5.59	4.037	544.482	92.229	0.0	-1.0	0.2	0.0	22.861	-5.12	0.912	0.0	87.634	8.167	-1.0	0.4	0.0	37.586	-4.94	7.725	0.0	75.633	18.919	-8.235	0.2	1.249	334.588	-3.13	14.787	0.0	52.392	11.872	-1.0	0.0	1.483	106.266
-1.0	6.725	507.261	0.0	23.932	-16.223	0.0	1.039	60.35	-6.84	1.788	527.998	87.185	31.633	-7.55	0.0	1.383	80.014	-1.0	-5.4	0.0	0.0	22.406	-1.0	0.0	0.0	75.752	-2.44	11.662	0.0	49.933	0.0	-8.99	0.0	1.358	52.407	-6.13	-1.025	0.0	88.748	0.0	-1.0	32.2	1.215	54.344	-5.33	-0.275	0.0	88.029	0.0	0.0	0.0	0.0	39.717	-5.66	3.413	544.482	92.171	0.0	-1.0	0.2	1.232	26.639	-4.98	1.1	0.0	87.465	8.385	-1.0	0.4	0.0	37.295	-5.1	7.537	0.0	75.338	18.628	-8.159	0.2	1.467	350.378	-3.11	15.537	0.0	50.337	11.872	-1.0	0.0	1.324	79.143
-1.0	6.787	509.388	0.0	24.15	-15.992	0.0	0.0	60.156	-6.7	0.912	525.872	87.283	31.705	-0.627	0.0	1.383	85.439	-1.0	-5.338	0.0	0.0	22.115	-1.0	0.0	0.0	72.071	-2.64	10.725	0.0	54.552	0.0	-8.864	0.0	1.852	55.506	-6.24	-1.337	0.0	90.226	0.0	-1.0	32.2	1.014	56.378	-5.34	-0.65	0.0	87.166	0.0	0.0	0.0	0.955	38.07	-5.64	3.975	548.204	92.061	0.0	-1.0	0.2	1.156	26.445	-5.37	0.787	0.0	86.599	8.603	-1.0	0.4	0.0	37.392	-4.78	7.787	0.0	76.981	19.427	-8.214	0.2	1.014	12.109	-2.64	14.537	0.0	51.683	11.799	-1.0	0.0	1.291	87.861
-1.0	7.162	504.603	0.0	24.295	-16.155	0.0	1.14	67.131	-6.65	0.037	523.745	87.317	31.56	-7.389	0.0	1.634	103.844	-1.0	-5.275	0.0	0.0	21.825	-1.0	0.0	1.265	55.506	-2.72	12.037	0.0	50.45	0.0	-9.03	0.0	1.45	58.025	-6.52	-1.775	0.0	89.48	0.0	-1.0	32.2	1.425	62.287	-5.96	-0.338	0.0	87.986	0.0	0.0	0.0	1.224	48.338	-5.62	3.85	541.823	91.855	0.0	-1.0	0.2	0.0	26.736	-5.04	0.975	0.0	87.347	8.821	-1.0	0.4	0.0	37.392	-4.56	7.6	0.0	73.18	19.209	-8.194	0.2	1.022	0.097	-2.58	14.162	0.0	50.82	11.581	-1.0	0.0	1.349	95.029
-1.0	7.287	501.412	0.0	24.295	-16.183	0.0	1.039	71.102	-6.72	0.287	521.618	87.298	31.56	-7.412	0.0	1.827	99.098	-1.0	-5.213	0.0	0.0	22.188	-1.0	0.0	1.089	56.378	-2.82	12.537	0.0	52.38	0.0	-9.068	0.0	0.955	59.091	-6.52	-1.837	0.0	90.891	0.0	-1.0	32.2	0.939	62.287	-5.44	-0.15	0.0	86.352	0.0	0.0	0.0	1.056	37.876	-5.62	3.725	539.696	91.566	0.0	-1.0	0.2	0.913	24.508	-4.78	1.163	0.0	87.682	8.603	-1.0	0.4	0.0	37.586	-4.34	7.6	0.0	76.353	18.483	-8.148	0.2	1.123	8.815	-2.64	14.85	0.0	51.886	11.581	-1.0	0.0	1.299	84.18
-1.0	7.975	498.754	0.0	24.077	-16.336	0.0	0.0	71.199	-6.84	0.787	509.92	87.226	31.269	-0.641	0.0	1.542	96.482	-1.0	-5.15	0.0	0.0	21.825	-1.0	0.0	0.0	56.378	-2.36	12.162	0.0	50.968	0.0	-9.019	0.0	1.014	55.506	-6.52	-2.087	0.0	90.658	0.0	-1.0	32.2	0.0	61.706	-5.68	-0.087	0.0	88.181	0.0	0.0	0.0	0.0	37.392	-5.62	3.788	539.165	91.836	0.0	-1.0	0.2	1.274	24.314	-4.72	1.35	0.0	86.829	8.603	-1.0	0.4	0.0	37.489	-4.46	8.287	0.0	76.02	17.974	-8.261	0.2	1.299	1.259	-3.14	14.787	0.0	51.959	12.017	-1.0	0.0	1.064	94.061
