6.88	4.287	0.532	76.12	24.44	-14.302	34.8	0.0	319.961	5.62	5.35	0.0	75.904	33.013	-7.971	28.8	1.383	253.218	5.99	5.6	0.0	78.252	23.714	-13.65	0.0	1.265	244.402	6.81	6.475	0.0	77.225	30.833	-1.485	35.0	0.0	205.267	6.55	6.85	0.0	77.54	10.782	-9.244	0.0	0.0	230.841	6.66	5.85	0.0	77.859	0.0	0.0	0.2	0.0	210.982	7.36	6.35	0.0	75.744	8.53	-1.0	0.0	0.964	195.193	6.12	6.1	0.0	76.954	26.474	-10.962	31.6	0.0	244.79	6.7	6.162	0.0	78.529	20.299	-9.688	0.0	0.0	133.874	6.08	5.6	0.0	79.413	8.966	-1.0	37.2	0.0	279.663	7.08
6.86	4.162	0.0	75.615	24.367	-14.278	34.8	0.0	320.252	5.62	5.412	0.0	76.253	32.722	-7.978	28.8	0.0	253.605	6.06	5.6	0.0	77.335	24.15	-13.415	0.0	1.115	268.814	6.81	6.6	0.0	76.903	30.833	-1.382	35.0	1.5	218.054	6.57	6.6	0.0	76.055	10.855	-9.221	0.0	0.0	264.842	6.7	5.85	0.0	76.78	0.0	0.0	0.2	1.265	212.145	7.23	6.1	0.532	76.244	9.256	-1.0	0.0	0.0	194.999	6.1	6.037	0.0	76.826	26.547	-11.073	31.6	0.997	232.003	6.78	6.225	0.0	77.688	21.026	-9.656	0.0	0.0	119.15	6.18	5.6	0.0	79.242	9.038	-1.0	37.2	0.0	30.998	7.06
6.85	4.537	0.532	75.939	24.658	-14.417	34.8	0.0	275.788	5.6	5.225	0.0	76.025	32.577	-7.923	28.8	0.0	268.426	6.0	5.6	0.0	77.47	24.077	-13.65	0.0	0.0	268.814	6.83	6.537	0.0	76.159	30.833	-1.326	35.0	0.0	209.723	6.59	7.037	0.0	75.959	10.637	-9.275	0.0	0.0	284.119	6.69	5.6	0.0	75.93	0.0	0.0	0.2	0.0	205.17	7.2	6.162	0.532	76.587	9.62	-1.0	0.0	0.0	194.805	6.09	6.1	0.0	76.997	26.184	-11.306	31.6	0.0	221.832	6.77	6.162	0.0	77.907	20.372	-9.743	0.0	0.0	138.621	6.1	5.6	0.0	78.715	9.038	-1.0	37.2	0.0	34.873	7.04
6.84	4.6	8.508	75.936	25.239	-14.428	34.8	0.0	226.094	5.6	5.35	0.532	75.726	32.795	-7.9	28.8	0.0	268.329	5.99	5.537	0.0	77.616	24.222	-13.639	0.0	0.0	140.364	6.67	6.412	0.0	77.368	30.397	-1.322	35.0	1.349	170.2	6.58	7.287	0.0	76.232	10.709	-9.314	0.0	0.0	284.313	6.45	5.725	0.0	78.67	0.0	0.0	0.2	0.0	168.747	6.9	6.287	0.0	79.329	9.329	-1.0	0.0	1.232	180.759	6.08	5.975	0.0	77.241	26.692	-11.094	31.6	0.0	191.221	6.7	6.1	0.0	78.505	20.444	-9.694	0.0	0.0	137.458	6.1	5.475	0.0	78.861	9.329	-26.091	37.2	0.0	34.389	6.76
6.81	4.162	1.063	75.755	24.949	-14.278	34.8	0.0	225.803	5.61	5.037	1.063	75.578	32.577	-7.912	28.8	0.0	268.717	6.0	5.787	0.0	77.323	23.859	-15.857	0.0	0.0	140.558	6.77	6.537	0.0	76.147	31.124	-1.469	35.0	0.0	202.555	6.48	6.975	0.0	77.204	11.291	-9.284	0.0	0.0	170.975	6.48	5.412	0.0	77.598	0.0	0.0	0.2	0.0	168.747	7.3	6.475	4.254	75.606	8.457	-1.0	0.0	1.844	197.033	6.22	6.287	0.0	75.581	27.201	-11.236	31.6	1.14	171.944	6.83	6.162	0.0	77.18	20.88	-9.715	0.0	0.0	140.752	6.14	5.6	0.0	79.596	8.821	-1.0	37.2	0.0	34.873	6.98
6.88	4.662	0.532	75.744	24.731	-14.44	34.8	0.0	225.803	5.6	5.037	0.0	75.875	32.867	-7.921	28.8	0.0	298.553	5.9	5.6	0.0	78.281	23.496	-13.59	0.0	0.0	145.014	6.79	6.475	0.0	75.876	30.252	-1.413	35.0	0.0	177.272	6.48	7.1	0.0	77.771	10.637	-9.482	0.0	0.0	170.781	6.56	5.787	0.0	76.402	0.0	0.0	0.2	0.0	357.934	7.59	6.6	1.595	74.067	8.748	-1.0	0.0	2.095	217.279	6.24	6.1	0.0	75.159	26.62	-11.208	31.6	0.0	209.917	6.96	6.162	0.0	76.212	20.59	-9.688	0.0	0.0	194.418	6.08	5.662	0.0	80.638	8.966	-1.0	37.2	0.0	35.745	7.16
6.9	5.037	0.0	75.472	24.44	-14.512	34.8	1.064	230.066	5.62	5.35	0.0	75.605	32.94	-7.954	28.8	0.997	256.414	5.98	5.662	0.0	77.712	23.496	-13.601	0.0	0.0	206.333	6.86	6.475	0.0	75.966	30.761	-1.342	35.0	1.022	233.941	6.34	7.037	0.0	78.865	11.218	-9.275	0.0	0.0	170.781	6.65	5.912	0.0	76.171	0.0	0.0	0.2	0.0	281.6	7.52	6.412	0.0	74.232	8.675	-1.0	0.0	0.0	217.86	6.26	6.225	0.0	75.188	26.184	-11.226	31.6	0.0	253.702	7.0	6.162	0.0	75.417	20.517	-9.702	0.0	0.0	199.067	6.08	5.6	0.0	79.823	9.111	-26.232	37.2	0.0	35.164	7.2
6.87	4.662	0.0	76.143	24.803	-14.44	34.8	0.0	217.182	5.58	5.6	0.0	76.12	33.013	-7.988	28.8	2.003	262.614	6.03	5.725	0.0	77.698	24.15	-13.794	0.0	1.534	223.091	6.82	6.6	0.0	76.855	30.688	-1.347	35.0	0.0	197.13	6.45	7.037	0.0	77.641	10.855	-9.283	0.0	0.0	194.418	6.59	5.475	0.0	77.794	0.0	0.0	0.2	0.0	204.88	7.28	6.225	1.063	75.803	8.966	-1.0	0.0	0.955	194.418	6.16	6.037	0.0	76.267	26.402	-11.231	31.6	0.0	253.993	6.97	6.037	0.0	75.738	20.808	-9.699	0.0	0.0	162.644	6.08	5.6	0.0	79.22	9.038	-1.0	37.2	0.0	34.098	7.16
6.85	4.725	0.532	76.413	24.803	-14.384	34.8	0.0	237.815	5.54	5.475	0.0	76.533	32.577	-7.922	28.8	1.601	258.739	6.04	5.6	0.0	77.651	24.15	-13.958	0.0	1.751	227.741	6.75	6.6	0.0	79.101	30.761	-1.311	35.0	0.0	197.324	6.52	7.1	0.0	77.138	11.145	-9.299	0.0	0.0	194.805	6.36	5.662	0.0	79.5	0.0	0.0	0.2	0.0	188.218	7.21	6.162	0.0	76.089	8.675	-1.0	0.0	1.073	194.418	6.26	6.225	0.0	75.188	26.547	-11.292	31.6	0.0	151.601	6.99	6.037	0.0	75.541	20.953	-9.699	0.0	0.0	148.889	6.16	5.787	0.0	79.359	9.111	-1.0	37.2	0.0	261.452	6.99
6.71	4.787	0.0	77.376	25.021	-14.888	34.8	0.0	245.177	5.45	5.475	0.532	77.254	32.867	-7.958	28.8	1.282	258.642	6.08	5.6	0.0	77.365	23.714	-13.833	0.0	0.989	237.815	6.78	6.537	0.0	76.772	30.688	-1.362	35.0	0.0	192.383	6.52	7.037	0.0	78.025	11.291	-9.292	0.0	0.0	205.267	6.5	5.787	0.0	76.985	0.0	0.0	0.2	0.0	205.17	7.09	6.037	1.063	77.755	9.111	-1.0	0.0	1.073	194.611	6.16	6.287	0.0	76.442	26.402	-11.268	31.6	0.0	216.504	6.92	6.1	0.0	76.078	20.372	-9.735	0.0	0.0	162.257	6.13	5.975	0.0	79.449	8.748	-1.0	37.2	0.0	241.787	6.86
6.56	4.662	0.0	78.23	24.876	-15.01	34.8	1.031	181.728	5.39	5.162	0.0	78.073	33.013	-2.216	28.8	1.022	247.502	5.95	5.662	0.0	78.731	23.423	-13.906	0.0	1.668	217.182	6.8	6.412	0.0	76.602	30.47	-1.179	35.0	0.0	192.093	6.38	6.975	0.0	79.504	10.927	-9.275	0.0	1.433	213.792	6.68	5.787	0.0	76.626	0.0	0.0	0.2	0.0	229.775	7.18	6.225	0.0	76.383	9.256	-1.0	0.0	0.0	194.708	6.22	6.1	0.0	75.431	26.765	-11.306	31.6	0.0	224.932	7.02	6.162	0.0	75.169	20.662	-9.648	0.0	0.0	127.287	6.14	5.725	0.0	79.33	9.329	-1.0	37.2	0.0	241.69	7.01
6.75	4.85	0.532	76.84	25.021	-14.206	34.8	1.902	204.492	5.38	5.225	0.0	77.41	32.504	-7.932	28.8	0.0	195.968	5.8	5.6	0.0	79.592	24.004	-13.895	0.0	2.045	208.27	6.55	6.6	0.0	79.663	30.761	-1.347	35.0	1.45	197.518	6.3	6.787	0.0	78.393	10.927	-9.261	0.0	1.986	198.486	6.46	5.662	0.0	78.94	0.0	0.0	0.2	1.24	209.82	7.18	6.037	1.595	75.882	8.893	-1.0	0.0	0.0	194.708	6.1	6.225	0.0	77.418	26.329	-11.226	31.6	0.0	222.51	7.02	6.225	0.0	75.27	21.171	-9.656	0.0	0.0	131.452	6.02	5.662	0.0	80.934	9.256	-1.0	37.2	1.19	231.228	7.0
6.55	4.787	1.595	78.325	24.731	-14.816	34.8	1.165	230.744	5.36	4.912	0.532	78.358	32.795	-7.891	28.8	0.0	232.681	5.99	5.475	0.0	77.983	23.786	-13.81	0.0	1.961	225.029	6.64	6.412	0.0	78.76	30.47	-1.215	35.0	1.676	193.255	6.3	6.537	0.0	79.583	10.492	-9.23	0.0	1.793	211.757	6.39	5.662	0.0	78.876	0.0	0.0	0.2	1.399	185.893	6.98	6.225	0.532	78.933	9.184	-1.0	0.0	1.165	189.962	6.02	6.225	0.0	77.204	26.184	-11.162	31.6	1.55	218.054	6.82	5.912	0.0	77.326	20.953	-9.96	0.0	0.0	142.108	5.92	5.85	0.0	81.339	9.184	-1.0	37.2	1.592	242.078	6.74
6.77	5.037	0.0	75.972	25.239	-14.722	34.8	1.475	234.716	5.38	5.35	0.0	77.091	32.94	-7.945	28.8	1.182	245.177	5.76	5.35	0.0	80.016	23.714	-13.665	0.0	2.087	205.17	6.66	6.475	0.0	78.643	30.543	-1.342	35.0	1.827	207.108	6.36	7.037	0.0	78.284	11.218	-9.292	0.0	1.534	214.567	6.43	5.85	0.0	79.394	0.0	0.0	0.2	1.751	203.523	6.98	6.35	0.532	78.248	8.53	-1.0	0.0	1.575	177.272	6.04	6.162	0.0	77.504	26.474	-11.185	31.6	1.668	217.279	6.79	6.1	0.0	77.493	20.59	-9.764	0.0	0.0	164.969	6.02	5.662	0.0	81.457	8.748	-26.254	37.2	1.265	240.528	6.7
6.74	4.662	0.532	77.63	25.239	-14.864	34.8	0.0	254.477	5.36	5.162	0.0	78.139	32.722	-7.934	28.8	0.0	241.303	5.82	5.6	0.0	79.38	23.859	-13.71	0.0	1.55	209.529	6.53	6.35	0.0	79.948	30.615	-1.194	35.0	0.0	167.294	6.53	7.037	0.0	76.495	11.218	-9.292	0.0	0.0	238.203	6.33	5.662	0.0	79.927	0.0	0.0	0.2	1.198	188.218	7.0	6.225	0.0	78.301	9.256	-1.0	0.0	1.416	187.249	5.98	6.037	0.0	78.006	26.474	-11.042	31.6	1.265	218.829	6.73	5.912	0.0	77.775	20.808	-9.656	0.0	0.0	161.094	6.2	6.1	0.0	79.271	8.893	-1.0	37.2	1.986	224.544	6.83
6.68	4.85	1.595	77.024	24.44	-14.974	34.8	0.0	218.829	5.32	5.162	0.0	78.349	32.65	-7.925	28.8	0.913	207.883	6.08	5.6	0.0	77.069	23.496	-13.771	0.0	1.751	241.981	6.7	6.6	0.0	78.554	31.051	-1.203	35.0	1.274	164.194	6.58	6.975	0.0	76.257	10.855	-9.292	0.0	0.0	238.203	6.55	5.912	0.0	77.416	0.0	0.0	0.2	1.693	194.418	6.86	6.162	0.0	78.882	8.966	-1.0	0.0	0.0	171.75	5.93	6.1	0.0	78.044	26.402	-11.113	31.6	0.0	179.306	6.68	5.975	0.0	78.133	20.953	-9.691	0.0	0.0	151.311	6.12	5.6	0.0	79.35	8.748	-1.0	37.2	0.0	273.367	6.74
6.7	4.6	0.532	77.201	25.239	-14.567	34.8	0.0	209.336	5.37	4.975	0.0	77.751	32.577	-7.915	28.8	0.0	204.492	5.86	5.6	0.0	78.929	23.932	-13.833	0.0	0.0	169.619	6.68	6.35	0.0	77.765	30.761	-1.194	35.0	1.249	175.625	6.49	6.975	0.0	76.586	11.073	-9.301	0.0	0.0	238.106	6.59	5.6	0.0	77.301	0.0	0.0	0.2	1.173	200.617	6.84	6.1	4.254	78.975	9.038	-1.0	0.0	1.24	179.209	6.08	6.1	0.0	76.846	26.256	-11.144	31.6	0.0	210.595	6.74	5.912	0.0	77.679	21.098	-9.67	0.0	0.0	150.826	6.14	5.475	0.0	79.161	8.893	-1.0	37.2	0.0	273.754	6.68
6.68	4.6	0.0	77.617	25.239	-14.637	34.8	0.0	209.142	5.41	5.35	0.0	77.466	32.577	-7.971	28.8	0.0	251.668	5.8	5.6	0.0	79.472	24.222	-13.895	0.0	0.0	161.773	6.56	6.412	0.0	78.572	30.397	-1.179	35.0	1.224	179.693	6.45	7.162	0.0	78.083	10.927	-9.324	0.0	0.0	238.106	6.38	5.6	0.0	78.971	0.0	0.0	0.2	0.913	163.516	7.21	6.412	1.063	76.938	8.748	-1.0	0.0	1.299	199.842	6.16	6.162	0.0	76.193	26.692	-11.001	31.6	0.0	222.316	6.83	6.162	0.0	76.907	21.098	-9.743	0.0	0.0	136.199	6.08	5.475	0.0	79.871	9.184	-1.0	37.2	0.0	273.076	6.9
6.6	4.475	0.0	77.846	24.295	-14.827	34.8	0.0	230.841	5.34	5.225	0.0	77.769	32.795	-7.914	28.8	1.173	241.593	5.74	5.537	0.0	79.603	23.568	-14.138	0.0	0.0	195.968	6.47	6.412	0.0	80.055	30.543	-1.286	35.0	0.0	179.984	6.32	6.6	0.0	79.346	10.782	-9.238	0.0	0.0	228.419	6.24	5.6	0.0	79.618	0.0	0.0	0.2	0.0	163.419	7.26	6.287	1.063	76.75	9.038	-1.0	0.0	1.332	200.23	6.09	6.037	0.0	76.278	26.474	-11.073	31.6	0.0	222.704	6.82	6.037	0.0	76.731	20.372	-9.727	0.0	0.0	168.36	6.12	5.6	0.0	81.005	8.603	-1.0	37.2	0.0	178.919	6.82
6.59	4.35	0.532	77.794	24.367	-14.45	34.8	0.0	230.163	5.36	5.35	1.063	77.578	32.795	-7.9	28.8	1.492	266.779	5.72	5.35	0.0	79.671	23.205	-13.911	0.0	0.93	195.871	6.46	6.35	0.0	80.125	30.833	-1.301	35.0	0.0	179.887	6.24	6.912	0.0	79.883	10.782	-9.276	0.0	0.0	228.419	6.26	5.475	0.0	79.671	0.0	0.0	0.2	0.0	182.212	6.98	6.162	0.532	78.762	8.312	-1.0	0.0	0.989	200.617	6.08	6.037	0.0	76.871	26.474	-11.042	31.6	0.0	222.316	6.84	6.1	0.0	76.386	20.662	-9.68	0.0	0.0	148.598	6.07	5.6	0.0	80.707	8.748	-1.0	37.2	0.0	179.112	6.51
6.72	4.6	0.0	76.311	25.312	-16.347	34.8	0.0	248.665	5.5	5.225	0.0	75.979	32.577	-7.958	28.8	1.559	318.411	5.71	5.412	0.0	79.885	24.004	-13.737	0.0	0.0	195.386	6.55	6.412	0.0	78.448	30.325	-1.143	35.0	1.249	267.458	6.2	6.912	0.0	79.898	10.637	-9.284	0.0	0.0	228.516	6.2	5.475	0.0	79.561	0.0	0.0	0.2	0.922	181.243	6.68	6.1	0.0	80.63	8.675	-1.0	0.0	1.525	188.024	5.96	6.225	0.0	77.535	26.474	-11.131	31.6	0.0	222.316	6.78	6.037	0.0	76.995	20.735	-9.686	0.0	0.0	144.82	5.98	5.537	0.0	81.755	8.675	-1.0	37.2	0.0	178.919	6.45
6.76	4.412	0.0	76.07	25.021	-14.531	34.8	0.0	245.565	5.54	5.1	0.0	75.863	32.504	-7.954	28.8	0.0	305.527	5.7	5.475	0.0	79.859	24.15	-14.062	0.0	0.0	195.58	6.6	6.412	0.0	77.674	30.397	-1.215	35.0	0.972	96.87	6.18	6.975	0.0	79.749	11.073	-9.292	0.0	0.0	228.516	6.42	5.6	0.0	78.346	0.0	0.0	0.2	0.0	72.555	7.29	6.412	1.595	75.905	9.256	-1.0	0.0	0.0	181.631	6.12	6.1	0.0	76.085	26.402	-11.051	31.6	0.0	165.163	6.76	6.1	0.0	77.165	21.244	-9.694	0.0	0.0	136.974	5.92	5.225	0.0	81.859	8.748	-25.907	37.2	0.0	179.306	6.92
6.74	4.537	0.532	76.888	25.021	-14.555	34.8	0.0	244.402	5.53	4.912	0.0	76.457	32.795	-2.093	28.8	0.0	257.577	5.68	5.412	0.0	80.19	23.859	-14.05	0.0	0.0	195.193	6.63	6.412	0.0	77.433	30.833	-1.108	35.0	0.0	152.473	6.19	6.975	0.0	79.631	11.0	-9.309	0.0	0.0	228.419	6.43	5.662	0.0	78.079	0.0	0.0	0.2	0.905	36.132	7.32	6.287	1.063	75.004	8.893	-1.0	0.0	1.894	199.939	6.12	5.912	0.0	76.483	26.692	-11.024	31.6	0.0	196.646	6.82	6.037	0.0	76.631	20.808	-9.699	0.0	0.0	150.245	5.9	5.35	0.0	81.995	8.457	-1.0	37.2	0.0	178.919	6.94
6.76	4.6	1.063	76.693	24.44	-14.567	34.8	0.0	234.716	5.48	5.225	1.063	76.693	32.577	-7.923	28.8	0.0	257.577	5.62	5.537	0.0	80.176	24.295	-13.883	0.0	0.0	195.193	6.6	6.537	0.0	77.698	30.688	-1.041	35.0	0.0	266.876	6.2	6.725	0.0	78.883	11.073	-9.27	0.0	0.0	228.322	6.32	5.475	0.0	79.636	0.0	0.0	0.2	0.0	35.745	7.32	6.162	0.0	75.307	8.53	-1.0	0.0	0.0	199.939	6.17	6.225	0.0	75.796	26.329	-11.039	31.6	0.0	196.355	6.9	6.1	0.0	75.874	20.735	-9.694	0.0	0.0	163.613	5.86	5.412	0.0	81.986	9.111	-1.0	37.2	0.0	179.306	6.94
6.72	4.85	0.532	76.585	24.513	-14.615	34.8	1.006	244.79	5.48	5.1	0.0	76.421	32.65	-7.91	28.8	0.0	290.706	5.8	5.475	0.0	78.94	23.786	-13.934	0.0	0.0	207.883	6.49	6.412	0.0	78.971	31.051	-2.282	35.0	0.0	204.008	6.27	7.037	0.0	78.655	10.709	-9.308	0.0	0.0	228.322	6.12	5.6	0.0	80.36	0.0	0.0	0.2	0.0	68.681	7.07	5.912	0.0	77.256	9.038	-1.0	0.0	0.0	199.842	6.16	6.1	0.0	76.093	26.547	-11.113	31.6	0.0	133.874	6.82	5.912	0.0	76.457	20.59	-9.697	0.0	0.0	175.044	5.96	5.537	0.0	80.897	8.748	-1.0	37.2	0.0	202.942	6.83
6.71	4.412	0.0	76.707	24.513	-14.325	34.8	1.073	225.319	5.44	5.162	0.0	76.931	32.577	-7.97	28.8	0.972	276.854	5.8	5.35	0.0	79.231	23.714	-13.911	0.0	0.0	223.769	6.6	6.412	0.0	77.402	30.543	-1.25	35.0	1.232	37.004	6.36	6.975	0.0	77.646	10.782	-9.301	0.0	1.123	219.991	6.16	5.6	0.0	79.238	0.0	0.0	0.2	0.0	68.584	7.21	6.412	0.0	75.36	8.457	-1.0	0.0	1.785	199.455	6.12	6.1	0.0	75.91	26.402	-11.082	31.6	0.0	116.534	6.82	6.037	0.0	76.507	20.662	-9.713	0.0	0.0	161.288	6.02	5.6	0.0	80.122	8.893	-1.0	37.2	0.0	241.69	6.87
6.72	4.475	5.849	76.086	25.094	-14.613	34.8	0.0	233.166	5.44	5.225	0.0	76.438	32.65	-7.941	28.8	1.316	277.435	5.77	5.162	0.0	79.176	24.295	-13.877	0.0	0.0	228.516	6.6	6.162	0.0	77.501	31.051	-0.887	35.0	1.358	23.442	6.32	6.725	0.0	78.763	10.564	-9.322	0.0	0.0	219.991	6.2	5.475	0.0	79.561	0.0	0.0	0.2	0.0	69.068	7.32	6.162	0.532	75.686	8.821	-1.0	0.0	1.089	202.555	6.12	5.912	0.0	76.035	26.329	-10.964	31.6	0.0	119.925	6.85	5.787	0.0	76.064	20.517	-9.654	0.0	0.0	171.847	6.09	5.225	0.0	79.174	8.457	-1.0	37.2	0.0	243.434	6.92
6.7	4.662	0.0	76.307	25.167	-14.72	34.8	1.961	227.741	5.44	5.1	0.0	75.891	32.577	-7.981	28.8	0.0	315.989	5.8	5.35	0.0	78.746	23.641	-13.911	0.0	0.0	235.103	6.6	5.975	0.0	77.993	30.688	0.0	35.0	0.0	23.442	6.42	6.412	0.0	77.265	11.145	-9.248	0.0	1.232	227.353	6.2	5.35	0.0	79.222	0.0	0.0	0.2	0.0	46.401	7.31	6.1	0.0	74.977	8.53	-1.0	0.0	1.877	203.62	6.12	6.1	0.0	75.51	26.62	-11.144	31.6	0.0	157.317	6.87	5.787	0.0	75.943	20.953	-9.654	0.0	0.0	143.174	6.18	5.35	0.0	79.653	9.184	-1.0	37.2	0.0	242.659	6.92
6.68	4.6	1.063	76.552	24.876	-14.567	34.8	0.0	217.376	5.39	5.225	0.0	76.501	32.94	-7.905	28.8	0.0	275.013	5.86	5.225	0.0	78.419	23.859	-14.08	0.0	2.062	215.729	6.56	6.037	0.0	78.132	30.543	-1.165	35.0	1.123	217.376	6.32	6.725	0.0	78.471	10.637	-9.287	0.0	1.726	199.842	6.32	5.35	0.0	78.958	0.0	0.0	0.2	0.0	217.182	7.21	5.912	0.532	75.713	9.038	-1.0	0.0	1.475	181.243	6.12	5.85	0.0	75.81	26.692	-10.985	31.6	0.0	168.457	6.76	5.6	0.0	76.718	20.517	-9.671	0.0	0.0	149.083	5.96	5.162	0.0	80.013	8.893	-1.0	37.2	0.0	280.341	6.78
6.71	4.6	0.532	75.809	25.239	-14.497	34.8	0.0	243.628	5.34	5.35	1.595	76.688	32.722	-8.015	28.8	0.93	281.891	5.87	5.225	0.0	78.372	23.568	-15.272	0.0	0.997	230.356	6.51	5.662	0.0	78.145	31.051	-0.799	35.0	0.0	202.942	6.37	6.475	0.0	77.402	10.927	-9.256	0.0	0.0	254.089	6.37	5.225	0.0	78.041	0.0	0.0	0.2	0.0	216.698	7.12	5.725	1.063	76.271	8.53	-1.0	0.0	0.0	153.635	6.03	5.787	0.0	76.588	26.474	-10.976	31.6	0.0	198.68	6.84	5.662	0.0	76.311	20.808	-9.708	0.0	0.0	137.652	6.02	5.225	0.0	79.545	8.893	-1.0	37.2	0.0	270.364	6.82
