9.12	13.85	719.949	63.156	24.949	-14.0	34.8	1.701	226.191	7.8	10.412	287.129	60.198	33.376	-8.719	28.8	1.886	271.623	7.84	10.787	0.0	62.995	24.367	-11.986	0.0	0.0	223.479	9.71	15.85	0.0	64.542	30.543	-9.192	35.0	1.232	196.549	8.7	12.35	0.0	60.458	11.0	-9.889	0.0	1.458	208.27	9.24	10.85	0.0	65.567	0.0	0.0	0.2	1.416	186.571	9.57	12.787	409.956	66.422	9.62	-1.0	0.0	0.0	167.488	8.42	10.537	0.0	65.559	26.62	-12.392	31.6	1.039	222.897	9.4	17.475	0.0	66.802	21.316	-20.66	0.0	0.0	169.425	9.2	14.037	0.0	61.903	9.692	-1.0	37.2	0.0	198.68	9.31
9.18	14.662	724.735	59.936	25.312	-14.336	34.8	1.986	248.955	7.47	11.35	220.132	61.192	33.449	-8.788	28.8	1.592	251.28	7.82	11.537	0.0	63.992	23.786	-12.259	0.0	0.0	224.157	9.54	15.787	0.0	62.13	31.051	-5.208	35.0	1.751	189.284	8.78	12.225	0.0	62.031	10.927	-9.871	0.0	1.399	223.479	9.01	10.225	0.0	61.758	0.0	0.0	0.2	1.316	209.82	9.44	12.35	290.319	64.606	9.62	-1.0	0.0	1.835	192.48	8.3	10.662	0.0	65.043	26.547	-12.181	31.6	1.148	250.408	9.29	15.537	0.0	62.426	21.316	-20.04	0.0	0.0	146.564	9.18	17.85	0.0	60.079	9.62	-1.0	37.2	0.0	187.637	9.13
10.24	19.35	731.116	58.604	24.949	-15.187	34.8	0.0	257.771	8.12	15.85	743.345	57.345	33.376	-9.463	28.8	1.115	292.741	7.82	11.662	0.0	60.201	24.367	-12.136	0.0	0.0	220.379	9.66	16.1	0.0	60.242	30.47	-5.003	35.0	0.0	232.584	8.87	12.85	0.0	62.3	11.073	-9.986	0.0	0.997	238.203	8.9	10.6	0.0	61.486	0.0	0.0	0.2	1.575	193.255	9.66	11.787	215.347	61.526	9.474	-1.0	0.0	1.022	193.255	8.16	10.412	0.0	62.853	26.547	-12.138	31.6	1.383	215.342	9.24	12.475	0.0	62.503	21.244	-19.337	0.0	0.0	136.393	9.01	13.225	0.0	62.013	9.329	-1.0	37.2	0.0	283.925	9.24
9.81	16.975	691.768	59.173	25.457	-14.681	34.8	2.003	222.51	8.44	15.6	714.632	59.071	33.376	-9.27	28.8	1.106	270.751	7.86	11.85	0.0	64.635	23.568	-12.169	0.0	1.55	232.778	9.0	17.538	0.0	65.111	31.197	-5.716	35.0	1.048	196.258	9.13	15.287	0.0	61.041	10.855	-10.387	0.0	0.0	199.455	8.88	10.975	0.0	65.613	0.0	0.0	0.2	1.869	220.766	9.34	10.412	151.54	66.079	9.329	-1.0	0.0	1.735	174.366	8.38	10.725	0.0	66.971	26.184	-12.118	31.6	1.676	222.316	9.02	11.162	0.0	66.979	21.244	-18.768	0.0	0.0	171.944	9.3	22.1	0.0	63.775	9.765	-1.0	37.2	1.207	233.553	9.26
9.55	16.975	698.149	54.651	25.312	-14.853	34.8	0.0	228.903	8.39	15.475	716.759	59.436	33.667	-9.352	28.8	1.232	277.629	7.9	13.35	0.0	60.612	23.932	-12.401	0.0	1.014	204.783	9.26	14.662	0.0	60.407	30.833	-5.039	35.0	0.0	199.067	9.02	15.412	0.0	61.051	10.709	-10.406	0.0	0.0	196.743	9.03	10.162	0.0	62.776	0.0	0.0	0.2	1.274	190.059	9.34	10.725	207.371	63.67	9.474	-1.0	0.0	1.726	178.337	8.3	10.037	0.0	64.629	26.474	-11.93	31.6	1.994	220.282	9.12	14.1	0.0	63.716	21.462	-19.294	0.0	0.0	154.895	9.61	22.288	0.0	58.041	9.62	-1.0	37.2	1.994	204.492	8.98
9.8	16.663	643.913	55.252	24.731	-14.781	34.8	1.257	219.119	8.48	15.787	707.188	57.662	33.521	-9.296	28.8	1.224	275.401	7.96	16.85	0.0	58.794	24.15	-14.327	0.0	1.735	227.547	10.05	22.413	0.0	58.313	30.833	-7.829	35.0	1.609	183.181	9.12	16.163	0.0	56.183	11.0	-10.525	0.0	0.0	212.242	9.01	12.225	0.0	62.097	0.0	0.0	0.2	1.425	214.47	9.92	15.037	739.091	63.741	9.547	-1.0	0.0	0.989	175.819	8.48	11.787	0.0	63.801	26.329	-12.34	31.6	0.0	243.143	9.52	17.163	0.0	62.662	21.534	-20.018	0.0	0.0	164.969	9.83	22.663	0.0	55.374	9.547	-1.0	37.2	0.0	191.318	9.36
9.77	12.287	282.344	59.628	24.513	-13.841	34.8	0.0	256.027	7.94	13.725	507.793	57.259	33.667	-9.151	28.8	1.534	250.602	8.0	11.35	0.0	61.76	24.295	-12.012	0.0	0.0	218.635	10.18	19.288	0.0	58.885	31.051	-6.644	35.0	1.793	198.68	9.27	14.412	0.0	60.151	10.346	-10.603	0.0	0.0	220.766	9.22	11.037	0.0	59.77	0.0	0.0	0.2	1.718	212.242	9.74	13.912	509.92	60.083	9.692	-29.621	0.0	1.701	174.269	8.69	11.85	0.0	60.086	26.692	-12.427	31.6	1.123	267.554	9.34	15.225	0.0	59.329	21.68	-19.017	0.0	0.0	130.871	9.08	16.6	0.0	59.977	9.547	-1.0	37.2	0.0	209.336	9.69
9.54	13.975	408.361	57.943	25.239	-14.189	34.8	0.0	237.04	7.9	11.912	543.95	56.875	33.521	-8.896	28.8	1.609	267.458	8.01	15.85	0.0	59.031	24.367	-12.873	0.0	1.584	232.003	10.05	21.975	0.0	56.558	30.979	-7.377	35.0	0.0	191.899	8.86	13.912	0.0	55.761	11.218	-10.195	0.0	1.483	202.748	9.24	13.475	0.0	61.428	0.0	0.0	0.2	0.0	210.692	10.0	12.85	151.54	63.166	9.91	-1.0	0.0	0.0	178.919	8.74	12.975	0.0	65.34	26.474	-12.792	31.6	0.0	238.493	9.49	12.912	0.0	61.612	20.88	-19.054	0.0	0.0	162.838	9.52	21.538	0.0	56.361	9.838	-1.0	37.2	1.894	206.236	9.45
9.56	15.225	547.672	57.1	25.385	-14.458	34.8	2.087	222.122	8.18	14.225	628.494	56.918	33.594	-9.151	28.8	0.0	256.705	8.16	15.85	0.0	58.653	23.859	-12.911	0.0	2.12	228.903	9.72	20.913	0.0	60.281	30.325	-7.061	35.0	1.525	218.054	8.92	14.537	0.0	58.541	10.637	-10.307	0.0	0.0	212.92	9.21	12.287	0.0	56.284	0.0	0.0	0.2	1.701	199.746	9.7	13.162	492.905	58.722	9.256	-1.0	0.0	1.215	163.516	8.57	11.85	0.0	58.284	26.765	-12.75	31.6	1.249	220.379	9.46	16.038	0.0	60.896	21.389	-19.359	0.0	0.0	159.835	9.7	18.163	0.0	57.909	9.838	-1.0	37.2	0.0	236.653	9.38
9.7	15.912	552.458	57.472	24.731	-14.668	34.8	0.0	229.485	8.01	13.787	618.923	57.357	33.594	-9.121	28.8	1.425	245.177	8.06	16.663	0.0	58.694	24.44	-13.073	0.0	1.743	218.441	10.1	22.85	0.0	58.291	30.543	-7.626	35.0	0.93	203.233	9.41	15.162	0.0	61.627	11.363	-10.442	0.0	0.0	229.678	9.57	12.85	0.0	58.18	0.0	0.0	0.2	1.198	194.708	10.18	14.1	522.681	60.01	10.056	-1.0	0.0	0.0	187.831	8.82	12.037	0.0	59.763	26.474	-12.87	31.6	0.0	230.453	9.86	16.913	0.0	61.104	21.462	-19.22	0.0	0.0	151.407	9.87	19.975	0.0	55.942	9.91	-1.0	37.2	1.835	230.356	10.05
9.88	13.725	219.601	59.358	24.731	-14.192	34.8	0.0	211.757	7.98	14.6	695.49	58.307	33.449	-9.123	28.8	1.5	253.702	8.28	17.788	0.0	65.232	24.367	-13.382	0.0	1.819	240.14	10.48	23.413	0.0	64.089	30.543	-7.819	35.0	0.0	204.492	9.36	16.288	0.0	61.732	11.145	-10.573	0.0	1.961	166.907	9.46	13.225	0.0	62.116	0.0	0.0	0.2	1.299	206.72	10.19	14.537	514.705	62.944	9.402	-1.0	0.0	0.0	179.209	8.95	12.35	0.0	63.184	26.474	-12.843	31.6	0.0	230.453	10.04	17.475	0.0	62.213	21.534	-19.392	0.0	0.0	167.488	9.92	19.538	0.0	62.448	9.62	-1.0	37.2	2.137	221.541	10.18
9.32	14.912	700.276	62.403	25.312	-14.39	34.8	2.053	230.841	8.22	12.162	694.427	61.684	33.594	-8.853	28.8	2.112	284.216	8.35	17.725	0.0	62.072	24.44	-13.491	0.0	1.282	226.772	11.04	25.475	0.0	60.264	31.124	-7.937	35.0	0.997	199.067	9.52	15.912	0.0	61.985	11.218	-10.551	0.0	1.257	209.917	9.56	14.975	0.0	60.427	0.0	0.0	0.2	0.0	180.662	10.22	16.225	714.101	61.562	9.91	-1.0	0.0	0.0	166.907	9.1	13.85	0.0	63.153	26.402	-14.275	31.6	0.0	237.718	9.98	18.1	0.0	60.781	21.462	-19.793	0.0	0.0	141.333	9.92	22.913	0.0	61.142	9.474	-1.0	37.2	1.81	207.979	10.0
9.84	17.163	681.666	60.329	24.949	-14.558	34.8	0.0	221.154	8.04	14.6	710.379	61.343	34.321	-9.172	28.8	1.391	289.834	8.35	19.538	0.0	63.444	23.859	-13.844	0.0	1.911	240.721	9.74	25.288	0.0	62.05	30.688	-8.354	35.0	1.751	193.836	9.62	18.163	0.0	61.064	11.291	-10.913	0.0	0.0	203.62	9.87	14.662	0.0	61.476	0.0	0.0	0.2	1.592	188.702	10.82	15.85	627.962	63.586	9.91	-1.0	0.0	0.947	182.406	9.16	13.975	0.0	62.883	26.474	-13.331	31.6	0.0	219.604	10.14	17.6	0.0	61.634	21.316	-19.738	0.0	0.0	178.531	9.75	23.35	0.0	63.123	9.983	-1.0	37.2	1.073	232.003	10.12
10.0	18.6	671.563	60.698	25.094	-14.948	34.8	0.0	216.504	8.58	15.662	700.808	60.325	33.957	-9.329	28.8	0.0	256.705	8.24	17.6	0.0	62.671	23.786	-13.505	0.0	1.232	221.057	11.68	27.913	0.0	60.569	30.47	-9.025	35.0	1.869	194.708	9.66	17.288	0.0	61.128	11.291	-10.69	0.0	0.0	239.559	10.02	15.912	0.0	60.243	0.0	0.0	0.2	0.0	197.421	10.64	17.1	703.466	62.455	9.256	-1.0	0.0	0.0	167.682	9.24	14.225	0.0	61.769	26.692	-13.521	31.6	0.0	233.553	10.03	19.163	0.0	61.132	21.607	-24.295	0.0	0.0	134.358	10.1	23.288	0.0	60.141	9.62	-1.0	37.2	1.911	213.017	10.1
9.91	16.788	604.034	60.627	24.731	-14.868	34.8	0.0	241.981	8.67	16.225	714.101	59.624	33.449	-9.408	28.8	0.0	242.465	8.6	19.475	0.0	63.431	23.786	-13.914	0.0	0.939	203.717	10.52	26.663	0.0	62.322	30.761	-8.823	35.0	1.408	201.005	9.76	17.475	0.0	61.401	10.782	-10.816	0.0	0.0	209.432	9.88	14.662	0.0	60.964	0.0	0.0	0.2	0.0	204.492	10.71	16.163	716.227	61.927	9.111	-1.0	0.0	0.0	183.859	9.27	14.725	0.0	63.825	26.474	-13.575	31.6	0.0	239.172	10.08	19.1	0.0	61.539	21.97	-20.222	0.0	0.0	154.701	10.1	24.225	0.0	59.998	9.62	-1.0	37.2	0.0	204.105	10.5
10.08	18.1	665.714	63.544	25.167	-15.059	34.8	0.0	266.101	8.47	15.85	723.14	61.301	33.449	-9.365	28.8	0.0	259.03	8.33	18.6	0.0	63.385	23.641	-13.678	0.0	1.693	241.206	11.04	25.538	0.0	59.745	30.761	-8.386	35.0	1.282	201.974	9.5	17.475	0.0	62.631	11.0	-10.836	0.0	0.0	184.246	9.9	14.662	0.0	60.653	0.0	0.0	0.2	0.964	202.167	10.6	16.475	737.496	62.108	9.256	-1.0	0.0	0.964	178.822	9.28	13.725	0.0	62.706	26.474	-13.565	31.6	0.0	228.322	10.26	18.538	0.0	62.051	21.244	-19.933	0.0	0.0	168.36	9.64	24.288	0.0	59.204	10.128	-1.0	37.2	0.0	230.841	10.58
10.41	18.913	692.832	60.965	24.876	-15.376	34.8	1.19	252.927	8.62	16.288	707.72	62.201	33.594	-9.417	28.8	0.0	225.222	8.34	18.913	0.0	63.804	24.44	-13.705	0.0	1.458	256.802	10.9	28.288	0.0	58.766	30.543	-9.934	35.0	0.93	187.443	9.96	18.163	0.0	61.32	11.073	-10.953	0.0	1.643	198.099	10.32	15.6	0.0	62.147	0.0	0.0	0.2	0.0	194.902	10.93	18.288	767.273	61.508	9.62	-1.0	0.0	0.0	165.744	9.61	14.912	0.0	62.762	26.765	-13.71	31.6	0.0	204.88	10.42	20.538	0.0	61.053	21.607	-20.709	0.0	0.0	165.647	10.21	25.85	0.0	60.446	9.474	-1.0	37.2	1.735	299.812	10.59
10.28	19.413	740.687	61.685	24.585	-15.751	34.8	1.71	225.029	8.68	17.288	760.892	62.268	33.667	-9.583	28.8	0.0	275.013	8.63	20.475	0.0	63.213	24.44	-14.143	0.0	0.0	255.252	10.57	26.788	0.0	59.352	30.906	-9.083	35.0	0.0	196.936	9.62	18.538	0.0	63.242	11.363	-10.968	0.0	1.986	200.811	10.56	16.163	0.0	62.215	0.0	0.0	0.2	0.0	201.199	11.27	18.725	728.989	62.077	9.765	-32.016	0.0	1.86	179.015	9.22	14.412	0.0	62.64	26.692	-13.655	31.6	0.0	216.795	10.76	20.163	0.0	60.19	21.171	-19.741	0.0	0.0	150.245	10.72	26.788	0.0	59.607	9.983	-1.0	37.2	1.517	286.541	10.42
10.52	20.85	748.131	63.029	24.658	-16.192	34.8	0.0	231.228	8.54	17.35	767.804	62.497	33.521	-9.602	28.8	0.922	241.787	8.82	19.913	0.0	63.803	24.15	-14.101	0.0	1.358	217.279	11.18	26.788	0.0	59.911	31.124	-8.92	35.0	0.0	193.546	9.58	18.6	0.0	61.286	10.855	-11.071	0.0	1.215	209.917	10.38	16.225	0.0	62.383	0.0	0.0	0.2	0.0	187.056	10.66	17.35	624.24	60.92	9.329	-31.293	0.0	0.0	178.337	9.61	14.912	0.0	63.24	26.62	-15.857	31.6	0.0	217.085	10.48	17.975	0.0	61.12	21.171	-19.753	0.0	0.0	162.838	10.44	25.225	0.0	59.62	9.62	-1.0	37.2	1.886	201.005	10.28
10.62	19.788	756.638	63.805	24.513	-15.783	34.8	0.0	175.819	8.74	17.663	773.653	63.204	33.449	-9.618	28.8	0.0	293.612	8.72	23.225	0.0	62.162	24.295	-14.632	0.0	2.103	224.932	10.53	28.225	0.0	60.325	30.688	-9.578	35.0	0.0	215.729	10.18	19.788	0.0	61.071	11.291	-11.219	0.0	0.0	179.306	9.91	16.288	0.0	60.655	0.0	0.0	0.2	0.0	212.242	10.68	17.163	724.203	62.093	9.62	-1.0	0.0	0.0	181.921	9.41	15.1	0.0	63.738	26.547	-13.847	31.6	1.022	224.157	10.44	19.538	0.0	60.196	21.171	-20.155	0.0	0.0	174.656	10.98	28.225	0.0	59.937	9.62	-1.0	37.2	1.542	168.844	10.3
10.48	20.1	755.575	63.837	25.239	-15.864	34.8	0.0	257.092	8.95	17.475	780.034	62.819	33.957	-9.58	28.8	0.0	272.01	9.12	21.85	0.0	64.106	23.859	-14.606	0.0	0.0	229.388	11.47	29.788	0.0	60.938	30.979	-10.116	35.0	0.0	154.023	9.92	18.475	0.0	63.152	10.492	-10.909	0.0	1.249	183.181	10.86	18.6	0.0	57.914	0.0	0.0	0.2	0.0	209.82	10.93	18.663	783.756	59.003	9.838	-1.0	0.0	1.508	143.174	10.12	16.788	0.0	61.631	26.474	-13.96	31.6	0.0	227.741	10.56	20.788	0.0	59.552	21.68	-20.471	0.0	0.0	140.558	10.36	26.725	0.0	60.786	9.692	-1.0	37.2	1.575	197.905	10.94
11.84	22.538	739.623	62.172	25.167	-17.229	34.8	0.0	116.728	9.28	18.038	765.146	63.911	33.449	-9.695	28.8	0.0	179.887	8.96	21.975	0.0	66.285	24.513	-14.778	0.0	1.291	221.444	11.5	29.538	0.0	62.741	31.051	-9.973	35.0	1.039	195.677	10.26	18.725	0.0	65.747	11.073	-10.971	0.0	0.0	183.762	10.93	17.163	0.0	62.447	0.0	0.0	0.2	0.0	183.568	11.05	18.413	780.034	59.196	9.402	-1.0	0.0	1.316	172.041	9.32	15.35	0.0	65.305	26.547	-13.609	31.6	0.0	219.798	11.02	20.788	0.0	59.481	21.171	-20.471	0.0	0.0	128.546	10.87	27.975	0.0	62.38	9.692	-1.0	37.2	1.441	209.045	11.0
10.7	20.163	735.369	62.522	24.949	-16.209	34.8	1.768	273.367	8.98	16.038	763.019	63.161	33.449	-9.422	28.8	0.0	265.326	8.96	20.975	0.0	66.368	24.295	-14.349	0.0	0.0	231.616	11.29	28.225	0.0	60.391	31.633	-9.967	35.0	1.031	197.518	10.0	19.475	0.0	62.856	11.145	-11.045	0.0	1.668	209.917	10.48	17.163	0.0	63.472	0.0	0.0	0.2	0.0	180.759	11.11	17.975	716.227	60.275	9.474	-31.618	0.0	0.0	166.519	9.8	15.287	0.0	62.907	26.62	-13.504	31.6	0.0	272.301	10.72	16.663	0.0	60.27	21.68	-19.345	0.0	0.0	147.436	10.44	26.288	0.0	61.826	10.056	-1.0	37.2	0.0	186.959	11.22
10.85	19.913	732.179	61.922	24.658	-16.076	34.8	1.735	173.591	9.08	17.413	758.233	64.516	33.376	-9.642	28.8	0.0	219.991	9.06	22.038	0.0	64.429	23.932	-14.842	0.0	0.0	213.307	11.3	29.288	0.0	59.003	31.197	-9.944	35.0	1.391	201.586	10.04	18.475	0.0	62.75	11.145	-10.89	0.0	2.062	237.428	10.61	17.538	0.0	62.478	0.0	0.0	0.2	0.0	128.159	11.04	17.85	775.78	59.773	9.838	-1.0	0.0	0.0	167.294	9.62	16.35	0.0	62.341	26.692	-13.543	31.6	2.036	226.191	10.42	20.725	0.0	59.934	21.534	-20.133	0.0	0.0	160.61	10.47	25.1	0.0	60.947	9.547	-1.0	37.2	1.441	189.09	10.82
10.91	21.538	720.481	64.751	25.239	-16.654	34.8	0.0	218.829	8.94	18.038	744.409	63.07	33.303	-9.695	28.8	0.0	252.83	9.01	21.225	0.0	65.526	23.496	-14.788	0.0	1.115	226.191	11.24	27.6	0.0	62.215	30.543	-9.363	35.0	0.989	196.646	9.98	18.788	0.0	60.981	11.073	-10.915	0.0	0.0	206.042	10.3	16.663	0.0	63.217	0.0	0.0	0.2	0.0	197.905	11.46	18.85	756.106	63.159	9.983	-32.084	0.0	1.483	163.807	9.88	16.038	0.0	63.426	26.62	-13.479	31.6	1.76	230.841	10.96	21.6	0.0	60.912	21.462	-20.017	0.0	0.0	205.461	10.86	25.6	0.0	61.496	9.62	-1.0	37.2	0.0	213.792	11.21
10.82	19.85	696.554	64.204	24.731	-16.262	34.8	1.383	237.428	8.74	16.538	718.354	64.096	33.957	-9.483	28.8	1.978	260.677	9.3	22.475	0.0	63.299	24.004	-14.761	0.0	2.12	258.546	11.23	28.6	0.0	60.611	30.543	-11.482	35.0	1.777	198.68	10.83	19.913	0.0	58.871	10.855	-11.085	0.0	0.0	206.43	10.54	17.038	0.0	60.557	0.0	0.0	0.2	0.0	195.58	10.61	17.413	737.496	60.912	9.256	-31.093	0.0	1.073	174.559	9.58	15.475	0.0	61.627	26.474	-13.152	31.6	1.332	239.753	10.13	19.288	0.0	61.062	21.607	-20.073	0.0	0.0	160.32	11.02	26.413	0.0	58.814	9.62	-1.0	37.2	0.989	201.683	10.68
10.59	19.538	683.261	64.778	25.239	-16.044	34.8	0.0	257.189	8.62	15.85	705.061	64.352	33.521	-9.395	28.8	0.955	296.325	9.19	21.413	0.0	64.757	24.44	-14.885	0.0	1.835	241.303	11.82	29.288	0.0	61.224	31.269	-10.227	35.0	0.0	139.202	10.32	18.288	0.0	64.09	11.654	-10.784	0.0	0.0	225.222	11.42	17.913	0.0	58.498	0.0	0.0	0.2	0.0	178.919	10.84	19.1	722.608	61.35	9.474	-32.1	0.0	1.777	168.457	10.5	16.85	0.0	60.292	26.838	-13.348	31.6	0.0	179.306	10.34	20.288	0.0	61.211	21.316	-21.175	0.0	0.0	214.179	11.52	27.475	0.0	60.658	9.111	-1.0	37.2	0.0	175.819	10.76
10.41	18.913	574.79	64.608	24.876	-16.085	34.8	1.718	326.161	9.04	17.725	708.252	64.064	33.449	-9.759	28.8	0.0	15.596	8.96	21.85	0.0	65.462	23.568	-14.747	0.0	1.291	252.54	11.44	25.413	0.0	60.328	31.269	-9.139	35.0	1.383	199.067	9.97	18.35	0.0	63.02	10.855	-10.768	0.0	2.036	209.529	12.04	18.6	0.0	56.889	0.0	0.0	0.2	0.0	142.786	11.24	19.725	746.004	59.921	9.91	-32.321	0.0	0.0	93.189	10.26	17.163	0.0	65.194	26.62	-13.174	31.6	0.0	48.241	11.08	21.85	0.0	61.275	21.244	-21.063	0.0	0.0	187.734	11.09	26.6	0.0	61.363	9.256	-1.0	37.2	1.743	269.201	11.33
11.06	20.725	717.823	62.95	24.876	-16.711	34.8	1.123	233.844	9.33	17.725	740.155	63.5	33.449	-9.679	28.8	1.827	281.213	8.94	23.163	0.0	64.741	24.367	-15.129	0.0	0.0	229.097	11.37	26.6	0.0	62.379	31.124	-9.397	35.0	1.886	160.901	10.15	18.788	0.0	64.144	10.637	-10.816	0.0	0.905	175.431	10.8	17.038	0.0	59.908	0.0	0.0	0.2	1.911	207.495	11.38	20.225	773.653	60.203	9.329	-1.0	0.0	0.0	76.43	10.33	16.413	0.0	61.523	26.474	-12.947	31.6	0.0	216.117	10.86	20.538	0.0	60.924	21.607	-20.492	0.0	0.0	85.342	11.26	26.288	0.0	64.811	9.838	-1.0	37.2	1.022	132.421	11.54
10.49	18.788	658.27	64.315	25.167	-16.052	34.8	0.0	233.553	9.16	16.975	769.399	63.695	33.449	-9.476	28.8	0.0	292.837	8.81	21.6	0.0	66.504	23.932	-14.685	0.0	2.103	225.707	10.74	25.6	0.0	63.938	30.833	-9.1	35.0	0.0	178.919	10.3	19.1	0.0	65.422	10.855	-10.853	0.0	1.944	168.844	10.7	16.85	0.0	61.755	0.0	0.0	0.2	1.911	182.406	11.86	17.538	509.388	61.231	9.62	-31.274	0.0	0.0	143.077	9.82	15.975	0.0	65.172	26.692	-13.336	31.6	1.425	226.869	11.74	22.413	0.0	60.232	21.68	-21.267	0.0	0.0	119.828	10.83	25.413	0.0	61.663	9.838	-1.0	37.2	1.584	186.959	11.38
