-1.0	-8.588	22.332	0.0	24.367	-13.364	0.0	0.0	75.849	-6.9	-6.9	20.737	87.19	31.415	0.0	0.0	1.383	87.183	-4.04	-1.525	0.0	65.758	21.389	-1.0	0.0	0.0	52.213	-2.32	4.475	0.0	55.14	0.0	-8.158	0.0	0.0	48.725	-5.08	-2.587	0.0	74.821	0.0	-1.0	32.4	0.0	59.575	-5.52	-0.338	0.0	84.222	0.0	0.0	0.0	0.0	34.195	-3.2	2.413	362.633	65.835	0.0	-1.0	0.2	0.0	30.708	-3.44	0.85	0.0	65.817	8.312	-1.0	0.6	0.0	35.648	-2.32	3.6	0.0	53.831	18.556	-7.776	0.2	0.0	345.535	-2.98	8.412	0.0	57.534	11.799	-1.0	0.0	0.0	85.149
-1.0	-8.525	21.269	0.0	24.513	-13.239	0.0	0.0	76.43	-6.84	-6.588	20.737	87.226	30.761	0.0	0.0	1.542	97.064	-3.96	-1.4	0.0	63.521	21.534	-1.0	0.0	0.0	52.503	-2.56	4.475	0.0	54.564	0.0	-8.134	0.0	0.0	47.951	-5.12	-2.462	0.0	74.169	0.0	-1.0	32.4	0.0	59.575	-5.44	-0.275	0.0	85.135	0.0	0.0	0.0	0.0	33.614	-3.34	2.288	358.38	65.183	0.0	-1.0	0.2	0.0	30.223	-3.78	1.038	0.0	71.382	8.021	-1.0	0.6	0.0	35.842	-2.01	3.538	0.0	52.41	18.483	-1.599	0.2	0.0	345.922	-3.2	8.662	0.0	57.221	11.872	-1.0	0.0	0.0	86.505
-1.0	-8.213	19.674	0.0	23.859	-13.696	0.0	0.0	75.365	-6.83	-6.4	18.61	87.249	30.906	0.0	0.0	1.249	101.616	-1.0	-1.712	0.0	0.0	21.825	-1.0	0.0	0.0	53.085	-2.18	3.913	0.0	54.422	0.0	-8.067	0.0	0.939	47.951	-5.2	-2.837	0.0	75.388	0.0	-1.0	32.4	0.0	59.769	-5.47	-0.275	0.0	84.106	0.0	0.0	0.0	0.0	33.711	-3.58	1.85	354.126	65.087	0.0	-1.0	0.2	0.0	30.611	-3.76	0.6	0.0	74.578	8.239	-1.0	0.6	0.0	35.358	-1.72	3.35	0.0	51.931	18.773	-7.699	0.2	0.0	345.922	-2.7	7.975	0.0	57.606	11.654	-1.0	0.0	0.0	89.605
-1.0	-8.088	20.737	0.0	24.15	-13.645	0.0	0.0	75.268	-6.7	-6.213	19.142	87.303	31.269	0.0	0.0	1.911	102.004	-1.0	-1.462	0.0	0.0	21.825	-1.0	0.0	0.0	52.6	-2.24	3.725	0.0	54.897	0.0	-8.016	0.0	1.014	48.047	-4.9	-2.462	0.0	75.169	0.0	-1.0	32.4	0.0	59.865	-5.5	-0.775	0.0	82.499	0.0	0.0	0.0	0.922	33.711	-3.5	1.913	348.809	66.066	0.0	-1.0	0.2	0.0	30.901	-3.96	0.975	0.0	73.402	8.021	-1.0	0.6	0.0	35.842	-2.04	3.475	0.0	53.615	18.41	-1.513	0.2	0.0	345.535	-2.38	6.85	0.0	56.904	11.799	-1.0	0.0	0.0	90.089
-1.0	-7.838	20.737	0.0	24.222	-13.546	0.0	0.0	80.886	-6.68	-6.15	24.459	87.309	30.761	0.0	0.0	2.288	103.36	-2.86	-1.65	0.0	65.428	21.97	-1.0	0.0	0.0	52.6	-2.22	3.788	0.0	55.24	0.0	-8.078	0.0	0.0	48.047	-4.92	-2.712	0.0	74.879	0.0	-1.0	32.4	0.0	59.575	-5.52	-0.775	0.0	83.363	0.0	0.0	0.0	0.0	35.164	-3.49	1.913	344.023	64.816	0.0	-1.0	0.2	0.0	30.611	-3.86	0.975	0.0	68.815	7.803	-1.0	0.6	0.0	35.842	-1.58	3.163	0.0	52.183	19.137	-7.725	0.2	0.0	345.922	-2.6	6.85	0.0	56.59	12.38	-1.0	0.0	0.0	89.605
-1.0	-8.088	20.205	0.0	24.295	-13.576	0.0	0.0	79.724	-6.68	-6.15	17.015	87.349	30.833	0.0	0.0	2.07	109.172	-2.46	-1.587	0.0	68.45	21.534	-1.0	0.0	0.0	52.503	-1.9	3.85	0.0	54.579	0.0	-8.093	0.0	0.0	48.338	-4.85	-2.587	0.0	74.871	0.0	-1.0	32.4	0.0	59.865	-5.42	-0.588	0.0	84.759	0.0	0.0	0.0	0.0	33.614	-3.42	1.975	339.769	63.908	0.0	-1.0	0.2	0.0	30.805	-3.68	1.038	0.0	66.859	8.021	-1.0	0.6	0.0	35.842	-1.46	3.1	0.0	51.823	18.846	-7.744	0.2	0.0	345.922	-2.58	7.975	0.0	56.144	11.799	-1.0	0.0	0.0	89.895
-1.0	-8.4	19.674	0.0	24.367	-13.667	0.0	0.0	79.918	-6.58	-6.4	19.674	87.376	30.47	0.0	0.0	1.24	114.5	-1.87	-1.4	0.0	63.76	21.825	-1.0	0.0	0.0	52.6	-2.04	3.538	0.0	54.244	0.0	-8.029	0.0	0.0	48.047	-4.93	-2.65	0.0	72.933	0.0	-1.0	32.4	0.0	59.672	-5.26	-0.525	0.0	84.223	0.0	0.0	0.0	0.0	33.808	-3.22	2.1	337.642	64.392	0.0	-1.0	0.2	0.0	30.514	-3.64	1.038	0.0	72.836	7.876	-1.0	0.6	0.0	36.036	-1.06	2.975	0.0	52.519	19.064	-7.698	0.2	0.0	345.922	-2.25	7.912	0.0	56.42	11.654	-1.0	0.0	0.0	89.701
-1.0	-8.525	20.737	0.0	24.367	-13.578	0.0	0.0	79.724	-6.58	-6.525	18.61	87.376	30.761	0.0	0.0	0.0	107.719	-3.4	-1.4	0.0	61.941	21.897	-1.0	0.0	0.0	52.6	-2.03	3.35	0.0	54.046	0.0	-8.018	0.0	0.0	48.241	-5.02	-2.775	0.0	72.502	0.0	-1.0	32.4	0.0	60.35	-5.26	-0.525	0.0	82.993	0.0	0.0	0.0	0.0	33.808	-3.18	1.725	331.794	63.341	0.0	-1.0	0.2	0.0	30.805	-3.64	0.787	0.0	66.712	7.803	-1.0	0.6	0.0	35.745	-1.78	3.163	0.0	52.819	18.556	-7.681	0.2	0.0	345.922	-2.96	8.162	0.0	56.645	11.581	-1.0	0.0	0.0	89.992
-1.0	-7.275	20.205	0.0	24.077	-13.842	0.0	0.0	108.494	-6.56	-6.463	17.547	87.381	30.615	0.0	0.0	1.726	109.463	-3.7	-1.4	0.0	62.371	21.97	-1.0	0.0	0.0	52.407	-2.32	3.413	0.0	54.941	0.0	-8.064	0.0	0.0	48.241	-4.96	-2.9	0.0	73.169	0.0	-1.0	32.4	0.0	59.769	-5.28	-0.775	0.0	82.574	0.0	0.0	0.0	0.0	33.614	-2.38	1.725	325.413	58.793	0.0	-1.0	0.2	0.0	30.708	-3.42	0.975	0.0	76.531	7.876	-1.0	0.6	0.0	35.745	-1.92	2.975	0.0	52.337	19.064	-7.715	0.2	0.0	345.922	-1.59	8.162	0.0	54.254	11.363	-1.0	0.0	0.0	133.583
-1.0	-7.338	20.205	0.0	24.077	-13.832	0.0	0.0	116.437	-6.5	-6.4	18.078	87.397	31.415	0.0	0.0	2.271	105.685	-1.0	-1.962	0.0	0.0	21.825	-1.0	0.0	0.0	116.147	-2.33	3.163	0.0	54.912	0.0	-7.983	0.0	0.0	48.144	-5.12	-3.025	0.0	71.896	0.0	-1.0	32.4	0.0	84.761	-5.25	-0.463	0.0	83.364	0.0	0.0	0.0	0.0	34.776	-1.96	1.85	322.754	62.862	0.0	-1.0	0.2	0.0	30.417	-2.71	1.1	0.0	65.508	7.876	-1.0	0.6	0.0	35.164	-1.28	2.725	0.0	51.266	18.846	-7.742	0.2	0.0	345.922	-2.48	7.6	0.0	55.031	11.291	-1.0	0.0	0.0	135.133
-1.0	-7.4	19.142	0.0	23.932	-13.682	0.0	0.0	116.244	-6.46	-6.213	21.269	87.366	30.833	0.0	0.0	1.71	119.344	-1.0	-1.9	0.0	57.262	21.752	-1.0	0.0	0.0	119.537	-2.1	3.475	0.0	54.719	0.0	-8.093	0.0	0.0	48.435	-5.22	-3.025	0.0	72.144	0.0	-1.0	32.4	0.0	84.664	-4.45	-1.4	0.0	76.821	0.0	0.0	0.0	0.0	34.098	-0.58	1.475	316.905	51.57	0.0	-1.0	0.2	0.0	30.514	-1.62	0.725	0.0	58.307	8.021	-1.0	0.6	0.0	35.454	-1.24	2.475	0.0	51.884	18.556	-7.649	0.2	0.0	345.922	-1.82	7.725	0.0	54.733	11.218	-1.0	0.0	0.0	134.552
-1.0	-8.9	20.205	0.0	24.222	-13.944	0.0	0.0	116.341	-6.35	-6.15	19.142	87.517	30.615	0.0	0.0	1.148	98.517	-3.59	-1.9	0.0	58.458	21.534	-1.0	0.0	0.0	119.537	-1.86	3.225	0.0	55.153	0.0	-8.06	0.0	0.0	48.241	-5.43	-3.337	0.0	71.466	0.0	-1.0	32.4	0.0	84.858	-4.28	-2.525	0.0	80.146	0.0	0.0	0.0	0.0	33.904	-2.11	1.725	313.183	58.395	0.0	-1.0	0.2	0.0	30.708	-0.79	1.1	0.0	58.72	7.876	-1.0	0.6	0.0	35.939	-0.24	2.85	0.0	49.468	18.556	-7.651	0.2	0.0	345.922	-1.04	7.912	0.0	49.507	11.726	-1.0	0.0	0.0	134.455
-1.0	-8.463	20.205	0.0	23.932	-13.588	0.0	0.0	115.081	-6.28	-6.525	18.61	87.515	30.761	0.0	0.0	1.064	95.32	-3.6	-2.275	0.0	58.787	21.534	-1.0	0.0	0.0	119.537	-1.92	2.538	0.0	53.633	0.0	-7.952	0.0	0.0	47.951	-5.42	-2.962	0.0	72.879	0.0	-1.0	32.4	0.0	84.664	-4.5	-3.275	0.0	78.11	0.0	0.0	0.0	0.0	33.711	-2.44	1.475	311.056	60.019	0.0	-1.0	0.2	0.0	30.901	-1.86	1.1	0.0	66.239	7.876	-1.0	0.6	0.0	35.745	-0.9	2.475	0.0	52.252	18.701	-7.684	0.2	0.0	263.001	-2.34	7.287	0.0	54.342	11.508	-1.0	0.0	0.0	134.552
-1.0	-7.838	19.142	0.0	24.367	-13.614	0.0	0.0	115.275	-6.36	-6.338	15.952	87.474	30.833	-6.88	0.0	1.559	102.101	-3.78	-2.775	0.0	61.15	21.68	-1.0	0.0	0.0	119.247	-2.1	0.912	0.0	54.492	0.0	-7.83	0.0	0.0	47.951	-5.26	-3.087	0.0	70.935	0.0	-1.0	32.4	0.0	84.567	-4.94	-2.962	0.0	79.563	0.0	0.0	0.0	0.0	33.808	-2.37	1.475	303.612	59.702	0.0	-1.0	0.2	0.0	30.127	-2.06	0.975	0.0	70.505	8.239	-1.0	0.6	0.0	35.454	-1.02	2.35	0.0	50.394	19.064	-0.986	0.2	0.0	263.001	-0.93	7.225	0.0	50.348	11.436	-1.0	0.0	0.0	134.552
-1.0	-7.275	18.61	0.0	24.004	-13.772	0.0	0.0	115.372	-6.34	-5.9	19.142	87.459	30.979	-6.914	0.0	1.978	104.716	-3.82	-3.025	0.0	61.413	22.188	-1.0	0.0	0.0	119.634	-2.38	-1.712	0.0	54.989	0.0	-7.585	0.0	0.0	47.951	-5.22	-2.462	0.0	71.998	0.0	-1.0	32.4	0.0	84.955	-5.24	-3.275	0.0	83.992	0.0	0.0	0.0	0.0	33.42	-2.44	1.288	298.827	60.129	0.0	-1.0	0.2	0.0	30.901	-1.88	1.038	0.0	67.197	7.658	-1.0	0.6	0.0	35.745	-1.11	1.975	0.0	50.822	18.556	-7.576	0.2	0.0	263.001	-1.04	7.35	0.0	49.566	11.436	-1.0	0.0	0.0	141.042
-1.0	-6.713	19.674	0.0	24.367	-14.003	0.0	0.0	115.372	-6.32	-5.838	17.547	87.444	30.906	0.0	0.0	1.927	109.56	-3.95	-3.587	0.0	60.608	21.825	-1.0	0.0	0.0	118.859	-2.67	-3.4	0.0	55.849	0.0	-7.457	0.0	0.0	48.144	-5.22	-2.712	0.0	75.194	0.0	-1.0	32.4	0.0	84.761	-5.28	-3.275	0.0	82.005	0.0	0.0	0.0	0.0	33.808	-2.25	0.787	287.661	59.695	0.0	-1.0	0.2	0.0	30.32	-1.93	0.975	0.0	59.83	7.803	-1.0	0.6	0.0	35.551	-1.78	1.475	0.0	52.848	18.628	-7.546	0.2	0.0	176.884	-1.53	6.725	0.0	52.19	11.581	-1.0	0.0	0.0	153.539
-1.0	-7.213	19.142	0.0	24.004	-13.852	0.0	0.0	115.081	-6.27	-5.713	17.015	87.436	29.889	0.0	0.0	1.969	113.531	-3.86	-3.525	0.0	59.346	22.043	-1.0	0.0	1.198	119.053	-2.66	-3.4	0.0	56.888	0.0	-7.407	0.0	0.0	48.241	-5.15	-3.15	0.0	73.153	0.0	-1.0	32.4	0.0	84.761	-5.02	-3.275	0.0	77.114	0.0	0.0	0.0	0.0	33.711	-2.06	-0.713	197.268	59.864	0.0	-1.0	0.2	0.0	30.901	-1.12	0.787	0.0	56.794	8.021	-1.0	0.6	0.0	35.745	-1.48	1.788	0.0	51.849	19.209	-0.91	0.2	0.0	176.884	-1.58	4.475	0.0	50.404	11.654	-1.0	0.0	0.0	153.732
-1.0	-7.775	19.142	0.0	24.077	-13.487	0.0	0.0	115.372	-6.14	-5.713	17.547	87.511	30.906	0.0	0.0	2.154	102.779	-3.8	-3.525	0.0	61.47	21.97	-1.0	0.0	0.0	119.053	-2.8	-3.525	0.0	56.782	0.0	-7.359	0.0	0.0	48.241	-5.12	-3.025	0.0	72.7	0.0	-1.0	32.4	0.0	84.664	-5.12	-3.15	0.0	77.532	0.0	0.0	0.0	0.0	33.808	-2.62	-2.462	69.124	58.671	0.0	-1.0	0.2	0.0	30.901	-2.04	0.85	0.0	60.795	7.949	-1.0	0.6	0.0	35.648	-0.7	1.913	0.0	51.611	18.556	-0.862	0.2	0.0	176.884	-1.4	1.788	0.0	51.89	11.363	-1.0	0.0	0.0	153.635
-1.0	-7.088	19.674	0.0	24.222	-13.872	0.0	0.0	115.275	-6.08	-5.65	17.015	87.466	30.47	-6.934	0.0	2.422	103.166	-1.0	-3.4	0.0	0.0	21.825	-1.0	0.0	0.0	119.247	-2.92	-3.712	0.0	56.763	0.0	-7.336	0.0	0.0	48.338	-5.11	-2.775	0.0	72.191	0.0	-1.0	32.4	0.0	84.761	-5.14	-3.587	0.0	77.735	0.0	0.0	0.0	0.0	33.226	-2.68	-3.275	23.927	59.624	0.0	-1.0	0.2	0.0	30.901	-2.24	0.537	0.0	58.429	8.094	-1.0	0.6	0.0	34.97	-0.44	2.038	0.0	48.818	19.137	-0.937	0.2	0.0	176.884	-1.49	1.975	0.0	51.499	11.872	-1.0	0.0	0.0	153.345
-1.0	-8.15	16.483	0.0	23.932	-13.498	0.0	0.0	115.372	-6.1	-5.838	16.483	87.501	30.833	-6.919	0.0	1.902	105.394	-3.84	-3.462	0.0	65.379	21.825	-1.0	0.0	0.0	119.247	-2.94	-3.65	0.0	57.596	0.0	-7.319	0.0	0.0	48.241	-5.18	-2.962	0.0	73.581	0.0	-1.0	32.4	0.0	84.567	-5.12	-3.712	0.0	76.579	0.0	0.0	0.0	0.0	33.226	-2.7	-3.15	19.142	60.793	0.0	-1.0	0.2	0.0	31.095	-1.94	0.912	0.0	59.113	8.312	-1.0	0.6	0.0	35.551	-0.25	1.475	0.0	48.187	18.773	-0.738	0.2	0.0	176.884	-1.78	1.913	0.0	50.816	11.291	-1.0	0.0	0.0	153.635
-1.0	-8.775	19.142	0.0	24.15	-13.609	0.0	0.0	116.437	-6.14	-6.275	26.586	87.491	30.979	0.0	0.0	1.475	99.485	-3.68	-3.462	0.0	60.275	21.825	-1.0	0.0	0.0	119.247	-2.9	-3.712	0.0	58.046	0.0	-7.401	0.0	0.0	48.144	-4.78	-3.025	0.0	69.791	0.0	-1.0	32.4	0.0	85.052	-5.1	-3.775	0.0	78.502	0.0	0.0	0.0	0.0	33.517	-2.86	-3.275	18.61	60.739	0.0	-1.0	0.2	0.0	30.805	-2.72	-0.588	0.0	62.569	7.949	-1.0	0.6	0.0	35.745	-0.28	1.538	0.0	47.974	18.773	-0.76	0.2	0.0	176.981	-2.02	1.725	0.0	52.553	11.654	-1.0	0.0	0.0	153.732
-1.0	-8.15	19.142	0.0	24.15	-13.918	0.0	0.0	114.113	-6.12	-6.15	14.888	87.455	30.615	0.0	0.0	1.793	103.844	-4.03	-3.65	0.0	67.97	21.97	-1.0	0.0	0.972	65.678	-2.88	-3.65	0.0	58.408	0.0	-7.406	0.0	0.0	48.144	-4.87	-3.212	0.0	70.469	0.0	-1.0	32.4	0.0	84.664	-5.06	-3.337	0.0	79.082	0.0	0.0	0.0	0.0	33.614	-3.02	-3.212	18.078	60.386	0.0	-1.0	0.2	0.0	31.483	-3.29	-1.712	0.0	71.481	8.021	-1.0	0.6	0.0	35.745	-1.38	0.912	0.0	51.369	18.338	-0.627	0.2	0.0	355.125	-2.46	0.6	0.0	56.387	11.363	-24.543	0.0	0.0	137.071
-1.0	-7.463	18.078	0.0	23.859	-13.673	0.0	0.98	81.952	-6.13	-6.275	15.952	87.412	30.688	-6.931	0.0	2.02	86.311	-4.22	-3.712	0.0	67.219	21.389	-1.0	0.0	0.0	66.55	-2.91	-3.337	0.0	57.767	0.0	-7.483	0.0	0.0	48.338	-4.78	-3.275	0.0	72.673	0.0	-1.0	32.4	0.0	84.664	-5.32	-3.525	0.0	81.709	0.0	0.0	0.0	0.0	34.001	-3.76	-3.462	17.547	63.159	0.0	-1.0	0.2	1.048	30.708	-3.74	-1.962	0.0	67.105	8.167	-1.0	0.6	0.0	35.842	-2.82	0.475	0.0	55.431	18.483	-0.323	0.2	1.207	4.843	-2.88	-1.4	0.0	56.546	11.218	-1.0	0.0	0.0	105.588
-1.0	-7.9	22.864	0.0	24.222	-13.536	0.0	0.972	69.746	-6.14	-6.713	18.078	87.45	30.543	0.0	0.0	1.592	78.368	-4.21	-3.525	0.0	68.899	21.462	-1.0	0.0	1.14	73.621	-3.39	-3.462	0.0	60.024	0.0	-7.451	0.0	1.148	46.304	-4.92	-3.275	0.0	73.948	0.0	-1.0	32.4	0.0	84.664	-5.35	-3.587	0.0	81.26	0.0	0.0	0.0	0.0	33.033	-3.82	-3.462	21.269	63.651	0.0	-1.0	0.2	0.0	31.483	-4.52	-2.4	0.0	74.918	7.658	-1.0	0.6	0.0	35.551	-3.18	-0.15	0.0	56.583	18.556	-0.102	0.2	0.0	4.65	-2.98	-2.587	0.0	57.589	11.654	-1.0	0.0	0.0	96.773
-1.0	-8.275	18.078	0.0	24.222	-14.64	0.0	0.0	69.649	-6.17	-6.963	17.547	87.483	30.906	0.0	0.0	0.0	77.786	-4.76	-3.9	0.0	72.336	21.607	-1.0	0.0	1.416	63.45	-3.38	-3.775	0.0	61.515	0.0	-7.389	0.0	0.98	46.885	-5.12	-3.275	0.0	76.275	0.0	-1.0	32.4	1.249	66.356	-5.75	-3.837	0.0	79.737	0.0	0.0	0.0	1.106	34.679	-3.96	-3.65	18.61	63.653	0.0	-1.0	0.2	0.0	31.289	-4.74	-2.337	0.0	75.865	8.167	-1.0	0.6	0.0	36.036	-3.19	-0.087	0.0	56.693	18.773	-0.066	0.2	0.0	4.165	-3.13	-3.15	0.0	57.343	11.726	-1.0	0.0	0.93	80.111
-1.0	-8.775	18.078	0.0	23.932	-13.609	0.0	0.0	66.84	-6.3	-6.838	14.888	87.367	30.688	0.0	0.0	1.156	88.927	-4.84	-3.837	0.0	68.322	21.534	-1.0	0.0	1.274	85.149	-3.8	-3.837	0.0	62.006	0.0	-7.354	0.0	0.0	46.207	-5.26	-3.337	0.0	75.351	0.0	-1.0	32.4	0.0	65.871	-5.78	-3.775	0.0	80.714	0.0	0.0	0.0	0.0	34.389	-3.92	-3.525	17.015	62.945	0.0	-1.0	0.2	0.0	30.514	-4.86	-2.337	0.0	75.509	8.385	-1.0	0.6	0.0	35.648	-2.46	-0.212	0.0	55.543	18.773	-7.375	0.2	0.0	4.359	-3.26	-3.275	0.0	60.942	11.799	-1.0	0.0	0.0	91.154
-1.0	-7.838	16.483	0.0	24.077	-13.896	0.0	0.0	81.371	-6.24	-5.775	15.952	87.24	30.833	0.0	0.0	1.777	111.013	-4.37	-3.9	0.0	64.185	21.897	-1.0	0.0	1.048	90.961	-3.86	-3.837	0.0	62.263	0.0	-7.296	0.0	0.0	46.013	-5.29	-3.275	0.0	75.392	0.0	-1.0	32.4	0.0	65.775	-5.86	-3.587	0.0	79.08	0.0	0.0	0.0	0.0	34.583	-3.9	-3.587	16.483	63.399	0.0	-1.0	0.2	0.0	30.708	-4.54	-2.087	0.0	69.237	7.731	-1.0	0.6	0.0	35.648	-2.32	-0.65	0.0	54.316	19.645	-0.068	0.2	0.0	4.262	-3.84	-3.837	0.0	62.053	11.654	-1.0	0.0	0.0	91.736
-1.0	-7.713	22.332	0.0	24.367	-13.634	0.0	1.031	87.958	-6.22	-6.15	16.483	87.225	30.906	0.0	0.0	2.413	102.004	-4.62	-3.837	0.0	64.532	21.68	-1.0	0.0	1.039	87.861	-3.83	-4.025	0.0	60.98	0.0	-7.287	0.0	0.0	46.304	-5.28	-3.275	0.0	73.944	0.0	-1.0	32.4	0.0	66.453	-5.75	-3.525	0.0	79.557	0.0	0.0	0.0	0.0	34.679	-3.95	-3.525	17.015	64.05	0.0	-1.0	0.2	0.0	31.676	-4.52	-2.087	0.0	68.105	7.731	-1.0	0.6	0.0	35.454	-2.06	-1.15	0.0	53.296	18.628	0.0	0.2	0.0	4.262	-3.68	-3.962	0.0	61.866	11.363	-1.0	0.0	0.0	91.639
-1.0	-7.65	17.015	0.0	24.44	-13.438	0.0	1.14	89.508	-6.14	-6.088	15.952	87.163	30.688	0.0	0.0	2.506	115.372	-1.0	-3.9	0.0	62.356	21.534	-1.0	0.0	1.19	102.295	-3.74	-4.025	0.0	61.507	0.0	-7.273	0.0	0.0	46.401	-5.31	-3.462	0.0	74.796	0.0	-1.0	32.4	0.0	66.356	-5.58	-3.587	0.0	78.712	0.0	0.0	0.0	0.0	34.679	-3.98	-3.587	16.483	63.491	0.0	-1.0	0.2	0.0	30.805	-4.38	-2.275	0.0	65.928	8.167	-1.0	0.6	0.0	35.551	-2.43	-2.775	0.0	54.129	19.209	0.0	0.2	0.0	3.875	-3.72	-3.837	0.0	60.864	11.363	-1.0	0.0	0.0	91.348
-1.0	-8.213	26.054	0.0	24.004	-13.557	0.0	1.048	89.798	-6.13	-5.838	13.293	87.145	30.543	0.0	0.0	2.506	109.85	-4.2	-3.775	0.0	61.508	21.534	-1.0	0.0	0.964	102.391	-3.74	-4.15	0.0	61.157	0.0	-7.255	0.0	0.0	46.594	-5.2	-3.525	0.0	72.319	0.0	-1.0	32.4	0.0	66.259	-5.53	-3.837	0.0	77.786	0.0	0.0	0.0	0.0	34.583	-3.88	-3.65	15.952	62.26	0.0	-1.0	0.2	0.0	30.708	-4.32	-2.087	0.0	65.057	8.167	-1.0	0.6	0.0	35.454	-2.91	-3.462	0.0	55.558	18.628	-7.087	0.2	0.0	4.069	-3.66	-4.025	0.0	61.601	11.581	-1.0	0.0	0.0	91.833
