-1.0	2.1	0.532	35.74	25.748	-10.1	0.4	0.0	170.394	7.48	1.788	0.0	64.898	34.175	-22.482	40.6	0.0	120.312	7.26	3.413	0.0	65.106	26.184	-7.706	11.2	1.089	147.92	7.34	4.35	0.0	66.294	31.56	-8.321	0.0	0.0	212.145	6.32	3.475	0.0	68.792	11.726	-8.83	24.8	1.332	203.717	5.92	3.35	0.0	68.584	0.0	0.0	0.0	1.408	205.461	6.82	3.475	5.849	72.19	10.782	-22.135	19.0	1.534	175.044	6.9	4.037	0.0	67.189	26.692	-22.086	46.2	0.0	182.696	7.51	4.037	0.0	64.159	26.184	-1.0	0.0	0.0	178.144	7.5	2.475	0.0	64.874	12.09	-18.637	8.6	0.0	229.097	6.58
0.0	2.35	1.063	10.898	25.748	-10.108	0.4	1.349	177.369	7.58	1.913	0.0	63.09	34.611	-22.519	40.6	0.0	120.312	7.46	3.288	0.0	63.514	25.457	-1.446	11.2	0.0	147.145	7.59	4.162	0.0	65.466	31.56	-8.012	0.0	2.087	211.661	6.31	3.913	0.0	68.657	11.726	-9.085	24.8	1.567	207.979	6.13	3.475	0.0	67.611	0.0	0.0	0.0	1.249	210.304	6.96	3.538	3.19	71.413	11.291	-22.154	19.0	1.927	180.468	6.88	4.1	0.0	67.373	27.491	-22.965	46.2	0.0	163.71	7.35	3.913	0.0	64.738	26.91	-1.0	0.0	0.0	168.263	7.34	2.6	0.0	65.011	11.944	-18.569	8.6	0.0	229.291	6.96
0.0	2.288	3.722	34.434	25.312	-10.053	0.4	1.299	178.144	7.37	2.1	0.0	63.914	34.538	-22.677	40.6	1.425	120.409	7.28	3.413	0.0	62.843	25.603	-1.135	11.2	0.0	141.139	7.49	3.975	0.0	66.185	31.124	-8.042	0.0	2.036	203.911	6.24	3.788	0.0	69.465	11.872	-8.913	24.8	1.534	197.711	6.36	3.6	0.0	66.145	0.0	0.0	0.0	1.793	204.783	7.3	3.6	1.063	69.189	11.799	-22.599	19.0	0.0	176.4	7.04	3.725	0.0	66.971	27.273	-22.316	46.2	0.0	163.807	7.5	3.85	0.0	64.268	26.692	-1.0	0.0	0.0	162.451	7.48	2.663	0.0	67.025	12.671	-18.485	8.6	0.0	228.903	6.74
0.0	2.538	0.0	19.231	25.239	-10.108	0.4	1.374	168.941	7.51	2.038	0.0	62.687	34.248	-22.452	40.6	1.383	120.312	7.14	3.288	0.0	63.514	25.893	-1.253	11.2	1.106	138.524	7.22	3.975	0.0	67.166	31.269	-7.992	0.0	2.053	207.204	6.32	3.725	0.0	68.234	11.872	-8.89	24.8	1.299	192.19	5.92	3.35	0.0	68.052	0.0	0.0	0.0	1.634	200.23	7.44	3.788	0.532	69.029	11.363	-21.69	19.0	1.819	161.869	6.95	3.913	0.0	67.305	27.056	-22.049	46.2	0.0	173.106	7.52	3.913	0.0	63.885	26.62	-1.0	0.0	0.0	169.232	7.56	2.725	0.0	66.714	12.162	-18.402	8.6	0.0	229.0	6.62
0.0	1.975	2.659	37.102	25.312	-10.037	0.4	0.997	176.594	7.62	1.913	0.532	62.314	34.03	-22.622	40.6	1.089	120.797	7.21	3.1	0.0	63.997	25.675	-0.994	11.2	0.0	149.083	7.16	3.788	0.0	67.613	31.197	-7.99	0.0	2.02	202.555	6.2	3.725	0.0	68.822	11.872	-8.898	24.8	1.291	192.868	5.94	3.475	0.0	68.163	0.0	0.0	0.0	1.232	202.167	7.21	3.475	2.127	69.702	11.0	-22.562	19.0	1.559	177.369	6.82	3.725	0.0	67.443	27.056	-22.316	46.2	0.0	181.631	7.58	4.037	0.0	63.757	26.329	-1.0	0.0	0.0	161.482	7.6	2.725	0.0	66.341	12.235	-18.5	8.6	0.0	228.903	6.62
0.0	1.288	0.0	42.459	25.675	-9.974	0.4	0.0	176.497	7.83	1.975	3.722	61.506	34.03	-22.537	40.6	1.014	120.7	7.21	3.163	0.0	63.221	25.312	-1.08	11.2	0.0	141.236	7.28	4.162	0.0	66.636	31.269	-8.045	0.0	1.927	209.142	6.2	4.162	0.0	68.264	12.017	-8.956	24.8	1.022	206.333	5.96	3.35	0.0	66.855	0.0	0.0	0.0	1.198	204.105	6.9	3.538	0.0	71.479	10.492	-22.474	19.0	1.76	180.372	6.99	4.1	0.0	65.551	26.91	-22.32	46.2	0.0	169.619	7.75	4.1	0.0	62.979	26.329	-1.0	0.0	0.0	155.185	7.53	2.85	0.0	63.776	12.453	-18.728	8.6	0.0	228.613	6.64
0.0	1.85	0.532	55.23	25.239	-9.953	0.4	0.0	177.272	7.71	2.288	0.0	62.777	33.667	-22.212	40.6	1.45	120.603	7.52	3.475	0.0	60.124	25.966	-1.058	11.2	0.947	147.63	7.57	3.913	0.0	64.474	31.705	-8.003	0.0	1.969	204.492	6.24	3.788	0.0	69.016	11.726	-8.997	24.8	0.0	215.729	5.96	3.35	0.0	66.667	0.0	0.0	0.0	1.391	184.343	6.86	3.475	1.063	70.583	11.073	-22.774	19.0	1.919	181.631	6.87	4.037	0.0	64.763	27.273	-21.978	46.2	1.039	176.109	7.51	3.85	0.0	62.938	26.547	-1.0	0.0	0.0	157.607	7.39	2.538	0.0	64.8	12.162	-18.553	8.6	0.0	226.578	6.85
0.0	1.913	0.532	49.413	25.021	-9.983	0.4	1.014	185.893	7.44	2.1	0.0	64.147	34.393	-22.574	40.6	1.534	120.409	7.42	3.225	0.0	61.071	25.385	-1.07	11.2	0.0	165.744	7.48	3.788	0.0	64.513	31.342	-7.998	0.0	1.71	195.774	6.46	3.913	0.0	66.704	11.508	-8.919	24.8	1.785	194.805	5.89	3.163	0.0	66.95	0.0	0.0	0.0	1.014	193.449	6.86	3.35	0.0	70.583	11.0	-22.631	19.0	1.609	184.44	7.18	3.913	0.0	64.102	27.128	-22.265	46.2	1.056	176.497	7.16	3.663	0.0	64.099	26.983	-25.27	0.0	0.0	165.938	7.51	2.85	0.0	63.245	12.453	-18.629	8.6	0.0	225.997	7.08
0.0	2.288	0.532	42.973	25.82	-10.124	0.4	1.081	192.48	7.64	2.225	0.0	62.905	34.03	-22.714	40.6	1.056	120.409	7.37	3.413	0.0	62.048	25.966	-1.329	11.2	0.922	156.057	7.1	3.788	0.0	67.117	31.124	-7.998	0.0	1.726	198.099	6.42	3.975	0.0	69.525	11.581	-8.926	24.8	1.617	194.03	5.9	3.288	0.0	66.817	0.0	0.0	0.0	1.198	181.05	6.82	3.35	0.0	70.706	10.709	-22.525	19.0	1.425	178.531	6.91	3.913	0.0	64.055	26.765	-22.265	46.2	0.0	178.144	7.43	3.663	0.0	63.147	26.474	-1.0	0.0	0.0	166.132	7.46	2.788	0.0	66.642	12.453	-18.713	8.6	0.0	226.191	6.9
0.0	2.163	1.063	28.01	25.167	-10.084	0.4	1.366	198.777	7.74	2.163	1.063	62.082	34.03	-22.902	40.6	1.156	120.603	7.21	3.475	0.0	61.178	25.53	-0.632	11.2	1.651	160.707	6.94	3.85	0.0	68.135	31.051	-8.004	0.0	2.095	206.042	6.78	4.35	0.0	68.612	12.162	-9.036	24.8	1.55	219.216	6.19	3.413	0.0	65.735	0.0	0.0	0.0	0.972	176.884	7.01	3.35	1.063	69.028	11.291	-22.631	19.0	1.475	169.619	6.64	3.663	0.0	66.168	26.838	-21.869	46.2	0.0	178.144	7.44	3.85	0.0	62.508	26.184	-1.0	0.0	0.0	173.784	7.54	2.788	0.0	65.867	12.09	-18.913	8.6	0.0	226.869	7.0
-1.0	2.35	0.532	0.0	25.675	-10.132	0.4	1.475	161.288	7.46	2.038	0.0	62.874	34.103	-23.171	40.6	1.291	120.409	7.4	3.538	0.0	60.133	25.893	-1.145	11.2	1.785	153.345	6.79	3.475	0.0	67.437	31.633	-7.958	0.0	2.07	199.746	6.58	3.85	0.0	66.157	11.581	-8.953	24.8	1.559	203.33	6.38	3.663	0.0	63.963	0.0	0.0	0.0	1.391	179.5	6.72	3.6	0.532	70.87	11.145	-22.812	19.0	1.76	177.659	6.46	3.85	0.0	67.323	27.273	-22.246	46.2	1.106	182.309	7.42	3.788	0.0	62.588	26.765	-1.0	0.0	2.078	155.767	7.64	2.85	0.0	66.212	12.162	-18.828	8.6	0.0	226.385	6.84
15.36	2.1	0.0	56.194	25.53	-10.124	0.4	1.081	160.32	7.5	2.1	0.0	61.592	34.321	-22.574	40.6	0.0	120.409	7.48	3.6	0.0	59.747	25.748	-1.2	11.2	1.55	151.02	7.0	3.913	0.0	65.798	31.415	-8.067	0.0	1.919	198.68	6.96	3.975	0.0	64.697	11.654	-8.976	24.8	1.131	222.219	5.93	3.35	0.0	65.471	0.0	0.0	0.0	1.24	188.121	6.89	3.663	0.532	70.037	10.637	-23.36	19.0	1.768	185.99	6.97	3.725	0.0	63.845	26.983	-21.887	46.2	1.14	170.394	7.39	3.913	0.0	62.583	26.765	-1.0	0.0	0.0	157.607	7.48	2.413	0.0	66.862	12.09	-18.523	8.6	0.0	226.288	7.42
-1.0	2.35	0.532	42.38	25.53	-10.156	0.4	0.0	213.695	7.84	2.225	0.0	61.31	34.248	-22.507	40.6	1.006	120.022	7.36	3.413	0.0	60.75	25.53	-1.037	11.2	1.232	158.77	7.12	3.85	0.0	65.683	31.705	-7.955	0.0	1.802	189.865	6.34	3.663	0.0	66.493	11.944	-9.001	24.8	0.955	208.27	5.98	3.288	0.0	65.67	0.0	0.0	0.0	1.198	176.981	6.8	3.413	1.595	69.809	10.855	-23.072	19.0	0.0	186.959	6.5	3.85	0.0	65.573	27.346	-21.816	46.2	1.249	176.206	7.3	3.725	0.0	62.596	26.62	-1.0	0.0	0.0	156.251	7.69	3.225	0.0	60.974	12.38	-19.53	8.6	0.0	243.24	6.79
0.0	2.1	0.0	28.01	25.966	-10.173	0.4	1.19	202.555	7.99	2.288	0.0	60.115	33.957	-22.317	40.6	1.249	120.312	7.58	3.35	0.0	60.531	25.603	-1.081	11.2	0.0	153.732	7.18	3.913	0.0	65.557	31.124	-7.961	0.0	1.919	207.979	6.58	3.85	0.0	65.641	11.872	-8.953	24.8	1.626	202.748	6.04	3.538	0.0	65.436	0.0	0.0	0.0	1.483	206.623	7.1	3.35	0.0	67.36	11.0	-23.367	19.0	1.601	171.46	6.92	3.975	0.0	64.057	26.91	-22.068	46.2	1.182	187.249	7.5	3.725	0.0	61.873	26.184	-24.906	0.0	0.0	168.457	7.72	2.413	0.0	61.882	12.598	-18.921	8.6	0.0	243.628	6.98
-1.0	2.6	0.0	0.0	25.021	-10.188	0.4	1.802	218.441	7.96	2.288	0.0	59.939	34.175	-22.525	40.6	1.207	120.409	7.5	3.413	0.0	60.915	25.385	-1.102	11.2	0.0	147.533	7.13	3.913	0.0	66.202	31.269	-8.035	0.0	2.103	214.373	6.75	3.913	0.0	65.998	11.944	-8.952	24.8	1.743	212.532	6.72	3.35	0.0	61.237	0.0	0.0	0.0	0.0	157.607	7.03	3.6	0.0	68.018	11.363	-23.34	19.0	1.819	178.047	7.18	3.913	0.0	63.383	26.765	-21.834	46.2	0.0	171.169	7.18	3.725	0.0	63.438	26.692	-1.0	0.0	0.0	169.232	7.21	2.288	0.0	68.052	12.017	-18.79	8.6	0.0	242.368	6.88
18.62	2.6	0.532	59.621	25.021	-10.188	0.4	0.0	212.92	7.5	2.35	0.0	62.322	34.248	-22.751	40.6	1.76	230.066	7.57	3.413	0.0	58.789	25.893	-1.135	11.2	0.939	160.901	7.2	3.85	0.0	65.068	31.56	-7.988	0.0	2.103	206.817	6.78	3.85	0.0	67.945	11.654	-8.865	24.8	2.036	202.748	6.16	3.163	0.0	65.076	0.0	0.0	0.0	0.0	214.179	7.1	3.288	0.0	67.629	10.637	-23.658	19.0	1.634	178.144	6.98	3.913	0.0	62.848	26.983	-22.372	46.2	1.358	181.243	7.16	3.6	0.0	62.851	26.765	-1.0	0.0	0.0	168.65	7.8	3.163	0.0	65.777	12.162	-18.805	8.6	0.0	242.271	7.46
0.0	2.6	0.532	55.724	25.457	-11.327	0.4	1.953	204.008	7.53	2.413	0.0	61.146	33.885	-22.458	40.6	1.684	201.392	7.21	3.288	0.0	60.244	25.167	-0.896	11.2	1.374	168.941	6.88	3.6	0.0	67.212	30.761	-7.995	0.0	1.777	197.518	7.1	4.037	0.0	65.898	11.654	-8.966	24.8	0.0	222.704	6.66	3.6	0.0	61.957	0.0	0.0	0.0	1.123	173.494	6.98	3.475	0.532	67.607	10.927	-23.614	19.0	2.087	187.056	7.21	3.788	0.0	61.937	27.273	-22.013	46.2	1.291	169.328	7.39	3.538	0.0	61.377	27.056	-25.415	0.0	0.0	156.832	8.12	3.35	0.0	64.708	12.162	-19.154	8.6	0.0	242.465	7.02
0.0	2.913	0.0	0.0	25.239	-10.253	0.4	1.785	208.367	7.92	2.413	0.0	59.304	33.957	-22.353	40.6	1.634	206.333	7.61	3.35	0.0	58.451	25.748	-1.081	11.2	1.332	158.382	6.84	3.35	0.0	65.769	31.705	-7.921	0.0	1.643	196.743	6.56	3.725	0.0	65.774	12.09	-8.906	24.8	1.844	197.421	6.86	3.538	0.0	60.329	0.0	0.0	0.0	1.458	173.881	7.46	3.35	0.532	65.251	11.508	-23.985	19.0	1.944	175.044	7.26	3.975	0.0	61.186	26.692	-22.068	46.2	0.997	165.163	7.7	3.725	0.0	59.982	26.329	-1.0	0.0	0.0	164.001	7.58	3.35	0.0	65.82	12.09	-19.154	8.6	0.997	223.866	7.61
-1.0	2.788	0.0	0.0	24.949	-10.287	0.4	0.0	199.067	7.66	2.413	0.0	61.196	34.03	-22.77	40.6	1.852	191.318	7.56	3.288	0.0	58.068	25.53	-1.026	11.2	0.0	170.781	7.18	3.85	0.0	64.571	31.705	-7.996	0.0	0.0	195.968	6.65	3.725	0.0	65.98	11.581	-8.882	24.8	1.944	212.242	6.3	3.35	0.0	63.176	0.0	0.0	0.0	1.022	209.529	7.08	3.288	1.063	67.275	11.218	-23.452	19.0	1.399	187.734	7.12	3.725	0.0	62.314	26.474	-21.78	46.2	1.265	221.057	7.42	3.6	0.0	61.015	26.765	-1.0	0.0	1.609	160.707	7.66	3.288	0.0	66.976	12.09	-19.341	8.6	0.905	221.057	7.82
0.0	2.913	0.0	0.0	25.239	-10.253	0.4	0.0	186.474	7.48	2.288	3.19	61.448	34.321	-22.939	40.6	2.137	197.421	7.62	3.475	0.0	57.586	25.748	-1.124	11.2	1.71	158.382	6.82	3.788	0.0	66.363	31.56	-8.014	0.0	0.0	190.93	7.11	3.975	0.0	64.751	12.017	-8.926	24.8	2.028	222.316	6.28	3.35	0.0	62.951	0.0	0.0	0.0	1.936	173.784	6.9	3.538	0.532	68.555	10.927	-23.425	19.0	1.911	191.221	7.51	4.037	0.0	60.577	27.056	-22.086	46.2	1.316	187.346	7.64	3.788	0.0	59.916	26.111	-1.0	0.0	0.0	147.533	7.8	3.475	0.0	64.734	12.235	-19.389	8.6	1.089	234.909	7.08
-1.0	3.35	0.532	0.0	25.239	-10.336	0.4	0.0	193.643	7.3	2.288	0.0	63.014	34.756	-22.629	40.6	1.835	211.37	7.88	3.85	0.0	57.046	25.312	-1.188	11.2	0.0	167.488	7.3	4.037	0.0	66.233	31.051	-7.949	0.0	0.0	192.48	7.18	4.225	0.0	65.092	11.654	-8.87	24.8	2.078	225.803	6.24	3.413	0.0	62.972	0.0	0.0	0.0	1.768	182.406	7.42	3.413	1.595	65.052	11.291	-23.594	19.0	0.0	177.95	7.22	4.1	0.0	61.123	26.91	-22.212	46.2	1.341	162.257	7.58	3.975	0.0	60.758	26.765	-1.0	0.0	0.0	150.923	7.58	3.475	0.0	67.259	12.38	-19.595	8.6	1.249	228.419	7.74
-1.0	3.163	0.532	0.0	25.167	-10.336	0.4	0.0	201.683	7.1	2.038	1.595	64.831	34.03	-22.762	40.6	1.726	207.204	7.42	3.475	0.0	59.481	25.603	-0.993	11.2	0.0	170.781	7.42	3.788	0.0	67.956	31.633	-7.982	0.0	0.0	192.868	7.3	4.162	0.0	65.168	12.017	-8.885	24.8	0.0	223.769	6.58	3.725	0.0	63.058	0.0	0.0	0.0	0.0	184.731	7.36	3.663	1.063	65.371	11.363	-23.673	19.0	0.0	188.218	7.31	3.975	0.0	61.166	27.491	-22.498	46.2	1.341	196.839	8.05	4.1	0.0	58.606	26.838	-1.0	0.0	0.0	157.026	7.57	4.037	0.0	64.666	12.38	-19.534	8.6	1.584	236.944	7.71
-1.0	2.913	0.532	54.314	25.675	-10.204	0.4	0.0	185.118	7.2	2.1	0.0	64.986	34.248	-22.158	40.6	1.659	211.661	7.54	3.538	0.0	59.414	25.893	-1.047	11.2	0.0	170.394	6.99	3.538	0.0	66.962	31.923	-8.005	0.0	0.0	188.896	6.86	3.975	0.0	67.37	11.799	-8.879	24.8	0.0	219.991	6.32	3.413	0.0	63.539	0.0	0.0	0.0	0.0	198.099	7.7	3.475	0.532	64.192	10.927	-23.302	19.0	0.0	181.147	7.09	3.85	0.0	62.672	27.346	-21.923	46.2	1.282	207.786	7.71	3.913	0.0	60.212	27.056	-1.0	0.0	0.0	157.607	7.62	3.538	0.0	66.562	12.235	-19.922	8.6	1.358	236.072	7.21
-1.0	3.225	0.0	0.0	25.675	-10.345	0.4	0.0	182.696	7.14	2.35	0.0	65.578	34.103	-22.648	40.6	1.701	200.617	7.62	3.538	0.0	58.768	25.603	-1.047	11.2	0.0	166.325	7.25	3.975	0.0	66.793	31.124	-8.025	0.0	0.0	214.179	6.24	3.6	0.0	67.658	11.872	-8.868	24.8	1.969	198.196	6.16	3.538	0.0	65.103	0.0	0.0	0.0	0.0	202.458	7.24	3.538	0.532	66.113	10.855	-25.508	19.0	2.112	176.206	7.25	3.913	0.0	62.755	26.765	-22.049	46.2	1.492	188.315	7.89	3.913	0.0	59.356	26.329	-1.0	0.0	0.0	151.407	7.44	3.6	0.0	66.828	12.453	-19.524	8.6	1.383	217.57	7.72
-1.0	2.913	0.532	0.0	25.312	-10.304	0.4	0.0	201.489	7.18	2.288	0.532	64.571	34.466	-23.042	40.6	1.76	215.245	8.0	3.788	0.0	56.686	25.603	-1.067	11.2	0.0	172.041	7.42	4.35	0.0	65.709	31.269	-8.031	0.0	0.0	206.042	6.61	3.663	0.0	65.456	11.726	-8.844	24.8	0.0	192.287	6.44	3.413	0.0	62.839	0.0	0.0	0.0	1.802	187.443	7.21	3.6	0.0	68.105	10.927	-23.549	19.0	0.0	187.249	6.94	3.975	0.0	63.064	27.201	-21.637	46.2	1.802	178.047	7.63	3.725	0.0	60.256	26.256	-25.572	0.0	1.886	157.995	7.25	3.85	0.0	66.658	12.308	-19.692	8.6	2.028	212.435	7.36
-1.0	3.35	1.063	0.0	25.966	-10.311	0.4	0.0	180.468	7.09	2.225	0.0	64.912	33.957	-22.921	40.6	1.86	215.342	7.89	3.725	0.0	56.377	25.603	-1.374	11.2	0.905	161.869	7.19	4.1	0.0	65.75	31.124	-8.257	0.0	0.0	196.549	7.34	4.1	0.0	65.148	11.726	-8.894	24.8	0.0	225.029	6.26	3.35	0.0	63.335	0.0	0.0	0.0	2.062	188.024	7.84	4.1	0.532	64.852	10.709	-23.391	19.0	0.0	191.996	7.44	4.1	0.0	59.826	26.838	-21.889	46.2	1.592	190.737	7.5	3.35	0.0	60.632	26.402	-1.0	0.0	1.399	193.836	7.48	3.913	0.0	67.241	12.308	-19.605	8.6	2.036	232.778	7.4
-1.0	3.35	0.0	0.0	25.457	-10.493	0.4	0.0	173.009	7.18	2.413	0.0	64.79	34.175	-22.77	40.6	1.844	207.495	7.66	3.913	0.0	57.679	25.893	-1.176	11.2	1.165	162.838	7.16	4.1	0.0	67.962	31.56	-8.063	0.0	0.0	191.124	7.43	4.037	0.0	63.592	12.017	-8.983	24.8	0.0	214.082	6.48	3.725	0.0	62.596	0.0	0.0	0.0	0.0	201.005	7.26	3.725	0.532	67.335	10.637	-23.484	19.0	0.0	178.531	7.0	4.1	0.0	61.649	27.273	-21.997	46.2	1.844	180.856	7.92	3.788	0.0	58.643	25.893	-1.0	0.0	1.215	117.697	7.37	4.037	0.0	67.004	12.09	-19.949	8.6	2.028	225.029	7.22
-1.0	3.35	0.0	0.0	25.094	-10.387	0.4	0.0	169.232	7.08	2.288	0.0	64.333	34.466	-22.939	40.6	1.777	188.605	7.48	3.538	0.0	59.148	25.53	-0.85	11.2	1.073	162.935	7.8	4.662	0.0	64.21	31.85	-8.097	0.0	0.0	200.23	7.03	3.475	0.0	64.324	11.799	-8.815	24.8	0.0	206.042	6.5	3.788	0.0	62.014	0.0	0.0	0.0	0.0	197.421	7.48	3.35	1.063	63.822	10.927	-23.471	19.0	1.986	165.26	6.88	3.725	0.0	62.301	27.128	-21.887	46.2	1.626	173.106	8.16	3.975	0.0	56.448	26.474	-1.0	0.0	1.232	136.393	7.3	4.162	0.0	67.773	12.09	-19.983	8.6	0.0	234.716	7.14
-1.0	3.6	0.0	0.0	25.53	-10.395	0.4	0.0	189.38	7.24	2.663	0.0	62.613	34.03	-22.427	40.6	1.944	162.644	7.72	3.85	0.0	57.92	25.748	-1.287	11.2	1.207	151.214	7.21	3.85	0.0	67.326	31.85	-8.004	0.0	0.0	211.757	6.88	3.85	0.0	64.353	11.363	-8.857	24.8	0.0	189.574	6.4	3.6	0.0	62.61	0.0	0.0	0.0	2.053	194.224	7.28	3.413	0.532	65.384	10.637	-23.387	19.0	1.81	178.337	6.88	3.725	0.0	62.245	27.128	-21.887	46.2	1.668	159.738	8.43	3.475	0.0	54.99	26.983	-25.486	0.0	0.0	144.142	7.62	4.287	0.0	65.252	12.09	-20.016	8.6	1.827	232.003	7.29
-1.0	3.538	2.659	0.0	25.966	-10.361	0.4	0.0	178.144	6.9	2.288	0.0	64.164	34.03	-22.003	40.6	1.76	172.719	7.26	3.6	0.0	59.541	25.603	-1.003	11.2	0.0	144.239	7.26	4.1	0.0	63.646	31.633	-8.046	0.0	0.0	207.495	6.95	3.725	0.0	64.062	11.654	-8.836	24.8	0.0	209.432	6.39	3.1	0.0	63.081	0.0	0.0	0.0	1.416	197.518	7.28	3.35	0.0	66.799	11.0	-23.471	19.0	1.341	197.808	7.21	3.975	0.0	61.178	26.765	-21.744	46.2	1.777	165.066	7.9	3.35	0.0	57.775	27.056	-1.0	0.0	0.0	148.986	7.92	4.287	0.0	61.549	12.017	-20.016	8.6	2.036	233.941	7.16
