-1.0	-8.775	19.674	0.0	24.658	-11.719	0.0	2.137	69.552	-6.88	-7.588	17.547	67.626	32.795	-6.941	0.0	4.022	98.226	-1.0	-4.463	0.0	0.0	22.987	-18.305	0.0	1.433	54.828	-5.66	-4.963	0.0	67.835	0.0	-7.135	0.0	2.028	52.116	-6.32	-4.15	0.0	71.918	2.791	-1.0	30.2	0.0	73.427	-6.84	-3.837	0.0	68.936	0.0	0.0	0.0	1.475	56.863	-5.78	-4.338	18.078	67.787	5.769	-1.0	0.2	2.254	44.56	-6.07	-3.462	0.0	69.833	27.419	-10.313	0.4	1.022	31.773	-5.88	-4.4	0.0	65.366	20.372	0.0	0.2	1.726	16.662	-6.38	-5.9	0.0	69.92	11.944	-1.0	0.0	1.467	102.391	-5.74
-1.0	-8.775	28.181	0.0	23.641	-11.666	0.0	1.777	81.177	-6.84	-7.9	20.737	67.381	32.65	-6.995	0.0	3.377	98.71	-1.0	-4.525	0.0	0.0	23.06	-18.103	0.0	2.103	70.424	-5.79	-4.963	0.0	67.683	0.0	-7.127	0.0	2.305	48.725	-6.31	-4.15	0.0	72.501	3.227	-1.0	30.2	1.617	67.712	-6.86	-3.65	0.0	69.379	0.0	0.0	0.0	1.986	49.501	-5.8	-4.338	19.142	68.413	5.261	-1.0	0.2	2.657	23.539	-6.12	-3.587	0.0	69.002	27.346	-10.331	0.4	1.207	36.132	-5.88	-4.213	0.0	66.905	20.372	0.0	0.2	2.129	10.365	-6.2	-5.713	0.0	69.534	11.872	-1.0	0.0	1.165	96.579	-5.86
-1.0	-8.775	16.483	0.0	24.222	-11.771	0.0	2.078	68.681	-6.95	-7.775	17.547	69.187	32.359	-6.853	0.0	3.528	97.935	-1.0	-4.65	0.0	0.0	22.697	-17.982	0.0	2.305	52.31	-5.84	-4.963	0.0	67.598	0.0	-7.606	0.0	2.799	51.05	-6.36	-4.15	0.0	72.466	3.444	-1.0	30.2	1.651	57.734	-6.94	-3.9	0.0	69.264	0.0	0.0	0.0	2.506	41.17	-5.92	-4.4	18.078	67.886	5.842	-1.0	0.2	2.975	36.036	-6.16	-3.462	0.0	69.019	27.419	-10.38	0.4	1.944	35.648	-6.04	-4.713	0.0	66.006	20.444	0.0	0.2	2.38	0.194	-6.2	-5.775	0.0	68.686	11.944	-1.0	0.0	0.955	96.095	-5.88
-1.0	-8.713	16.483	0.0	24.658	-11.727	0.0	1.961	74.88	-6.9	-8.088	17.015	68.774	32.795	-6.873	0.0	3.495	90.961	-1.0	-4.588	0.0	0.0	23.496	-17.716	0.0	3.025	49.694	-5.84	-5.463	0.0	67.167	0.0	-7.049	0.0	2.204	58.703	-6.4	-4.15	0.0	71.828	3.517	-1.0	30.2	2.103	66.937	-6.89	-3.962	0.0	69.497	0.0	0.0	0.0	2.665	51.922	-5.8	-4.4	17.547	68.79	5.697	-1.0	0.2	2.112	36.714	-6.23	-3.525	0.0	68.831	27.128	-10.475	0.4	1.668	29.352	-6.02	-4.775	0.0	65.701	20.735	0.0	0.2	2.221	12.012	-6.34	-6.025	0.0	69.233	11.654	-1.0	0.0	1.299	101.713	-5.9
-1.0	-8.9	17.547	0.0	24.585	-11.702	0.0	2.112	75.655	-7.0	-8.088	17.547	69.302	32.286	-6.902	0.0	3.478	94.254	-1.0	-4.713	0.0	0.0	22.987	-18.345	0.0	2.129	59.962	-5.9	-5.4	0.0	67.966	0.0	-7.23	0.0	1.559	49.501	-6.5	-4.588	0.0	71.808	3.081	-1.0	30.2	1.332	77.496	-7.06	-3.837	0.0	67.842	0.0	0.0	0.0	1.944	67.421	-5.89	-4.588	17.015	68.068	5.551	-1.0	0.2	2.824	30.417	-6.26	-3.462	0.0	68.399	27.564	-10.625	0.4	0.939	27.027	-6.05	-4.838	0.0	66.004	20.517	0.0	0.2	2.916	0.678	-6.46	-6.275	0.0	68.686	11.944	-1.0	0.0	1.048	107.138	-5.89
-1.0	-9.15	16.483	0.0	24.803	-11.884	0.0	2.17	80.886	-7.02	-8.025	14.888	68.176	32.359	-6.921	0.0	3.578	96.095	-1.0	-4.713	0.0	0.0	22.915	-17.969	0.0	1.324	68.1	-5.94	-5.4	0.0	67.376	0.0	-7.084	0.0	2.455	42.913	-6.56	-4.275	0.0	71.211	3.59	-1.0	30.2	1.24	74.493	-7.04	-4.025	0.0	68.822	0.0	0.0	0.0	1.031	30.32	-5.94	-4.525	17.547	68.285	6.278	-1.0	0.2	2.665	39.717	-6.24	-3.712	0.0	68.528	27.273	-10.858	0.4	1.785	36.326	-6.1	-4.588	0.0	65.326	20.808	0.0	0.2	2.455	8.815	-6.7	-6.275	0.0	68.689	12.162	-1.0	0.0	0.0	117.406	-5.94
-1.0	-9.213	17.547	0.0	24.295	-11.61	0.0	1.701	71.781	-7.06	-8.4	14.357	69.042	32.286	-6.864	0.0	3.218	90.379	-1.0	-4.775	0.0	0.0	23.714	-18.143	0.0	2.673	69.359	-5.98	-5.338	0.0	67.064	0.0	-7.067	0.0	2.983	45.044	-6.52	-4.15	0.0	71.901	3.299	-1.0	30.2	1.994	64.225	-7.06	-4.025	0.0	68.344	0.0	0.0	0.0	2.598	50.469	-5.92	-4.525	17.015	68.816	5.551	-1.0	0.2	3.252	34.776	-6.22	-3.712	0.0	69.381	27.564	-10.742	0.4	1.726	50.275	-6.1	-4.775	0.0	66.939	20.009	0.0	0.2	2.405	1.744	-6.34	-6.15	0.0	68.333	12.162	-1.0	0.0	1.224	96.095	-5.96
-1.0	-8.713	17.547	0.0	24.658	-11.674	0.0	2.271	57.638	-6.94	-8.213	14.357	69.462	32.65	-6.914	0.0	3.319	91.445	-1.0	-4.713	0.0	0.0	23.423	-18.156	0.0	2.64	61.319	-5.99	-5.4	0.0	67.645	0.0	-7.092	0.0	3.008	48.338	-6.44	-4.15	0.0	72.425	3.081	-1.0	30.2	2.145	63.644	-7.08	-3.837	0.0	69.013	0.0	0.0	0.0	2.564	39.329	-5.9	-4.588	15.952	69.345	5.551	-1.0	0.2	2.749	43.01	-6.28	-3.775	0.0	69.145	27.637	-10.735	0.4	1.726	28.48	-6.08	-4.775	0.0	66.612	21.026	0.0	0.2	1.953	3.972	-6.24	-6.15	0.0	68.252	11.799	-1.0	0.0	1.282	95.223	-5.93
-1.0	-8.588	17.015	0.0	24.44	-11.743	0.0	2.246	69.068	-7.06	-8.025	17.015	68.843	32.214	-6.893	0.0	3.612	92.123	-1.0	-4.775	0.0	0.0	23.496	-18.237	0.0	2.782	60.059	-6.0	-5.213	0.0	68.123	0.0	-7.069	0.0	2.447	48.629	-6.56	-4.275	0.0	73.026	3.227	-1.0	30.4	1.986	67.906	-7.06	-4.275	0.0	67.742	0.0	0.0	0.0	2.514	37.392	-5.98	-4.9	15.42	67.773	5.624	-1.0	0.2	2.514	35.067	-6.29	-3.837	0.0	69.442	27.419	-10.803	0.4	1.483	31.773	-6.16	-4.838	0.0	66.034	21.026	0.0	0.2	1.961	8.234	-6.4	-6.15	0.0	68.922	11.726	-1.0	0.0	1.148	92.511	-5.96
-1.0	-9.275	14.357	0.0	24.44	-11.759	0.0	2.062	86.698	-7.12	-8.15	13.293	68.781	32.65	-6.847	0.0	3.595	92.511	-1.0	-4.775	0.0	0.0	22.769	-18.71	0.0	2.447	90.961	-5.94	-5.713	0.0	68.386	0.0	-7.029	0.0	1.927	51.825	-6.62	-4.463	0.0	71.491	2.791	-1.0	30.6	1.911	80.789	-7.18	-4.15	0.0	68.17	0.0	0.0	0.0	2.246	59.672	-5.94	-4.588	15.952	69.162	5.406	-1.0	0.2	2.229	30.708	-6.34	-3.65	0.0	67.856	27.564	-10.675	0.4	1.19	27.123	-6.2	-4.963	0.0	65.307	20.517	0.0	0.2	2.254	18.405	-6.62	-6.463	0.0	68.554	11.872	-1.0	0.0	1.022	103.263	-6.06
-1.0	-9.463	15.42	0.0	24.367	-11.842	0.0	2.087	78.949	-7.12	-8.4	13.293	68.507	32.141	-6.842	0.0	3.662	89.411	-1.0	-4.838	0.0	0.0	23.06	-18.507	0.0	2.388	68.681	-6.0	-5.4	0.0	67.212	0.0	-7.0	0.0	2.17	54.344	-6.6	-4.463	0.0	70.983	2.936	-1.0	32.2	1.877	67.712	-7.15	-4.025	0.0	67.825	0.0	0.0	0.0	1.534	50.275	-5.96	-4.713	19.674	68.105	6.132	-1.0	0.2	2.388	35.454	-6.18	-3.962	0.0	69.861	27.637	-10.352	0.4	1.425	41.945	-6.12	-4.9	0.0	66.936	20.227	0.0	0.2	1.626	5.618	-6.61	-6.463	0.0	68.556	11.799	-1.0	0.0	0.972	110.044	-6.0
-1.0	-9.463	14.888	0.0	24.367	-11.682	0.0	2.145	85.633	-7.02	-8.15	12.23	68.251	32.577	-6.868	0.0	3.855	108.107	-1.0	-4.963	0.0	0.0	23.278	-18.764	0.0	1.944	55.506	-5.95	-5.775	0.0	67.703	0.0	-7.024	0.0	1.994	64.418	-6.58	-4.338	0.0	71.961	2.791	-1.0	32.6	1.316	63.837	-7.12	-4.275	0.0	68.856	0.0	0.0	0.0	1.777	39.135	-5.99	-4.713	13.825	68.953	5.551	-1.0	0.2	1.785	39.232	-6.3	-3.837	0.0	69.141	27.491	-10.402	0.4	1.14	40.976	-6.24	-5.025	0.0	66.505	20.299	0.0	0.2	1.316	16.662	-6.46	-6.275	0.0	68.936	11.944	-1.0	0.0	0.0	88.248	-6.02
-1.0	-9.15	14.357	0.0	24.367	-11.723	0.0	1.81	100.163	-7.01	-7.9	11.698	67.071	32.286	-6.931	0.0	3.93	95.126	-1.0	-4.9	0.0	0.0	23.423	-19.159	0.0	1.651	92.511	-6.08	-6.025	0.0	67.83	0.0	-7.417	0.0	1.601	59.284	-6.64	-4.463	0.0	72.046	2.645	-1.0	33.0	0.0	72.459	-7.22	-4.213	0.0	68.861	0.0	0.0	0.0	1.768	52.019	-6.04	-4.838	11.698	68.442	6.568	-1.0	0.2	1.684	39.62	-6.35	-3.837	0.0	68.932	27.637	-10.301	0.4	0.0	22.183	-6.28	-5.15	0.0	66.981	20.081	0.0	0.2	1.408	7.653	-6.78	-6.838	0.0	68.898	11.799	-1.0	0.0	0.939	107.913	-6.02
-1.0	-9.4	12.23	0.0	24.731	-11.637	0.0	1.684	88.442	-6.84	-8.213	10.634	65.138	32.068	-6.856	0.0	3.453	99.97	-1.0	-4.9	0.0	0.0	22.987	-19.733	0.0	1.617	85.149	-5.94	-5.775	0.0	68.612	0.0	-7.031	0.0	1.726	52.407	-6.62	-4.338	0.0	72.99	2.936	-1.0	33.2	0.913	63.547	-7.2	-4.025	0.0	68.666	0.0	0.0	0.0	1.282	48.435	-6.06	-4.838	12.23	67.808	5.697	-1.0	0.2	1.743	34.389	-6.3	-3.837	0.0	68.667	27.419	-10.171	0.4	0.0	44.366	-6.26	-4.963	0.0	66.297	20.227	0.0	0.2	1.634	14.337	-6.6	-6.588	0.0	70.049	11.799	-1.0	0.0	0.0	107.429	-6.09
-1.0	-9.15	18.078	0.0	24.077	-11.776	0.0	2.112	87.764	-6.94	-8.088	10.103	65.991	32.286	-6.859	0.0	4.081	98.129	-1.0	-4.963	0.0	0.0	22.987	-19.91	0.0	1.592	64.418	-5.95	-5.838	0.0	67.754	0.0	-7.011	0.0	1.827	50.469	-6.62	-4.4	0.0	73.134	3.372	-1.0	33.8	1.123	62.287	-7.18	-4.15	0.0	69.686	0.0	0.0	0.0	1.483	49.501	-5.98	-4.775	12.761	69.08	6.205	-1.0	0.2	1.869	36.423	-6.28	-3.962	0.0	70.162	27.273	-9.831	0.4	0.0	51.438	-6.27	-5.213	0.0	65.732	20.081	0.0	0.2	1.542	19.083	-6.64	-6.65	0.0	69.918	11.872	-1.0	0.0	0.0	103.166	-6.08
-1.0	-9.65	19.674	0.0	24.513	-11.605	0.0	1.986	84.083	-7.1	-8.4	9.571	67.432	32.286	-6.871	0.0	4.215	104.038	-1.0	-5.025	0.0	0.0	23.278	-20.371	0.0	1.751	71.587	-5.98	-5.963	0.0	68.051	0.0	-7.141	0.0	2.204	51.922	-6.72	-4.463	0.0	72.897	2.791	-1.0	33.8	1.031	68.681	-7.18	-4.025	0.0	69.439	0.0	0.0	0.0	1.5	55.894	-5.99	-5.213	12.23	67.923	6.35	-1.0	0.2	2.246	39.91	-6.32	-3.587	0.0	68.438	27.346	-10.108	0.4	0.0	62.287	-6.28	-5.15	0.0	65.318	20.081	0.0	0.2	1.944	29.352	-6.66	-6.775	0.0	69.666	11.581	-1.0	0.0	0.0	100.745	-6.05
-1.0	-9.65	10.634	0.0	24.585	-11.711	0.0	2.338	79.046	-7.1	-8.338	10.103	67.608	31.197	-6.847	0.0	3.754	88.151	-1.0	-5.025	0.0	0.0	23.423	-19.99	0.0	1.743	52.6	-6.11	-5.9	0.0	67.572	0.0	-7.029	0.0	1.911	61.416	-6.74	-4.775	0.0	71.369	2.718	-1.0	33.8	1.467	66.84	-7.18	-4.275	0.0	68.869	0.0	0.0	0.0	1.86	53.181	-5.99	-5.025	11.166	67.519	6.06	-1.0	0.2	1.693	45.529	-6.28	-3.9	0.0	68.47	27.637	-10.041	0.4	1.324	52.019	-6.28	-5.025	0.0	65.215	20.88	0.0	0.2	1.743	0.678	-6.5	-6.713	0.0	69.077	11.726	-1.0	0.0	1.022	95.223	-6.04
-1.0	-9.65	18.61	0.0	24.15	-11.605	0.0	1.869	64.225	-7.2	-8.463	10.103	68.466	32.286	-6.866	0.0	3.218	100.163	-1.0	-5.025	0.0	0.0	23.06	-19.99	0.0	2.112	61.125	-6.12	-5.963	0.0	67.367	0.0	-7.544	0.0	1.366	54.053	-6.74	-4.4	0.0	72.532	3.009	-1.0	33.8	1.182	67.228	-7.18	-4.275	0.0	67.618	0.0	0.0	0.0	1.886	56.184	-6.04	-5.025	12.23	68.968	5.479	-1.0	0.2	1.886	28.964	-6.36	-3.9	0.0	68.078	27.346	-10.011	0.4	0.0	27.22	-6.32	-5.088	0.0	65.851	20.372	0.0	0.2	1.718	20.149	-6.84	-7.088	0.0	68.736	12.09	-1.0	0.0	0.0	107.913	-6.02
-1.0	-9.775	11.166	0.0	24.222	-11.748	0.0	1.802	77.302	-7.22	-8.525	7.976	68.187	32.432	-6.869	0.0	3.394	103.069	-1.0	-5.338	0.0	0.0	23.568	-19.916	0.0	1.517	73.04	-6.16	-6.463	0.0	66.979	0.0	-6.962	0.0	1.626	47.66	-6.68	-4.588	0.0	70.746	2.791	-1.0	33.8	1.307	66.84	-7.2	-4.338	0.0	67.489	0.0	0.0	0.0	0.0	56.669	-6.09	-5.088	10.634	67.474	6.132	-1.0	0.2	1.366	22.861	-6.38	-3.712	0.0	67.923	27.709	-9.86	0.4	0.0	44.173	-6.38	-5.275	0.0	65.145	20.953	0.0	0.2	1.567	21.311	-6.84	-6.963	0.0	68.136	11.726	-1.0	0.0	1.048	99.195	-6.04
-1.0	-10.588	10.634	0.0	24.44	-11.435	0.0	1.366	81.855	-7.17	-8.525	9.039	67.972	32.286	-6.847	0.0	3.335	107.041	-1.0	-5.088	0.0	0.0	23.496	-21.925	0.0	1.408	61.997	-6.16	-6.15	0.0	67.714	0.0	-6.964	0.0	1.358	47.466	-6.76	-4.713	0.0	71.292	2.791	-1.0	34.2	0.0	73.815	-7.28	-4.338	0.0	68.201	0.0	0.0	0.0	0.0	39.91	-6.14	-5.338	9.039	69.422	5.987	-1.0	0.2	1.148	35.551	-6.42	-3.837	0.0	68.844	27.782	-9.93	0.4	0.0	44.173	-6.46	-5.213	0.0	66.642	20.372	0.0	0.2	1.232	11.043	-6.72	-7.213	0.0	68.034	11.726	-1.0	0.0	0.0	95.223	-6.1
-1.0	-10.4	10.634	0.0	24.222	-11.775	0.0	1.24	82.339	-7.19	-8.588	9.571	67.314	32.795	-6.828	0.0	2.849	95.611	-1.0	-4.963	0.0	0.0	23.35	-18.859	0.0	1.182	66.259	-6.18	-6.213	0.0	68.841	0.0	-6.966	0.0	1.601	59.865	-6.83	-4.525	0.0	71.497	3.444	-1.0	34.6	0.0	73.718	-7.3	-4.275	0.0	68.895	0.0	0.0	0.0	0.0	43.204	-6.16	-5.15	10.634	68.769	6.06	-1.0	0.2	1.869	48.532	-6.46	-3.837	0.0	68.711	27.419	-9.93	0.4	0.0	44.463	-6.46	-5.213	0.0	67.302	20.372	0.0	0.2	1.793	12.69	-6.82	-7.088	0.0	68.989	11.799	-1.0	0.0	0.0	100.551	-6.15
-1.0	-10.338	11.166	0.0	24.44	-11.168	0.0	1.961	84.471	-7.16	-8.588	7.444	67.547	31.923	-6.864	0.0	3.335	103.651	-1.0	-5.15	0.0	0.0	23.568	-19.675	0.0	1.391	73.04	-6.24	-6.025	0.0	69.601	0.0	-6.989	0.0	2.363	48.144	-6.84	-4.713	0.0	72.944	2.718	-1.0	35.0	1.115	63.837	-7.36	-4.275	0.0	70.02	0.0	0.0	0.0	1.257	54.053	-6.2	-5.15	9.571	70.104	5.769	-1.0	0.2	1.944	47.66	-6.48	-4.025	0.0	70.098	27.637	-9.852	0.4	0.0	57.347	-6.48	-5.338	0.0	66.994	20.808	0.0	0.2	1.768	12.206	-6.84	-7.025	0.0	70.714	11.944	-1.0	0.0	0.0	90.961	-6.2
-1.0	-9.713	10.103	0.0	24.876	-11.81	0.0	1.726	79.918	-7.06	-8.713	4.254	67.213	32.141	-7.079	0.0	3.612	109.463	-1.0	-5.463	0.0	0.0	23.786	-20.265	0.0	2.078	64.031	-6.27	-6.025	0.0	69.446	0.0	-6.966	0.0	2.028	54.15	-6.84	-4.775	0.0	73.207	2.863	-1.0	35.0	1.358	65.387	-7.39	-4.525	0.0	70.676	0.0	0.0	0.0	1.835	51.922	-6.26	-5.338	7.976	70.88	5.406	-1.0	0.2	1.693	33.711	-6.52	-3.775	0.0	69.098	27.637	-11.053	0.4	1.609	42.913	-6.56	-5.4	0.0	67.359	20.081	0.0	0.2	1.802	29.158	-6.84	-7.025	0.0	70.37	12.09	-22.348	0.0	0.905	90.67	-6.26
-1.0	-10.15	9.039	0.0	24.876	-11.646	0.0	1.927	79.143	-7.3	-8.9	9.571	69.143	32.65	-6.768	0.0	3.57	88.83	-1.0	-5.338	0.0	0.0	23.278	-19.536	0.0	2.003	63.837	-6.24	-6.15	0.0	70.761	0.0	-6.902	0.0	1.71	56.475	-6.84	-4.65	0.0	73.231	3.299	-1.0	35.2	1.324	68.874	-7.42	-4.65	0.0	70.254	0.0	0.0	0.0	2.02	48.435	-6.22	-5.15	7.444	70.667	5.915	-1.0	0.2	1.441	37.392	-6.57	-3.837	0.0	70.154	27.201	-10.078	0.4	0.0	43.301	-6.57	-5.338	0.0	68.088	20.59	0.0	0.2	1.508	4.747	-6.84	-7.15	0.0	70.198	11.654	-1.0	0.0	0.98	101.52	-6.28
-1.0	-10.088	6.912	0.0	24.367	-12.882	0.0	2.154	86.989	-7.31	-8.775	5.849	68.868	32.068	-6.799	0.0	3.729	92.026	-1.0	-5.4	0.0	0.0	23.496	-18.951	0.0	1.693	97.064	-6.38	-6.463	0.0	68.526	0.0	-7.007	0.0	1.609	70.134	-6.84	-4.713	0.0	73.422	3.444	-1.0	35.4	1.031	87.667	-7.46	-4.338	0.0	70.319	0.0	0.0	0.0	1.366	60.253	-6.24	-5.275	7.976	70.786	5.697	-1.0	0.2	1.366	27.802	-6.53	-4.15	0.0	70.826	27.564	-9.894	0.4	0.0	43.01	-6.62	-5.338	0.0	68.279	20.88	0.0	0.2	1.408	2.615	-6.96	-7.275	0.0	70.69	11.726	-22.202	0.0	0.0	107.816	-6.3
-1.0	-10.025	7.976	0.0	24.803	-11.823	0.0	2.271	84.761	-7.36	-8.65	5.317	68.485	32.286	-6.845	0.0	3.997	100.163	-1.0	-5.338	0.0	0.0	23.714	-19.25	0.0	1.156	80.983	-6.29	-6.525	0.0	70.727	0.0	-6.919	0.0	1.525	54.15	-6.84	-4.838	0.0	73.946	2.645	-1.0	35.4	0.939	78.658	-7.48	-4.588	0.0	70.731	0.0	0.0	0.0	1.249	46.207	-6.25	-5.463	6.912	70.094	5.697	-1.0	0.2	1.467	37.973	-6.62	-3.962	0.0	70.856	27.855	-9.974	0.4	0.0	46.498	-6.7	-5.65	0.0	69.386	20.953	0.0	0.2	1.441	18.696	-7.06	-7.338	0.0	71.353	11.799	-22.266	0.0	0.0	111.594	-6.34
-1.0	-10.025	6.912	0.0	24.658	-11.769	0.0	2.397	90.089	-7.34	-8.525	3.722	68.986	31.923	-6.818	0.0	4.483	97.354	-1.0	-5.338	0.0	0.0	22.915	-18.965	0.0	1.366	64.322	-6.34	-6.463	0.0	70.618	0.0	-6.878	0.0	1.684	54.344	-6.94	-4.838	0.0	73.496	3.444	-1.0	36.0	0.964	81.08	-7.45	-4.4	0.0	69.163	0.0	0.0	0.0	0.947	64.612	-6.4	-5.4	6.912	71.901	5.769	-1.0	0.2	1.684	40.782	-6.61	-3.775	0.0	71.03	27.346	-10.086	0.4	0.0	45.529	-6.84	-5.588	0.0	69.779	20.372	0.0	0.2	1.081	27.802	-7.14	-7.4	0.0	70.849	11.872	-1.0	0.0	0.0	112.563	-6.36
-1.0	-10.15	5.849	0.0	24.731	-11.594	0.0	1.718	68.487	-7.35	-8.713	4.785	68.984	33.158	-6.819	0.0	3.788	99.388	-1.0	-5.463	0.0	0.0	23.133	-18.653	0.0	1.634	63.837	-6.46	-6.713	0.0	71.84	0.0	-6.92	0.0	1.735	44.076	-6.98	-4.775	0.0	73.94	3.444	-1.0	36.0	0.0	78.465	-7.5	-4.525	0.0	70.678	0.0	0.0	0.0	1.274	49.501	-6.4	-5.4	5.849	72.579	5.479	-1.0	0.2	1.366	34.97	-6.66	-4.025	0.0	72.211	27.201	-10.026	0.4	0.0	59.769	-6.84	-5.4	0.0	70.223	20.517	0.0	0.2	1.299	9.881	-7.11	-7.65	0.0	71.973	11.944	-22.185	0.0	1.039	102.488	-6.42
-1.0	-10.213	17.015	0.0	24.658	-11.799	0.0	1.777	90.089	-7.31	-8.65	2.127	69.339	32.432	-6.874	0.0	3.779	104.813	-1.0	-5.4	0.0	0.0	22.915	-18.951	0.0	1.483	69.843	-6.6	-6.775	0.0	71.568	0.0	-6.915	0.0	1.45	42.913	-7.02	-4.838	0.0	75.04	2.936	-1.0	36.0	0.0	81.564	-7.62	-4.713	0.0	71.916	0.0	0.0	0.0	1.5	50.663	-6.5	-5.588	5.849	73.255	5.551	-1.0	0.2	0.0	38.942	-6.74	-4.025	0.0	72.46	27.346	-10.149	0.4	0.0	33.614	-6.83	-5.713	0.0	68.663	20.59	0.0	0.2	1.483	20.536	-7.2	-7.588	0.0	72.868	11.654	-1.0	0.0	0.0	104.329	-6.49
-1.0	-10.588	4.254	0.0	24.658	-11.805	0.0	1.659	94.157	-7.34	-8.525	0.532	69.531	32.141	-6.699	0.0	3.897	110.238	-1.0	-5.4	0.0	0.0	23.641	-18.667	0.0	1.467	83.211	-6.6	-7.15	0.0	72.513	0.0	-6.923	0.0	1.249	57.444	-7.05	-5.088	0.0	73.949	2.791	-1.0	36.2	0.0	77.011	-7.64	-4.775	0.0	71.404	0.0	0.0	0.0	1.19	60.447	-6.43	-5.4	5.317	72.016	5.915	-1.0	0.2	0.93	40.104	-6.76	-4.025	0.0	71.243	27.273	-10.149	0.4	0.0	57.541	-6.84	-5.9	0.0	69.68	20.88	0.0	0.2	0.955	10.752	-7.28	-7.838	0.0	73.186	12.308	-1.0	0.0	0.0	108.107	-6.53
