8.25	14.475	619.454	64.951	24.876	-13.817	34.8	1.508	229.485	7.21	13.85	677.944	63.526	33.521	-9.288	28.8	0.0	254.864	6.88	10.725	0.0	66.401	24.15	-12.046	0.0	2.12	231.228	8.58	14.975	0.0	65.285	30.761	-4.756	35.0	2.12	200.23	7.84	12.287	0.0	64.521	11.654	-10.126	0.0	1.307	204.783	8.1	9.225	0.0	64.345	0.0	0.0	0.2	2.12	207.108	8.46	9.225	212.688	65.621	9.256	-1.0	0.0	1.416	168.36	7.26	8.662	0.0	65.353	26.474	-12.442	31.6	1.425	213.017	7.92	6.975	0.0	64.838	21.752	-18.073	0.0	0.0	149.47	8.48	17.788	0.0	64.051	9.329	-1.0	37.2	0.0	243.531
8.84	16.038	582.766	64.972	25.312	-15.988	34.8	0.0	223.769	6.98	14.412	661.46	65.849	33.594	-9.281	28.8	1.089	271.526	7.04	14.537	0.0	66.322	23.932	-12.77	0.0	0.0	213.404	9.12	21.288	0.0	63.464	30.761	-7.091	35.0	1.492	193.255	8.04	13.412	0.0	65.984	10.637	-10.252	0.0	1.567	192.383	8.1	10.35	0.0	65.365	0.0	0.0	0.2	1.374	195.871	8.34	10.537	415.274	65.242	9.838	-1.0	0.0	1.039	191.318	7.23	9.287	0.0	66.79	26.474	-12.506	31.6	0.0	217.666	7.96	7.35	0.0	64.762	20.59	-18.361	0.0	0.0	147.92	8.98	21.225	0.0	61.951	9.62	-1.0	37.2	0.0	198.68
8.92	15.912	673.158	63.122	25.239	-14.279	34.8	0.0	190.059	7.3	15.1	753.448	61.249	33.449	-9.171	28.8	0.0	225.61	7.02	13.225	0.0	63.549	24.367	-12.562	0.0	0.0	233.069	8.8	19.038	0.0	61.695	31.342	-6.274	35.0	0.0	192.48	8.09	12.85	0.0	63.956	11.291	-10.159	0.0	0.972	209.045	8.18	11.662	0.0	63.024	0.0	0.0	0.2	1.827	202.845	8.65	10.787	394.005	64.358	9.983	-1.0	0.0	1.643	180.662	7.54	10.1	0.0	66.276	26.474	-12.649	31.6	1.115	211.757	7.97	7.662	0.0	64.929	21.462	-18.245	0.0	0.0	148.308	8.53	18.6	0.0	60.231	9.838	-1.0	37.2	0.0	211.854
9.25	13.975	321.159	64.573	24.803	-13.615	34.8	1.819	225.029	7.75	14.1	442.391	65.467	33.594	-9.153	28.8	0.0	281.6	6.9	11.412	0.0	66.215	24.15	-12.35	0.0	0.0	223.091	8.59	15.975	0.0	62.982	30.833	-5.228	35.0	0.0	191.608	8.2	11.662	0.0	67.291	11.218	-9.94	0.0	0.0	200.908	8.32	10.662	0.0	63.995	0.0	0.0	0.2	1.869	203.62	8.68	10.1	290.851	64.501	9.62	-1.0	0.0	1.726	182.406	7.48	9.412	0.0	66.347	26.62	-12.318	31.6	1.743	219.023	8.1	7.662	0.0	64.262	21.752	-18.342	0.0	0.0	172.331	8.62	19.6	0.0	63.769	9.765	-1.0	37.2	0.0	240.721
8.32	11.225	332.857	67.123	24.731	-13.322	34.8	1.265	223.866	7.21	10.912	333.92	66.488	33.667	-8.789	28.8	1.165	235.49	6.94	10.1	0.0	68.322	24.44	-12.16	0.0	0.0	254.089	8.48	13.975	0.0	60.166	30.833	-4.46	35.0	0.0	226.869	8.14	11.537	0.0	66.928	10.855	-9.922	0.0	0.972	242.853	8.17	9.475	0.0	66.825	0.0	0.0	0.2	1.953	193.933	8.48	9.162	196.205	65.184	9.184	-1.0	0.0	1.768	180.856	7.38	8.537	0.0	67.195	27.056	-12.21	31.6	1.701	227.257	8.12	7.725	0.0	63.961	21.534	-18.755	0.0	0.0	168.069	8.74	15.475	0.0	65.89	9.838	-1.0	37.2	0.0	228.128
8.92	11.225	255.758	65.73	24.949	-13.322	34.8	0.0	196.355	7.2	10.912	334.984	65.561	32.867	-8.798	28.8	1.098	261.839	6.93	9.475	0.0	69.437	24.295	-11.907	0.0	2.103	216.795	8.51	13.287	0.0	65.767	30.979	-8.85	35.0	1.802	199.746	7.98	10.787	0.0	66.437	11.291	-9.79	0.0	1.106	204.105	8.12	9.037	0.0	67.871	0.0	0.0	0.2	1.785	193.643	8.52	9.1	173.341	67.214	9.62	-1.0	0.0	1.207	181.631	7.3	8.475	0.0	68.068	26.256	-12.159	31.6	1.827	216.02	8.13	7.35	0.0	65.452	21.825	-18.361	0.0	0.0	142.108	8.24	14.287	0.0	66.293	9.329	-1.0	37.2	0.0	206.042
8.94	14.537	534.911	63.154	24.803	-14.037	34.8	0.0	197.518	7.33	12.85	591.805	64.459	33.594	-9.054	28.8	0.0	270.654	6.92	9.037	0.0	63.947	24.295	-11.835	0.0	2.011	214.954	8.52	13.35	0.0	63.696	30.688	-4.541	35.0	1.534	181.05	7.91	11.662	0.0	64.946	11.073	-9.894	0.0	0.0	202.458	8.07	8.475	0.0	66.017	0.0	0.0	0.2	1.584	187.346	8.38	8.787	166.428	65.99	9.983	-1.0	0.0	1.383	170.394	7.22	8.1	0.0	65.619	26.62	-12.097	31.6	1.131	228.516	8.02	7.1	0.0	65.871	21.534	-18.298	0.0	0.0	157.607	7.8	13.287	0.0	64.514	9.692	-1.0	37.2	0.0	216.117
9.54	16.538	584.361	60.909	25.385	-14.363	34.8	1.961	187.443	7.26	14.475	664.651	61.917	34.175	-9.214	28.8	0.0	281.213	7.2	11.037	0.0	63.191	23.932	-12.322	0.0	0.0	230.647	8.52	15.975	0.0	60.742	30.833	-5.45	35.0	0.0	192.287	8.23	12.287	0.0	62.893	10.782	-10.001	0.0	1.198	215.535	8.03	8.975	0.0	64.25	0.0	0.0	0.2	1.508	185.796	8.48	9.475	362.102	64.189	9.838	-1.0	0.0	1.517	186.087	7.28	8.1	0.0	64.643	26.62	-12.057	31.6	1.559	221.154	8.04	7.412	0.0	63.447	20.953	-18.674	0.0	0.0	158.382	8.38	17.413	0.0	60.776	9.256	-1.0	37.2	0.0	223.091
8.98	14.1	384.434	60.161	24.658	-13.998	34.8	2.028	231.519	7.48	14.162	499.285	60.061	33.303	-9.228	28.8	0.0	271.429	7.22	11.787	0.0	64.385	24.44	-12.455	0.0	1.693	230.841	8.66	16.038	0.0	62.798	31.051	-5.205	35.0	2.07	211.37	8.08	11.537	0.0	61.265	10.782	-9.859	0.0	0.0	194.224	8.42	9.912	0.0	62.842	0.0	0.0	0.2	1.819	189.768	8.62	9.975	270.114	64.823	9.62	-1.0	0.0	1.802	179.306	7.44	9.037	0.0	64.781	26.62	-12.295	31.6	1.886	218.054	8.09	7.725	0.0	65.033	21.098	-18.654	0.0	0.0	137.458	8.69	18.35	0.0	60.997	9.62	-1.0	37.2	2.137	198.971
8.7	11.537	313.715	61.282	25.385	-13.283	34.8	0.0	227.547	7.31	12.037	355.721	60.912	33.158	-9.056	28.8	0.0	259.805	7.14	10.725	0.0	63.237	23.859	-12.118	0.0	1.416	197.033	8.56	15.225	0.0	61.231	30.543	-5.19	35.0	1.316	193.255	8.2	10.787	0.0	61.962	10.782	-9.764	0.0	0.0	193.255	8.28	9.662	0.0	62.369	0.0	0.0	0.2	0.0	185.699	8.54	10.037	272.773	63.449	9.256	-1.0	0.0	0.0	177.756	7.35	8.725	0.0	64.132	26.547	-12.242	31.6	0.0	208.367	8.1	8.162	0.0	63.763	21.462	-18.569	0.0	0.0	143.27	8.49	14.225	0.0	61.785	9.547	-1.0	37.2	0.0	222.316
8.81	14.225	549.267	63.579	24.803	-13.867	34.8	0.0	220.573	7.2	11.85	457.28	63.164	33.594	-8.897	28.8	1.173	259.127	7.22	11.537	0.0	64.385	24.004	-12.91	0.0	2.103	226.578	9.06	16.85	0.0	62.725	30.833	-5.798	35.0	2.087	227.741	8.2	12.225	0.0	64.666	10.782	-9.956	0.0	1.282	185.118	8.33	9.85	0.0	62.63	0.0	0.0	0.2	1.433	197.905	8.81	10.475	328.072	63.467	9.838	-1.0	0.0	1.123	167.197	7.5	9.225	0.0	64.627	26.692	-12.246	31.6	0.939	231.616	8.34	9.475	0.0	64.138	21.244	-19.118	0.0	0.0	166.713	8.34	15.85	0.0	63.08	9.62	-1.0	37.2	0.0	262.227
9.19	19.1	715.164	62.972	25.167	-15.069	34.8	2.036	252.54	7.09	15.537	692.832	63.7	33.957	-9.429	28.8	0.0	290.028	7.3	14.475	0.0	65.333	23.859	-12.875	0.0	0.0	228.903	8.9	17.913	0.0	63.231	30.47	-6.35	35.0	0.0	205.655	8.25	14.537	0.0	64.371	10.782	-10.587	0.0	0.0	214.179	8.48	11.35	0.0	64.854	0.0	0.0	0.2	1.819	192.093	8.91	11.537	408.893	63.819	9.692	-1.0	0.0	1.785	177.756	7.64	9.85	0.0	65.283	26.474	-12.435	31.6	1.894	226.578	8.52	12.037	0.0	64.141	21.462	-20.27	0.0	0.0	177.562	8.94	20.663	0.0	62.48	9.62	-1.0	37.2	0.0	224.641
9.58	16.788	456.748	63.263	24.44	-14.639	34.8	1.207	203.62	7.46	14.725	458.875	62.595	33.667	-9.343	28.8	0.0	255.639	7.36	16.85	0.0	66.189	23.786	-13.072	0.0	0.997	223.479	9.34	21.225	0.0	62.379	30.47	-7.316	35.0	0.947	189.284	8.68	15.6	0.0	63.612	10.855	-10.511	0.0	1.978	192.093	8.34	12.475	0.0	65.105	0.0	0.0	0.2	1.307	195.968	9.0	13.475	564.687	64.418	10.128	-1.0	0.0	1.148	181.147	7.87	11.1	0.0	66.117	26.547	-12.829	31.6	1.24	224.447	8.72	15.537	0.0	64.37	21.098	-21.03	0.0	0.0	176.012	9.18	21.038	0.0	63.419	9.838	-1.0	37.2	1.45	240.14
8.62	12.787	376.99	63.183	25.457	-13.782	34.8	0.0	237.04	7.29	11.912	382.307	64.48	33.594	-8.924	28.8	0.0	295.84	7.54	16.413	0.0	66.194	24.44	-13.178	0.0	1.274	226.578	9.8	23.225	0.0	64.112	30.833	-7.908	35.0	1.726	210.595	8.22	13.287	0.0	65.989	10.782	-10.184	0.0	1.617	216.31	8.76	14.1	0.0	63.96	0.0	0.0	0.2	1.198	200.23	9.51	15.1	775.248	64.507	9.038	-1.0	0.0	0.93	200.908	8.23	12.162	0.0	64.285	26.474	-13.503	31.6	0.0	213.792	8.88	16.538	0.0	65.034	21.244	-21.248	0.0	0.0	160.901	8.38	16.85	0.0	64.726	9.91	-1.0	37.2	0.0	231.228
9.44	15.162	509.388	62.226	24.658	-14.278	34.8	0.0	204.492	7.37	14.037	584.361	63.387	33.376	-9.23	28.8	0.0	224.544	7.52	16.975	0.0	65.945	23.786	-13.458	0.0	1.944	231.228	9.78	23.413	0.0	62.593	30.833	-8.177	35.0	1.433	200.617	8.56	14.412	0.0	63.033	10.782	-10.345	0.0	0.0	203.233	8.89	13.912	0.0	64.87	0.0	0.0	0.2	1.659	194.224	9.56	15.975	691.768	64.683	9.692	-1.0	0.0	1.626	170.781	8.24	12.912	0.0	65.801	26.547	-13.501	31.6	1.877	228.71	9.14	17.788	0.0	64.692	21.607	-21.91	0.0	0.0	168.069	9.09	19.35	0.0	63.627	9.547	-1.0	37.2	0.0	225.029
9.47	17.225	709.847	61.637	25.385	-14.795	34.8	0.0	222.316	7.88	14.287	565.219	63.029	33.303	-9.329	28.8	0.0	260.289	7.5	14.037	0.0	64.185	23.859	-12.871	0.0	1.458	220.185	9.46	20.913	0.0	61.692	30.543	-6.963	35.0	1.173	215.729	8.62	13.787	0.0	64.352	10.492	-10.25	0.0	1.215	245.565	9.13	14.412	0.0	61.807	0.0	0.0	0.2	0.939	191.318	9.48	16.163	652.421	63.049	9.692	-1.0	0.0	1.048	174.269	8.34	12.975	0.0	64.359	26.62	-13.514	31.6	0.0	217.085	9.06	17.85	0.0	64.595	21.462	-21.235	0.0	0.0	146.758	9.26	20.663	0.0	60.749	9.62	-1.0	37.2	1.827	192.48
9.67	16.663	346.682	61.101	24.876	-14.839	34.8	1.802	240.915	7.87	16.475	763.019	61.963	33.667	-9.573	28.8	0.0	281.6	7.77	16.85	0.0	63.789	23.786	-13.649	0.0	1.777	229.194	8.97	23.913	0.0	62.147	31.124	-7.782	35.0	1.86	205.267	8.56	15.6	0.0	63.424	10.709	-10.58	0.0	0.0	206.817	8.58	11.725	0.0	64.65	0.0	0.0	0.2	1.659	227.644	9.37	14.162	751.853	64.4	9.256	-1.0	0.0	1.089	168.457	8.26	10.85	0.0	66.378	26.62	-14.673	31.6	0.0	215.245	8.99	15.475	0.0	63.889	21.68	-20.674	0.0	0.0	161.676	9.14	22.538	0.0	62.091	9.692	-1.0	37.2	0.0	200.811
10.1	19.725	690.705	61.741	24.585	-15.338	34.8	1.76	189.574	8.24	17.413	755.043	62.419	33.449	-9.751	28.8	2.129	270.46	7.82	18.1	0.0	64.158	23.568	-13.918	0.0	1.827	216.117	10.24	26.975	0.0	62.445	31.124	-9.038	35.0	1.182	195.968	8.96	16.475	0.0	63.213	11.363	-10.711	0.0	0.0	260.967	9.0	14.537	0.0	62.35	0.0	0.0	0.2	1.14	197.421	9.64	15.912	724.203	62.852	9.692	-1.0	0.0	0.939	190.543	8.34	12.85	0.0	63.888	26.474	-13.538	31.6	0.0	224.254	9.19	17.538	0.0	61.986	21.534	-21.588	0.0	0.0	141.333	9.16	24.413	0.0	61.046	9.62	-1.0	37.2	0.0	201.683
9.44	17.1	539.165	61.632	24.731	-15.059	34.8	1.785	216.504	7.94	14.912	643.382	63.874	33.594	-9.351	28.8	0.0	298.262	7.7	18.038	0.0	66.087	24.077	-13.905	0.0	1.031	217.473	9.69	25.725	0.0	61.702	30.47	-8.45	35.0	1.24	192.48	9.02	15.85	0.0	64.2	10.637	-10.59	0.0	0.0	201.295	9.14	14.85	0.0	63.886	0.0	0.0	0.2	1.115	209.529	9.69	15.912	709.315	63.59	9.329	-1.0	0.0	1.483	176.4	8.77	13.537	0.0	64.379	26.62	-13.676	31.6	0.0	238.203	9.34	18.288	0.0	62.913	21.68	-22.088	0.0	0.0	105.491	9.62	22.475	0.0	63.802	9.474	-1.0	37.2	0.0	255.639
10.21	19.163	477.485	62.609	25.239	-15.624	34.8	1.978	210.692	8.42	16.225	543.95	63.707	33.521	-9.537	28.8	0.0	269.589	7.64	13.412	0.0	65.338	23.932	-12.833	0.0	1.198	229.969	9.82	22.6	0.0	62.261	30.47	-7.642	35.0	0.955	193.933	8.92	12.975	0.0	64.266	11.073	-10.167	0.0	0.0	198.292	8.88	11.787	0.0	64.203	0.0	0.0	0.2	1.14	208.658	9.44	12.975	420.059	63.994	9.256	-1.0	0.0	0.964	187.734	8.22	11.912	0.0	64.394	26.547	-13.505	31.6	0.0	225.416	9.06	14.037	0.0	63.789	21.752	-20.442	0.0	0.0	163.419	9.54	21.913	0.0	60.366	9.91	-1.0	37.2	1.911	213.017
9.6	16.475	528.53	63.686	24.658	-14.796	34.8	1.844	252.54	7.95	13.912	560.433	64.816	33.739	-9.204	28.8	0.0	283.538	7.62	13.412	0.0	65.69	23.423	-12.916	0.0	0.0	226.578	9.42	19.913	0.0	62.336	30.833	-6.621	35.0	1.76	199.455	8.6	14.412	0.0	64.349	11.291	-10.424	0.0	0.0	214.373	9.06	11.85	0.0	63.984	0.0	0.0	0.2	0.0	196.258	9.45	13.225	563.092	64.774	9.91	-1.0	0.0	0.0	172.719	7.9	10.475	0.0	66.341	26.474	-13.486	31.6	0.0	217.279	9.13	15.6	0.0	64.912	21.462	-20.714	0.0	0.0	187.443	8.9	15.35	0.0	62.642	10.056	-1.0	37.2	2.095	204.783
9.45	16.475	764.614	64.719	25.53	-15.034	34.8	1.148	220.379	7.66	14.037	730.584	66.134	33.885	-9.24	28.8	2.078	246.34	7.78	17.475	0.0	67.35	23.932	-13.782	0.0	1.324	228.903	9.49	24.475	0.0	63.444	30.761	-8.235	35.0	1.006	177.562	8.8	15.725	0.0	65.571	11.073	-10.652	0.0	0.0	225.029	9.23	14.225	0.0	63.735	0.0	0.0	0.2	0.922	180.856	9.56	16.225	767.804	65.734	9.91	-1.0	0.0	1.173	170.975	7.98	12.162	0.0	66.926	26.402	-13.404	31.6	1.467	206.43	9.22	16.663	0.0	65.204	21.534	-21.29	0.0	0.0	142.302	9.42	21.225	0.0	65.736	10.056	-1.0	37.2	1.894	214.954
9.52	18.35	639.66	64.925	24.731	-15.298	34.8	0.964	300.587	7.68	14.537	763.019	65.016	33.739	-9.308	28.8	0.0	309.886	7.48	18.35	0.0	68.209	24.44	-13.795	0.0	1.098	250.505	9.76	24.85	0.0	65.493	30.833	-8.153	35.0	0.0	211.757	9.18	16.413	0.0	66.297	10.709	-10.764	0.0	1.341	204.88	9.4	14.537	0.0	65.374	0.0	0.0	0.2	1.383	199.746	9.96	16.288	775.78	65.887	9.329	-1.0	0.0	1.684	176.884	8.6	13.662	0.0	67.066	25.966	-14.014	31.6	0.989	233.844	9.24	17.1	0.0	65.291	20.953	-21.438	0.0	0.0	160.126	9.25	23.475	0.0	65.513	9.692	-1.0	37.2	1.022	228.322
9.25	13.1	241.933	66.2	24.658	-14.405	34.8	1.651	218.829	7.66	14.85	679.539	65.916	33.449	-9.37	28.8	2.02	266.489	7.74	18.1	0.0	67.18	24.44	-13.918	0.0	1.684	261.064	9.43	22.725	0.0	65.02	30.615	-7.685	35.0	1.182	214.663	9.06	14.537	0.0	64.734	10.927	-10.423	0.0	0.972	210.304	9.55	14.6	0.0	65.097	0.0	0.0	0.2	1.659	200.327	10.23	15.787	694.959	65.797	9.547	-1.0	0.0	1.71	164.872	8.7	12.975	0.0	66.921	26.838	-13.873	31.6	1.416	211.079	9.23	16.788	0.0	64.791	21.534	-21.332	0.0	0.0	175.431	9.77	22.038	0.0	63.855	9.256	-1.0	37.2	0.0	245.177
8.86	11.412	252.567	66.759	25.021	-13.83	34.8	1.366	216.504	7.44	11.725	407.298	67.017	34.466	-8.918	28.8	1.601	240.043	7.64	14.912	0.0	68.212	24.077	-13.338	0.0	0.0	230.066	9.51	19.913	0.0	64.507	30.47	-6.717	35.0	0.0	210.207	8.78	13.287	0.0	66.826	11.0	-10.223	0.0	0.0	217.279	9.06	12.975	0.0	65.59	0.0	0.0	0.2	1.634	200.617	9.8	14.412	555.116	65.141	9.329	-1.0	0.0	1.399	185.893	8.1	12.162	0.0	67.273	26.474	-13.554	31.6	1.575	205.848	9.24	16.475	0.0	64.238	21.462	-21.113	0.0	0.0	195.968	9.16	17.85	0.0	64.419	9.62	-1.0	37.2	0.0	232.294
8.91	13.6	528.53	67.665	25.239	-14.336	34.8	1.894	240.818	7.42	11.35	318.501	66.77	34.321	-8.907	28.8	1.793	264.164	7.54	12.787	0.0	69.686	24.222	-12.84	0.0	0.0	220.185	9.4	15.6	0.0	67.347	31.124	-5.1	35.0	1.81	194.418	8.44	13.6	0.0	68.495	11.363	-10.212	0.0	1.643	219.991	8.84	10.725	0.0	67.868	0.0	0.0	0.2	1.693	192.48	9.43	12.35	259.48	67.08	9.91	-1.0	0.0	1.358	202.167	8.16	10.85	0.0	68.174	26.547	-13.011	31.6	1.45	222.51	9.14	13.787	0.0	66.864	21.244	-20.039	0.0	0.0	176.594	8.6	14.475	0.0	67.011	9.91	-1.0	37.2	0.0	212.92
9.5	13.912	345.618	66.108	25.457	-15.078	34.8	0.989	268.814	7.6	12.662	400.917	66.803	33.376	-8.973	28.8	0.0	278.694	7.72	14.037	0.0	69.242	24.367	-12.952	0.0	1.844	233.166	9.11	18.288	0.0	66.093	30.47	-5.971	35.0	1.332	201.586	8.79	14.162	0.0	67.263	10.782	-10.241	0.0	1.165	200.133	8.42	10.475	0.0	68.518	0.0	0.0	0.2	0.0	187.249	9.25	13.975	523.213	67.673	9.329	-1.0	0.0	0.0	194.03	7.92	10.537	0.0	69.837	26.474	-12.727	31.6	0.0	213.307	8.88	15.412	0.0	67.632	21.752	-20.877	0.0	0.0	176.012	8.93	19.538	0.0	66.444	9.983	-1.0	37.2	1.927	207.204
9.12	11.537	261.606	64.439	25.167	-13.8	34.8	2.12	189.38	7.66	10.35	218.005	65.424	33.739	-8.729	28.8	0.0	256.317	7.73	12.662	0.0	67.394	23.714	-12.693	0.0	1.073	240.528	9.72	21.1	0.0	64.738	30.543	-6.879	35.0	0.0	187.637	8.58	13.787	0.0	66.245	10.782	-10.14	0.0	1.391	210.207	8.78	11.412	0.0	68.154	0.0	0.0	0.2	1.961	202.07	9.55	14.85	509.388	66.391	9.62	-1.0	0.0	0.0	155.67	8.26	11.787	0.0	68.031	26.62	-12.956	31.6	0.0	258.255	9.2	16.1	0.0	66.493	21.244	-20.324	0.0	0.0	182.018	9.32	16.538	0.0	66.542	9.692	-1.0	37.2	1.307	227.353
9.29	15.475	747.599	62.821	25.385	-14.079	34.8	2.12	260.87	7.6	13.975	670.499	63.788	33.521	-9.231	28.8	0.0	241.109	7.71	12.725	0.0	69.797	23.714	-12.433	0.0	0.0	221.832	9.34	25.538	0.0	65.502	30.979	-8.386	35.0	1.349	176.012	8.47	13.725	0.0	66.252	11.218	-10.131	0.0	0.0	197.13	9.14	12.35	0.0	66.891	0.0	0.0	0.2	1.106	203.62	9.96	15.662	776.312	65.611	9.256	-1.0	0.0	0.0	190.737	8.6	12.85	0.0	67.12	26.474	-12.769	31.6	1.198	248.18	9.53	17.85	0.0	65.728	20.953	-20.674	0.0	0.0	175.722	9.29	18.1	0.0	67.055	9.474	-1.0	37.2	0.0	224.641
9.65	12.35	215.878	60.699	24.876	-13.963	34.8	0.0	233.747	8.56	15.037	453.558	61.032	33.812	-9.368	28.8	1.156	240.915	7.88	14.287	0.0	66.228	24.004	-12.467	0.0	0.0	243.918	10.32	21.788	0.0	64.202	30.47	-6.863	35.0	0.0	201.392	9.02	13.037	0.0	62.831	10.709	-10.03	0.0	0.0	197.518	9.46	15.287	0.0	66.265	0.0	0.0	0.2	1.676	196.355	9.78	14.412	204.712	66.24	9.692	-1.0	0.0	0.0	166.907	8.65	14.225	0.0	68.883	26.474	-13.115	31.6	0.0	266.683	9.48	19.1	0.0	64.502	21.171	-22.142	0.0	0.0	198.292	9.54	22.475	0.0	64.596	9.838	-1.0	37.2	1.207	252.152
