-1.0	6.412	185.039	42.566	25.603	-11.748	0.4	1.441	181.243	9.08	6.225	271.177	55.293	33.594	-22.194	40.6	1.299	189.962	8.44	4.912	0.0	52.251	25.603	-1.791	11.2	1.726	151.795	7.95	6.35	0.0	59.194	31.051	-8.335	0.0	1.592	204.88	6.45	3.538	0.0	63.975	11.581	-8.986	24.8	1.684	190.349	7.78	4.537	0.0	56.01	0.0	0.0	0.0	0.0	160.32	8.8	4.912	77.1	56.983	11.073	-23.109	19.0	1.726	172.913	8.96	4.85	0.0	52.774	27.564	-22.981	46.2	1.265	174.559	8.68	4.85	0.0	53.959	26.184	-1.0	0.0	2.078	149.858	8.66	6.1	0.0	54.372	11.944	-20.944	8.6	0.0	203.717	9.0
-1.0	7.037	230.767	0.0	25.167	-11.846	0.4	1.374	155.282	9.47	6.662	278.09	52.756	34.03	-23.558	40.6	1.022	180.468	8.58	4.787	0.0	52.03	25.312	-1.544	11.2	0.939	172.525	7.7	6.287	0.0	60.011	31.415	-8.279	0.0	0.0	222.994	6.48	3.788	0.0	63.98	11.726	-9.024	24.8	0.0	202.942	7.01	4.537	0.0	58.844	0.0	0.0	0.0	1.919	214.47	7.86	4.85	80.29	62.523	10.927	-23.521	19.0	2.011	195.096	9.45	4.85	0.0	49.689	26.838	-22.546	46.2	0.964	171.46	8.78	5.037	0.0	53.198	26.474	-1.0	0.0	1.584	149.373	8.02	6.1	0.0	56.397	12.162	-21.162	8.6	1.425	215.245	8.58
0.0	8.225	248.845	0.0	25.021	-11.961	0.4	1.894	151.601	9.72	6.975	291.383	54.408	34.103	-22.088	40.6	0.0	181.147	7.97	4.662	0.0	54.331	25.82	-1.535	11.2	0.0	158.285	7.67	6.475	0.0	61.479	31.415	-8.333	0.0	0.0	187.831	6.5	4.1	0.0	63.984	11.654	-9.042	24.8	0.0	202.458	7.42	4.662	0.0	57.092	0.0	0.0	0.0	2.02	176.981	8.53	5.225	83.48	58.162	11.363	-23.425	19.0	0.0	209.723	8.48	4.787	0.0	55.704	27.056	-23.178	46.2	0.0	185.796	8.19	4.725	0.0	55.955	26.402	-1.0	0.0	2.053	168.65	8.0	6.287	0.0	56.277	12.235	-20.455	8.6	1.659	210.498	8.3
-1.0	9.1	206.308	0.0	24.949	-11.918	0.4	1.408	193.546	9.72	6.787	265.328	53.841	34.03	-23.71	40.6	1.224	214.47	7.89	4.537	0.0	54.585	25.53	-1.458	11.2	0.0	163.032	7.62	6.6	0.0	60.595	31.56	-8.346	0.0	0.0	211.079	6.55	4.162	0.0	63.993	11.508	-9.059	24.8	0.0	198.583	7.34	4.787	0.0	58.091	0.0	0.0	0.0	1.626	181.631	8.36	5.225	85.607	60.004	10.419	-23.641	19.0	1.76	197.808	8.17	4.475	0.0	56.566	27.201	-23.295	46.2	1.475	175.722	8.56	4.975	0.0	54.12	26.765	-1.0	0.0	1.517	160.707	8.04	6.787	0.0	56.663	11.799	-20.813	8.6	1.517	201.392	9.19
-1.0	8.725	156.858	0.0	25.53	-11.967	0.4	1.575	186.959	9.62	6.162	199.927	53.378	34.248	-23.727	40.6	1.022	207.689	7.79	4.912	0.0	55.748	25.603	-1.519	11.2	1.902	150.633	7.77	6.725	0.0	60.364	30.979	-8.352	0.0	0.0	201.005	6.58	4.037	0.0	64.301	11.654	-9.053	24.8	1.835	213.792	7.66	4.975	0.0	56.488	0.0	0.0	0.0	1.492	185.021	8.56	5.412	86.67	58.051	11.073	-23.267	19.0	0.0	190.543	8.66	4.787	0.0	53.539	26.692	-23.07	46.2	0.0	171.944	8.38	4.85	0.0	55.13	26.62	-1.0	0.0	1.994	171.556	8.18	8.162	0.0	56.801	12.09	-20.993	8.6	1.475	199.455	8.3
-1.0	8.725	169.087	0.0	25.239	-11.893	0.4	1.684	199.358	9.13	5.787	205.776	54.975	34.248	-24.148	40.6	1.224	179.79	8.24	5.037	0.0	52.882	25.53	-1.902	11.2	1.911	158.673	7.78	6.85	0.0	60.451	31.633	-8.374	0.0	2.078	197.905	6.74	4.287	0.0	63.529	11.581	-9.064	24.8	2.129	206.042	7.82	5.412	0.0	55.635	0.0	0.0	0.0	1.156	166.422	8.47	5.412	86.67	59.018	11.073	-22.828	19.0	2.053	185.118	8.64	4.85	0.0	52.909	27.056	-23.09	46.2	1.441	175.819	8.69	5.037	0.0	53.364	26.402	-1.0	0.0	0.0	154.798	8.76	9.475	0.0	55.157	11.944	-22.07	8.6	1.098	209.045	9.42
-1.0	8.287	156.326	0.0	25.021	-11.749	0.4	1.71	214.857	8.91	5.412	184.507	54.942	34.902	-23.701	40.6	1.207	216.31	8.05	4.85	0.0	54.194	25.385	-1.6	11.2	1.383	155.67	8.06	7.1	0.0	58.982	31.415	-8.291	0.0	2.003	204.298	6.56	4.35	0.0	64.654	11.654	-9.011	24.8	1.207	198.971	7.53	5.225	0.0	57.63	0.0	0.0	0.0	1.24	205.267	8.58	5.225	85.075	57.996	11.0	-23.856	19.0	2.12	203.717	8.97	4.975	0.0	51.601	27.128	-22.911	46.2	0.0	151.795	8.71	5.037	0.0	53.636	26.547	-1.0	0.0	1.349	157.995	9.04	9.475	0.0	53.773	11.872	-22.185	8.6	1.433	240.14	8.5
-1.0	8.725	182.912	9.935	24.949	-11.856	0.4	1.852	223.769	8.87	5.6	206.839	53.45	34.03	-23.545	40.6	1.115	234.619	8.15	5.1	0.0	53.823	25.385	-1.72	11.2	1.743	177.756	8.36	7.35	0.0	57.178	31.342	-8.379	0.0	1.894	176.303	8.44	4.975	0.0	57.394	11.436	-9.145	24.8	2.045	221.929	7.6	5.225	0.0	56.187	0.0	0.0	0.0	1.55	153.829	8.46	5.225	88.266	59.074	10.492	-23.425	19.0	1.911	181.534	8.82	5.1	0.0	53.323	26.765	-23.168	46.2	0.0	149.47	8.8	5.225	0.0	53.261	26.038	-1.0	0.0	1.24	147.145	9.25	9.475	0.0	53.594	12.38	-21.386	8.6	1.391	245.081	8.3
-1.0	8.912	188.229	36.028	25.53	-11.815	0.4	1.718	204.976	9.09	5.662	212.156	54.138	34.248	-24.215	40.6	1.198	228.419	7.73	4.975	0.0	55.856	25.239	-1.609	11.2	1.617	155.864	8.43	7.537	0.0	56.81	31.269	-8.434	0.0	1.819	173.494	8.09	4.725	0.0	58.728	11.508	-9.107	24.8	1.844	209.239	7.51	5.225	0.0	56.931	0.0	0.0	0.0	1.584	162.063	8.18	5.1	89.329	61.592	10.201	-23.493	19.0	1.383	197.421	8.94	5.162	0.0	51.99	26.547	-23.513	46.2	0.0	165.163	8.52	5.1	0.0	54.944	26.329	-1.0	0.0	1.148	156.735	10.04	11.162	0.0	48.845	11.944	-22.498	8.6	0.913	245.081	8.86
-1.0	8.725	172.809	36.348	25.167	-11.68	0.4	0.0	216.117	9.12	5.662	198.863	52.497	34.103	-23.783	40.6	1.626	218.054	8.43	5.35	0.0	51.979	25.385	-1.773	11.2	1.307	185.118	8.53	7.287	0.0	55.771	31.124	-8.406	0.0	2.028	162.935	7.54	4.6	0.0	60.184	11.872	-9.083	24.8	1.751	186.959	7.76	5.1	0.0	55.597	0.0	0.0	0.0	1.383	150.923	8.88	5.475	89.861	56.645	10.782	-23.613	19.0	1.643	166.229	8.98	5.162	0.0	51.784	27.056	-23.405	46.2	0.0	169.522	8.78	5.1	0.0	53.258	26.838	-1.0	0.0	2.137	152.57	9.82	10.162	0.0	50.197	12.09	-22.289	8.6	1.374	249.343	8.86
-1.0	8.6	172.809	27.916	25.603	-11.8	0.4	0.0	237.04	8.88	5.225	190.888	54.048	34.393	-23.533	40.6	1.626	260.58	8.44	5.35	0.0	51.86	25.094	-1.738	11.2	0.0	178.144	8.72	7.662	0.0	55.858	31.415	-8.431	0.0	0.0	159.157	7.04	4.35	0.0	63.025	11.944	-9.045	24.8	0.0	183.084	8.19	5.412	0.0	52.665	0.0	0.0	0.0	0.0	158.479	8.82	5.225	93.051	58.179	10.564	-23.533	19.0	1.391	181.243	9.08	5.412	0.0	51.858	26.692	-23.267	46.2	0.905	110.819	9.13	5.225	0.0	51.623	26.62	-1.0	0.0	1.584	177.369	9.79	10.037	0.0	49.028	11.944	-22.365	8.6	1.5	234.231	9.35
-1.0	9.475	218.005	39.327	25.021	-11.666	0.4	1.399	196.355	9.26	5.912	229.703	54.579	34.248	-23.864	40.6	1.45	271.139	8.8	5.537	0.0	50.79	25.675	-1.907	11.2	1.274	127.287	8.47	7.6	0.0	57.457	31.342	-8.407	0.0	1.374	212.145	7.06	4.6	0.0	62.024	11.654	-9.137	24.8	0.0	173.881	7.63	5.287	0.0	57.501	0.0	0.0	0.0	0.0	184.246	9.04	5.6	93.583	57.487	10.492	-23.435	19.0	1.483	201.005	9.38	5.225	0.0	50.382	26.838	-23.425	46.2	0.0	206.817	9.52	5.412	0.0	49.79	26.329	-1.0	0.0	1.299	161.094	10.15	11.1	0.0	47.59	12.017	-22.244	8.6	1.24	249.44	9.6
-1.0	8.912	165.365	41.948	25.312	-12.315	0.4	0.0	213.792	9.2	5.6	186.634	53.018	33.885	-23.435	40.6	1.483	221.154	8.5	5.475	0.0	52.379	25.748	-1.988	11.2	1.115	158.77	8.66	7.6	0.0	56.991	31.269	-8.39	0.0	1.441	224.447	6.68	4.537	0.0	64.015	11.654	-9.067	24.8	0.0	186.862	8.14	5.412	0.0	53.703	0.0	0.0	0.0	0.0	157.607	9.52	5.975	95.71	54.081	11.145	-23.885	19.0	1.927	201.974	9.19	5.412	0.0	52.416	26.983	-23.376	46.2	0.0	168.36	8.74	5.35	0.0	53.551	26.838	-1.0	0.0	1.617	154.895	9.45	10.662	0.0	54.101	12.09	-22.686	8.6	0.922	187.346	9.26
-1.0	8.787	179.19	47.908	25.966	-11.759	0.4	0.0	221.444	9.14	5.787	191.951	53.339	34.466	-23.714	40.6	1.701	219.119	7.97	5.225	0.0	54.42	25.457	-1.798	11.2	1.844	165.357	8.36	7.85	0.0	58.309	31.56	-8.453	0.0	1.785	197.033	6.81	4.6	0.0	63.347	11.508	-9.057	24.8	1.844	204.105	7.98	5.287	0.0	54.273	0.0	0.0	0.0	1.249	167.585	8.87	5.6	99.432	58.157	11.145	-24.087	19.0	2.062	188.509	8.86	5.225	0.0	53.15	26.62	-22.989	46.2	1.14	166.132	9.3	5.35	0.0	50.828	26.838	-1.0	0.0	2.053	166.616	9.64	9.912	0.0	51.452	11.726	-22.674	8.6	0.0	196.355	8.89
-1.0	9.412	205.776	46.709	25.021	-11.826	0.4	2.028	203.717	9.14	5.85	209.498	52.59	34.611	-24.598	40.6	1.71	201.683	7.54	5.162	0.0	57.226	25.603	-1.639	11.2	0.0	148.695	8.46	7.85	0.0	57.63	31.342	-8.487	0.0	1.341	184.537	6.76	4.6	0.0	63.255	11.508	-9.066	24.8	1.559	171.944	8.02	5.475	0.0	54.841	0.0	0.0	0.0	0.0	169.232	8.7	5.6	99.963	58.478	10.492	-24.194	19.0	2.062	176.206	8.67	5.225	0.0	54.463	26.692	-22.77	46.2	1.391	166.325	9.16	5.537	0.0	51.628	25.748	-1.0	0.0	2.053	160.32	9.36	9.85	0.0	51.413	12.162	-22.653	8.6	1.659	195.096	9.05
-1.0	8.787	163.77	50.573	25.167	-11.69	0.4	1.24	156.542	9.62	6.225	185.039	50.993	34.175	-23.527	40.6	1.408	216.795	8.35	5.475	0.0	52.028	25.82	-1.954	11.2	0.0	157.317	8.58	8.225	0.0	56.658	31.487	-8.496	0.0	1.777	182.018	6.7	4.787	0.0	64.541	11.508	-9.096	24.8	0.0	199.842	8.26	5.6	0.0	53.72	0.0	0.0	0.0	1.123	182.018	8.74	5.6	101.559	60.208	11.0	-22.115	19.0	1.391	170.007	9.16	5.475	0.0	52.592	27.128	-23.067	46.2	0.0	185.893	8.98	5.412	0.0	52.567	26.038	-1.0	0.0	1.835	158.382	8.73	9.662	0.0	54.975	12.162	-22.592	8.6	1.542	185.506	9.9
-1.0	10.037	233.957	49.513	25.167	-12.074	0.4	1.064	147.145	9.34	6.037	257.884	52.257	34.175	-23.796	40.6	1.425	220.476	8.71	5.6	0.0	51.203	25.312	-2.032	11.2	0.0	168.36	9.89	8.725	0.0	48.517	31.124	-8.527	0.0	2.12	205.655	6.88	4.85	0.0	63.414	11.436	-9.095	24.8	1.517	202.555	7.9	5.662	0.0	55.529	0.0	0.0	0.0	1.877	218.054	8.86	5.475	103.154	58.936	10.927	-23.83	19.0	1.559	164.194	9.23	5.475	0.0	50.606	26.184	-23.286	46.2	1.257	192.868	9.19	5.6	0.0	51.813	26.765	-1.0	0.0	1.232	151.698	8.81	10.787	0.0	53.77	12.09	-22.845	8.6	1.274	208.173	9.44
-1.0	10.787	230.767	50.221	25.385	-12.24	0.4	1.089	150.439	9.74	6.725	255.758	51.435	34.611	-23.912	40.6	1.131	183.181	8.4	5.475	0.0	52.485	25.094	-1.643	11.2	0.0	155.089	8.76	8.287	0.0	56.275	31.342	-8.468	0.0	2.003	181.147	6.79	4.975	0.0	64.172	11.218	-9.11	24.8	0.0	191.899	7.9	5.6	0.0	55.383	0.0	0.0	0.0	1.911	169.91	8.48	5.912	100.495	60.792	11.0	-23.973	19.0	1.969	200.133	8.58	5.037	0.0	55.396	27.273	-23.04	46.2	1.198	177.95	9.14	5.6	0.0	52.469	26.402	-1.0	0.0	1.064	153.732	8.69	11.412	0.0	55.264	12.308	-22.937	8.6	1.508	203.523	8.8
-1.0	10.975	232.894	50.867	25.021	-11.915	0.4	0.0	157.995	10.38	7.35	274.899	49.782	34.466	-23.785	40.6	0.0	160.029	8.76	5.725	0.0	51.451	25.094	-1.937	11.2	0.0	144.336	9.17	9.35	0.0	53.732	31.051	-8.601	0.0	1.684	183.568	6.96	5.037	0.0	63.76	12.235	-9.108	24.8	0.0	191.705	8.72	5.725	0.0	50.202	0.0	0.0	0.0	1.55	173.397	8.56	5.725	101.027	61.373	11.073	-23.585	19.0	0.0	187.443	8.84	5.475	0.0	53.087	26.547	-22.958	46.2	1.81	204.008	8.85	5.6	0.0	53.447	26.402	-1.0	0.0	1.542	177.369	9.12	12.787	0.0	53.486	11.799	-23.168	8.6	0.0	203.039	9.52
-1.0	10.537	241.401	52.76	25.82	-11.944	0.4	1.994	174.172	10.62	7.6	270.646	48.797	34.248	-23.981	40.6	0.0	142.786	8.81	5.725	0.0	52.002	25.603	-2.11	11.2	0.0	134.746	9.34	10.787	0.0	52.347	31.051	-8.783	0.0	1.559	172.719	6.88	5.037	0.0	64.215	11.363	-9.117	24.8	0.913	205.17	8.2	5.725	0.0	53.741	0.0	0.0	0.0	0.939	169.038	8.84	5.787	98.9	59.019	10.637	-1.0	19.0	0.0	182.406	8.62	5.6	0.0	54.9	27.273	-23.107	46.2	0.0	183.859	9.03	5.225	0.0	52.904	25.966	-1.0	0.0	1.869	173.106	9.42	13.1	0.0	53.26	12.017	-23.644	8.6	0.0	203.717	9.4
-1.0	10.662	206.308	52.904	24.949	-11.862	0.4	1.651	169.522	10.42	7.35	251.504	51.559	34.103	-24.121	40.6	0.0	164.291	8.44	5.6	0.0	53.388	25.021	-1.859	11.2	0.0	167.294	9.4	11.287	0.0	53.616	30.615	-8.872	0.0	1.55	178.822	6.93	5.1	0.0	63.478	11.726	-9.116	24.8	0.0	203.33	8.22	5.85	0.0	54.1	0.0	0.0	0.0	0.0	190.446	8.82	5.975	97.837	58.814	10.637	-23.994	19.0	0.0	190.446	8.77	5.412	0.0	54.002	26.62	-23.157	46.2	1.182	198.196	9.27	5.6	0.0	51.34	26.111	-1.0	0.0	1.986	180.275	9.4	12.412	0.0	52.205	11.944	-23.159	8.6	1.467	191.608	9.5
-1.0	10.162	200.99	53.366	25.53	-11.746	0.4	1.307	159.738	10.37	6.912	186.102	49.904	34.03	-24.307	40.6	0.0	136.296	8.47	5.6	0.0	52.195	25.021	-7.953	11.2	1.701	175.819	9.08	10.787	0.0	54.849	31.197	-8.915	0.0	0.0	181.147	6.95	5.1	0.0	63.454	11.944	-9.116	24.8	0.0	204.105	7.68	5.725	0.0	56.696	0.0	0.0	0.0	1.534	181.631	8.4	5.787	98.368	62.024	10.782	-23.714	19.0	0.0	192.48	8.47	5.35	0.0	55.35	26.765	-22.37	46.2	1.785	198.68	9.4	5.6	0.0	51.146	26.038	-1.0	0.0	0.0	171.556	9.2	11.537	0.0	53.228	12.162	-22.741	8.6	1.265	193.643	9.05
-1.0	11.1	220.132	51.159	24.949	-11.902	0.4	0.0	159.641	10.74	7.537	246.718	49.183	34.538	-24.297	40.6	0.0	140.171	8.25	5.412	0.0	53.599	25.167	-2.0	11.2	1.676	148.695	9.54	11.787	0.0	52.766	31.415	-8.926	0.0	1.659	180.468	7.52	5.1	0.0	60.181	11.726	-9.338	24.8	0.0	204.105	8.24	5.912	0.0	53.717	0.0	0.0	0.0	1.877	169.232	8.46	5.912	94.115	60.789	11.073	-23.755	19.0	0.0	193.062	8.58	5.475	0.0	55.396	27.128	-23.177	46.2	1.534	181.243	9.02	5.6	0.0	53.352	26.765	-1.0	0.0	2.062	164.001	10.15	12.85	0.0	48.736	11.944	-23.799	8.6	0.0	181.631	9.32
-1.0	11.35	218.005	51.539	25.239	-11.846	0.4	0.0	167.1	10.52	7.537	244.06	49.739	34.103	-22.374	40.6	0.0	137.846	8.35	5.6	0.0	52.478	25.53	-1.755	11.2	1.366	170.975	9.56	11.912	0.0	54.325	31.124	-8.914	0.0	1.508	186.959	7.02	5.35	0.0	63.438	11.218	-9.154	24.8	0.0	201.683	7.94	5.6	0.0	56.677	0.0	0.0	0.0	1.131	175.431	8.46	5.6	94.115	60.277	11.0	-23.871	19.0	2.028	181.631	8.66	5.537	0.0	54.402	26.91	-23.306	46.2	1.14	178.725	9.0	5.6	0.0	53.259	26.038	-1.0	0.0	1.249	162.16	10.02	12.85	0.0	50.713	12.308	-24.29	8.6	0.0	180.662	9.24
-1.0	11.225	238.742	0.0	25.675	-12.025	0.4	1.575	196.161	9.76	6.787	264.797	52.346	34.103	-23.822	40.6	0.0	187.734	8.48	5.537	0.0	52.617	25.312	-2.147	11.2	2.02	164.485	9.18	12.037	0.0	57.333	31.415	-8.994	0.0	1.726	201.78	7.22	5.725	0.0	62.443	11.581	-9.208	24.8	1.902	193.255	7.96	5.975	0.0	55.656	0.0	0.0	0.0	1.659	170.297	8.74	5.912	91.988	60.179	10.637	-23.973	19.0	1.793	206.042	8.86	5.475	0.0	54.045	26.838	-23.177	46.2	0.0	185.796	9.06	5.35	0.0	53.118	26.765	-1.0	0.0	1.324	158.382	10.16	13.162	0.0	49.538	12.09	-24.035	8.6	1.14	216.891	9.32
0.0	11.787	254.694	0.0	25.021	-12.02	0.4	1.785	167.875	10.28	7.725	294.041	50.137	34.321	-23.797	40.6	1.165	198.389	8.24	5.412	0.0	54.044	25.239	-1.76	11.2	0.0	186.474	9.45	12.912	0.0	56.702	31.633	-9.089	0.0	2.011	197.518	7.14	6.412	0.0	62.736	11.508	-9.31	24.8	1.785	198.583	8.24	5.85	0.0	53.925	0.0	0.0	0.0	1.886	160.513	8.52	5.725	88.266	62.213	11.0	-18.249	19.0	1.869	189.38	9.14	5.6	0.0	52.83	27.273	-23.107	46.2	0.0	189.284	8.82	5.412	0.0	54.336	26.184	-1.0	0.0	1.584	156.348	9.92	13.287	0.0	49.966	12.017	-23.957	8.6	1.307	189.574	8.66
-1.0	12.287	255.226	0.0	25.748	-12.392	0.4	1.332	156.445	10.34	7.6	298.827	48.637	34.974	-24.43	40.6	1.341	207.592	8.64	5.475	0.0	52.519	25.312	-1.988	11.2	1.802	222.607	10.09	13.412	0.0	49.467	31.633	-9.174	0.0	2.003	175.334	7.8	6.85	0.0	59.399	11.363	-9.355	24.8	1.936	205.267	8.35	6.287	0.0	54.149	0.0	0.0	0.0	2.078	190.833	10.36	6.725	84.012	49.933	10.419	-24.133	19.0	0.0	226.578	9.42	5.85	0.0	51.239	26.983	-23.076	46.2	1.123	216.02	9.16	5.225	0.0	52.231	26.474	-1.0	0.0	1.416	162.644	9.98	13.662	0.0	50.28	11.944	-23.846	8.6	1.726	184.731	9.13
-1.0	12.162	275.431	0.0	25.239	-12.119	0.4	1.508	160.901	10.88	8.6	320.627	50.769	34.466	-24.322	40.6	0.0	210.111	8.52	5.475	0.0	52.682	25.021	-1.816	11.2	0.0	182.406	10.21	13.475	0.0	51.257	31.56	-9.182	0.0	1.701	186.862	7.56	7.6	0.0	61.827	11.581	-9.459	24.8	0.0	205.267	8.27	6.35	0.0	54.375	0.0	0.0	0.0	1.643	191.512	10.54	6.6	77.631	49.311	10.855	-22.644	19.0	2.137	211.854	9.4	5.537	0.0	51.388	26.765	-22.977	46.2	1.098	194.321	9.2	5.412	0.0	52.056	26.474	-1.0	0.0	1.374	152.182	10.78	14.6	0.0	48.447	12.09	-24.822	8.6	1.684	178.434	9.22
-1.0	12.412	294.573	0.0	25.53	-12.197	0.4	1.735	166.035	10.86	8.162	300.954	51.163	34.393	-24.172	40.6	0.0	149.858	8.07	5.162	0.0	54.966	24.803	-1.912	11.2	2.12	186.184	9.56	13.662	0.0	53.13	31.269	-9.262	0.0	0.0	183.568	7.42	7.412	0.0	62.084	12.235	-9.444	24.8	1.441	198.292	7.82	6.35	0.0	56.104	0.0	0.0	0.0	2.028	178.434	9.04	5.537	78.163	58.445	11.291	-23.85	19.0	0.0	178.919	9.01	5.35	0.0	54.007	26.838	-23.137	46.2	0.0	199.455	9.11	5.225	0.0	52.585	26.91	-1.0	0.0	1.425	160.901	10.38	14.162	0.0	49.105	12.235	-24.529	8.6	1.55	193.449	9.16
-1.0	13.1	328.603	0.0	25.094	-12.32	0.4	2.02	175.528	11.14	8.412	350.935	50.498	34.321	-24.826	40.6	0.0	166.132	8.17	5.225	0.0	54.892	25.312	-1.627	11.2	1.76	178.725	10.02	14.975	0.0	53.075	31.051	-9.425	0.0	1.81	195.386	7.54	7.975	0.0	61.852	11.508	-9.564	24.8	1.148	199.842	8.26	7.787	0.0	53.898	0.0	0.0	0.0	1.701	186.959	8.51	5.412	73.909	61.251	10.564	-23.485	19.0	0.0	187.056	9.2	5.225	0.0	52.478	27.201	-22.989	46.2	0.0	192.383	8.98	5.225	0.0	53.973	26.692	-1.0	0.0	1.525	159.835	10.74	15.662	0.0	48.162	12.308	-24.98	8.6	1.324	184.343	8.58
