-1.0	-8.463	1.063	0.0	24.15	-13.052	0.0	1.894	82.921	-8.68	-7.838	0.0	85.809	31.705	0.0	0.0	2.774	93.092	-1.0	-6.9	0.0	0.0	23.06	-1.0	0.0	2.087	63.062	-7.8	-5.213	0.0	92.026	0.0	-7.188	0.0	2.02	55.119	-8.27	-4.213	0.0	91.931	0.0	-1.0	28.8	1.575	77.883	-8.74	-4.65	0.0	88.251	0.0	0.0	0.0	1.894	54.247	-7.8	-5.213	0.532	92.402	0.0	-1.0	0.2	2.388	44.657	-8.05	-5.4	0.0	88.811	23.278	-1.0	0.4	1.316	28.674	-7.98	-4.9	0.0	86.583	20.009	0.0	0.2	1.86	10.171	-8.38	-6.963	0.0	93.036	11.726	-21.702	0.0	0.0	114.888	-7.76
-1.0	-8.275	0.0	0.0	24.367	-13.015	0.0	1.634	105.491	-8.68	-7.65	0.0	85.809	31.923	0.0	0.0	2.732	100.26	-1.0	-6.963	0.0	0.0	22.987	-1.0	0.0	1.986	55.506	-7.78	-5.213	0.0	92.031	0.0	-7.159	0.0	2.07	25.283	-8.22	-3.837	0.0	91.983	0.0	-1.0	28.8	1.45	70.715	-8.7	-5.4	0.0	88.301	0.0	0.0	0.0	1.894	48.338	-7.86	-5.088	0.532	92.347	0.0	-1.0	0.2	2.891	37.004	-8.12	-5.65	0.0	88.733	23.133	-1.0	0.4	1.877	33.808	-7.96	-5.088	0.0	86.608	20.081	0.0	0.2	2.355	12.787	-8.26	-6.713	0.0	93.089	11.508	-21.766	0.0	0.0	97.742	-7.71
-1.0	-8.338	0.532	0.0	24.513	-12.942	0.0	2.053	66.937	-8.68	-7.775	0.0	85.809	31.633	0.0	0.0	2.916	95.32	-1.0	-7.025	0.0	0.0	23.06	-1.0	0.0	2.481	46.691	-7.82	-5.4	0.0	92.001	0.0	-7.173	0.0	2.598	56.184	-8.28	-4.213	0.0	91.928	0.0	-1.0	28.8	2.078	60.35	-8.7	-5.588	0.0	88.261	0.0	0.0	0.0	2.321	39.232	-7.88	-5.275	0.0	92.342	0.0	-1.0	0.2	2.983	41.751	-8.12	-5.713	0.0	88.733	23.278	-1.0	0.4	2.288	52.116	-8.0	-5.15	0.0	86.598	20.299	0.0	0.2	2.33	355.222	-8.24	-6.65	0.0	93.095	11.944	-21.952	0.0	0.0	89.023	-7.74
-1.0	-8.4	0.0	0.0	23.932	-13.061	0.0	2.078	96.967	-8.62	-7.588	0.0	85.845	31.923	0.0	0.0	2.682	94.835	-1.0	-6.775	0.0	0.0	22.697	-1.0	0.0	2.481	59.091	-7.82	-5.15	0.0	92.02	0.0	-7.23	0.0	2.238	53.956	-8.24	-3.9	0.0	91.939	0.0	-1.0	28.8	1.676	70.618	-8.7	-5.713	0.0	88.261	0.0	0.0	0.0	2.397	49.501	-7.9	-4.963	1.063	92.336	0.0	-1.0	0.2	2.657	38.651	-8.21	-5.713	0.0	88.729	23.568	-1.0	0.4	2.263	49.597	-8.06	-5.275	0.0	86.562	19.209	0.0	0.2	2.522	21.408	-8.18	-6.463	0.0	93.112	12.09	-21.83	0.0	0.0	101.035	-7.78
-1.0	-8.338	0.0	0.0	24.44	-13.267	0.0	2.078	76.237	-8.7	-7.588	0.0	85.804	31.778	0.0	0.0	2.916	88.927	-1.0	-7.025	0.0	0.0	22.769	-1.0	0.0	2.07	68.584	-7.84	-5.4	0.0	91.996	0.0	-7.173	0.0	2.129	60.447	-8.34	-4.025	0.0	91.874	0.0	-1.0	28.8	1.659	71.102	-8.76	-5.588	0.0	88.245	0.0	0.0	0.0	2.162	43.882	-7.9	-4.963	0.532	92.336	0.0	-1.0	0.2	2.573	43.107	-8.12	-5.713	0.0	88.733	23.423	-1.0	0.4	1.332	26.93	-8.05	-5.15	0.0	86.544	19.936	0.0	0.2	1.969	3.487	-8.54	-7.025	0.0	92.972	11.436	-1.0	0.0	1.14	105.201	-7.74
-1.0	-8.275	0.532	0.0	24.295	-12.951	0.0	2.011	98.323	-8.76	-7.963	0.0	85.789	31.633	0.0	0.0	3.143	104.426	-1.0	-7.088	0.0	0.0	22.479	-1.0	0.0	2.137	55.603	-7.91	-5.275	0.0	91.957	0.0	-7.183	0.0	2.397	43.01	-8.34	-4.213	0.0	91.874	0.0	-1.0	28.8	1.626	96.579	-8.82	-5.713	0.0	88.229	0.0	0.0	0.0	2.137	45.529	-7.93	-5.088	0.532	92.29	0.0	-1.0	0.2	2.941	26.252	-8.08	-5.588	0.0	88.744	23.568	-1.0	0.4	1.575	26.252	-8.1	-5.025	0.0	86.531	19.355	0.0	0.2	2.514	25.574	-8.41	-6.713	0.0	93.009	11.872	-21.766	0.0	0.0	94.448	-7.83
-1.0	-8.338	0.0	0.0	24.077	-12.753	0.0	2.003	58.413	-8.76	-7.9	0.0	85.768	31.705	0.0	0.0	3.21	97.935	0.0	-7.15	0.0	1.907	22.624	-1.0	0.0	2.187	71.006	-7.96	-5.4	0.0	91.943	0.0	-7.122	0.0	2.69	50.663	-8.36	-4.213	0.0	91.868	0.0	-1.0	28.8	1.961	68.196	-8.82	-5.713	0.0	88.19	0.0	0.0	0.0	2.196	41.17	-7.94	-5.275	0.0	92.287	0.0	-1.0	0.2	3.017	36.132	-8.14	-5.65	0.0	88.708	23.35	-1.0	0.4	2.07	53.956	-8.08	-5.088	0.0	86.537	19.718	0.0	0.2	2.439	0.194	-8.36	-6.9	0.0	93.023	11.363	-21.803	0.0	0.0	123.412	-7.85
-1.0	-8.4	0.0	0.0	24.004	-12.932	0.0	2.238	87.667	-8.73	-7.775	0.0	85.796	31.923	0.0	0.0	2.891	102.585	-1.0	-7.338	0.0	0.0	22.769	-1.0	0.0	2.883	60.737	-7.96	-5.338	0.0	91.943	0.0	-7.171	0.0	2.774	41.751	-8.28	-4.213	0.0	91.928	0.0	-1.0	28.8	2.078	61.803	-8.79	-5.713	0.0	88.198	0.0	0.0	0.0	2.338	48.241	-7.96	-5.088	0.0	92.281	0.0	-1.0	0.2	2.891	44.56	-8.24	-5.713	0.0	88.662	22.987	-1.0	0.4	2.556	47.951	-8.12	-5.275	0.0	86.526	20.009	0.0	0.2	2.229	6.49	-8.36	-6.588	0.0	93.023	12.09	-21.712	0.0	1.048	85.536	-7.88
-1.0	-8.4	0.0	0.0	24.222	-12.996	0.0	2.254	82.533	-8.74	-7.588	0.0	85.773	31.633	0.0	0.0	2.841	94.545	-1.0	-7.088	0.0	0.0	22.624	-1.0	0.0	2.698	52.697	-7.99	-5.338	0.0	91.935	0.0	-7.185	0.0	2.33	50.566	-8.34	-4.15	0.0	91.874	0.0	-1.0	28.8	1.844	69.262	-8.84	-5.65	0.0	88.184	0.0	0.0	0.0	2.665	36.907	-7.95	-5.275	0.0	92.284	0.0	-1.0	0.2	2.38	26.155	-8.2	-5.713	0.0	88.672	23.205	-1.0	0.4	1.684	68.971	-8.16	-5.088	0.0	86.495	19.936	0.0	0.2	2.011	13.949	-8.42	-6.65	0.0	93.006	12.09	-21.435	0.0	1.073	76.237	-7.9
-1.0	-8.338	0.0	0.0	24.15	-12.878	0.0	1.751	69.649	-8.8	-7.838	0.0	85.758	31.487	0.0	0.0	2.548	96.289	-1.0	-7.025	0.0	0.0	22.624	-1.0	0.0	2.17	63.837	-7.92	-5.4	0.0	91.954	0.0	-7.173	0.0	2.439	51.341	-8.28	-3.9	0.0	91.909	0.0	-1.0	28.8	1.483	73.621	-8.82	-5.463	0.0	88.19	0.0	0.0	0.0	2.103	34.583	-7.94	-5.213	9.039	92.306	0.0	-1.0	0.2	2.816	27.027	-8.16	-5.588	0.0	88.722	23.496	-1.0	0.4	1.467	37.682	-8.1	-5.338	0.0	86.511	20.154	0.0	0.2	2.497	21.215	-8.44	-6.9	0.0	93.001	11.944	-21.718	0.0	0.0	100.551	-7.9
-1.0	-8.65	0.532	0.0	24.658	-12.96	0.0	2.02	73.137	-8.72	-7.9	0.0	85.799	31.633	0.0	0.0	2.648	93.092	-1.0	-6.963	0.0	0.0	22.987	-1.0	0.0	2.397	58.413	-7.96	-5.15	0.0	91.943	0.0	-7.193	0.0	2.162	58.316	-8.28	-4.213	0.0	91.928	0.0	-1.0	28.8	1.852	73.04	-8.74	-5.4	0.0	88.211	0.0	0.0	0.0	2.07	44.56	-8.02	-5.213	1.595	92.264	0.0	-1.0	0.2	2.137	40.976	-8.2	-5.4	0.0	88.672	23.278	-1.0	0.4	1.684	41.267	-8.14	-5.088	0.0	86.501	20.154	0.0	0.2	1.726	4.65	-8.38	-6.838	0.0	93.018	11.944	-21.987	0.0	1.123	93.673	-7.88
-1.0	-8.65	0.0	0.0	24.367	-12.77	0.0	1.274	104.716	-8.81	-8.025	0.0	85.735	31.633	-6.863	0.0	2.489	101.907	-1.0	-7.088	0.0	0.0	23.133	-1.0	0.0	1.617	68.778	-7.94	-5.4	0.0	91.968	0.0	-7.166	0.0	1.726	48.822	-8.36	-4.15	0.0	91.849	0.0	-1.0	28.8	0.0	56.766	-8.86	-5.4	0.0	88.199	0.0	0.0	0.0	1.894	58.413	-7.98	-5.088	0.532	92.276	0.0	-1.0	0.2	2.154	30.514	-8.18	-5.463	0.0	88.678	23.278	-1.0	0.4	0.989	50.275	-8.09	-5.025	0.0	86.534	19.282	0.0	0.2	1.743	17.049	-8.57	-6.775	0.0	92.963	12.017	-21.664	0.0	0.0	114.791	-7.94
-1.0	-8.525	1.063	0.0	24.15	-13.108	0.0	1.601	85.536	-8.86	-8.15	0.0	85.722	31.56	0.0	0.0	2.816	101.229	-1.0	-6.9	0.0	0.0	22.551	-1.0	0.0	1.793	53.472	-7.94	-5.338	0.0	91.968	0.0	-7.193	0.0	2.196	49.113	-8.4	-4.213	0.0	91.857	0.0	-1.0	28.8	1.492	63.934	-8.8	-5.838	0.0	88.195	0.0	0.0	0.0	1.458	48.629	-7.99	-5.338	0.0	92.273	0.0	-1.0	0.2	2.481	31.192	-8.26	-5.713	0.0	88.656	23.35	-1.0	0.4	1.726	34.001	-8.06	-5.15	0.0	86.542	20.081	0.0	0.2	1.869	25.38	-8.45	-6.713	0.0	92.961	11.944	-21.936	0.0	0.0	95.611	-7.94
-1.0	-8.65	1.063	0.0	24.876	-13.769	0.0	1.978	75.462	-8.84	-8.025	0.0	85.727	32.068	0.0	0.0	3.134	96.482	-1.0	-7.4	0.0	0.0	22.697	-1.0	0.0	2.38	51.728	-7.94	-5.4	0.0	91.986	0.0	-7.18	0.0	2.372	41.17	-8.36	-4.275	0.0	91.868	0.0	-1.0	28.8	1.869	61.803	-8.82	-5.713	0.0	88.19	0.0	0.0	0.0	2.062	44.56	-8.1	-5.275	1.595	92.242	0.0	-1.0	0.2	3.0	22.764	-8.26	-5.775	0.0	88.617	23.06	-1.0	0.4	1.886	61.028	-8.13	-5.338	0.0	86.523	20.009	0.0	0.2	2.062	33.226	-8.39	-6.9	0.0	93.015	11.872	-21.971	0.0	1.039	97.935	-7.96
-1.0	-8.65	0.0	0.0	24.367	-12.96	0.0	2.305	60.737	-8.83	-7.9	0.0	85.73	31.705	0.0	0.0	2.925	87.667	-1.0	-7.275	0.0	0.0	22.915	-1.0	0.0	2.69	63.062	-8.05	-5.338	0.0	91.918	0.0	-7.127	0.0	2.464	55.41	-8.41	-4.275	0.0	91.816	0.0	-1.0	28.8	1.76	71.102	-8.84	-5.463	0.0	88.165	0.0	0.0	0.0	2.305	36.326	-8.1	-5.15	0.532	92.242	0.0	-1.0	0.2	2.38	46.013	-8.32	-5.713	0.0	88.64	23.06	-1.0	0.4	2.036	43.301	-8.14	-5.4	0.0	86.48	20.009	0.0	0.2	1.902	15.402	-8.44	-6.775	0.0	92.964	11.581	-22.004	0.0	1.039	95.998	-8.04
-1.0	-8.338	0.0	0.0	24.15	-13.006	0.0	2.028	79.724	-8.84	-7.838	0.0	85.727	31.85	0.0	0.0	2.548	95.611	-1.0	-7.338	0.0	0.0	22.697	-1.0	0.0	2.212	54.731	-8.04	-5.713	0.0	91.921	0.0	-7.162	0.0	2.279	45.432	-8.44	-4.338	0.0	91.808	0.0	-1.0	28.8	1.634	74.396	-8.88	-5.588	0.0	88.134	0.0	0.0	0.0	2.02	52.116	-8.06	-5.15	0.532	92.253	0.0	-1.0	0.2	2.522	36.229	-8.3	-5.65	0.0	88.606	23.641	-1.0	0.4	1.609	58.122	-8.16	-5.088	0.0	86.495	20.081	0.0	0.2	1.978	35.261	-8.49	-6.65	0.0	92.949	11.581	-21.867	0.0	1.022	91.348	-8.01
-1.0	-1.0	0.532	0.0	24.222	-14.176	0.0	2.003	68.874	-8.86	-7.838	0.0	85.722	31.705	0.0	0.0	2.497	92.511	-1.0	-7.275	0.0	0.0	23.133	-1.0	0.0	2.053	80.692	-8.02	-5.338	0.0	91.926	0.0	-7.207	0.0	1.944	55.797	-8.42	-3.962	0.0	91.832	0.0	-1.0	28.8	1.592	69.649	-8.88	-5.713	0.0	88.134	0.0	0.0	0.0	2.103	32.451	-8.02	-4.9	4.254	92.264	0.0	-1.0	0.2	2.02	32.064	-8.26	-5.713	0.0	88.617	22.406	-1.0	0.4	1.341	36.907	-8.22	-5.025	0.0	86.459	19.718	0.0	0.2	1.869	17.34	-8.57	-6.9	0.0	92.926	11.654	-22.055	0.0	1.064	98.323	-7.96
-1.0	-1.0	0.532	0.0	24.15	-14.037	0.0	1.45	102.295	-8.84	-7.838	0.0	85.727	31.487	0.0	0.0	2.447	102.973	-1.0	-7.338	0.0	0.0	22.624	-1.0	0.0	2.095	69.843	-7.96	-5.213	0.0	91.943	0.0	-7.122	0.0	2.095	43.107	-8.4	-4.463	0.0	91.819	0.0	-1.0	28.8	1.408	72.846	-8.91	-5.775	0.0	88.126	0.0	0.0	0.0	1.768	53.085	-8.1	-5.275	1.063	92.242	0.0	-1.0	0.2	2.539	36.229	-8.23	-5.713	0.0	88.644	23.35	-1.0	0.4	1.224	46.788	-8.23	-5.275	0.0	86.457	20.081	0.0	0.2	2.045	25.38	-8.59	-6.963	0.0	92.921	11.581	-21.787	0.0	1.031	92.123	-7.98
-1.0	-1.0	0.0	0.0	24.077	-14.176	0.0	2.221	73.815	-8.88	-8.15	0.0	85.717	31.633	0.0	0.0	2.891	90.186	-1.0	-7.275	0.0	0.0	22.915	-1.0	0.0	2.254	55.022	-8.04	-5.338	0.0	91.921	0.0	-7.178	0.0	2.355	51.535	-8.5	-4.213	0.0	91.791	0.0	-1.0	28.8	1.953	60.737	-8.92	-5.4	0.0	88.124	0.0	0.0	0.0	2.003	38.264	-8.14	-5.338	0.0	92.231	0.0	-1.0	0.2	2.539	13.562	-8.26	-5.713	0.0	88.656	23.714	-1.0	0.4	1.634	35.939	-8.24	-5.15	0.0	86.454	19.645	0.0	0.2	2.07	18.599	-8.5	-6.775	0.0	92.946	11.654	-21.578	0.0	1.022	93.189	-8.06
-1.0	-1.0	0.532	0.0	24.44	-14.176	0.0	1.986	72.265	-8.9	-8.025	0.0	85.712	32.068	0.0	0.0	2.447	92.414	-1.0	-7.025	0.0	0.0	22.842	-1.0	0.0	2.497	57.928	-8.02	-5.338	0.0	91.926	0.0	-7.156	0.0	1.86	42.816	-8.5	-4.275	0.0	91.791	0.0	-1.0	28.8	1.978	72.555	-8.94	-5.713	0.0	88.098	0.0	0.0	0.0	2.221	38.07	-8.1	-5.275	1.595	92.242	0.0	-1.0	0.2	2.011	45.529	-8.22	-5.588	0.0	88.667	23.133	-1.0	0.4	1.215	58.703	-8.26	-5.338	0.0	86.429	19.282	0.0	0.2	1.894	0.872	-8.48	-6.588	0.0	92.952	11.799	-21.798	0.0	0.964	101.229	-8.1
-1.0	-1.0	0.532	0.0	24.077	-14.106	0.0	1.886	89.314	-8.96	-8.213	0.0	85.655	31.705	0.0	0.0	2.589	96.482	-1.0	-6.963	0.0	0.0	22.842	-1.0	0.0	1.617	72.846	-8.04	-5.65	0.0	91.921	0.0	-7.152	0.0	1.726	46.11	-8.44	-4.15	0.0	91.808	0.0	-1.0	28.8	0.997	67.325	-8.96	-5.588	0.0	88.073	0.0	0.0	0.0	1.743	63.062	-8.17	-5.4	1.595	92.222	0.0	-1.0	0.2	2.112	30.611	-8.36	-5.838	0.0	88.59	23.423	-1.0	0.4	1.115	46.691	-8.36	-5.713	0.0	86.382	19.5	0.0	0.2	1.886	7.943	-8.64	-6.963	0.0	92.906	11.654	-21.872	0.0	0.972	106.169	-8.06
-1.0	-1.0	1.595	0.0	24.077	-14.037	0.0	1.693	61.9	-9.0	-8.213	0.0	85.645	31.778	-6.715	0.0	2.74	91.736	-1.0	-7.213	0.0	0.0	22.551	-1.0	0.0	1.609	60.253	-8.08	-5.4	0.0	91.909	0.0	-7.107	0.0	1.634	56.088	-8.56	-4.15	0.0	91.718	0.0	-1.0	28.8	1.341	65.29	-8.96	-5.4	0.0	88.073	0.0	0.0	0.0	1.492	52.116	-8.18	-5.213	0.0	92.201	0.0	-1.0	0.2	1.819	36.036	-8.4	-5.9	0.0	88.54	22.842	-1.0	0.4	1.349	37.586	-8.4	-5.713	0.0	86.352	20.372	0.0	0.2	1.525	13.562	-8.66	-6.775	0.0	92.864	12.162	-22.004	0.0	0.0	81.177	-8.15
-1.0	-1.0	0.532	0.0	24.367	-14.39	0.0	1.693	83.114	-8.96	-7.9	0.0	85.655	32.141	0.0	0.0	2.514	96.967	-1.0	-7.275	0.0	0.0	22.769	-1.0	0.0	1.617	75.655	-8.0	-5.463	0.0	91.932	0.0	-7.175	0.0	1.467	53.472	-8.56	-4.4	0.0	91.699	0.0	-1.0	28.8	1.341	71.199	-9.0	-5.463	0.0	88.062	0.0	0.0	0.0	1.508	64.612	-8.26	-5.15	1.595	92.159	0.0	-1.0	0.2	2.33	32.936	-8.4	-5.588	0.0	88.54	23.205	-1.0	0.4	0.0	46.498	-8.38	-5.588	0.0	86.336	19.427	0.0	0.2	2.078	11.043	-8.7	-7.275	0.0	92.834	11.799	-21.623	0.0	0.0	104.038	-8.1
-1.0	-1.0	0.0	0.0	24.15	-14.318	0.0	1.877	71.587	-8.98	-8.025	0.0	85.65	31.778	0.0	0.0	2.975	91.929	-1.0	-7.15	0.0	0.0	22.987	-1.0	0.0	1.911	52.31	-8.07	-5.65	0.0	91.912	0.0	-7.16	0.0	2.204	59.187	-8.52	-4.4	0.0	91.71	0.0	-1.0	28.8	1.207	70.328	-8.98	-5.713	0.0	88.068	0.0	0.0	0.0	1.534	59.187	-8.24	-5.15	1.063	92.165	0.0	-1.0	0.2	2.363	28.48	-8.42	-5.713	0.0	88.534	23.423	-1.0	0.4	1.852	54.247	-8.35	-5.463	0.0	86.344	20.227	0.0	0.2	1.676	11.237	-8.58	-7.15	0.0	92.886	11.726	-21.907	0.0	1.106	100.26	-8.16
-1.0	-1.0	0.0	0.0	24.077	-14.247	0.0	2.053	85.536	-9.01	-8.338	0.0	85.622	31.778	0.0	0.0	3.034	97.257	-1.0	-7.15	0.0	0.0	23.205	-1.0	0.0	1.986	71.199	-8.16	-5.588	0.0	91.849	0.0	-7.179	0.0	1.953	61.512	-8.49	-4.213	0.0	91.756	0.0	-1.0	28.8	1.592	70.231	-9.04	-5.588	0.0	88.052	0.0	0.0	0.0	2.112	43.495	-8.22	-5.213	0.532	92.17	0.0	-1.0	0.2	1.718	25.089	-8.4	-5.963	0.0	88.54	23.133	-1.0	0.4	1.115	36.714	-8.44	-5.775	0.0	86.321	19.573	0.0	0.2	1.986	14.143	-8.58	-7.025	0.0	92.85	11.363	-20.81	0.0	0.0	91.445	-8.2
-1.0	-1.0	1.063	0.0	24.222	-14.176	0.0	1.852	89.798	-8.99	-8.338	0.0	85.648	31.778	0.0	0.0	2.749	95.514	-1.0	-7.275	0.0	0.0	22.551	-1.0	0.0	1.844	47.466	-8.14	-5.65	0.0	91.855	0.0	-7.181	0.0	1.626	55.603	-8.56	-4.463	0.0	91.699	0.0	-1.0	28.8	1.257	75.268	-9.08	-5.9	0.0	88.021	0.0	0.0	0.0	1.852	66.55	-8.26	-5.338	0.0	92.159	0.0	-1.0	0.2	2.288	34.098	-8.4	-5.713	0.0	88.54	23.278	-1.0	0.4	1.106	48.532	-8.42	-5.775	0.0	86.306	19.863	0.0	0.2	1.81	12.109	-8.7	-7.025	0.0	92.815	11.799	-21.601	0.0	0.0	97.064	-8.17
-1.0	-1.0	0.0	0.0	24.004	-14.037	0.0	1.877	94.739	-9.03	-8.338	0.0	85.596	31.705	-6.705	0.0	2.916	98.614	-1.0	-7.275	0.0	0.0	22.987	-1.0	0.0	1.441	86.214	-8.16	-5.4	0.0	91.849	0.0	-7.122	0.0	1.735	61.319	-8.63	-4.525	0.0	91.679	0.0	-1.0	28.8	1.165	60.737	-9.04	-5.838	0.0	88.012	0.0	0.0	0.0	1.458	57.347	-8.24	-5.463	2.659	92.146	0.0	-1.0	0.2	1.701	44.366	-8.44	-5.713	0.0	88.489	23.133	-1.0	0.4	1.064	50.275	-8.48	-5.9	0.0	86.29	20.154	0.0	0.2	1.86	17.727	-8.82	-7.275	0.0	92.781	11.799	-21.708	0.0	0.939	115.469	-8.18
-1.0	-1.0	2.127	0.0	24.15	-14.318	0.0	2.036	83.792	-9.1	-8.4	0.532	85.578	31.85	0.0	0.0	3.26	120.312	-1.0	-7.088	0.0	0.0	22.915	-1.0	0.0	1.542	53.666	-8.18	-5.4	0.0	91.844	0.0	-7.187	0.0	1.5	50.953	-8.64	-4.65	0.0	91.676	0.0	-1.0	28.8	1.056	84.277	-9.15	-5.775	0.0	87.983	0.0	0.0	0.0	1.291	59.187	-8.3	-5.463	0.0	92.11	0.0	-1.0	0.2	1.986	40.588	-8.48	-5.9	0.0	88.479	23.205	-1.0	0.4	0.997	40.104	-8.5	-5.65	0.0	86.264	19.718	0.0	0.2	1.391	0.291	-8.76	-7.4	0.0	92.761	11.872	-21.676	0.0	0.0	118.472	-8.18
-1.0	-1.0	2.659	0.0	24.004	-14.176	0.0	1.299	90.767	-9.08	-8.463	0.0	85.563	31.633	-6.696	0.0	2.296	104.813	-1.0	-7.338	0.0	0.0	22.842	-1.0	0.0	1.626	48.532	-8.2	-5.338	0.0	91.838	0.0	-7.171	0.0	1.483	52.697	-8.56	-4.213	0.0	91.699	0.0	-1.0	28.8	0.0	65.29	-9.08	-5.713	0.0	88.002	0.0	0.0	0.0	1.324	40.104	-8.32	-5.4	0.0	92.105	0.0	-1.0	0.2	1.827	31.676	-8.56	-5.9	0.0	88.437	23.714	-1.0	0.4	1.483	40.298	-8.6	-6.15	0.0	86.218	20.227	0.0	0.2	2.388	354.834	-8.8	-7.025	0.0	92.787	11.872	-22.022	0.0	0.0	81.274	-8.3
-1.0	-1.0	1.063	0.0	24.222	-14.318	0.0	1.291	80.692	-9.04	-8.588	0.0	85.594	31.633	0.0	0.0	2.12	94.254	-1.0	-7.213	0.0	0.0	23.06	-1.0	0.0	1.567	50.275	-8.24	-5.588	0.0	91.827	0.0	-7.165	0.0	1.668	61.512	-8.64	-4.338	0.0	91.676	0.0	-1.0	28.8	1.156	71.296	-9.15	-5.9	0.0	87.963	0.0	0.0	0.0	1.316	50.179	-8.36	-5.588	1.595	92.093	0.0	-1.0	0.2	2.355	27.802	-8.56	-5.713	0.0	88.418	23.568	-1.0	0.4	1.165	28.674	-8.6	-5.9	0.0	86.198	20.081	0.0	0.2	2.439	17.437	-8.9	-7.275	0.0	92.721	11.436	-1.0	0.0	0.0	106.266	-8.28
