10.0	8.225	15.42	73.472	25.82	-8.695	0.0	0.922	269.104	9.3	8.35	13.293	82.063	34.902	-12.893	11.4	0.0	254.089	9.38	9.287	0.0	82.416	27.346	-9.067	31.2	1.835	238.881	9.82	9.475	0.0	84.061	33.376	-2.778	26.4	1.819	212.823	9.79	9.725	0.0	80.065	12.961	-8.546	3.0	2.12	203.33	9.58	9.412	0.0	78.788	0.0	0.0	24.8	1.701	233.553	10.54	9.6	15.42	80.256	11.363	-19.567	46.8	1.676	182.793	9.6	9.475	0.0	81.337	26.983	-21.955	18.4	0.0	243.24	10.06	9.725	0.0	78.544	25.893	-25.067	25.0	1.659	177.272	9.39	9.1	0.0	84.101	18.047	-9.874	35.8	2.095	284.313	10.26
10.18	8.1	15.42	72.227	25.675	-8.688	0.2	0.0	225.416	9.54	8.287	15.42	78.333	35.047	-12.738	11.6	0.0	282.375	9.28	8.975	0.0	79.757	27.201	-9.23	31.2	0.0	266.489	9.74	9.162	0.0	82.283	32.94	-2.635	26.8	0.0	197.13	9.76	10.037	0.0	77.807	13.107	-8.619	3.4	1.173	220.766	9.27	9.1	0.0	78.125	0.0	0.0	25.2	0.0	279.663	10.34	9.475	15.42	81.649	11.363	-19.22	47.0	1.508	168.457	9.34	9.475	0.0	81.302	27.201	-20.278	18.6	0.0	247.115	9.83	9.85	0.0	80.294	26.765	-25.574	25.2	0.0	222.704	9.08	8.6	0.0	80.103	18.047	-9.718	36.2	2.028	312.986	10.23
10.01	8.1	13.293	72.979	25.457	-8.64	0.4	2.02	253.702	9.53	8.1	15.952	76.324	35.338	-13.048	11.6	0.0	253.315	9.06	8.975	0.0	82.056	27.346	-9.165	31.4	1.081	252.54	9.62	9.225	0.0	78.201	33.667	-2.503	27.0	0.0	208.173	9.62	9.912	0.0	78.101	12.526	-8.641	3.6	0.0	207.011	9.22	9.162	0.0	78.04	0.0	0.0	25.4	1.324	190.446	10.4	9.287	14.888	74.356	12.598	-19.272	47.2	1.349	185.796	9.26	9.162	0.0	80.606	26.765	-21.972	19.0	1.617	237.815	10.0	9.475	0.0	73.55	26.91	-25.435	25.4	0.0	179.306	9.08	8.662	0.0	82.848	17.974	-9.77	36.6	1.039	290.416	10.62
9.8	7.975	16.483	72.833	25.893	-8.665	0.6	1.911	216.02	9.3	8.162	15.42	80.225	35.846	-13.429	11.8	0.0	264.648	9.15	8.975	0.0	80.46	27.419	-9.173	31.4	1.651	252.83	9.51	9.287	0.0	82.685	33.086	-2.37	27.0	0.0	280.341	9.58	9.725	0.0	77.091	13.107	-8.527	3.6	0.0	221.154	9.44	9.037	0.0	71.767	0.0	0.0	25.4	0.0	203.33	10.32	9.35	15.952	78.949	11.726	-18.982	47.4	0.0	191.318	9.22	8.85	0.0	76.739	27.637	-23.138	19.0	1.173	251.765	9.85	9.287	0.0	74.502	26.402	-25.366	25.4	0.0	171.75	9.14	8.537	0.0	80.749	18.047	-9.846	36.6	0.0	268.62	10.28
10.21	7.975	14.357	72.548	25.457	-8.649	0.6	1.894	258.739	9.3	8.162	16.483	79.171	35.556	-13.828	11.8	0.93	278.404	9.12	8.975	0.0	82.357	26.765	-9.194	31.4	1.332	233.553	9.63	9.475	0.0	83.07	33.158	-2.315	27.0	1.944	213.307	9.54	9.85	0.0	79.445	13.543	-8.533	3.8	1.089	197.905	9.22	9.1	0.0	78.412	0.0	0.0	25.6	0.0	209.529	9.92	9.225	14.888	82.229	11.799	-17.968	47.4	0.0	204.492	9.36	9.412	0.0	79.504	27.637	-21.821	19.0	0.0	216.117	9.78	9.475	0.0	76.983	26.692	-25.663	25.6	1.869	150.633	9.15	8.787	0.0	81.187	18.047	-9.955	36.6	1.819	243.24	10.27
9.69	8.037	15.42	73.747	25.748	-8.575	0.8	1.852	203.039	9.23	8.225	18.078	79.697	34.974	-13.665	11.8	1.525	247.89	9.12	9.037	0.0	80.258	26.983	-9.18	31.4	0.0	266.489	9.63	9.475	0.0	82.808	33.086	-2.315	27.0	0.0	209.142	9.49	9.6	0.0	78.471	12.816	-8.419	3.8	0.0	204.88	9.23	8.975	0.0	77.468	0.0	0.0	25.6	1.115	202.07	10.23	9.225	13.293	78.904	11.508	-17.686	47.4	0.0	169.038	9.36	9.475	0.0	77.846	27.491	-21.613	19.0	1.022	238.978	9.78	9.537	0.0	77.335	26.765	-25.344	25.6	0.0	156.251	8.96	8.662	0.0	81.962	17.829	-9.875	36.8	0.0	275.982	10.28
10.14	7.787	15.952	70.127	26.111	-8.505	0.8	1.349	334.298	9.5	8.1	15.952	74.173	35.265	-13.099	12.0	1.374	282.763	9.0	9.037	0.0	83.019	27.056	-9.209	31.4	1.869	239.946	9.62	9.412	0.0	82.4	33.158	-1.988	27.2	0.0	234.716	9.58	9.975	0.0	77.343	13.18	-8.482	3.8	1.668	229.485	9.2	8.975	0.0	78.011	0.0	0.0	25.6	0.0	210.692	10.27	9.35	12.761	78.615	11.436	-18.095	47.6	0.0	170.297	9.3	9.287	0.0	77.958	27.273	-21.329	19.0	1.232	266.101	9.8	9.537	0.0	77.138	25.893	-25.458	25.6	0.0	222.704	8.95	8.725	0.0	82.818	18.047	-9.812	36.8	0.0	284.603	10.21
10.13	7.537	14.357	69.777	25.239	-8.46	0.8	0.0	338.947	9.37	7.787	13.293	76.19	34.902	-13.146	12.0	1.399	323.933	8.84	8.787	0.0	82.126	27.419	-9.308	31.6	0.0	284.313	9.62	9.225	0.0	79.93	33.158	-2.196	27.2	1.274	212.242	9.42	9.912	0.0	76.856	13.325	-8.465	3.8	0.0	314.827	9.2	8.912	0.0	75.672	0.0	0.0	25.6	0.964	203.62	10.2	9.225	11.698	76.971	12.235	-18.063	47.6	1.911	214.179	9.14	9.35	0.0	79.136	27.273	-22.26	19.0	1.24	244.015	9.82	9.475	0.0	75.086	25.603	-25.435	25.6	0.0	209.336	8.76	8.412	0.0	81.7	18.192	-9.726	36.8	0.0	9.009	10.24
10.28	7.725	12.761	70.153	25.385	-8.456	0.8	0.0	323.061	9.2	7.912	12.761	76.86	36.209	-13.78	12.0	1.022	0.097	9.02	8.787	0.0	78.666	26.765	-9.286	31.6	0.0	272.688	9.44	9.287	0.0	81.879	33.013	-2.216	27.2	1.467	235.49	9.39	9.725	0.0	77.902	12.961	-8.453	3.8	1.073	336.623	9.08	8.787	0.0	75.495	0.0	0.0	25.6	1.559	179.209	10.06	9.225	12.23	79.929	11.508	-18.159	47.6	1.969	204.88	9.02	9.225	0.0	79.503	27.273	-23.03	19.2	0.0	250.118	9.58	9.475	0.0	77.793	26.474	-25.321	25.6	1.76	153.926	8.82	8.287	0.0	80.265	18.047	-9.765	37.0	0.0	0.291	10.12
9.82	7.412	12.761	67.505	25.603	-8.462	0.8	1.944	356.771	9.34	7.85	12.23	73.883	35.556	-13.538	12.0	1.257	39.426	8.88	8.725	0.0	78.784	27.128	-9.308	31.6	2.103	299.328	9.5	8.912	0.0	77.426	33.231	-2.133	27.2	0.0	227.353	9.39	9.537	0.0	74.562	13.325	-8.44	4.0	1.735	269.201	9.1	8.6	0.0	75.474	0.0	0.0	25.6	1.534	230.841	9.86	8.975	14.357	80.374	11.872	-17.35	47.6	0.0	146.273	9.07	9.287	0.0	78.85	27.056	-23.051	19.2	0.905	217.473	9.66	9.287	0.0	73.481	25.457	-25.48	25.6	1.542	203.911	8.78	8.037	0.0	78.416	18.047	-9.88	37.0	0.0	298.165	10.1
10.22	7.35	12.761	66.649	25.675	-8.463	0.8	1.575	16.468	9.18	7.85	13.293	75.108	35.047	-14.195	12.0	0.0	0.969	8.53	8.412	0.0	80.612	27.273	-9.239	31.6	1.777	272.107	9.56	8.912	0.0	77.288	33.013	-2.057	27.4	0.0	314.149	9.4	9.475	0.0	75.358	13.107	-8.424	4.0	1.902	27.123	8.97	8.787	0.0	73.911	0.0	0.0	25.8	1.953	337.01	9.73	8.975	11.166	81.463	11.654	-17.905	47.8	0.0	234.619	9.08	9.225	0.0	77.536	26.983	-23.379	19.2	0.0	57.347	9.56	9.162	0.0	74.469	25.603	-25.207	25.6	0.0	58.703	8.88	8.037	0.0	77.793	18.265	-9.829	37.0	1.006	281.213	10.06
9.7	7.6	10.634	69.321	25.603	-8.517	1.0	1.048	19.761	9.2	7.787	21.269	75.951	35.047	-13.816	12.0	0.0	52.116	8.6	8.662	0.0	79.582	27.564	-9.263	31.6	1.86	0.0	9.54	8.787	0.0	76.932	32.867	-2.054	27.6	0.0	240.528	9.5	9.537	0.0	75.658	13.615	-8.44	4.0	1.031	18.89	9.02	8.412	0.0	72.938	0.0	0.0	25.8	1.81	295.356	9.65	9.1	9.571	80.936	11.508	-17.563	47.8	0.0	285.766	8.78	8.975	0.0	79.793	27.419	-24.797	19.4	1.224	40.782	9.33	9.225	0.0	77.939	27.056	-25.795	25.8	0.0	21.408	8.84	8.1	0.0	80.73	18.265	-9.752	37.0	0.0	55.119	10.04
10.27	7.412	13.293	67.397	25.748	-8.446	1.0	1.156	5.328	9.36	7.662	12.761	74.016	35.628	-13.337	12.0	0.0	65.775	8.76	8.537	0.0	77.443	27.273	-9.24	31.6	0.0	353.284	9.3	8.912	0.0	83.444	33.303	-1.565	27.6	1.098	37.392	9.48	9.412	0.0	73.834	13.325	-8.416	4.2	1.927	24.992	8.96	8.475	0.0	74.064	0.0	0.0	26.0	0.947	322.576	9.64	8.912	11.698	79.467	11.872	-17.701	47.8	1.575	0.194	9.0	9.037	0.0	77.344	26.983	-25.048	19.4	0.0	60.737	9.1	9.1	0.0	79.57	27.056	-25.637	25.8	1.458	329.939	8.85	7.975	0.0	78.679	18.265	-9.833	37.2	1.592	39.038	9.65
10.26	7.35	12.761	69.641	25.53	-8.43	1.0	0.0	36.617	9.08	7.725	11.166	76.759	34.902	-13.135	12.0	0.0	9.59	8.38	8.537	0.0	83.182	26.91	-9.262	31.6	0.0	13.368	9.52	8.662	0.0	77.104	33.231	-1.901	27.6	2.095	346.697	9.16	9.537	0.0	78.697	12.38	-8.403	4.2	1.391	43.398	8.71	8.35	0.0	77.806	0.0	0.0	26.0	1.793	18.696	9.87	8.975	9.571	77.077	11.654	-17.532	47.8	0.972	277.338	8.69	9.037	0.0	81.324	26.983	-24.359	19.4	1.358	38.845	9.08	9.35	0.0	78.827	26.474	-25.161	25.8	0.0	341.66	8.64	8.037	0.0	81.841	18.265	-9.767	37.4	0.0	73.815	9.88
9.98	7.35	7.976	66.934	25.603	-8.43	1.0	1.668	9.009	9.13	7.6	9.571	75.607	35.338	-13.381	12.0	1.869	47.951	8.66	8.537	0.0	80.083	27.201	-9.175	31.6	0.0	343.985	9.38	8.537	0.0	78.373	33.158	-1.448	27.8	0.922	12.787	9.17	9.537	0.0	78.575	13.325	-8.422	4.2	1.944	19.858	8.74	8.475	0.0	75.78	0.0	0.0	26.0	1.525	0.0	9.98	8.85	9.039	76.038	12.09	-17.686	48.0	1.24	233.941	8.84	8.975	0.0	78.677	27.855	-24.912	19.4	1.006	34.776	9.0	9.35	0.0	79.768	26.983	-25.275	26.0	0.0	341.66	8.68	7.975	0.0	80.501	18.265	-9.795	37.4	1.659	31.483	10.1
10.14	7.6	9.571	68.919	25.82	-8.484	1.2	1.869	19.083	8.94	7.725	6.912	79.387	35.192	-13.403	12.2	0.0	39.62	8.54	8.537	0.0	80.76	27.056	-9.168	31.6	1.726	335.073	9.38	8.662	0.0	79.386	33.013	-1.938	28.0	1.643	17.146	9.24	9.475	0.0	78.119	12.961	-8.424	4.2	1.098	32.355	8.89	8.475	0.0	74.87	0.0	0.0	26.2	1.073	13.174	10.04	8.85	7.976	77.566	11.799	-19.256	48.0	1.316	241.69	8.8	8.912	0.0	78.123	27.637	-23.738	19.6	0.0	18.89	9.22	9.225	0.0	76.99	26.91	-25.116	26.0	0.0	244.209	8.78	8.1	0.0	80.693	18.338	-9.85	37.4	1.031	50.953	10.16
10.04	7.225	7.976	68.171	25.82	-8.586	1.2	0.0	2.131	9.16	7.975	4.785	76.044	35.192	-13.675	12.2	0.0	8.912	8.68	8.475	0.0	79.208	27.491	-9.11	31.6	1.534	346.31	9.42	8.662	0.0	78.133	33.739	-1.938	28.0	1.115	292.741	9.28	9.225	0.0	75.409	13.397	-8.357	4.2	0.0	12.981	8.87	8.537	0.0	75.273	0.0	0.0	26.2	1.24	14.821	9.95	8.85	6.912	77.421	11.654	-19.051	48.2	0.955	251.377	8.77	8.912	0.0	79.888	26.765	-23.97	19.6	0.0	334.298	9.04	9.162	0.0	79.606	25.603	-25.207	26.0	0.0	354.834	8.56	8.037	0.0	83.153	18.338	-9.698	37.4	0.0	3.197	9.93
10.7	7.287	4.254	66.35	25.53	-8.423	1.2	0.0	252.152	9.26	7.6	5.317	74.638	34.974	-13.01	12.2	1.609	38.554	8.68	8.475	0.0	80.573	27.056	-9.068	31.8	1.441	296.615	9.24	8.787	0.0	83.595	33.158	-2.244	28.0	0.0	252.055	9.17	9.475	0.0	77.78	13.252	-8.424	4.2	0.0	6.49	8.86	8.6	0.0	75.627	0.0	0.0	26.2	0.0	13.174	10.06	8.787	5.849	77.369	12.235	-17.764	48.2	1.123	252.83	8.8	9.037	0.0	78.988	27.346	-23.665	19.6	0.0	251.765	9.18	9.35	0.0	78.255	25.457	-25.503	26.0	0.0	24.508	8.79	8.225	0.0	80.282	18.265	-9.769	37.4	0.972	239.753	10.05
10.18	7.412	2.659	66.009	25.53	-8.437	1.2	0.0	12.399	9.5	7.787	3.722	73.657	35.338	-13.583	12.2	2.062	48.338	8.5	8.537	0.0	82.808	27.419	-9.125	31.8	0.0	300.199	9.41	8.85	0.0	79.245	33.158	-2.075	28.0	0.0	314.149	9.47	9.725	0.0	76.791	13.18	-8.49	4.2	1.006	282.763	9.0	8.725	0.0	76.768	0.0	0.0	26.2	0.0	226.094	10.04	9.1	4.254	76.836	11.654	-17.655	48.2	0.0	8.04	8.82	9.037	0.0	80.192	27.564	-23.665	19.6	0.0	267.651	9.24	9.225	0.0	77.27	27.056	-25.116	26.0	0.0	33.42	8.86	8.162	0.0	79.124	18.338	-9.749	37.4	1.265	298.65	10.22
10.61	7.162	3.722	66.058	25.748	-8.409	1.2	1.131	344.372	9.36	7.725	3.19	75.426	35.047	-13.864	12.2	1.24	347.472	8.94	8.537	0.0	79.975	27.273	-9.218	31.8	0.0	290.513	9.54	8.662	0.0	78.977	33.086	-2.203	28.0	0.0	248.859	9.54	9.537	0.0	75.997	13.034	-8.478	4.2	0.0	251.183	9.17	8.537	0.0	73.926	0.0	0.0	26.2	1.056	269.104	9.92	8.975	4.254	78.713	12.235	-17.999	48.2	0.0	8.428	8.76	9.037	0.0	79.813	27.056	-23.432	19.6	0.0	267.264	9.26	9.35	0.0	76.369	25.675	-25.389	26.0	0.0	21.118	9.12	8.1	0.0	77.894	18.265	-9.718	37.4	2.028	30.514	10.13
11.18	7.35	4.785	65.882	25.675	-8.43	1.2	1.257	327.323	9.46	7.85	2.127	73.286	35.192	-13.768	12.2	1.274	42.332	9.08	8.537	0.0	77.086	27.273	-9.233	31.8	1.525	283.054	9.56	8.85	0.0	81.81	33.231	-2.378	28.0	1.039	259.03	9.44	9.475	0.0	76.356	13.397	-8.461	4.2	0.0	250.99	9.09	8.412	0.0	76.232	0.0	0.0	26.2	0.0	243.24	9.56	8.912	4.254	82.792	11.944	-18.765	48.2	0.0	7.362	8.88	9.037	0.0	77.643	26.91	-23.432	19.6	0.0	267.264	9.17	9.1	0.0	78.6	25.603	-25.298	26.0	0.0	21.505	8.93	8.287	0.0	80.265	18.265	-9.789	37.4	0.0	2.325	10.02
10.32	7.537	4.254	65.924	25.675	-8.526	1.2	1.517	357.353	9.43	7.6	3.722	74.03	35.992	-13.436	12.2	1.366	1.162	8.98	8.35	0.0	78.559	26.692	-9.152	31.8	1.307	288.866	9.67	8.975	0.0	77.111	32.867	-2.267	28.0	1.886	262.227	9.46	9.475	0.0	74.32	13.688	-8.507	4.2	0.0	261.452	9.14	8.475	0.0	75.609	0.0	0.0	26.2	0.0	261.742	9.52	8.975	4.254	83.944	12.235	-17.441	48.2	0.0	8.137	8.82	9.037	0.0	78.425	27.709	-24.012	19.6	0.0	267.554	9.26	9.162	0.0	78.073	26.329	-25.321	26.0	0.0	64.515	8.97	8.037	0.0	78.68	18.338	-9.767	37.4	0.0	298.165	10.07
11.03	7.287	2.127	64.771	25.603	-8.498	1.2	1.475	15.305	9.29	7.537	2.659	76.249	35.992	-15.524	12.2	1.617	20.827	8.92	8.475	0.0	79.848	27.709	-9.132	31.8	1.089	304.365	9.57	8.85	0.0	78.761	33.086	-2.151	28.0	0.0	297.1	9.5	9.475	0.0	75.862	13.034	-8.534	4.2	0.0	331.198	9.08	8.412	0.0	74.525	0.0	0.0	26.2	0.0	322.673	9.53	8.912	3.19	82.952	11.872	-16.55	48.2	0.0	8.234	8.79	8.912	0.0	78.937	26.983	-23.159	19.6	0.0	267.264	9.16	9.225	0.0	79.042	26.765	-1.0	26.0	0.0	64.418	8.93	8.162	0.0	79.63	18.265	-9.772	37.4	0.0	56.088	10.19
10.95	7.225	3.722	64.282	25.748	-8.449	1.2	1.416	12.593	9.4	7.6	0.0	73.04	36.137	-14.084	12.2	1.207	347.084	8.9	8.537	0.0	79.379	27.201	-9.118	31.8	1.291	301.556	9.67	8.975	0.0	76.96	32.94	-2.305	28.0	0.0	213.21	9.56	9.537	0.0	75.493	13.47	-8.614	4.4	0.0	0.0	8.96	8.1	0.0	77.136	0.0	0.0	26.2	0.0	323.836	9.42	8.912	2.659	86.659	12.235	-16.301	48.2	0.0	8.234	8.76	9.037	0.0	79.201	27.346	-23.665	19.6	0.0	267.554	9.41	9.225	0.0	76.653	27.056	-24.193	26.0	0.0	49.888	9.12	8.1	0.0	78.663	18.265	-9.85	37.4	1.55	36.81	10.22
12.96	7.162	2.659	58.855	25.82	-8.315	1.2	0.0	12.303	9.42	7.6	2.659	75.055	35.265	-14.339	12.2	0.0	3.1	9.28	8.287	0.0	74.745	27.056	-9.059	31.8	1.936	291.578	9.58	8.662	0.0	78.788	33.376	-2.165	28.0	0.972	225.803	9.64	8.975	0.0	72.592	13.47	-8.617	4.4	0.0	358.321	9.28	8.412	0.0	72.86	0.0	0.0	26.2	0.93	210.498	9.47	8.912	2.127	84.425	12.38	-17.335	48.2	0.0	8.234	8.69	8.912	0.0	80.139	26.983	-23.622	19.6	0.0	267.264	9.24	9.037	0.0	79.084	27.346	-25.048	26.0	0.0	49.694	9.1	7.912	0.0	78.039	18.265	-9.704	37.4	0.0	19.665	9.9
10.65	6.975	2.659	64.817	26.038	-8.388	1.2	0.0	6.49	9.55	7.6	4.785	72.287	35.556	-14.21	12.2	0.0	14.24	9.1	8.225	0.0	77.939	26.765	-9.044	31.8	1.249	268.039	9.76	8.725	0.0	77.732	33.449	-2.978	28.0	1.249	222.607	9.79	9.162	0.0	71.572	13.761	-8.543	4.4	1.131	306.012	9.32	8.287	0.0	72.058	0.0	0.0	26.2	0.0	237.428	10.0	8.85	2.127	77.883	12.453	-17.686	48.2	0.0	237.234	8.92	8.912	0.0	77.177	27.637	-23.854	19.6	0.0	267.264	9.26	8.975	0.0	79.556	26.402	-25.139	26.0	0.0	280.632	9.24	7.975	0.0	75.909	18.338	-9.759	37.4	1.425	291.191	10.08
11.48	7.162	1.595	62.851	25.675	-8.426	1.2	1.366	62.965	9.52	7.35	1.595	73.272	35.047	-13.853	12.2	0.0	43.591	9.12	8.1	0.0	76.541	27.273	-8.943	31.8	1.743	271.139	9.66	8.6	0.0	79.546	33.158	-2.145	28.0	1.358	201.005	9.65	9.162	0.0	73.012	13.107	-8.64	4.4	0.0	159.254	9.46	8.412	0.0	71.85	0.0	0.0	26.2	1.182	224.157	10.07	8.787	0.0	80.738	12.308	-16.031	48.2	0.0	237.718	8.99	8.912	0.0	77.467	27.201	-22.928	19.6	0.0	267.264	9.35	9.037	0.0	78.441	26.765	-25.501	26.0	0.0	192.48	9.29	8.037	0.0	75.996	18.338	-9.779	37.4	0.0	216.504	10.0
11.92	7.1	1.595	60.203	25.893	-8.385	1.2	0.0	116.147	9.46	7.162	5.849	74.268	35.338	-14.063	12.2	1.123	43.301	9.23	8.162	0.0	75.067	27.201	-9.029	31.8	0.0	270.364	9.57	8.412	0.0	78.488	33.158	-2.083	28.0	0.0	201.005	9.59	8.912	0.0	74.757	13.397	-8.584	4.4	0.0	159.448	9.28	8.1	0.0	72.886	0.0	0.0	26.2	0.0	223.091	9.84	8.537	2.127	81.003	12.453	-15.896	48.2	0.0	237.815	9.3	8.975	0.0	74.081	27.201	-23.18	19.6	0.0	267.458	9.34	8.787	0.0	78.909	25.82	-24.845	26.0	0.0	192.48	9.16	7.662	0.0	77.803	18.265	-9.616	37.4	0.0	321.027	10.02
12.24	6.662	0.532	60.081	25.312	-8.311	1.2	0.0	23.346	9.49	7.162	0.0	74.171	35.192	-14.001	12.2	0.0	43.688	9.14	8.162	0.0	78.197	27.273	-8.965	31.8	0.0	265.326	9.82	8.475	0.0	76.486	33.303	-2.405	28.0	1.207	218.248	9.67	9.225	0.0	75.286	13.688	-8.638	4.4	0.0	159.06	9.42	8.1	0.0	71.763	0.0	0.0	26.2	0.0	220.669	9.74	8.287	1.595	80.47	12.308	-16.324	48.2	0.0	237.622	9.11	8.975	0.0	76.539	27.782	-23.296	19.6	0.0	267.264	9.56	8.787	0.0	75.212	25.53	-25.185	26.0	0.0	192.48	9.33	7.787	0.0	74.986	18.265	-9.611	37.4	0.0	24.314	10.08
12.18	6.662	2.127	59.52	25.748	-8.345	1.2	0.905	351.347	9.6	7.162	0.0	72.663	35.41	-14.126	12.2	0.0	43.495	9.29	8.037	0.0	75.003	27.201	-8.957	31.8	0.989	290.803	9.74	8.225	0.0	77.602	33.158	-2.097	28.0	0.0	218.054	9.74	9.162	0.0	73.601	13.325	-8.613	4.4	0.0	40.104	9.55	8.162	0.0	70.281	0.0	0.0	26.2	0.0	219.216	10.02	8.6	2.659	75.817	11.944	-17.624	48.2	0.0	227.838	9.18	8.912	0.0	76.276	26.983	-22.812	19.6	0.0	267.458	9.52	8.662	0.0	77.63	26.983	-24.458	26.0	0.0	192.48	9.16	7.6	0.0	77.078	18.265	-9.587	37.4	0.0	20.246	10.1
