-0.88	-1.212	0.0	90.494	24.585	-13.663	35.2	0.0	68.487	-2.12	-0.963	1.063	64.854	33.013	-7.455	29.0	0.0	89.798	-1.48	-0.838	0.0	69.456	23.859	-11.449	0.8	0.0	44.366	-1.43	0.475	0.0	70.049	31.56	0.0	36.0	0.0	45.529	-1.62	-0.4	0.0	93.806	11.291	-8.609	1.6	0.0	72.265	-0.8	-0.025	0.0	97.933	0.0	0.0	1.2	0.0	46.788	-1.14	0.475	1.063	74.016	9.91	-21.902	1.0	0.0	42.332	-1.8	0.537	0.0	70.783	26.765	-10.755	32.6	0.0	45.335	-1.0	0.35	0.0	35.9	20.372	-12.595	1.0	0.0	349.022	-1.7	-0.212	0.0	28.957	8.675	-1.0	38.2	0.0	79.53	-1.52
-0.86	-1.4	1.063	90.499	24.295	-13.567	35.2	0.0	68.1	-2.1	-0.775	0.0	64.831	32.867	-7.511	29.0	0.0	89.895	-1.44	-0.713	0.0	69.463	23.714	-11.466	0.8	0.0	44.463	-1.42	0.662	0.0	70.001	30.906	-0.419	36.0	0.0	45.529	-1.58	0.1	0.0	93.817	11.0	-8.689	1.6	0.0	71.877	-0.72	0.35	0.0	97.957	0.0	0.0	1.2	0.0	46.691	-1.11	0.287	0.0	73.998	9.329	-22.052	1.0	0.0	43.107	-1.79	0.662	0.0	70.835	26.402	-10.806	32.6	0.0	45.916	-1.0	0.35	0.0	36.539	19.936	-12.488	1.0	0.0	349.022	-1.7	-0.463	0.0	28.924	8.675	-1.0	38.2	0.0	79.53	-1.46
-0.88	-1.462	0.532	90.514	25.094	-13.688	35.2	0.0	68.487	-2.1	-0.9	0.0	64.831	32.504	-7.523	29.0	0.0	90.089	-1.46	-0.588	0.0	69.46	23.568	-11.527	0.8	0.0	44.366	-1.4	0.6	0.0	69.928	30.979	0.0	36.0	0.0	44.366	-1.56	0.1	0.0	93.842	10.637	-8.698	1.6	0.0	71.684	-0.73	-0.025	0.0	97.972	0.0	0.0	1.2	0.0	46.594	-1.09	0.412	2.659	74.002	9.692	-22.189	1.0	0.0	42.913	-1.79	0.475	0.0	70.835	26.983	-10.781	32.6	0.0	45.916	-1.0	0.475	0.0	36.188	21.026	-12.836	1.0	0.0	349.022	-1.73	-0.338	0.0	28.921	8.821	-1.0	38.2	0.0	79.821	-1.47
-0.85	-1.4	0.532	90.522	24.367	-13.698	35.2	0.0	69.165	-2.08	-0.9	0.0	64.808	33.086	-7.476	29.0	0.0	89.895	-1.46	-0.588	0.0	69.46	23.714	-11.441	0.8	0.0	44.56	-1.4	0.537	0.0	69.802	31.415	0.0	36.0	0.0	44.851	-1.56	0.1	0.0	93.823	11.508	-8.689	1.6	0.0	71.974	-0.77	-0.15	0.0	97.96	0.0	0.0	1.2	0.0	46.594	-1.08	0.412	3.19	73.98	9.256	-22.789	1.0	0.0	42.913	-1.8	0.412	0.0	70.833	26.765	-10.807	32.6	0.0	45.819	-1.0	0.412	0.0	36.284	20.372	-12.497	1.0	0.0	349.022	-1.74	-0.4	0.0	28.953	8.821	-1.0	38.2	0.0	79.433	-1.52
-0.88	-1.462	0.0	90.514	24.731	-13.622	35.2	0.0	68.584	-2.1	-0.775	0.532	64.831	32.722	-7.511	29.0	0.0	89.895	-1.47	-0.65	0.0	69.483	23.714	-11.562	0.8	0.0	44.851	-1.4	0.662	0.0	69.802	31.124	0.0	36.0	0.0	45.432	-1.58	0.037	0.0	93.817	11.145	-8.701	1.6	0.0	72.071	-0.75	-0.15	0.0	97.966	0.0	0.0	1.2	0.0	46.982	-1.1	0.412	1.063	73.976	9.91	-1.0	1.0	0.0	42.913	-1.8	0.35	0.0	70.808	26.62	-12.488	32.6	0.0	46.304	-1.0	0.537	0.0	35.258	21.171	-12.624	1.0	0.0	349.022	-1.72	-0.525	0.0	28.922	8.675	-1.0	38.2	0.0	79.627	-1.52
-0.86	-1.4	6.381	90.519	24.585	-13.567	35.2	0.0	68.487	-2.08	-0.713	0.532	64.861	33.449	-7.517	29.0	0.0	90.089	-1.46	-0.775	0.0	69.485	23.859	-11.589	0.8	0.0	44.657	-1.44	0.6	0.0	70.047	31.415	0.0	36.0	0.0	44.754	-1.58	-0.087	0.0	93.856	10.855	-8.678	1.6	0.0	72.071	-0.8	-0.212	0.0	97.951	0.0	0.0	1.2	0.0	46.788	-1.13	0.35	1.595	73.945	10.056	-22.07	1.0	0.0	43.01	-1.8	0.6	0.0	70.833	26.474	-10.902	32.6	0.0	45.819	-1.0	0.412	0.0	32.636	21.098	-12.444	1.0	0.0	349.409	-1.7	-0.275	0.0	28.957	8.821	-1.0	38.2	0.0	79.24	-1.52
-0.87	-1.4	0.0	90.517	25.021	-13.502	35.2	0.0	68.681	-2.08	-1.087	0.532	64.861	32.795	-7.475	29.0	0.0	89.701	-1.46	-0.588	0.0	69.485	23.859	-12.725	0.8	0.0	44.366	-1.38	0.537	0.0	69.653	31.124	0.0	36.0	0.0	45.432	-1.6	-0.087	0.0	93.811	11.363	-8.688	1.6	0.0	72.168	-0.74	-0.025	0.0	97.951	0.0	0.0	1.2	0.0	46.788	-1.11	0.412	0.0	73.949	10.419	-21.783	1.0	0.0	42.623	-1.8	0.475	0.0	70.833	26.765	-10.957	32.6	0.0	45.529	-1.0	0.537	0.0	35.579	20.662	-12.734	1.0	0.0	349.022	-1.73	-0.4	0.0	28.921	8.457	-1.0	38.2	0.0	79.53	-1.44
-0.88	-1.525	0.532	90.514	24.44	-13.546	35.2	0.0	68.39	-2.09	-0.963	0.0	64.912	33.013	-7.486	29.0	0.0	90.089	-1.44	-0.588	0.0	69.489	24.004	-11.661	0.8	0.0	45.141	-1.42	0.662	0.0	69.747	31.342	0.0	36.0	0.0	44.851	-1.54	-0.15	0.0	93.828	11.363	-8.929	1.6	0.0	71.587	-0.74	-0.212	0.0	97.951	0.0	0.0	1.2	0.0	47.079	-1.08	0.35	1.063	73.955	9.62	-22.07	1.0	0.0	42.72	-1.79	0.662	0.0	70.885	26.765	-10.982	32.6	0.0	46.498	-1.0	0.412	0.0	35.322	21.098	-12.714	1.0	0.0	349.022	-1.72	-0.463	0.0	28.955	8.675	-1.0	38.2	0.0	79.53	-1.48
-0.86	-1.462	1.063	90.519	25.021	-13.427	35.2	0.0	68.39	-2.09	-0.963	0.0	64.912	33.013	-7.494	29.0	0.0	89.701	-1.43	-0.588	0.0	69.491	24.15	-11.571	0.8	0.0	44.463	-1.41	0.537	0.0	69.698	30.979	0.0	36.0	0.0	45.335	-1.58	0.1	0.0	93.856	10.709	-8.708	1.6	0.0	71.877	-0.72	-0.212	0.0	97.975	0.0	0.0	1.2	0.0	46.885	-1.06	0.287	0.532	73.96	9.765	-21.545	1.0	0.0	42.816	-1.77	0.475	0.0	70.939	26.256	-10.993	32.6	0.0	45.722	-1.0	0.537	0.0	36.858	21.026	-13.137	1.0	0.0	349.797	-1.71	-0.338	0.0	28.989	8.748	-1.0	38.2	0.0	79.336	-1.41
-0.88	-1.462	0.0	90.514	24.731	-13.492	35.2	0.0	68.487	-2.06	-1.025	0.0	64.865	33.013	-7.512	29.0	0.0	89.798	-1.42	-0.525	0.0	69.493	23.568	-11.808	0.8	0.0	44.366	-1.42	0.6	0.0	69.696	31.269	0.0	36.0	0.0	45.626	-1.57	0.037	0.0	93.859	10.492	-8.74	1.6	0.0	71.781	-0.74	0.163	0.0	97.969	0.0	0.0	1.2	0.0	46.401	-1.06	0.287	0.0	73.935	9.62	-21.136	1.0	0.0	42.816	-1.74	0.725	0.0	71.021	26.547	-11.064	32.6	0.0	45.916	-1.0	0.475	0.0	36.188	20.735	-12.836	1.0	0.0	349.022	-1.7	-0.338	0.0	28.99	8.53	-1.0	38.2	0.0	80.111	-1.5
-0.9	-1.462	0.532	90.509	24.731	-13.556	35.2	0.0	68.971	-2.06	-1.087	0.0	64.891	33.086	-7.506	29.0	0.0	89.701	-1.43	-0.588	0.0	69.491	23.859	-11.799	0.8	0.0	44.463	-1.43	0.537	0.0	69.77	30.761	-0.107	36.0	0.0	44.851	-1.6	0.037	0.0	93.85	10.927	-8.72	1.6	0.0	71.974	-0.66	-0.025	0.0	97.993	0.0	0.0	1.2	0.0	46.594	-1.05	0.475	0.0	73.937	9.474	-21.392	1.0	0.0	42.623	-1.74	0.475	0.0	70.996	26.402	-11.104	32.6	0.0	46.013	-1.0	0.412	0.0	25.429	21.171	-12.941	1.0	0.0	349.022	-1.74	-0.525	0.0	28.92	8.675	-1.0	38.2	0.0	79.724	-1.47
-0.87	-1.275	0.532	90.517	24.44	-13.394	35.2	0.0	68.1	-2.07	-1.087	0.0	64.916	32.94	-7.514	29.0	0.0	89.992	-1.46	-0.713	0.0	69.485	23.859	-11.78	0.8	0.0	44.56	-1.42	0.787	0.0	69.696	31.415	-0.012	36.0	0.0	45.141	-1.6	-0.15	0.0	93.85	10.782	-8.7	1.6	0.0	72.071	-0.68	-0.212	0.0	97.987	0.0	0.0	1.2	0.0	46.788	-1.05	0.287	0.0	73.913	9.838	-21.647	1.0	0.0	43.01	-1.76	0.475	0.0	70.966	26.91	-11.104	32.6	0.0	45.916	-1.0	0.475	0.0	0.0	20.299	-12.614	1.0	0.0	349.022	-1.74	-0.4	0.0	28.92	8.675	-1.0	38.2	0.0	78.949	-1.5
-0.87	-1.65	0.0	90.517	24.949	-13.525	35.2	0.0	68.778	-2.08	-1.212	0.0	64.94	32.867	-7.456	29.0	0.0	89.895	-1.44	-0.713	0.0	69.489	23.568	-11.688	0.8	0.0	43.591	-1.4	0.662	0.0	69.573	31.269	0.0	36.0	0.0	44.948	-1.59	0.037	0.0	93.853	11.0	-8.74	1.6	0.0	72.168	-0.72	-0.025	0.0	97.975	0.0	0.0	1.2	0.0	46.691	-1.09	0.412	1.063	73.904	10.056	-21.783	1.0	0.0	42.913	-1.8	0.412	0.0	70.933	26.184	-10.984	32.6	0.0	45.916	-1.0	0.475	0.0	0.0	20.808	-12.507	1.0	0.0	349.022	-1.71	-0.525	0.0	28.989	8.893	-1.0	38.2	0.0	79.627	-1.49
-0.86	-1.4	0.532	90.519	25.167	-13.248	35.2	0.0	68.487	-2.06	-0.963	0.0	64.97	33.158	-7.51	29.0	0.0	89.508	-1.42	-0.65	0.0	69.493	23.496	-11.697	0.8	0.0	44.754	-1.4	0.662	0.0	69.446	31.415	0.0	36.0	0.0	45.626	-1.59	0.037	0.0	93.853	10.927	-8.76	1.6	0.0	71.974	-0.74	-0.212	0.0	97.969	0.0	0.0	1.2	0.0	46.788	-1.06	0.537	1.595	73.91	9.692	-22.123	1.0	0.0	42.235	-1.79	0.475	0.0	70.936	26.91	-11.259	32.6	0.0	45.916	-1.0	0.537	0.0	0.0	20.517	-12.411	1.0	0.0	349.022	-1.72	-0.338	0.0	28.955	8.821	-1.0	38.2	0.0	79.627	-1.4
-0.86	-1.4	0.0	90.519	24.876	-13.438	35.2	0.0	68.681	-2.08	-0.775	0.0	64.993	32.795	-7.535	29.0	0.0	89.798	-1.45	-0.588	0.0	69.487	23.859	-11.799	0.8	0.0	44.56	-1.45	0.475	0.0	69.741	30.979	0.0	36.0	0.0	45.141	-1.59	0.1	0.0	93.853	10.709	-8.747	1.6	0.0	71.974	-0.78	-0.025	0.0	97.957	0.0	0.0	1.2	0.0	46.788	-1.08	0.35	0.0	73.906	9.62	-21.867	1.0	0.0	42.72	-1.77	0.6	0.0	70.99	26.256	-11.122	32.6	0.0	45.916	-1.0	0.537	0.0	0.0	20.662	-14.236	1.0	0.0	349.022	-1.73	-0.338	0.0	28.954	8.748	-1.0	38.2	0.0	79.433	-1.41
-0.84	-1.525	0.532	90.525	24.731	-13.354	35.2	0.0	68.681	-2.07	-0.838	0.532	64.995	33.158	-7.544	29.0	0.0	89.798	-1.46	-0.65	0.0	69.485	23.714	-11.697	0.8	0.0	45.335	-1.43	0.662	0.0	69.567	30.761	-0.03	36.0	0.0	45.722	-1.56	-0.15	0.0	93.861	11.218	-8.73	1.6	0.0	71.877	-0.68	-0.15	0.0	97.987	0.0	0.0	1.2	0.0	47.757	-1.08	0.225	0.532	73.906	9.983	-21.934	1.0	0.0	42.332	-1.78	0.6	0.0	71.013	26.111	-11.398	32.6	0.0	46.013	-1.0	0.35	0.0	0.0	20.662	-12.76	1.0	0.0	349.022	-1.74	-0.338	0.0	28.92	8.748	-1.0	38.2	0.0	79.627	-1.44
-0.88	-1.4	0.0	90.514	24.949	-13.374	35.2	0.0	68.487	-2.08	-0.713	0.0	65.019	33.013	-7.548	29.0	0.0	90.089	-1.44	-0.775	0.0	69.489	24.295	-11.725	0.8	0.0	44.56	-1.43	0.475	0.0	69.567	31.415	0.0	36.0	0.0	45.238	-1.6	-0.212	0.0	93.85	10.782	-8.703	1.6	0.0	71.974	-0.66	0.037	0.0	97.993	0.0	0.0	1.2	0.0	46.885	-1.06	0.412	0.532	73.886	9.474	-21.477	1.0	0.0	42.526	-1.75	0.725	0.0	71.094	26.838	-12.087	32.6	0.0	45.916	-1.0	0.412	0.0	0.0	20.517	-12.826	1.0	0.0	349.022	-1.74	-0.338	0.0	28.953	8.821	-1.0	38.2	0.0	79.627	-1.41
-0.86	-1.4	0.0	90.519	24.731	-13.311	35.2	0.0	68.39	-2.08	-0.838	0.0	65.019	32.722	-7.544	29.0	0.0	90.089	-1.44	-0.65	0.0	69.489	23.496	-11.518	0.8	0.0	45.432	-1.4	0.412	0.0	69.42	31.342	-0.064	36.0	0.0	45.238	-1.56	0.1	0.0	93.861	11.218	-8.787	1.6	0.0	71.587	-0.71	-0.025	0.0	97.978	0.0	0.0	1.2	0.0	48.047	-1.08	0.287	0.532	73.882	10.056	-21.951	1.0	0.0	42.72	-1.76	0.35	0.0	71.092	27.128	-11.322	32.6	0.0	46.304	-1.0	0.35	0.0	0.0	20.372	-12.595	1.0	0.0	349.409	-1.7	-0.525	0.0	28.957	8.748	-1.0	38.2	0.0	79.627	-1.42
-0.86	-1.212	0.0	90.519	25.021	-13.468	35.2	0.0	69.165	-2.06	-0.775	0.0	64.996	32.577	-7.542	29.0	0.0	89.701	-1.42	-0.65	0.0	69.493	23.568	-11.652	0.8	0.0	44.56	-1.44	0.35	0.0	69.591	30.906	0.0	36.0	0.0	45.141	-1.58	-0.087	0.0	93.856	11.145	-8.747	1.6	0.0	71.684	-0.76	-0.15	0.0	97.963	0.0	0.0	1.2	0.0	46.304	-1.1	0.35	0.0	73.878	9.91	-21.969	1.0	0.0	42.623	-1.8	0.287	0.0	71.009	26.91	-11.437	32.6	0.0	46.013	-1.0	0.412	0.0	0.0	20.444	-12.77	1.0	0.0	349.022	-1.75	-0.588	0.0	28.919	8.966	-1.0	38.2	0.0	79.433	-1.48
-0.86	-1.4	0.0	90.519	24.44	-13.248	35.2	0.0	68.39	-2.06	-0.775	0.0	64.996	33.013	-7.55	29.0	0.0	89.798	-1.48	-0.713	0.0	69.481	23.423	-11.643	0.8	0.0	44.463	-1.45	0.6	0.0	69.665	31.342	-0.039	36.0	0.0	44.948	-1.62	-0.15	0.0	93.844	10.782	-8.72	1.6	0.0	71.781	-0.77	-0.212	0.0	97.96	0.0	0.0	1.2	0.0	46.885	-1.12	0.412	0.532	73.874	9.547	-20.965	1.0	0.0	42.816	-1.82	0.35	0.0	70.98	26.474	-11.488	32.6	0.0	45.819	-1.0	0.1	0.0	2.939	20.59	-12.721	1.0	0.0	349.022	-1.78	-0.525	0.0	28.917	8.603	-1.0	38.2	0.0	79.53	-1.52
-0.88	-1.275	1.595	90.514	24.44	-13.394	35.2	0.0	68.196	-2.06	-0.65	0.532	64.996	33.158	-7.522	29.0	0.0	89.895	-1.44	-0.588	0.0	69.489	24.077	-11.153	0.8	0.0	44.56	-1.46	0.35	0.0	69.739	30.979	0.0	36.0	0.0	45.335	-1.62	0.037	0.0	93.864	11.073	-8.75	1.6	0.0	71.877	-0.82	-0.212	0.0	97.945	0.0	0.0	1.2	0.0	46.885	-1.1	0.35	0.0	73.853	10.346	-22.171	1.0	0.0	43.591	-1.8	0.475	0.0	70.984	26.983	-11.635	32.6	0.0	46.013	-1.0	0.35	0.0	0.0	21.098	-12.816	1.0	0.0	349.022	-1.78	-0.463	0.0	28.917	8.821	-1.0	38.2	0.0	80.886	-1.5
-0.88	-1.462	0.0	90.514	24.513	-13.688	35.2	0.0	68.681	-2.07	-0.9	0.0	65.047	33.086	-7.5	29.0	0.0	89.798	-1.38	-0.588	0.0	69.526	23.714	-11.706	0.8	0.0	44.657	-1.42	0.6	0.0	69.518	30.833	-0.039	36.0	0.0	45.916	-1.6	-0.15	0.0	93.85	11.073	-8.75	1.6	0.0	71.877	-0.82	0.037	0.0	97.945	0.0	0.0	1.2	0.0	46.788	-1.09	0.35	2.659	73.855	9.402	-22.372	1.0	0.0	42.623	-1.8	0.475	0.0	71.034	26.547	-11.505	32.6	0.0	45.819	-1.0	0.412	0.0	0.0	20.444	-12.714	1.0	0.0	349.022	-1.78	-0.275	0.0	28.917	8.748	-1.0	38.2	0.0	79.336	-1.42
-0.87	-1.462	0.532	90.517	24.949	-13.754	35.2	0.0	67.809	-2.06	-0.713	0.0	65.076	32.577	-7.548	29.0	0.0	89.605	-1.42	-0.525	0.0	69.518	24.077	-11.536	0.8	0.0	44.948	-1.48	0.537	0.0	69.862	31.342	0.0	36.0	0.0	45.529	-1.61	0.163	0.0	93.867	11.508	-8.804	1.6	0.0	72.168	-0.82	-0.338	0.0	97.945	0.0	0.0	1.2	0.0	46.691	-1.13	0.163	0.0	73.847	10.201	-21.916	1.0	0.0	42.526	-1.79	0.35	0.0	71.136	26.547	-11.53	32.6	0.0	45.916	-1.0	0.287	0.0	0.0	21.171	-12.921	1.0	0.0	349.022	-1.7	-0.338	0.0	28.99	8.603	-1.0	38.2	0.0	79.24	-1.4
-0.88	-1.275	0.532	90.514	24.44	-13.331	35.2	0.0	68.487	-2.06	-1.025	0.0	65.076	32.795	-7.481	29.0	0.0	90.089	-1.47	-0.775	0.0	69.483	23.859	-11.545	0.8	0.0	44.463	-1.44	0.412	0.0	69.743	31.051	0.0	36.0	0.0	44.948	-1.62	0.037	0.0	93.844	11.0	-8.72	1.6	0.0	71.781	-0.84	0.037	0.0	97.939	0.0	0.0	1.2	0.0	46.788	-1.14	0.225	0.0	73.845	9.329	-22.035	1.0	0.0	43.01	-1.8	0.6	0.0	71.034	26.547	-11.609	32.6	0.0	46.013	-1.0	0.537	0.0	0.0	20.517	-13.078	1.0	0.0	349.797	-1.74	-0.525	0.0	28.986	8.603	-1.0	38.2	0.0	79.336	-1.51
-0.9	-1.4	2.659	90.509	24.44	-13.438	35.2	0.0	68.487	-2.07	-1.15	0.0	65.153	32.795	-7.446	29.0	0.0	90.089	-1.44	-0.775	0.0	69.489	23.859	-11.501	0.8	0.0	44.657	-1.42	0.6	0.0	69.416	31.415	0.0	36.0	0.0	45.238	-1.6	0.163	0.0	93.87	11.0	-8.753	1.6	0.0	72.265	-0.75	-0.212	0.0	97.966	0.0	0.0	1.2	0.0	46.788	-1.12	0.35	1.063	73.8	9.62	-21.969	1.0	0.0	42.526	-1.82	0.6	0.0	71.055	26.765	-11.481	32.6	0.0	45.916	0.0	0.537	0.0	0.0	20.735	-12.846	1.0	0.0	349.022	-1.72	-0.588	0.0	28.988	8.675	-1.0	38.2	0.0	79.433	-1.53
-0.89	-1.4	1.063	90.511	24.367	-13.187	35.2	0.0	68.39	-2.1	-0.9	0.0	65.2	32.867	-7.5	29.0	0.0	89.992	-1.46	-0.525	0.0	69.485	23.786	-11.625	0.8	0.0	44.657	-1.42	0.412	0.0	69.544	31.633	0.0	36.0	0.0	45.238	-1.62	-0.15	0.0	93.844	11.0	-8.72	1.6	0.0	71.393	-0.74	-0.4	0.0	97.969	0.0	0.0	1.2	0.0	46.982	-1.1	0.287	0.532	73.804	9.91	-21.85	1.0	0.0	42.72	-1.79	0.35	0.0	71.111	26.184	-11.404	32.6	0.0	46.401	102.17	0.35	0.0	49.705	20.372	-13.047	1.0	0.0	348.925	-1.78	-0.463	0.0	28.95	8.821	-1.0	38.2	0.0	79.53	-1.52
-0.88	-1.212	0.0	90.514	24.949	-13.796	35.2	0.0	68.487	-2.1	-0.9	0.0	65.174	32.722	-7.508	29.0	0.0	89.798	-1.5	-0.9	0.0	69.477	23.714	-11.483	0.8	0.0	44.366	-1.5	0.412	0.0	69.934	30.979	-0.506	36.0	0.0	46.207	-1.62	-0.087	0.0	93.844	10.782	-8.727	1.6	0.0	71.781	-0.74	-0.338	0.0	97.969	0.0	0.0	1.2	0.0	46.788	-1.12	0.287	1.063	73.8	9.91	-22.153	1.0	0.0	43.107	-1.81	0.412	0.0	71.132	26.91	-11.539	32.6	0.0	46.013	100.8	0.537	0.0	49.557	20.808	-13.137	1.0	0.0	349.022	-1.78	-0.588	0.0	28.917	9.038	-1.0	38.2	0.0	79.143	-1.48
-0.9	-1.525	1.063	90.509	24.731	-13.611	35.2	0.0	68.487	-2.08	-1.087	0.0	65.23	33.013	-7.475	29.0	0.0	89.895	-1.5	-0.713	0.0	69.477	24.222	-11.466	0.8	0.0	44.463	-1.46	0.537	0.0	69.638	30.906	-0.077	36.0	0.0	45.819	-1.63	-0.338	0.0	93.842	10.855	-8.804	1.6	0.0	71.199	-0.75	-0.025	0.0	97.966	0.0	0.0	1.2	0.0	46.788	-1.14	0.412	0.0	73.796	9.547	-21.986	1.0	0.0	42.623	-1.84	0.475	0.0	71.101	26.91	-11.299	32.6	0.0	46.013	121.21	0.537	0.0	10.144	21.171	-12.961	1.0	0.0	349.022	-1.78	-0.588	0.0	28.917	8.603	-1.0	38.2	0.0	79.918	-1.52
-0.88	-1.462	0.0	90.514	24.876	-13.492	35.2	0.0	68.196	-2.1	-0.963	0.0	65.252	33.086	-7.398	29.0	0.0	89.798	-1.5	-0.65	0.0	69.477	23.714	-11.607	0.8	0.0	44.463	-1.48	0.475	0.0	69.811	31.415	-0.026	36.0	0.0	45.238	-1.62	-0.15	0.0	93.883	11.363	-8.72	1.6	0.0	71.877	-0.76	-0.15	0.0	97.963	0.0	0.0	1.2	0.0	46.691	-1.14	0.225	0.0	73.796	9.62	-21.63	1.0	0.0	42.72	-1.82	0.537	0.0	71.13	27.056	-11.472	32.6	0.0	45.916	78.2	0.537	0.0	45.712	20.517	-13.257	1.0	0.0	349.022	-1.78	-0.588	0.0	28.917	8.748	-1.0	38.2	0.0	79.433	-1.53
-0.89	-1.4	0.532	90.511	24.803	-13.567	35.2	0.0	68.681	-2.11	-0.9	0.0	65.277	32.94	-7.468	29.0	0.0	89.992	-1.46	-0.775	0.0	69.485	24.077	-11.33	0.8	0.0	44.463	-1.48	0.475	0.0	69.761	31.197	0.0	36.0	0.0	45.626	-1.6	0.037	0.0	93.87	10.782	-8.77	1.6	0.0	71.974	-0.74	-0.338	0.0	97.969	0.0	0.0	1.2	0.0	46.788	-1.16	0.225	0.532	73.767	9.547	-1.0	1.0	0.0	42.72	-1.84	0.475	0.0	71.126	27.128	-11.34	32.6	0.0	45.819	116.48	0.412	0.0	48.327	20.227	-12.941	1.0	0.0	349.022	-1.8	-0.525	0.0	28.915	8.675	-1.0	38.2	0.0	79.53	-1.57
