0.0	11.662	84.012	0.0	26.038	-9.136	26.0	0.0	53.181	9.04	11.287	80.822	89.579	34.538	-15.971	11.2	0.0	34.97	8.26	10.975	0.0	92.284	26.474	-3.401	31.2	0.0	58.703	9.26	12.412	0.0	93.947	32.795	-4.299	26.2	0.0	38.554	9.04	10.412	0.0	88.757	16.158	-9.009	3.0	0.0	83.114	8.46	9.6	0.0	89.122	0.0	0.0	24.8	0.0	31.289	9.3	11.787	86.67	93.431	14.124	-14.249	46.6	0.0	30.708	8.73	11.912	0.0	89.919	27.056	-27.183	18.4	0.0	342.435	8.98	11.912	0.0	88.273	25.893	-26.364	24.8	0.0	0.194	9.06	11.85	0.0	93.134	21.462	-23.687	35.8	0.0	85.536
108.77	11.412	82.417	0.0	26.474	-9.079	26.0	0.0	53.763	9.08	11.225	85.607	88.968	34.902	-16.034	11.2	0.0	36.229	8.35	10.975	0.0	92.733	26.91	-3.521	31.2	0.0	58.316	9.16	12.287	0.0	93.034	33.086	-4.337	26.2	0.0	38.554	8.96	9.975	0.0	88.536	16.303	-8.823	3.0	0.0	83.211	8.42	9.662	0.0	89.729	0.0	0.0	24.8	0.0	30.805	9.4	11.787	82.417	93.098	14.051	-14.429	46.6	0.0	30.708	8.69	11.975	0.0	90.15	27.128	-27.438	18.4	0.0	342.435	9.01	11.787	0.0	88.168	25.603	-26.314	24.8	0.0	0.0	9.01	11.662	0.0	93.29	21.534	-22.783	35.8	0.0	85.439
89.09	11.1	80.29	0.0	26.111	-9.055	26.0	0.0	53.666	9.12	11.037	78.695	88.666	34.684	-15.045	11.2	0.0	34.776	8.32	10.662	0.0	92.597	27.128	-3.414	31.2	0.0	58.606	9.18	12.287	0.0	93.378	32.867	-4.051	26.2	0.0	38.36	9.01	10.225	0.0	88.772	16.231	-8.912	3.0	0.0	83.405	8.46	9.475	0.0	89.74	0.0	0.0	24.8	0.0	30.901	9.53	11.662	78.163	93.366	13.761	-14.282	46.6	0.0	30.708	8.7	11.787	0.0	89.889	26.838	-27.587	18.4	0.0	342.435	9.1	11.725	0.0	87.92	27.128	-26.29	24.8	0.0	0.097	8.92	11.6	0.0	93.729	21.244	-21.939	35.8	0.0	85.439
0.0	11.037	79.226	0.0	26.402	-9.104	26.0	0.0	53.763	9.1	11.287	76.568	88.928	34.611	-16.126	11.2	0.0	34.776	8.34	10.787	0.0	92.709	26.692	-3.576	31.2	0.0	58.413	8.97	11.975	0.0	93.722	32.795	-4.227	26.2	0.0	38.264	8.84	9.975	0.0	89.307	15.867	-8.814	3.0	0.0	83.211	8.47	9.412	0.0	89.786	0.0	0.0	24.8	0.0	30.998	9.51	11.662	77.1	92.637	13.906	-14.464	46.6	0.0	30.901	8.77	11.787	0.0	89.51	27.056	-28.569	18.4	0.0	343.113	9.15	11.787	0.0	87.504	27.056	-26.433	24.8	0.0	0.0	8.86	11.225	0.0	94.32	21.462	-22.401	35.8	0.0	85.633
93.23	10.912	69.124	0.0	26.692	-9.023	26.0	0.0	53.763	9.08	10.85	70.187	88.834	34.393	-15.871	11.2	0.0	34.97	8.31	10.662	0.0	92.169	26.692	-3.375	31.2	0.0	58.413	8.98	11.975	0.0	93.451	32.504	-4.106	26.2	0.0	37.876	8.82	9.912	0.0	89.611	16.013	-8.865	3.0	0.0	83.211	8.42	9.475	0.0	89.729	0.0	0.0	24.8	0.0	31.095	9.59	11.537	70.187	92.465	14.197	-14.316	46.6	0.0	30.805	8.92	11.787	0.0	89.637	27.491	-28.249	18.4	0.0	342.435	9.26	11.6	0.0	87.304	27.056	-26.004	24.8	0.0	0.291	8.94	11.1	0.0	94.529	21.607	-22.244	35.8	0.0	75.268
0.0	10.537	64.338	0.0	25.966	-9.0	26.0	0.0	54.053	9.11	10.662	64.338	89.353	34.538	-15.829	11.2	0.0	255.93	8.38	10.537	0.0	92.316	26.91	-3.135	31.2	0.0	58.413	9.04	11.787	0.0	93.383	32.577	-4.041	26.2	0.0	38.07	8.9	9.725	0.0	89.189	15.795	-8.792	3.0	0.0	83.211	8.42	9.662	0.0	89.62	0.0	0.0	24.8	0.0	30.901	9.68	11.412	66.997	92.36	13.688	-14.351	46.6	0.0	31.289	8.94	11.662	0.0	89.244	27.855	-27.758	18.4	0.0	342.435	9.18	11.6	0.0	87.148	26.038	-26.359	24.8	0.0	0.291	8.84	11.162	0.0	94.231	21.244	-22.147	35.8	0.0	75.462
0.0	10.537	64.87	0.0	26.111	-9.065	26.0	0.0	4.65	9.1	10.287	63.806	89.218	34.321	-15.975	11.2	0.989	266.101	8.48	10.537	0.0	92.491	26.692	-3.095	31.2	0.0	58.413	9.18	11.85	0.0	93.8	32.504	-4.103	26.2	0.0	38.07	8.98	9.975	0.0	89.475	16.231	-8.806	3.0	0.0	83.017	8.48	9.475	0.0	89.481	0.0	0.0	24.8	0.0	31.483	9.72	11.412	77.1	91.724	13.397	-14.113	46.6	0.0	30.901	8.91	11.662	0.0	89.147	27.564	-27.979	18.4	0.0	342.725	9.24	11.412	0.0	87.413	26.329	-25.695	24.8	0.0	0.0	8.96	11.037	0.0	94.264	21.316	-21.644	35.8	0.0	75.074
0.0	10.475	69.655	0.0	26.547	-9.041	26.0	0.0	236.265	9.02	9.975	67.528	89.441	34.756	-15.451	11.2	1.374	256.317	8.54	10.537	0.0	92.443	26.765	-2.977	31.2	0.0	58.703	9.22	11.787	0.0	93.368	32.577	-3.229	26.2	0.0	38.264	9.0	9.85	0.0	89.591	16.085	-8.773	3.0	0.0	83.114	8.44	9.35	0.0	89.426	0.0	0.0	24.8	0.0	31.095	9.66	11.412	67.528	91.448	13.761	-14.412	46.6	0.0	30.805	8.91	11.6	0.0	89.236	27.273	-28.061	18.4	0.0	342.822	9.2	11.537	0.0	87.38	25.82	-26.8	24.8	0.0	0.194	9.08	11.225	0.0	93.224	21.534	-21.474	35.8	0.0	74.977
0.0	10.162	72.846	0.0	26.692	-8.913	26.0	1.634	236.556	8.96	9.85	70.187	89.36	34.538	-16.191	11.2	2.078	264.551	8.64	10.537	0.0	92.043	26.91	-3.45	31.2	0.0	59.672	9.34	12.162	0.0	93.484	32.577	-4.131	26.2	0.0	38.264	9.12	9.85	0.0	89.489	16.013	-8.765	3.0	0.0	83.792	8.43	9.287	0.0	89.335	0.0	0.0	24.8	0.0	31.192	9.74	11.412	66.465	91.599	13.325	-14.172	46.6	0.0	31.386	8.9	11.6	0.0	89.189	27.056	-28.169	18.4	0.0	342.435	9.23	11.412	0.0	87.388	26.111	-1.0	24.8	0.0	0.097	8.99	11.1	0.0	94.168	21.389	-21.549	35.8	0.0	75.558
0.0	10.037	73.377	0.0	27.056	-8.962	26.0	0.0	232.972	8.95	10.037	74.441	89.6	34.756	-17.613	11.2	0.0	257.771	8.66	10.662	0.0	91.941	26.692	-3.414	31.2	0.0	30.998	9.4	12.037	0.0	92.842	32.867	-4.451	26.2	0.0	38.264	9.36	10.1	0.0	89.306	16.013	-8.787	3.0	0.0	110.335	8.54	9.475	0.0	89.275	0.0	0.0	24.8	0.0	31.095	9.72	11.35	69.655	90.897	13.833	-14.218	46.6	0.0	30.611	8.95	11.6	0.0	88.757	26.838	-28.277	18.4	0.0	342.725	9.38	11.662	0.0	86.878	27.201	-26.966	24.8	0.0	0.097	8.92	11.225	0.0	94.107	21.534	-21.246	35.8	0.0	77.011
0.0	10.287	81.885	0.0	26.402	-8.985	26.0	1.994	228.516	8.94	9.975	73.909	89.774	35.12	-15.675	11.2	1.986	230.744	8.8	10.537	0.0	91.784	27.201	-3.293	31.2	0.939	214.567	9.41	12.35	0.0	92.16	32.65	-4.195	26.2	0.0	38.167	9.38	9.85	0.0	88.35	16.521	-8.765	3.0	1.282	199.842	8.5	9.475	0.0	89.132	0.0	0.0	24.8	0.0	30.998	9.75	11.35	77.1	90.576	13.325	-13.763	46.6	0.0	31.289	9.0	11.725	0.0	88.68	27.056	-28.33	18.4	0.0	342.435	9.39	11.412	0.0	86.423	25.748	-26.75	24.8	0.0	0.097	9.2	11.537	0.0	94.099	21.534	-21.458	35.8	0.0	155.476
0.0	10.787	82.417	0.0	25.82	-9.015	26.0	0.0	197.033	9.01	10.225	75.504	89.704	34.538	-15.655	11.2	1.676	256.802	8.78	10.475	0.0	91.542	26.692	-3.586	31.2	0.0	223.285	9.41	12.162	0.0	92.973	32.504	-8.815	26.2	0.0	38.167	9.26	9.85	0.0	88.88	16.231	-8.765	3.0	1.936	221.638	8.58	9.475	0.0	89.064	0.0	0.0	24.8	0.0	31.192	9.84	11.537	84.012	90.401	13.325	-13.911	46.6	0.0	30.805	9.08	11.662	0.0	88.432	27.346	-28.088	18.4	0.0	343.597	9.43	11.537	0.0	85.996	26.91	-26.568	24.8	0.0	0.0	9.17	11.412	0.0	93.502	21.316	-21.078	35.8	0.0	205.655
0.0	10.412	89.861	0.0	26.62	-8.935	26.0	1.383	217.666	9.0	10.162	82.948	89.591	34.611	-15.419	11.2	1.684	249.343	8.8	10.475	0.0	91.741	27.201	-3.114	31.2	1.994	192.48	9.56	11.787	0.0	92.2	32.867	-4.122	26.2	1.416	191.318	9.42	9.975	0.0	88.965	16.739	-8.906	3.0	1.408	210.595	8.95	9.475	0.0	88.287	0.0	0.0	24.8	1.165	200.424	9.96	11.787	88.266	90.3	13.615	-13.742	46.6	0.0	30.805	9.26	11.35	0.0	88.656	27.346	-28.277	18.4	0.0	223.285	9.43	11.412	0.0	86.019	25.893	-26.05	24.8	0.0	0.097	9.03	11.037	0.0	93.948	21.534	-21.759	35.8	1.852	212.92
0.0	10.35	85.075	0.0	26.402	-8.936	26.0	2.053	216.117	8.98	10.225	85.607	89.74	34.538	-15.433	11.2	0.0	244.693	8.84	10.475	0.0	91.838	27.056	-3.311	31.2	2.12	218.345	9.76	11.85	0.0	92.381	32.94	-4.103	26.2	2.062	189.284	9.32	10.037	0.0	88.582	16.013	-8.788	3.0	1.919	216.117	9.03	9.787	0.0	87.835	0.0	0.0	24.8	1.986	183.956	10.09	11.35	85.075	91.342	13.688	-13.709	46.6	0.0	185.699	9.19	11.162	0.0	87.83	27.491	-28.303	18.4	1.492	211.079	9.58	11.537	0.0	86.285	25.457	-25.861	24.8	0.0	0.291	9.03	10.912	0.0	93.633	21.389	-22.066	35.8	1.768	202.458
0.0	10.35	77.631	0.0	26.184	-8.944	26.0	1.643	219.216	8.98	10.162	81.885	90.224	34.829	-15.641	11.2	2.078	267.167	8.88	10.412	0.0	91.719	26.692	-3.407	31.2	0.0	211.854	9.75	11.537	0.0	91.688	32.722	-4.114	26.2	0.0	191.512	9.23	10.1	0.0	89.184	15.65	-8.813	3.0	2.011	214.954	9.0	9.475	0.0	87.534	0.0	0.0	24.8	0.0	200.617	10.12	11.162	80.822	90.649	13.543	-14.484	46.6	0.0	182.793	9.26	11.225	0.0	88.432	27.128	-1.0	18.4	1.927	216.117	9.63	11.1	0.0	85.975	26.983	-25.576	24.8	1.936	169.619	9.16	11.1	0.0	93.203	21.68	-22.127	35.8	1.626	209.723
0.0	10.162	73.377	0.0	26.329	-8.904	26.0	1.324	202.555	8.98	10.225	71.782	90.312	34.538	-15.433	11.2	1.45	233.941	8.72	10.225	0.0	92.278	26.838	-3.147	31.2	0.0	207.592	9.67	11.537	0.0	92.186	33.158	-4.511	26.2	0.0	194.999	9.34	10.1	0.0	90.097	15.867	-8.787	3.0	1.944	182.6	9.04	9.287	0.0	87.431	0.0	0.0	24.8	0.0	190.059	10.12	11.1	78.695	90.649	13.979	-13.607	46.6	0.0	178.725	9.26	11.412	0.0	88.118	27.927	-1.0	18.4	0.0	231.616	9.7	11.1	0.0	85.853	25.748	-25.457	24.8	2.036	201.199	9.16	10.912	0.0	93.794	21.462	-22.416	35.8	1.676	205.945
0.0	10.162	82.417	0.0	25.966	-8.904	26.0	2.137	219.507	8.91	10.037	78.695	90.294	34.902	-15.248	11.2	2.095	258.642	8.63	10.162	0.0	92.083	27.056	-2.97	31.2	1.073	218.054	9.7	11.725	0.0	91.978	32.795	-4.3	26.2	0.0	189.38	9.18	9.85	0.0	89.349	16.013	-8.756	3.0	0.0	210.111	8.94	9.287	0.0	87.361	0.0	0.0	24.8	0.0	189.284	10.12	11.162	78.695	91.611	13.397	-13.514	46.6	0.0	175.819	9.16	11.162	0.0	88.743	27.491	-28.407	18.4	0.0	211.467	9.67	10.975	0.0	85.892	25.82	-26.692	24.8	2.062	163.807	9.23	10.912	0.0	93.264	21.244	-22.651	35.8	1.693	202.07
0.0	10.1	71.782	0.0	26.62	-8.905	26.0	1.961	211.661	8.85	10.037	76.036	90.41	34.466	-14.193	11.2	1.969	249.052	8.62	10.225	0.0	92.528	26.692	-3.304	31.2	0.93	206.72	9.56	11.35	0.0	92.5	32.432	-4.365	26.2	1.031	189.38	9.2	10.037	0.0	89.487	15.577	-8.779	3.0	0.0	201.78	9.06	9.35	0.0	88.068	0.0	0.0	24.8	0.0	198.292	10.08	11.037	73.377	91.078	13.325	-13.49	46.6	0.0	205.558	9.16	11.037	0.0	88.631	27.201	-28.25	18.4	0.0	217.279	9.64	10.787	0.0	86.023	26.329	-26.618	24.8	0.0	175.237	8.9	10.725	0.0	94.143	21.171	-22.707	35.8	0.0	206.333
0.0	10.1	58.489	0.0	26.184	-8.897	26.0	1.693	184.44	8.96	9.85	60.616	90.153	34.684	-15.424	11.2	1.961	264.261	8.58	10.037	0.0	92.666	27.056	-2.967	31.2	1.165	209.142	9.58	11.1	0.0	92.848	32.504	-4.158	26.2	0.0	196.936	9.16	10.037	0.0	90.38	16.013	-8.779	3.0	0.0	201.78	9.0	9.35	0.0	88.322	0.0	0.0	24.8	0.0	196.549	10.06	10.787	62.211	91.639	13.761	-13.39	46.6	0.0	183.568	9.06	11.1	0.0	89.074	26.765	-28.381	18.4	0.0	210.111	9.56	10.6	0.0	86.373	26.038	-26.087	24.8	0.0	169.232	9.02	10.662	0.0	94.05	21.534	-23.158	35.8	1.902	213.307
-1.0	9.912	53.172	0.0	26.402	-8.873	26.0	1.634	217.279	8.94	9.6	52.64	89.199	35.556	-15.592	11.2	2.028	228.419	8.52	9.85	0.0	92.353	26.474	-3.253	31.2	1.366	212.532	9.63	11.162	0.0	93.244	32.214	-8.547	26.2	0.0	191.124	9.18	9.975	0.0	90.144	15.577	-8.789	3.0	0.0	190.059	8.87	9.162	0.0	88.29	0.0	0.0	24.8	0.0	185.99	9.96	10.662	54.236	91.83	13.107	-13.266	46.6	0.0	178.919	9.0	10.912	0.0	89.081	27.637	-1.0	18.4	0.93	206.042	9.5	10.475	0.0	86.22	25.893	-26.268	24.8	0.0	173.881	8.9	10.412	0.0	93.472	21.462	-23.546	35.8	0.0	212.92
0.0	9.725	54.236	0.0	25.82	-8.907	26.0	1.475	207.108	8.98	9.85	52.109	89.098	34.611	-15.279	11.2	1.869	226.869	8.67	9.975	0.0	91.557	26.91	-3.141	31.2	0.955	203.33	9.57	10.912	0.0	91.316	32.65	-4.208	26.2	0.0	192.287	9.26	10.1	0.0	89.058	16.013	-8.787	3.0	0.0	206.43	8.88	9.225	0.0	87.527	0.0	0.0	24.8	0.0	200.133	10.0	10.662	55.299	89.423	13.688	-13.167	46.6	0.0	176.594	9.05	10.975	0.0	88.245	27.056	-1.0	18.4	0.0	215.729	9.57	10.662	0.0	85.01	25.893	-26.341	24.8	0.0	185.409	9.06	10.475	0.0	92.837	21.462	-22.042	35.8	1.777	206.042
0.0	9.912	60.616	0.0	26.838	-8.906	26.0	2.078	214.082	8.94	9.537	60.084	88.307	34.466	-15.357	11.2	0.0	256.511	8.66	9.85	0.0	91.014	26.62	-2.904	31.2	0.964	217.666	9.65	11.287	0.0	91.445	32.94	-4.342	26.2	0.0	187.346	9.25	9.85	0.0	88.205	15.65	-8.791	3.0	0.0	204.105	8.97	9.037	0.0	87.074	0.0	0.0	24.8	2.045	184.731	10.0	10.6	61.148	89.779	13.761	-13.107	46.6	0.0	170.781	9.09	10.912	0.0	87.986	27.201	-1.0	18.4	0.0	218.829	9.56	10.725	0.0	85.217	25.748	-26.25	24.8	0.0	162.548	8.9	10.35	0.0	92.304	21.244	-22.234	35.8	0.0	213.21
0.0	9.662	73.377	0.0	26.184	-8.859	26.0	1.969	171.944	9.02	9.975	60.616	88.462	35.483	-14.819	11.2	0.0	213.017	8.81	9.725	0.0	91.053	26.765	-2.552	31.2	0.0	231.519	9.54	10.975	0.0	91.003	33.303	-4.269	26.2	0.0	202.555	9.16	9.912	0.0	87.189	16.013	-8.807	3.0	0.0	211.757	8.96	9.1	0.0	86.547	0.0	0.0	24.8	0.0	193.255	10.05	10.725	60.084	89.168	13.688	-13.278	46.6	0.0	174.559	9.11	10.85	0.0	86.447	26.91	-1.0	18.4	0.0	213.017	9.57	10.6	0.0	84.73	25.82	-26.317	24.8	0.0	177.756	8.86	10.162	0.0	92.656	21.171	-21.258	35.8	0.0	218.732
-1.0	9.537	65.402	0.0	26.184	-8.884	26.0	0.0	207.495	9.07	9.975	62.211	89.055	34.466	-15.306	11.2	0.0	135.521	9.09	9.85	0.0	86.213	26.547	-3.253	31.2	0.0	220.669	9.7	10.912	0.0	90.497	33.158	-8.517	26.2	0.0	225.029	9.33	9.912	0.0	85.487	15.867	-8.755	3.0	0.0	231.616	8.99	9.162	0.0	85.636	0.0	0.0	24.8	0.0	213.695	10.1	10.725	65.402	88.688	13.397	-13.13	46.6	0.0	179.306	9.18	11.037	0.0	86.464	26.692	-1.0	18.4	1.844	218.635	9.62	10.912	0.0	84.296	26.402	-26.438	24.8	1.961	191.124	8.91	10.35	0.0	92.882	21.389	-20.866	35.8	1.751	219.991
-1.0	9.475	63.806	0.0	26.692	-8.852	26.0	0.0	195.193	8.99	10.037	64.338	89.212	34.756	-15.037	11.2	0.0	192.093	9.09	9.85	0.0	87.963	26.983	-3.369	31.2	0.0	213.404	10.0	11.1	0.0	83.132	33.376	-8.616	26.2	0.0	211.467	9.33	9.6	0.0	85.81	15.722	-8.726	3.0	0.0	221.541	9.14	9.162	0.0	82.624	0.0	0.0	24.8	0.0	213.501	10.28	10.787	66.465	87.783	13.543	-13.142	46.6	0.0	210.692	9.34	11.162	0.0	84.792	26.983	-1.0	18.4	1.408	198.196	9.84	10.725	0.0	83.095	26.62	-27.043	24.8	1.844	209.142	9.14	10.287	0.0	89.715	21.316	-21.071	35.8	2.028	223.091
-1.0	9.662	61.148	0.0	26.111	-8.867	26.0	0.0	207.204	8.95	9.85	61.148	89.556	34.611	-15.498	11.2	1.777	207.689	9.34	9.975	0.0	82.0	27.056	-3.141	31.2	1.684	215.245	9.96	10.912	0.0	82.884	31.996	-4.286	26.2	0.0	195.58	9.68	10.037	0.0	79.205	15.722	-8.788	3.0	0.0	233.456	9.23	9.162	0.0	83.498	0.0	0.0	24.8	0.0	202.555	10.43	10.725	62.743	84.157	13.761	-12.988	46.6	1.71	191.705	9.54	11.1	0.0	80.523	27.346	-1.0	18.4	1.886	207.011	10.08	10.725	0.0	78.897	26.474	-26.819	24.8	1.793	216.504	9.08	10.1	0.0	90.206	21.098	-20.46	35.8	0.0	218.635
-1.0	9.412	64.338	0.0	26.038	-8.861	26.0	1.056	206.333	8.97	10.1	61.68	89.694	34.466	-15.12	11.2	1.282	246.727	9.12	10.037	0.0	86.769	27.201	-3.24	31.2	1.953	207.979	10.03	10.912	0.0	82.254	33.376	-8.517	26.2	0.0	207.204	9.16	10.037	0.0	86.824	16.013	-8.805	3.0	0.964	199.842	9.37	9.162	0.0	81.623	0.0	0.0	24.8	1.894	204.686	10.6	10.662	62.211	77.61	13.761	-13.119	46.6	1.877	191.415	9.8	10.912	0.0	75.21	27.201	-1.0	18.4	1.5	195.871	10.24	10.662	0.0	73.546	27.201	-26.455	24.8	0.0	182.6	9.11	10.225	0.0	90.695	21.171	-20.497	35.8	0.0	222.994
-1.0	9.537	63.275	0.0	26.256	-8.786	26.0	0.0	214.276	8.92	9.85	64.87	89.482	35.047	-15.351	11.2	1.291	252.54	8.7	9.85	0.0	90.589	27.273	-2.904	31.2	0.0	204.395	9.54	10.787	0.0	91.003	32.722	-4.047	26.2	0.0	178.047	8.99	9.85	0.0	88.856	15.722	-8.756	3.0	1.668	219.604	9.11	9.162	0.0	85.086	0.0	0.0	24.8	0.0	185.021	10.22	10.6	63.275	87.175	13.107	-13.012	46.6	0.0	191.512	9.68	10.787	0.0	79.452	26.983	-28.146	18.4	2.02	212.145	10.1	10.35	0.0	77.779	25.748	-25.761	24.8	1.969	192.771	8.84	10.037	0.0	93.582	21.316	-20.008	35.8	1.089	241.593
0.0	9.35	52.64	0.0	26.474	-8.837	26.0	0.0	223.866	8.84	9.475	56.894	89.484	34.611	-15.199	11.2	1.676	269.686	8.64	9.725	0.0	91.398	26.62	-2.978	31.2	1.693	223.382	9.78	10.537	0.0	86.403	32.65	-4.035	26.2	1.626	223.769	8.97	9.662	0.0	88.985	15.577	-8.734	3.0	1.827	219.507	9.18	8.85	0.0	83.699	0.0	0.0	24.8	1.265	207.689	10.09	10.35	57.426	86.731	13.688	-13.013	46.6	1.064	173.978	9.42	10.537	0.0	82.95	26.91	-28.042	18.4	0.0	207.011	9.86	10.287	0.0	79.343	26.038	-25.156	24.8	1.936	186.281	8.74	9.912	0.0	94.246	21.098	-20.296	35.8	1.089	251.958
0.0	9.225	50.513	0.0	26.62	-8.79	26.0	0.0	189.768	8.8	9.475	47.855	89.915	34.611	-14.716	11.2	0.0	275.207	8.64	9.6	0.0	91.742	26.838	-3.205	31.2	0.0	213.307	9.56	10.6	0.0	90.087	32.577	-3.98	26.2	2.028	200.424	9.04	9.725	0.0	89.491	16.013	-8.75	3.0	1.425	233.941	8.9	8.975	0.0	86.395	0.0	0.0	24.8	1.659	203.136	10.36	10.35	50.513	84.776	13.543	-12.782	46.6	1.24	182.6	9.14	10.475	0.0	87.184	27.273	-27.808	18.4	1.492	223.769	9.74	10.1	0.0	82.786	27.128	-26.796	24.8	0.0	192.771	8.99	10.1	0.0	91.942	21.026	-20.134	35.8	0.0	238.009
