-1.0	13.35	397.195	0.0	26.692	-9.477	26.0	2.137	213.792	9.24	11.412	282.875	85.071	34.611	-16.891	11.2	0.0	273.367	8.58	10.6	0.0	87.634	27.201	-3.98	31.2	1.366	219.507	9.9	14.662	0.0	85.623	32.722	-9.101	26.2	1.19	193.449	9.52	10.662	0.0	83.92	17.538	-9.212	3.0	0.0	222.316	9.04	9.412	0.0	80.289	0.0	0.0	24.8	1.064	204.88	10.47	11.912	285.002	84.166	14.415	-15.447	46.6	0.0	184.731	9.28	12.037	0.0	81.746	26.983	-28.782	18.4	0.0	218.829	9.82	13.6	0.0	80.341	25.748	-1.0	24.8	0.0	174.172	9.26	14.412	0.0	86.826	23.278	-27.88	35.8	0.0	218.829	10.16
8.95	13.412	264.797	83.055	26.62	-9.581	26.0	0.0	194.708	9.27	13.35	639.128	86.164	34.393	-17.918	11.2	1.969	264.551	8.57	11.787	0.0	88.26	26.838	-8.739	31.2	1.668	205.655	10.48	16.475	0.0	87.216	32.577	-9.464	26.2	1.693	210.692	9.47	10.475	0.0	84.823	17.611	-9.157	3.0	0.0	210.982	9.36	11.1	0.0	82.46	0.0	0.0	24.8	0.0	193.255	10.67	13.975	567.877	85.575	15.068	-15.997	46.6	1.358	181.921	9.35	13.162	0.0	82.886	27.273	-29.28	18.4	0.0	232.003	10.11	15.037	0.0	80.698	26.474	-1.0	24.8	0.0	194.03	9.56	18.413	0.0	89.822	23.278	-30.505	35.8	0.0	225.319	10.23
-1.0	14.975	455.153	0.0	26.402	-9.63	26.0	1.467	207.979	9.45	13.537	516.832	84.841	34.321	-16.914	11.2	0.0	270.267	8.54	11.287	0.0	88.252	27.491	-8.639	31.2	0.0	204.88	10.29	15.475	0.0	88.374	32.577	-9.192	26.2	1.785	196.258	9.41	10.475	0.0	83.067	18.12	-9.284	3.0	0.0	223.479	9.24	10.787	0.0	84.019	0.0	0.0	24.8	1.458	204.008	10.34	13.35	524.276	87.388	14.56	-15.49	46.6	2.036	175.237	9.07	11.912	0.0	84.26	27.346	-28.623	18.4	1.006	207.979	9.9	14.1	0.0	82.679	25.893	-1.0	24.8	1.165	166.422	9.48	17.663	0.0	89.358	23.133	-30.744	35.8	0.0	201.78	10.25
-1.0	15.35	465.787	0.0	26.765	-9.676	26.0	0.0	205.558	9.22	13.6	541.823	82.093	34.829	-17.098	11.2	0.0	256.899	8.63	11.662	0.0	87.081	27.346	-4.516	31.2	1.441	232.003	10.3	15.475	0.0	85.859	33.231	-9.232	26.2	1.718	200.908	9.52	10.912	0.0	81.052	17.538	-9.221	3.0	0.0	184.343	9.39	11.225	0.0	82.49	0.0	0.0	24.8	1.458	204.105	10.51	12.662	405.171	85.093	14.197	-15.404	46.6	1.835	192.383	9.08	12.412	0.0	83.014	27.056	-28.84	18.4	1.5	205.073	9.82	13.475	0.0	80.999	25.603	-29.313	24.8	1.659	199.067	9.74	19.538	0.0	88.575	22.987	-1.0	35.8	0.0	199.067	10.15
-1.0	14.662	249.377	0.0	26.547	-9.577	26.0	1.827	200.908	9.65	14.725	626.898	83.027	34.829	-17.39	11.2	1.953	274.529	8.72	11.35	0.0	85.732	26.692	-4.286	31.2	1.006	214.954	10.06	13.6	0.0	85.963	32.432	-9.143	26.2	1.24	198.971	9.42	10.725	0.0	81.562	17.611	-9.112	3.0	0.0	207.786	9.17	10.162	0.0	80.732	0.0	0.0	24.8	1.006	211.467	10.38	11.85	231.83	83.291	14.415	-16.18	46.6	1.508	176.497	9.21	12.35	0.0	80.983	27.491	-28.49	18.4	1.073	226.966	9.86	12.475	0.0	79.663	26.983	-1.0	24.8	1.215	178.919	9.76	17.725	0.0	86.994	23.133	-30.532	35.8	0.0	209.529	10.26
-1.0	13.537	249.909	82.942	26.329	-9.527	26.0	1.148	226.966	9.41	12.225	313.715	81.824	34.611	-16.837	11.2	1.86	259.127	8.71	10.912	0.0	85.361	27.273	-4.208	31.2	1.399	207.108	10.09	13.537	0.0	85.715	33.086	-9.05	26.2	1.156	179.5	9.47	10.6	0.0	81.404	17.684	-9.065	3.0	0.0	205.267	9.28	10.412	0.0	81.939	0.0	0.0	24.8	0.947	193.546	10.41	12.225	270.114	84.929	14.778	-15.033	46.6	1.073	180.468	9.23	11.787	0.0	82.358	26.983	-28.569	18.4	0.0	211.079	9.86	12.475	0.0	79.983	25.966	-1.0	24.8	1.039	196.646	9.36	14.787	0.0	87.056	22.987	-29.122	35.8	0.0	205.461	10.2
-1.0	13.1	244.06	78.525	26.838	-9.401	26.0	1.668	196.355	9.46	12.162	258.416	82.602	34.829	-16.906	11.2	1.542	241.69	8.82	11.162	0.0	86.399	26.765	-4.141	31.2	0.0	196.743	9.92	13.662	0.0	85.419	32.577	-9.018	26.2	1.14	193.255	9.57	10.662	0.0	81.185	17.611	-9.072	3.0	1.626	195.193	9.19	10.225	0.0	80.566	0.0	0.0	24.8	0.955	187.734	10.4	12.162	245.123	83.842	14.85	-15.154	46.6	1.224	181.921	9.18	11.85	0.0	81.29	27.273	-1.0	18.4	1.106	203.233	9.88	12.35	0.0	79.273	25.457	-1.0	24.8	1.056	173.397	9.4	14.975	0.0	86.15	23.133	-29.556	35.8	1.969	190.349	10.16
-1.0	13.1	264.265	0.0	26.038	-9.418	26.0	1.182	184.731	9.44	12.162	263.202	82.119	34.756	-16.574	11.2	1.425	245.468	8.88	11.537	0.0	84.683	27.056	-4.114	31.2	0.0	223.091	10.23	14.225	0.0	86.073	32.795	-9.053	26.2	0.0	188.993	9.6	10.287	0.0	82.18	17.684	-9.025	3.0	1.768	186.474	9.32	10.35	0.0	79.692	0.0	0.0	24.8	0.0	194.03	10.6	12.412	261.606	83.865	14.778	-15.488	46.6	0.913	190.155	9.42	12.162	0.0	81.586	27.564	-28.517	18.4	0.0	220.282	10.07	12.85	0.0	79.266	27.056	-1.0	24.8	0.905	195.096	9.68	15.162	0.0	86.769	23.133	-29.644	35.8	1.324	202.555	10.43
-1.0	13.225	260.011	0.0	26.402	-9.492	26.0	1.835	183.471	9.78	12.85	266.392	82.723	34.321	-16.825	11.2	0.0	236.265	8.99	11.6	0.0	85.22	26.765	-4.096	31.2	2.137	210.498	10.12	14.537	0.0	85.281	32.867	-9.084	26.2	0.0	192.674	9.7	10.662	0.0	80.534	17.466	-9.104	3.0	1.902	195.968	9.54	10.725	0.0	81.902	0.0	0.0	24.8	2.137	193.255	10.57	12.725	261.075	82.761	14.778	-15.559	46.6	0.0	183.471	9.46	12.225	0.0	81.883	27.564	-28.544	18.4	1.953	209.529	10.14	13.1	0.0	79.231	26.474	-1.0	24.8	0.0	176.981	9.93	15.725	0.0	86.416	23.133	-30.141	35.8	1.291	183.956	10.64
-1.0	13.975	256.821	0.0	26.402	-9.62	26.0	1.19	183.181	9.68	12.725	266.924	80.603	34.393	-15.703	11.2	1.399	252.443	9.12	11.537	0.0	83.967	26.765	-3.874	31.2	0.0	197.13	10.18	14.537	0.0	83.388	32.867	-9.134	26.2	0.0	190.93	9.72	10.787	0.0	80.197	17.393	-9.167	3.0	2.045	184.634	9.55	10.6	0.0	80.061	0.0	0.0	24.8	1.735	186.668	10.74	12.912	266.392	82.824	14.56	-15.82	46.6	0.0	185.506	9.58	12.475	0.0	81.935	27.419	-28.324	18.4	1.835	211.37	10.32	13.6	0.0	79.666	26.62	-29.478	24.8	1.911	171.363	10.0	15.975	0.0	85.925	22.987	-29.556	35.8	1.341	188.993	10.67
-1.0	13.6	254.694	0.0	26.474	-9.487	26.0	1.542	175.044	9.84	12.912	263.202	78.869	34.466	-16.354	11.2	1.056	252.055	9.28	11.787	0.0	84.404	26.62	-3.839	31.2	0.0	216.891	10.47	14.787	0.0	82.738	32.504	-9.138	26.2	0.0	196.355	10.0	10.787	0.0	80.161	17.248	-9.151	3.0	1.994	197.13	9.56	10.662	0.0	79.376	0.0	0.0	24.8	0.0	195.774	10.82	13.412	264.797	83.106	14.124	-15.864	46.6	0.0	168.457	9.62	12.287	0.0	80.54	27.564	-28.463	18.4	1.986	212.339	10.32	13.412	0.0	77.223	26.91	-29.285	24.8	1.961	190.93	9.93	15.287	0.0	84.604	22.987	-28.633	35.8	1.601	209.142	10.68
-1.0	14.287	247.782	0.0	26.692	-9.507	26.0	0.0	190.155	10.0	13.225	253.099	80.747	34.466	-17.003	11.2	0.0	203.814	9.34	11.787	0.0	82.503	27.056	-3.92	31.2	0.0	200.52	10.5	14.912	0.0	84.856	32.867	-9.125	26.2	2.095	187.831	9.96	10.85	0.0	79.71	17.538	-9.206	3.0	1.601	183.762	9.78	10.85	0.0	79.4	0.0	0.0	24.8	2.095	187.056	10.98	13.412	252.567	81.234	14.778	-15.938	46.6	1.86	182.696	9.91	12.537	0.0	80.654	27.346	-28.351	18.4	1.969	215.535	10.5	13.725	0.0	77.286	26.474	-29.317	24.8	1.374	216.31	10.02	15.287	0.0	81.189	23.06	-28.265	35.8	1.207	206.623	10.82
-1.0	13.662	236.616	0.0	26.692	-9.528	26.0	1.483	171.847	10.18	13.287	243.528	80.592	34.684	-17.104	11.2	0.0	183.956	9.49	11.912	0.0	82.895	26.547	-3.922	31.2	1.953	200.23	10.49	14.725	0.0	82.863	32.65	-9.1	26.2	2.078	194.03	9.99	11.162	0.0	77.956	17.611	-9.246	3.0	1.517	191.996	9.87	10.85	0.0	79.247	0.0	0.0	24.8	1.902	189.768	11.06	13.662	239.274	85.153	14.269	-16.224	46.6	0.0	182.793	9.82	12.6	0.0	79.802	27.346	-28.707	18.4	1.785	209.432	9.98	13.6	0.0	83.815	25.312	-29.261	24.8	1.224	9.59	10.07	15.287	0.0	84.12	23.278	-27.767	35.8	1.257	199.261	11.03
10.39	13.287	225.449	76.758	26.62	-9.524	26.0	1.71	182.406	10.16	12.85	233.425	78.79	34.538	-16.579	11.2	0.0	245.856	9.55	12.162	0.0	83.526	27.056	-4.008	31.2	1.785	210.304	10.46	15.1	0.0	81.603	32.577	-9.13	26.2	1.274	183.568	10.13	10.975	0.0	79.155	17.466	-9.222	3.0	1.567	197.518	9.78	10.725	0.0	78.409	0.0	0.0	24.8	1.819	198.68	9.86	13.225	230.235	88.672	14.197	-16.59	46.6	0.0	182.696	9.94	12.6	0.0	79.361	27.201	-28.815	18.4	1.534	209.045	9.96	13.662	0.0	84.681	26.692	-29.179	24.8	0.0	9.396	10.1	14.912	0.0	83.274	22.842	-27.103	35.8	1.508	194.03	11.27
-1.0	13.35	222.791	0.0	26.184	-9.46	26.0	1.383	183.181	10.24	13.1	225.981	78.409	34.466	-16.971	11.2	0.0	227.838	9.68	11.912	0.0	84.028	26.184	-3.841	31.2	1.919	213.21	9.99	14.787	0.0	87.37	32.577	-9.068	26.2	0.0	77.399	10.17	11.287	0.0	78.842	17.611	-9.316	3.0	1.936	189.38	9.93	11.162	0.0	77.968	0.0	0.0	24.8	1.416	189.865	9.78	13.35	223.323	90.254	14.197	-16.46	46.6	0.0	182.696	9.97	12.787	0.0	83.149	27.637	-29.005	18.4	0.0	211.467	9.79	13.85	0.0	84.571	26.765	-29.04	24.8	0.0	9.59	10.13	14.725	0.0	83.471	22.915	-27.523	35.8	1.416	199.842	10.26
-1.0	13.35	224.918	0.0	26.402	-9.427	26.0	1.006	182.6	10.46	13.537	225.981	80.213	34.611	-16.667	11.2	0.0	229.291	9.77	12.162	0.0	82.625	26.692	-3.804	31.2	1.684	206.333	9.81	14.537	0.0	90.46	32.65	-9.014	26.2	1.073	58.994	10.26	10.912	0.0	78.687	17.32	-9.198	3.0	1.299	191.221	9.1	10.85	0.0	84.385	0.0	0.0	24.8	0.0	33.42	9.55	13.287	225.449	89.797	13.833	-15.689	46.6	0.0	182.6	9.35	12.85	0.0	84.748	26.983	-1.0	18.4	0.0	232.584	9.65	13.287	0.0	84.959	26.765	-29.011	24.8	0.0	9.784	10.2	14.725	0.0	83.725	22.697	-27.023	35.8	1.274	213.889	10.0
-1.0	13.6	237.147	0.0	26.547	-9.445	26.0	0.0	176.303	10.27	13.037	234.489	78.166	34.466	-16.789	11.2	0.0	270.557	9.7	12.412	0.0	82.872	26.474	-4.135	31.2	1.19	206.72	9.8	14.975	0.0	91.506	32.577	-9.052	26.2	1.156	54.538	10.33	11.35	0.0	79.397	17.175	-9.248	3.0	0.0	181.147	8.75	10.6	0.0	86.496	0.0	0.0	24.8	0.0	32.839	9.58	13.35	236.084	90.686	14.56	-16.54	46.6	1.265	182.406	9.26	12.912	0.0	87.122	27.346	-1.0	18.4	0.0	350.184	9.58	13.35	0.0	85.616	26.184	-28.592	24.8	1.098	5.618	10.35	15.537	0.0	84.091	22.915	-27.371	35.8	0.0	203.039	9.96
-1.0	13.6	258.416	0.0	26.547	-9.453	26.0	1.651	190.833	10.65	13.85	256.821	79.664	34.321	-17.421	11.2	0.0	209.917	8.82	11.912	0.0	90.052	27.201	-3.474	31.2	0.0	44.851	9.6	14.912	0.0	91.952	32.94	-9.023	26.2	1.265	34.873	10.3	11.6	0.0	82.46	17.538	-9.225	3.0	0.0	179.984	8.72	10.85	0.0	87.307	0.0	0.0	24.8	0.947	33.808	9.51	12.975	254.162	93.148	14.705	-15.689	46.6	2.003	21.989	9.15	13.1	0.0	87.004	27.491	-1.0	18.4	0.0	350.378	9.84	13.662	0.0	87.265	25.82	-28.843	24.8	1.198	0.097	10.24	15.225	0.0	83.259	22.987	-26.6	35.8	0.0	144.336	9.93
-1.0	14.6	264.797	0.0	26.329	-9.627	26.0	0.0	236.944	10.83	14.412	270.646	78.86	34.756	-17.222	11.2	0.0	226.094	8.54	11.912	0.0	92.486	26.765	-3.922	31.2	1.693	40.976	9.6	15.162	0.0	92.554	32.504	-9.067	26.2	1.332	36.326	9.68	11.412	0.0	86.516	17.466	-9.201	3.0	0.0	79.143	8.54	10.912	0.0	89.054	0.0	0.0	24.8	1.374	35.551	9.26	13.475	252.567	93.484	14.415	-15.878	46.6	1.416	21.989	8.84	13.037	0.0	88.996	27.056	-1.0	18.4	1.575	2.906	9.45	13.662	0.0	87.623	26.111	-28.73	24.8	1.073	11.818	9.7	14.975	0.0	91.675	23.278	-26.75	35.8	0.0	84.374	9.56
-1.0	14.412	271.177	0.0	26.402	-9.507	26.0	0.0	19.858	10.64	14.1	275.963	78.52	34.829	-17.142	11.2	0.0	233.941	8.24	11.912	0.0	92.364	27.201	-3.882	31.2	1.634	49.791	9.46	14.6	0.0	93.58	32.577	-8.992	26.2	1.483	51.632	9.28	11.35	0.0	88.617	17.175	-9.153	3.0	1.106	71.587	8.48	10.725	0.0	89.083	0.0	0.0	24.8	1.098	35.454	8.75	12.85	215.347	95.877	14.56	-15.806	46.6	1.793	38.264	8.69	12.912	0.0	88.736	26.983	-1.0	18.4	0.0	3.003	9.0	12.85	0.0	89.126	25.603	-28.148	24.8	1.575	353.672	9.54	14.537	0.0	93.77	22.915	-26.694	35.8	0.947	92.026	9.64
-1.0	13.975	265.328	0.0	26.256	-9.463	26.0	1.324	31.773	9.96	14.6	280.748	88.832	35.192	-17.709	11.2	1.039	118.859	8.3	11.787	0.0	92.677	27.128	-3.677	31.2	1.358	50.179	9.23	14.1	0.0	95.251	33.013	-8.936	26.2	1.844	44.851	9.09	10.85	0.0	88.948	17.32	-9.198	3.0	0.0	64.322	8.26	10.85	0.0	90.17	0.0	0.0	24.8	1.483	37.198	8.61	12.287	188.229	96.791	14.269	-15.676	46.6	2.07	38.845	8.58	12.85	0.0	91.036	26.91	-1.0	18.4	1.307	3.487	8.91	12.85	0.0	89.811	27.056	-28.261	24.8	1.399	1.841	9.32	14.662	0.0	93.964	22.842	-26.746	35.8	1.014	91.736	9.16
-1.0	13.912	263.202	0.0	26.474	-9.429	26.0	1.45	35.648	9.5	14.225	264.797	88.962	34.684	-16.361	11.2	1.098	119.247	7.89	11.537	0.0	93.744	26.983	-3.753	31.2	1.886	39.329	8.68	13.225	0.0	95.654	32.577	-5.036	26.2	2.053	46.982	8.58	10.412	0.0	91.984	17.32	-9.119	3.0	1.735	55.022	8.06	10.35	0.0	91.332	0.0	0.0	24.8	2.062	37.489	8.36	11.537	151.009	97.141	14.415	-15.579	46.6	0.0	27.22	8.16	12.225	0.0	91.916	27.273	-1.0	18.4	1.785	38.748	8.32	12.35	0.0	90.186	27.128	-28.159	24.8	1.634	4.359	9.05	14.412	0.0	95.551	22.624	-26.391	35.8	1.324	77.011	8.78
-1.0	13.225	212.156	0.0	26.474	-9.318	26.0	1.492	35.939	9.24	14.037	235.552	90.203	35.12	-17.383	11.2	1.098	118.181	7.46	11.037	0.0	94.125	26.474	-3.9	31.2	0.0	47.854	8.02	12.287	0.0	95.877	32.504	-8.83	26.2	0.0	45.626	8.24	10.225	0.0	92.83	17.103	-9.064	3.0	1.877	56.281	7.45	9.537	0.0	91.771	0.0	0.0	24.8	0.0	36.229	7.89	11.537	168.555	97.326	14.051	-15.363	46.6	0.0	29.642	7.56	11.85	0.0	92.183	26.983	-1.0	18.4	2.12	30.708	8.05	12.287	0.0	90.378	27.201	-27.908	24.8	1.265	5.134	8.74	13.912	0.0	96.444	22.842	-24.81	35.8	1.14	89.701	8.03
-1.0	12.162	175.468	0.0	25.966	-9.218	26.0	1.693	45.722	8.85	13.787	223.854	91.215	36.718	-16.977	11.2	1.182	118.084	6.95	10.537	0.0	94.315	26.474	-3.253	31.2	0.0	42.041	7.91	12.662	0.0	95.928	32.577	-8.741	26.2	1.902	43.882	7.6	9.85	0.0	93.247	17.248	-8.923	3.0	0.0	55.797	6.96	9.537	0.0	91.854	0.0	0.0	24.8	0.0	38.942	7.64	11.787	178.658	97.413	13.906	-16.165	46.6	1.542	28.286	7.17	11.662	0.0	92.418	27.564	-1.0	18.4	2.07	31.289	7.92	12.475	0.0	90.475	26.111	-1.0	24.8	0.0	356.771	8.47	13.162	0.0	96.852	22.769	-26.502	35.8	1.332	91.154	8.02
-1.0	11.725	153.135	0.0	26.329	-9.21	26.0	1.877	46.788	8.71	12.85	172.809	91.2	34.684	-17.785	11.2	1.643	117.891	6.98	10.787	0.0	94.447	26.983	-3.417	31.2	1.819	53.181	7.79	12.85	0.0	95.853	32.504	-8.755	26.2	1.399	46.013	7.61	9.35	0.0	93.417	17.103	-8.924	3.0	1.701	57.347	6.74	9.35	0.0	92.007	0.0	0.0	24.8	1.458	39.232	7.99	12.225	179.722	97.493	14.415	-16.508	46.6	1.014	28.577	7.04	11.787	0.0	92.446	27.128	-1.0	18.4	1.089	31.483	7.75	12.287	0.0	90.604	27.201	-28.891	24.8	0.0	352.122	8.02	12.412	0.0	97.004	22.551	-25.84	35.8	1.383	91.154	7.72
-1.0	11.412	146.755	0.0	26.91	-9.104	26.0	1.24	48.725	7.87	12.037	143.033	91.067	34.393	-15.404	11.2	1.693	117.6	6.74	10.912	0.0	94.544	26.91	-3.221	31.2	1.19	53.86	7.7	13.225	0.0	95.463	33.013	-8.882	26.2	0.0	46.013	7.53	9.287	0.0	93.479	17.32	-8.854	3.0	0.0	56.766	6.86	9.85	0.0	92.124	0.0	0.0	24.8	0.0	39.813	7.7	12.412	179.19	97.51	14.56	-16.234	46.6	0.0	28.77	7.18	12.162	0.0	92.505	27.128	-1.0	18.4	0.0	31.58	7.63	12.725	0.0	90.703	25.748	-27.635	24.8	0.0	352.122	7.9	12.162	0.0	96.99	22.769	-26.104	35.8	1.006	90.961	8.2
-1.0	12.475	198.332	0.0	26.692	-9.166	26.0	0.0	49.113	7.98	12.037	174.404	90.945	34.466	-16.382	11.2	1.425	117.987	6.84	11.287	0.0	94.552	26.765	-4.027	31.2	0.0	52.988	7.86	13.975	0.0	95.385	32.867	-9.212	26.2	0.0	45.819	7.38	9.35	0.0	93.48	17.32	-8.861	3.0	0.0	57.056	6.89	10.162	0.0	92.132	0.0	0.0	24.8	0.0	39.717	7.8	12.85	211.625	97.38	14.051	-15.88	46.6	0.0	28.577	7.46	12.412	0.0	92.579	27.491	-1.0	18.4	0.0	30.998	7.72	13.162	0.0	90.726	25.748	-27.82	24.8	0.0	352.025	7.63	12.912	0.0	96.954	22.769	-26.401	35.8	0.0	90.573	8.34
-1.0	13.6	222.259	0.0	26.765	-9.307	26.0	0.0	49.888	8.04	12.287	224.386	90.722	34.902	-16.205	11.2	0.0	117.697	7.13	11.787	0.0	94.57	26.983	-3.879	31.2	0.0	53.085	8.11	14.412	0.0	94.963	32.795	-9.127	26.2	0.0	46.788	7.48	9.412	0.0	93.487	17.175	-8.963	3.0	0.0	57.153	7.16	10.475	0.0	92.183	0.0	0.0	24.8	0.0	39.813	8.17	13.162	232.362	97.007	14.342	-15.309	46.6	0.0	29.545	7.63	12.725	0.0	92.54	27.564	-1.0	18.4	0.0	31.289	7.81	13.787	0.0	90.489	26.62	-27.125	24.8	0.0	352.509	7.7	14.1	0.0	96.874	22.697	-27.986	35.8	0.0	90.67	8.54
-1.0	14.1	237.147	0.0	26.256	-9.614	26.0	0.0	49.404	8.11	12.725	244.591	90.153	34.466	-16.711	11.2	0.0	117.987	7.34	12.037	0.0	94.504	27.273	-3.761	31.2	0.0	53.763	8.24	14.787	0.0	94.566	32.432	-9.088	26.2	0.0	45.819	7.73	9.85	0.0	93.492	17.175	-8.931	3.0	0.0	57.153	7.22	10.725	0.0	92.177	0.0	0.0	24.8	0.0	39.813	8.52	13.537	238.211	96.503	14.85	-15.059	46.6	0.0	28.674	7.98	12.787	0.0	92.507	27.273	-1.0	18.4	0.0	31.095	8.23	13.662	0.0	90.075	27.056	-27.797	24.8	0.0	352.122	8.05	14.662	0.0	96.753	22.624	-28.473	35.8	0.0	90.67	8.8
-1.0	14.475	258.416	0.0	26.62	-9.49	26.0	0.0	49.113	8.24	13.037	261.606	90.034	34.611	-16.872	11.2	0.0	117.891	7.41	12.287	0.0	94.524	26.983	-4.01	31.2	0.0	53.278	8.44	15.162	0.0	94.683	32.504	-9.118	26.2	0.0	46.013	7.92	9.85	0.0	93.25	16.739	-8.923	3.0	0.0	57.347	7.53	11.037	0.0	92.175	0.0	0.0	24.8	0.0	39.717	8.78	13.537	257.353	94.983	14.56	-16.194	46.6	0.0	28.48	8.02	12.725	0.0	92.241	27.201	-1.0	18.4	0.0	31.289	8.48	13.912	0.0	89.26	27.056	-27.785	24.8	0.0	352.122	8.26	15.475	0.0	96.652	22.697	-28.473	35.8	0.0	91.251	9.28
