-1.0	-7.025	93.051	0.0	24.15	-12.636	0.0	4.358	43.688	-7.4	-6.275	151.54	64.494	31.996	-7.058	0.0	6.067	91.833	-7.22	-3.962	0.0	65.401	22.842	-1.0	0.0	3.972	40.685	-4.82	2.788	0.0	60.11	0.0	-7.984	0.0	4.349	60.253	-6.93	-5.338	0.0	68.818	0.0	-1.0	8.6	3.042	70.037	-7.15	-4.838	0.0	62.848	0.0	0.0	0.0	3.788	36.81	-5.72	-4.025	340.301	63.968	0.0	-1.0	0.2	4.4	28.189	-6.24	-3.275	0.0	67.141	26.184	-1.0	0.4	2.573	48.144	-6.14	-4.213	0.0	63.343	19.5	0.0	0.2	4.064	0.0	-5.83	-3.087	0.0	60.344	11.508	-1.0	0.0	2.874	94.157	-6.07
-1.0	-7.088	112.725	0.0	23.859	-12.448	0.0	4.659	65.678	-7.32	-5.4	255.758	64.715	31.85	-7.084	0.0	5.724	89.508	-7.21	-4.025	0.0	64.812	23.496	-1.0	0.0	4.961	40.782	-4.66	4.412	0.0	58.558	0.0	-8.079	0.0	5.171	52.503	-6.96	-5.463	0.0	67.409	0.0	-1.0	8.6	3.847	57.153	-6.9	-5.025	0.0	64.585	0.0	0.0	0.0	3.939	40.588	-5.91	-4.025	475.89	62.753	0.0	-1.0	0.2	5.179	28.48	-6.3	-3.212	0.0	65.803	26.111	-1.0	0.4	3.847	43.591	-5.99	-4.338	0.0	63.71	20.081	0.0	0.2	3.771	9.3	-5.64	-3.212	0.0	61.367	11.436	-1.0	0.0	2.874	69.359	-5.98
-1.0	-7.463	113.788	0.0	24.077	-12.338	0.0	5.556	68.1	-7.36	-5.463	211.625	64.398	32.214	-7.087	0.0	6.268	88.539	-7.07	-3.837	0.0	66.018	22.842	-1.0	0.0	4.659	50.953	-4.82	3.35	0.0	58.231	0.0	-8.08	0.0	5.187	45.819	-7.08	-5.588	0.0	68.165	0.0	-1.0	8.6	3.83	57.347	-7.0	-5.275	0.0	63.424	0.0	0.0	0.0	4.877	39.523	-5.76	-3.9	507.793	63.908	0.0	-1.0	0.2	4.634	32.258	-6.1	-3.462	0.0	65.3	26.402	-1.0	0.4	2.774	42.72	-6.23	-4.4	0.0	61.771	19.5	0.0	0.2	3.645	5.618	-5.8	-3.275	0.0	60.886	11.654	-1.0	0.0	2.916	102.101	-5.8
-1.0	-7.275	136.12	0.0	24.367	-12.721	0.0	4.936	66.646	-7.53	-5.713	225.981	64.134	32.286	-7.096	0.0	6.478	94.061	-7.34	-4.15	0.0	64.685	23.205	-1.0	0.0	4.55	49.791	-4.72	2.975	0.0	58.439	0.0	-8.034	0.0	4.433	49.888	-7.08	-5.275	0.0	67.839	0.0	-1.0	8.6	3.562	62.19	-7.1	-5.4	0.0	64.445	0.0	0.0	0.0	4.693	39.038	-5.8	-2.9	573.726	63.587	0.0	-1.0	0.2	4.659	26.736	-6.04	-2.9	0.0	66.569	26.111	-1.0	0.4	2.455	55.41	-5.96	-4.15	0.0	63.244	19.863	0.0	0.2	3.503	13.852	-6.16	-3.712	0.0	61.783	11.726	-1.0	0.0	2.615	94.351	-5.92
-1.0	-5.588	422.718	0.0	24.585	-12.547	0.0	4.626	63.159	-7.25	-3.337	632.216	64.237	32.068	-7.224	0.0	5.782	86.408	-7.33	-3.837	0.0	64.713	22.915	-1.0	0.0	4.341	61.319	-4.28	5.975	0.0	57.851	0.0	-8.383	0.0	4.592	46.982	-7.04	-5.213	0.0	68.672	0.0	-1.0	8.6	3.704	61.706	-6.99	-5.15	0.0	64.413	0.0	0.0	0.0	4.282	46.401	-5.44	-1.337	565.219	65.111	0.0	-1.0	0.2	4.366	17.63	-6.12	-2.65	0.0	64.831	26.184	-1.0	0.4	3.377	28.286	-6.05	-3.775	0.0	61.802	20.299	0.0	0.2	3.117	15.402	-5.96	-3.275	0.0	61.818	11.363	-1.0	0.0	2.707	92.026	-5.8
-1.0	-4.713	396.132	0.0	24.295	-13.23	0.0	4.793	50.566	-7.28	-3.462	520.023	64.231	32.068	-7.283	0.0	6.076	86.795	-7.28	-3.712	0.0	64.309	23.06	-1.0	0.0	4.592	56.669	-3.66	7.162	0.0	55.864	0.0	-8.475	0.0	4.098	38.36	-7.01	-5.025	0.0	69.523	0.0	-1.0	8.6	3.293	72.555	-6.84	-4.9	0.0	64.441	0.0	0.0	0.0	4.299	40.976	-5.61	-1.15	573.726	61.693	0.0	-1.0	0.2	4.425	23.152	-6.06	-2.462	0.0	63.932	26.038	-1.0	0.4	2.992	44.948	-5.36	-3.337	0.0	62.744	19.791	0.0	0.2	3.36	6.49	-6.03	-3.087	0.0	61.806	11.726	-1.0	0.0	2.9	93.673	-5.47
-1.0	-4.15	464.192	0.0	24.004	-13.318	0.0	3.922	53.181	-7.08	-2.9	580.639	64.138	32.068	-7.346	0.0	5.43	99.001	-7.01	-3.775	0.0	64.513	23.205	-1.0	0.0	4.257	51.05	-4.36	6.162	0.0	57.645	0.0	-8.637	0.0	5.338	42.332	-6.84	-5.213	0.0	68.036	0.0	-1.0	8.6	3.394	53.472	-6.62	-5.025	0.0	63.675	0.0	0.0	0.0	3.83	36.714	-5.6	-1.4	543.418	61.934	0.0	-1.0	0.2	4.986	32.064	-5.78	-2.462	0.0	65.926	26.184	-1.0	0.4	3.578	47.66	-5.55	-2.212	0.0	62.922	20.372	0.0	0.2	4.324	15.79	-5.66	-3.087	0.0	60.668	11.654	-1.0	0.0	2.422	108.979	-5.51
-1.0	-1.587	532.252	0.0	24.367	-13.8	0.0	5.062	62.384	-7.04	-2.9	573.195	63.886	32.432	-7.323	0.0	6.252	100.938	-7.05	-3.837	0.0	64.377	23.06	-1.0	0.0	5.003	53.085	-4.26	6.1	0.0	56.385	0.0	-8.373	0.0	4.969	44.463	-6.84	-5.338	0.0	67.709	0.0	-1.0	8.6	3.897	54.053	-6.66	-5.213	0.0	63.25	0.0	0.0	0.0	5.095	41.654	-5.43	-1.087	533.316	63.259	0.0	-1.0	0.2	4.609	30.03	-5.72	-2.337	0.0	65.008	25.82	-1.0	0.4	3.017	54.247	-5.4	-0.775	0.0	61.088	20.009	0.0	0.2	3.184	4.069	-5.76	-4.275	0.0	61.08	11.726	-1.0	0.0	2.916	90.961	-5.68
-1.0	-1.587	524.808	0.0	24.222	-13.8	0.0	4.978	55.991	-6.64	-2.212	566.814	63.489	32.359	-7.352	0.0	5.807	105.394	-7.15	-4.15	0.0	64.177	23.205	-1.0	0.0	4.525	54.247	-4.2	5.6	0.0	56.534	0.0	-8.254	0.0	5.171	49.113	-6.84	-5.463	0.0	67.709	0.0	-1.0	8.6	3.922	58.509	-6.84	-4.9	0.0	61.956	0.0	0.0	0.0	4.877	40.298	-5.6	-1.4	537.569	62.887	0.0	-1.0	0.2	5.187	34.195	-5.93	-3.025	0.0	64.373	26.184	-1.0	0.4	3.704	31.483	-5.5	0.412	0.0	62.349	19.355	0.0	0.2	3.922	342.628	-5.78	-4.275	0.0	61.849	11.363	-1.0	0.0	2.573	98.807	-5.56
-1.0	-1.712	516.301	0.0	24.44	-13.847	0.0	5.271	49.888	-7.04	-3.462	566.814	63.86	32.141	-7.268	0.0	6.185	107.622	-7.12	-4.15	0.0	65.42	23.278	-1.0	0.0	4.5	49.888	-3.92	5.787	0.0	56.828	0.0	-8.249	0.0	4.559	49.21	-6.98	-5.713	0.0	68.284	0.0	-1.0	8.6	3.981	58.897	-6.84	-4.775	0.0	62.378	0.0	0.0	0.0	5.07	40.104	-5.34	-0.963	522.681	63.38	0.0	-1.0	0.2	4.198	33.323	-6.02	-2.712	0.0	65.186	26.402	-1.0	0.4	3.201	51.922	-5.68	0.225	0.0	61.2	20.081	0.0	0.2	3.511	17.146	-5.94	1.225	0.0	61.156	11.872	-1.0	0.0	2.941	97.451	-5.66
-1.0	-0.212	506.73	0.0	24.15	-14.244	0.0	4.609	54.828	-6.99	-2.712	541.291	63.478	32.286	-7.301	0.0	5.313	94.739	-7.18	-4.213	0.0	64.611	23.278	-1.0	0.0	4.031	53.569	-3.91	5.475	0.0	57.191	0.0	-8.166	0.0	4.634	38.36	-6.84	-6.15	0.0	68.936	0.0	-1.0	8.6	3.184	69.068	-6.8	-4.963	0.0	63.512	0.0	0.0	0.0	4.592	44.366	-5.32	-1.275	522.681	63.2	0.0	-1.0	0.2	5.162	24.024	-5.86	-2.525	0.0	64.957	26.111	-1.0	0.4	3.034	30.708	-5.24	0.475	0.0	63.029	20.299	0.0	0.2	3.88	17.049	-5.55	5.1	0.0	61.249	11.654	-1.0	0.0	2.648	95.998	-5.6
-1.0	-1.775	510.983	0.0	24.222	-13.973	0.0	5.388	55.991	-6.89	-3.525	546.609	64.043	30.906	-7.224	0.0	6.679	86.892	-7.06	-4.275	0.0	65.866	23.205	-1.0	0.0	4.718	60.737	-4.06	5.35	0.0	57.886	0.0	-8.169	0.0	5.548	64.418	-6.82	-6.025	0.0	68.84	0.0	-1.0	8.6	3.972	57.25	-6.56	-4.65	0.0	63.425	0.0	0.0	0.0	4.701	39.523	-5.44	-1.212	526.935	63.835	0.0	-1.0	0.2	5.514	30.901	-6.04	-2.65	0.0	64.664	25.966	-1.0	0.4	3.553	42.429	-5.36	0.662	0.0	62.744	19.209	0.0	0.2	3.696	11.527	-5.06	6.412	0.0	60.447	11.363	-1.0	0.0	2.958	95.998	-5.52
-1.0	-1.337	510.452	0.0	24.44	-14.403	0.0	5.992	50.566	-6.72	-2.9	546.609	63.605	32.068	-7.3	0.0	6.159	93.189	-7.12	-4.588	0.0	66.238	23.278	-1.0	0.0	4.936	47.079	-3.7	5.475	0.0	56.584	0.0	-8.191	0.0	4.986	49.404	-7.06	-6.15	0.0	69.315	0.0	-1.0	8.6	4.006	71.877	-6.7	-4.338	0.0	63.138	0.0	0.0	0.0	5.74	35.261	-5.1	-1.087	526.403	63.37	0.0	-1.0	0.2	4.844	15.209	-5.88	-2.4	0.0	65.624	25.893	-1.0	0.4	3.805	38.07	-5.26	0.85	0.0	61.94	20.009	0.0	0.2	3.897	14.24	-5.2	6.6	0.0	60.558	11.654	-1.0	0.0	3.293	97.742	-5.73
-1.0	-1.212	509.92	0.0	24.367	-14.425	0.0	5.422	67.809	-6.58	-2.775	550.862	63.839	32.068	-7.295	0.0	6.294	96.095	-6.9	-4.338	0.0	65.486	22.987	-1.0	0.0	4.911	54.828	-4.02	5.35	0.0	56.645	0.0	-8.517	0.0	5.682	49.888	-6.84	-5.838	0.0	69.135	0.0	-1.0	8.6	3.729	66.84	-6.55	-3.65	0.0	62.824	0.0	0.0	0.0	4.886	34.97	-5.32	-1.15	529.062	61.929	0.0	-1.0	0.2	5.573	28.48	-5.7	-2.275	0.0	64.804	26.547	-1.0	0.4	3.302	25.283	-5.23	0.912	0.0	61.945	19.791	0.0	0.2	3.662	7.459	-4.72	6.287	0.0	58.877	11.581	-1.0	0.0	3.0	95.514	-5.46
-1.0	-0.9	513.11	0.0	24.44	-15.005	0.0	5.456	52.407	-6.52	-2.775	547.672	63.222	32.359	-7.256	0.0	6.847	92.801	-7.0	-4.588	0.0	64.773	22.769	-1.0	0.0	5.145	47.757	-3.78	6.037	0.0	56.544	0.0	-8.26	0.0	5.238	35.358	-6.84	-6.025	0.0	68.361	0.0	-1.0	8.6	4.148	58.025	-6.56	-2.962	0.0	62.19	0.0	0.0	0.0	5.355	41.654	-5.02	-0.9	531.189	61.981	0.0	-1.0	0.2	4.919	35.164	-5.74	-2.462	0.0	64.641	25.893	-1.0	0.4	3.738	54.538	-5.1	1.225	0.0	62.074	20.517	0.0	0.2	3.578	3.875	-4.54	7.537	0.0	59.043	11.654	-1.0	0.0	3.235	84.761	-5.32
-1.0	-0.025	512.047	0.0	24.585	-15.405	0.0	5.028	52.6	-6.66	-3.025	549.799	63.954	32.214	-7.274	0.0	6.729	90.864	-6.92	-4.4	0.0	64.141	22.624	-1.0	0.0	4.944	72.265	-3.76	5.85	0.0	57.686	0.0	-8.248	0.0	5.799	50.76	-6.54	-5.713	0.0	68.92	0.0	-1.0	8.6	3.712	59.478	-6.14	-2.775	0.0	63.29	0.0	0.0	0.0	4.953	42.332	-4.8	-0.588	531.72	62.02	0.0	-1.0	0.2	5.187	21.989	-5.78	-2.462	0.0	64.53	26.402	-1.0	0.4	4.592	55.313	-4.93	1.725	0.0	62.794	19.718	0.0	0.2	3.411	20.633	-4.65	7.35	0.0	57.488	11.581	-1.0	0.0	3.478	86.02	-5.22
-1.0	-0.212	514.705	0.0	24.44	-15.133	0.0	5.833	51.341	-6.72	-2.837	547.672	63.917	32.214	-7.251	0.0	6.905	92.511	-6.86	-4.525	0.0	64.074	23.06	-1.0	0.0	5.28	64.612	-3.74	5.35	0.0	56.159	0.0	-8.251	0.0	5.497	41.17	-6.66	-5.9	0.0	68.07	0.0	-1.0	8.6	3.888	66.55	-6.59	-2.962	0.0	62.948	0.0	0.0	0.0	5.154	56.475	-5.22	-0.463	531.72	61.92	0.0	-1.0	0.2	5.363	32.936	-5.79	-2.337	0.0	63.824	25.82	-1.0	0.4	4.048	23.83	-5.38	1.288	0.0	61.492	19.718	0.0	0.2	4.123	3.39	-4.25	7.975	0.0	58.653	11.654	-1.0	0.0	3.134	83.405	-4.96
-1.0	-0.338	515.237	0.0	24.585	-14.655	0.0	5.623	69.552	-6.82	-3.275	550.331	63.247	32.141	-7.214	0.0	7.333	92.995	-6.84	-4.525	0.0	63.792	22.915	-1.0	0.0	4.911	68.584	-3.42	5.787	0.0	56.963	0.0	-8.266	0.0	5.07	46.207	-6.84	-6.025	0.0	68.786	0.0	-1.0	8.6	3.545	51.147	-6.22	-2.4	0.0	62.249	0.0	0.0	0.0	5.321	34.292	-4.98	-0.9	533.847	62.573	0.0	-1.0	0.2	5.263	30.901	-5.72	-2.275	0.0	64.307	25.966	-1.0	0.4	4.299	53.085	-5.12	1.288	0.0	61.964	20.227	0.0	0.2	3.947	14.53	-4.52	7.787	0.0	58.636	11.581	-1.0	0.0	3.285	98.323	-5.06
-1.0	-0.713	516.301	0.0	24.367	-14.963	0.0	5.422	47.854	-6.62	-2.962	550.862	63.883	32.214	-7.225	0.0	7.366	101.423	-6.84	-4.588	0.0	64.259	23.133	-1.0	0.0	5.414	53.569	-3.84	5.662	0.0	57.645	0.0	-8.26	0.0	6.31	48.725	-6.68	-5.713	0.0	69.29	0.0	-1.0	8.8	4.333	51.438	-6.14	-3.337	0.0	64.672	0.0	0.0	0.0	4.5	37.198	-4.76	-0.65	533.316	62.611	0.0	-1.0	0.2	5.64	21.989	-5.94	-2.275	0.0	63.483	25.893	-1.0	0.4	4.634	53.085	-5.13	1.1	0.0	61.322	20.154	0.0	0.2	4.349	24.992	-4.38	8.162	0.0	57.862	11.872	-1.0	0.0	3.411	94.448	-5.16
-1.0	-1.087	518.427	0.0	24.44	-14.743	0.0	6.327	57.153	-6.47	-3.212	550.862	63.545	32.504	-7.132	0.0	7.542	103.748	-6.64	-4.463	0.0	65.097	22.697	-1.0	0.0	5.38	61.028	-3.86	5.6	0.0	56.699	0.0	-8.245	0.0	6.47	55.603	-6.54	-5.9	0.0	67.211	0.0	-1.0	8.8	4.752	65.097	-6.2	-4.213	0.0	62.226	0.0	0.0	0.0	5.782	44.657	-4.71	-0.775	535.443	62.275	0.0	-1.0	0.2	6.034	16.468	-5.68	-2.087	0.0	64.704	26.184	-1.0	0.4	4.802	53.666	-5.1	0.787	0.0	61.273	19.936	0.0	0.2	4.307	1.453	-4.3	7.662	0.0	57.516	11.726	-1.0	0.0	3.981	91.639	-4.84
-1.0	-1.275	518.427	0.0	24.513	-15.248	0.0	6.713	56.378	-6.36	-3.025	549.799	63.251	33.231	-7.243	0.0	8.137	86.795	-6.58	-4.525	0.0	65.186	23.423	-1.0	0.0	5.497	55.991	-3.92	5.225	0.0	58.019	0.0	-8.197	0.0	6.989	45.529	-6.54	-5.713	0.0	68.97	0.0	-1.0	8.8	5.011	42.041	-6.0	-4.9	0.0	63.865	0.0	0.0	0.0	5.673	52.794	-5.12	-0.775	539.165	62.628	0.0	-1.0	0.2	6.629	30.998	-5.73	-2.087	0.0	64.409	26.111	-1.0	0.4	4.559	58.025	-5.2	1.038	0.0	61.363	20.299	0.0	0.2	4.802	21.602	-3.8	7.6	0.0	57.014	11.291	-1.0	0.0	3.436	87.764	-4.93
-1.0	-1.337	522.681	0.0	24.077	-14.848	0.0	6.713	58.994	-6.42	-3.212	556.711	64.284	32.214	-7.319	0.0	8.011	92.995	-6.76	-4.588	0.0	65.743	23.205	-1.0	0.0	6.218	60.156	-4.42	4.85	0.0	57.635	0.0	-8.56	0.0	6.78	44.366	-6.82	-5.838	0.0	69.089	0.0	-1.0	8.8	4.483	59.575	-5.94	-4.338	0.0	64.163	0.0	0.0	0.0	6.084	37.004	-5.34	-0.65	544.482	64.141	0.0	-1.0	0.2	6.428	38.457	-5.96	-2.212	0.0	64.419	26.111	-1.0	0.4	5.053	39.135	-5.53	1.225	0.0	61.786	19.718	0.0	0.2	4.802	12.109	-4.32	7.037	0.0	57.264	11.363	-1.0	0.0	3.83	76.721	-5.05
-1.0	-0.65	524.276	0.0	24.367	-14.525	0.0	6.578	78.465	-6.9	-3.4	560.433	64.3	32.504	-7.196	0.0	8.154	93.673	-7.04	-4.713	0.0	66.023	23.278	-1.0	0.0	6.126	71.393	-4.09	4.975	0.0	58.487	0.0	-8.243	0.0	6.201	48.725	-6.88	-6.213	0.0	68.978	0.0	-1.0	8.8	4.685	62.384	-6.58	-4.9	0.0	63.526	0.0	0.0	0.0	5.615	24.992	-4.98	-0.15	546.077	64.336	0.0	-1.0	0.2	5.958	38.457	-5.86	-2.15	0.0	64.905	26.402	-1.0	0.4	4.366	32.936	-5.28	1.163	0.0	62.864	19.427	0.0	0.2	4.81	0.775	-4.32	6.975	0.0	59.379	11.726	-1.0	0.0	3.754	77.786	-5.22
-1.0	-0.212	526.403	0.0	24.15	-17.26	0.0	6.243	72.459	-6.84	-3.025	556.18	64.363	31.705	-7.14	0.0	7.475	88.927	-7.06	-4.9	0.0	66.224	23.06	-1.0	0.0	5.514	46.401	-4.17	5.225	0.0	59.131	0.0	-8.197	0.0	5.799	62.481	-7.04	-6.025	0.0	69.936	0.0	-1.0	8.8	4.374	56.959	-6.56	-5.15	0.0	64.388	0.0	0.0	0.0	5.916	43.495	-5.09	-0.713	546.077	64.186	0.0	-1.0	0.2	5.799	25.961	-5.84	-1.525	0.0	65.348	26.184	-1.0	0.4	3.671	52.988	-5.42	1.35	0.0	62.654	19.863	0.0	0.2	4.726	20.439	-4.41	7.162	0.0	59.582	11.291	-1.0	0.0	3.511	77.69	-5.4
-1.0	0.412	522.149	0.0	24.295	-15.252	0.0	6.0	77.302	-6.74	-3.4	558.838	64.898	32.504	-7.203	0.0	7.525	89.895	-7.04	-4.775	0.0	66.176	23.278	-1.0	0.0	5.506	52.988	-3.8	5.225	0.0	57.458	0.0	-8.205	0.0	5.472	42.72	-6.84	-6.088	0.0	68.836	0.0	-1.0	8.8	4.307	83.502	-6.69	-5.4	0.0	64.364	0.0	0.0	0.0	5.514	44.366	-4.58	-0.212	542.887	63.911	0.0	-1.0	0.2	5.28	27.898	-5.68	-1.4	0.0	65.739	26.184	-1.0	0.4	3.52	46.401	-4.92	1.725	0.0	62.238	19.427	0.0	0.2	4.416	11.721	-4.64	6.975	0.0	58.862	11.508	-1.0	0.0	3.503	77.593	-5.22
-1.0	1.475	522.681	0.0	24.295	-15.299	0.0	5.321	64.612	-6.58	-2.65	556.711	64.229	31.996	-7.235	0.0	7.567	86.117	-6.82	-4.838	0.0	65.885	23.278	-1.0	0.0	5.204	51.147	-3.92	5.537	0.0	59.227	0.0	-8.295	0.0	5.673	51.922	-6.67	-5.338	0.0	68.47	0.0	-1.0	8.8	4.609	64.806	-6.44	-5.213	0.0	64.462	0.0	0.0	0.0	4.827	54.828	-5.23	-0.65	543.95	63.374	0.0	-1.0	0.2	6.025	24.121	-5.66	-1.525	0.0	65.768	26.111	-1.0	0.4	4.039	27.123	-5.18	1.975	0.0	63.304	19.573	-0.228	0.2	4.617	1.356	-3.86	8.537	0.0	57.891	11.363	-1.0	0.0	2.891	88.442	-5.16
-1.0	0.163	522.681	0.0	24.15	-15.283	0.0	5.858	71.102	-6.54	-2.775	556.711	64.573	32.214	-7.28	0.0	7.324	82.824	-6.88	-4.838	0.0	67.272	22.479	-1.0	0.0	5.288	49.791	-4.14	5.725	0.0	58.671	0.0	-8.267	0.0	5.665	38.845	-6.92	-6.025	0.0	69.54	0.0	-1.0	8.8	4.4	61.416	-6.14	-5.463	0.0	66.038	0.0	0.0	0.0	5.447	41.363	-5.19	-0.65	546.609	63.065	0.0	-1.0	0.2	5.732	23.346	-5.86	-1.712	0.0	65.911	25.82	-1.0	0.4	3.796	38.748	-5.14	1.413	0.0	62.862	19.645	0.0	0.2	4.182	10.946	-3.86	8.162	0.0	58.772	11.581	-1.0	0.0	3.444	99.582	-5.48
-1.0	1.038	520.554	0.0	24.585	-15.215	0.0	5.807	70.231	-6.84	-2.65	556.18	65.009	32.214	-7.227	0.0	7.375	96.289	-7.16	-5.025	0.0	65.95	23.133	-1.0	0.0	5.388	51.535	-4.14	5.35	0.0	57.928	0.0	-8.251	0.0	5.615	52.116	-6.94	-5.713	0.0	69.833	0.0	-1.0	8.8	3.981	64.031	-6.82	-5.65	0.0	65.553	0.0	0.0	0.0	5.212	50.857	-5.05	-0.212	548.204	63.669	0.0	-1.0	0.2	5.506	34.486	-6.09	-1.587	0.0	64.266	25.53	-1.0	0.4	4.349	41.267	-5.32	1.85	0.0	61.449	20.081	-0.061	0.2	4.006	27.898	-4.0	8.725	0.0	57.896	11.726	-1.0	0.0	3.226	89.508	-5.34
-1.0	0.787	522.681	0.0	24.367	-14.639	0.0	5.64	64.031	-6.87	-2.837	557.243	63.968	32.359	-7.227	0.0	7.09	91.251	-7.12	-4.963	0.0	65.548	22.987	-1.0	0.0	5.204	45.819	-3.9	5.537	0.0	58.49	0.0	-8.247	0.0	5.464	41.654	-6.84	-4.713	0.0	69.035	0.0	-1.0	9.0	3.612	58.122	-6.74	-5.588	0.0	64.122	0.0	0.0	0.0	4.928	52.31	-5.26	0.037	549.799	63.92	0.0	-1.0	0.2	5.472	30.611	-5.61	-1.15	0.0	65.365	25.748	-1.0	0.4	3.503	46.691	-4.99	2.288	0.0	62.332	20.009	-0.237	0.2	3.662	27.608	-4.12	7.85	0.0	58.207	12.09	-1.0	0.0	3.134	100.26	-5.2
-1.0	-0.212	523.745	0.0	24.44	-14.604	0.0	5.791	67.809	-6.8	-3.15	558.838	63.981	33.086	-7.121	0.0	6.83	85.149	-7.1	-4.838	0.0	66.369	22.624	-1.0	0.0	5.422	57.347	-4.0	5.412	0.0	58.254	0.0	-8.258	0.0	5.564	53.86	-6.84	-3.837	0.0	69.532	0.0	-1.0	9.2	3.939	59.284	-6.74	-5.775	0.0	65.002	0.0	0.0	0.0	5.28	42.429	-5.16	0.037	547.672	62.885	0.0	-1.0	0.2	5.564	29.545	-5.93	-1.087	0.0	64.84	25.893	-1.0	0.4	4.073	44.076	-5.06	1.975	0.0	61.628	20.227	-0.354	0.2	4.064	2.131	-4.23	8.225	0.0	59.53	11.799	-1.0	0.0	3.461	112.272	-5.27
