-1.0	4.662	0.0	0.0	26.184	-9.67	11.0	0.0	237.622	5.43	4.725	3.19	81.957	34.756	-17.165	49.6	0.0	279.663	5.16	5.662	0.0	88.57	26.256	-0.799	19.2	0.0	240.431	5.71	6.037	0.0	89.254	32.141	-8.052	11.2	2.087	185.796	5.3	6.975	0.0	86.015	20.517	-8.454	37.2	1.366	196.355	5.33	5.912	0.0	84.184	0.0	0.0	10.4	0.0	198.583	6.39	6.287	0.532	85.875	17.974	-23.878	31.6	2.003	158.77	5.48	6.037	0.0	83.344	26.765	-24.34	5.0	0.98	238.59	5.96	6.287	0.0	83.016	26.038	-24.64	11.2	1.567	163.807	5.15	5.6	0.0	90.015	12.816	-24.194	20.0	0.0	231.616	6.28
-1.0	4.662	0.532	0.0	26.547	-10.293	11.2	0.0	282.666	5.38	4.662	1.595	83.089	35.919	-17.061	49.6	1.383	253.605	5.2	5.787	0.0	86.884	25.675	-1.084	19.2	1.383	231.131	5.74	6.225	0.0	88.257	32.867	-8.063	11.4	1.819	193.546	5.51	6.975	0.0	84.57	20.88	-8.454	37.4	0.0	204.686	5.36	5.6	0.0	83.893	0.0	0.0	10.4	0.0	195.483	6.33	6.287	0.532	85.77	17.829	-24.315	31.8	0.0	171.556	5.4	5.787	0.0	83.58	27.564	-25.206	5.0	0.0	217.376	5.92	6.162	0.0	83.146	26.983	-24.49	11.2	1.919	105.879	5.22	5.787	0.0	90.076	12.961	-23.932	20.2	2.087	228.032	6.22
-1.0	4.725	1.595	0.0	26.038	-9.757	11.2	1.073	311.049	5.29	4.725	0.0	85.019	34.538	-17.721	49.8	1.534	312.018	5.14	5.85	0.0	87.798	26.62	-1.315	19.4	1.802	217.666	5.67	6.287	0.0	89.287	32.286	-8.016	11.6	0.0	203.233	5.6	6.662	0.0	84.088	21.098	-8.419	37.4	1.793	209.045	5.44	5.85	0.0	83.889	0.0	0.0	10.6	0.0	208.754	6.36	6.1	0.532	84.728	18.483	-24.576	31.8	2.129	179.403	5.31	5.975	0.0	85.114	27.564	-25.063	5.2	1.819	231.422	5.96	6.162	0.0	81.608	26.256	-24.273	11.4	1.735	208.367	5.27	5.787	0.0	92.078	12.744	-24.04	20.2	1.374	212.629	6.32
-1.0	4.787	0.532	0.0	26.329	-9.641	11.4	1.048	244.015	5.38	4.787	0.0	83.413	34.248	-17.18	49.8	1.224	243.143	5.15	5.725	0.0	87.271	25.603	-0.993	19.4	0.0	228.032	5.69	6.225	0.0	89.854	32.504	-8.036	11.6	1.156	196.646	5.51	7.037	0.0	85.208	20.88	-8.42	37.6	0.0	249.827	5.38	5.662	0.0	81.781	0.0	0.0	10.6	1.785	189.671	6.15	6.412	9.571	88.405	18.483	-24.574	32.0	0.972	188.218	5.48	5.912	0.0	82.787	26.765	-25.146	5.2	0.955	235.394	5.84	6.225	0.0	83.29	26.111	-24.403	11.6	1.224	129.321	5.17	5.787	0.0	92.114	12.961	-24.894	20.4	1.232	291.384	6.2
-1.0	4.725	0.0	0.0	26.256	-9.548	11.4	1.475	266.004	5.34	4.912	2.127	85.122	34.538	-16.849	50.0	1.014	280.826	5.2	5.725	0.0	87.46	25.675	-1.519	19.4	1.156	302.524	5.62	6.287	0.0	90.8	32.359	-8.034	11.8	1.86	281.794	5.57	6.787	0.0	84.995	21.389	-8.308	37.6	2.053	204.105	5.44	5.787	0.0	82.894	0.0	0.0	10.8	1.198	225.416	6.4	6.412	0.0	87.828	18.338	-24.466	32.2	1.508	211.273	5.36	5.975	0.0	84.763	26.765	-24.319	5.4	0.0	222.897	5.9	6.225	0.0	83.095	26.765	-24.294	11.6	1.676	173.881	5.19	5.662	0.0	90.92	13.034	-25.367	20.6	1.224	236.265	6.28
-1.0	4.975	1.063	0.0	26.547	-9.565	11.6	1.626	57.444	5.38	4.787	0.532	84.081	34.611	-17.925	50.0	0.0	335.46	5.18	5.787	0.0	87.896	26.474	-1.084	19.6	1.408	251.377	5.64	6.162	0.0	90.613	32.577	-8.127	12.0	0.0	203.717	5.55	6.975	0.0	84.351	20.372	-8.486	37.8	0.0	225.029	5.32	5.912	0.0	83.376	0.0	0.0	11.0	1.425	197.033	6.32	6.412	0.0	85.949	17.974	-24.466	32.4	1.651	198.68	5.38	6.037	0.0	84.767	26.983	-24.34	5.4	1.86	237.815	5.92	6.037	0.0	82.235	25.53	-24.34	11.8	1.542	234.716	5.15	5.725	0.0	90.782	12.961	-25.988	20.6	1.366	250.99	6.4
-1.0	4.85	0.0	0.0	26.474	-9.591	11.8	0.0	68.003	5.29	4.85	0.532	86.013	34.321	-17.013	50.2	1.894	324.514	4.97	5.787	0.0	89.129	26.474	-1.013	19.8	1.324	282.182	5.58	6.225	0.0	91.825	31.996	-8.099	12.2	1.819	219.604	5.4	6.787	0.0	86.711	21.462	-8.433	38.0	1.383	77.108	5.23	5.912	0.0	84.046	0.0	0.0	11.2	1.156	208.948	6.22	6.6	0.0	88.466	18.556	-24.854	32.4	0.0	201.78	5.31	5.912	0.0	85.205	27.273	-25.041	5.8	0.0	241.884	5.78	6.162	0.0	83.808	26.329	-24.49	12.0	0.0	169.522	5.08	5.537	0.0	91.208	12.816	-25.425	21.0	0.98	76.237	6.21
-1.0	4.85	0.0	0.0	26.838	-9.51	12.0	1.265	222.316	4.97	5.1	0.0	89.968	34.321	-16.202	50.4	1.324	261.839	4.86	5.662	0.0	90.918	26.184	-1.358	19.8	0.0	200.908	5.48	6.6	0.0	93.234	32.432	-8.103	12.4	1.802	177.756	5.16	6.662	0.0	90.338	21.244	-8.419	38.2	0.0	205.655	5.12	5.662	0.0	85.114	0.0	0.0	11.4	1.643	230.453	6.05	6.225	0.0	88.796	17.974	-24.832	32.6	0.0	164.872	5.18	5.975	0.0	86.322	26.91	-24.747	5.8	2.028	248.18	5.7	6.287	0.0	84.867	25.966	-1.0	12.2	2.045	129.321	5.01	5.787	0.0	93.986	13.107	-25.513	21.0	1.408	173.881	6.04
-1.0	4.912	0.0	0.0	26.256	-9.479	12.2	0.0	218.054	4.95	5.037	0.0	90.666	34.829	-19.277	50.6	0.0	260.677	4.66	5.975	0.0	93.196	26.62	-1.18	20.0	1.215	217.279	5.55	6.662	0.0	93.603	32.795	-8.074	12.6	1.634	185.506	5.14	6.912	0.0	91.414	21.098	-8.431	38.4	0.0	175.237	5.02	6.037	0.0	88.294	0.0	0.0	11.6	1.257	189.38	6.06	6.225	1.063	90.337	18.41	-1.0	32.8	0.0	161.482	5.08	5.975	0.0	88.44	26.838	-24.64	6.0	0.0	214.082	5.66	6.162	0.0	85.562	25.82	-24.49	12.4	0.0	169.038	4.99	6.1	0.0	95.907	13.034	-25.106	21.2	0.0	293.612	5.86
-1.0	4.725	0.0	0.0	26.692	-9.348	12.4	1.291	245.468	5.08	5.1	1.063	89.244	34.248	-15.247	50.8	1.617	252.54	4.7	5.6	0.0	92.424	26.329	-0.988	20.2	1.927	214.179	5.56	6.287	0.0	91.946	33.086	-8.141	12.8	1.944	189.768	5.31	6.975	0.0	88.978	21.825	-8.413	38.6	0.0	188.121	4.93	5.6	0.0	87.481	0.0	0.0	11.8	0.905	236.265	6.12	6.287	0.0	88.265	18.338	-24.64	33.0	0.0	182.018	5.13	5.912	0.0	88.103	27.201	-24.19	6.2	1.173	215.342	5.66	6.162	0.0	85.471	27.273	-24.49	12.4	0.905	184.634	4.92	5.537	0.0	93.103	13.107	-25.222	21.4	1.919	300.974	5.91
-1.0	4.662	4.254	0.0	26.62	-9.513	12.6	1.986	284.216	5.09	4.787	1.063	86.857	34.611	-15.97	51.0	1.651	308.627	4.84	5.6	0.0	90.595	26.038	-1.859	20.4	0.0	227.741	5.59	6.475	0.0	92.205	32.359	-8.333	13.0	1.056	206.43	5.27	6.35	0.0	88.924	20.953	-8.384	38.8	0.0	195.774	5.18	5.725	0.0	86.031	0.0	0.0	12.0	0.0	201.295	6.06	6.162	1.063	89.561	18.628	-25.023	33.2	0.0	182.406	5.21	5.85	0.0	86.508	27.346	-24.169	6.4	1.148	225.029	5.62	6.225	0.0	86.273	27.273	-23.416	12.6	0.0	161.482	5.04	5.725	0.0	93.873	13.107	-25.491	21.8	0.0	234.716	6.04
-1.0	4.787	0.0	0.0	26.474	-9.268	12.8	0.0	240.14	5.08	4.975	0.0	88.09	35.192	-15.529	0.0	1.55	272.882	4.66	5.662	0.0	91.873	26.038	-1.183	20.4	2.02	229.388	5.5	6.287	0.0	93.199	32.214	-2.621	13.2	0.913	227.741	5.38	6.412	0.0	86.214	22.697	-8.548	39.0	0.947	196.258	4.91	5.537	0.0	87.388	0.0	0.0	12.0	0.0	173.106	5.94	6.225	0.532	90.306	18.556	-24.726	33.2	0.0	180.468	5.04	5.85	0.0	87.773	27.128	-24.169	6.6	0.0	225.029	5.59	6.1	0.0	86.041	26.692	-24.361	12.8	1.123	139.493	5.0	5.6	0.0	93.862	13.252	-25.648	21.8	1.643	244.209	5.84
-1.0	4.725	0.532	0.0	26.765	-9.443	12.8	1.743	276.951	4.88	4.85	0.0	88.824	34.756	-15.426	0.0	0.0	259.514	4.95	5.537	0.0	87.0	25.53	-1.282	20.6	0.0	240.915	5.37	5.975	0.0	90.436	32.577	-2.509	13.4	0.0	267.458	5.34	6.162	0.0	87.958	21.607	-8.339	39.2	0.0	215.632	5.13	5.6	0.0	83.47	0.0	0.0	12.2	1.416	208.754	6.18	6.037	1.063	85.847	18.41	-25.189	33.4	0.93	188.993	5.18	5.787	0.0	84.992	27.201	-23.932	6.6	0.0	220.185	5.58	6.1	0.0	84.861	26.765	-24.361	12.8	0.0	173.009	4.88	5.662	0.0	91.177	13.252	-25.059	22.0	1.374	220.669	6.06
25.26	4.662	0.532	96.816	26.765	-9.232	13.0	1.173	278.016	5.14	4.787	1.063	84.413	34.538	-15.727	0.0	1.743	253.411	4.9	5.725	0.0	89.219	26.111	-1.098	20.6	1.148	247.502	5.56	6.287	0.0	91.103	32.286	-7.998	13.4	1.324	196.355	5.33	6.412	0.0	86.157	21.316	-8.367	39.2	1.508	221.154	5.08	5.725	0.0	83.987	0.0	0.0	12.4	2.103	203.62	5.98	6.225	1.595	88.362	18.338	-24.832	33.6	2.062	183.181	5.18	5.787	0.0	84.765	26.765	-23.605	6.8	1.651	224.544	5.67	5.975	0.0	84.334	25.966	-24.319	13.0	0.0	188.509	5.04	5.6	0.0	91.933	13.107	-24.83	22.2	0.0	217.666	6.04
-1.0	4.787	1.595	0.0	26.765	-9.3	13.2	1.475	276.854	4.86	5.037	0.532	89.94	34.321	-16.023	0.2	2.087	269.201	4.65	5.725	0.0	92.803	26.329	-1.098	20.6	1.089	233.553	5.42	6.475	0.0	93.342	32.141	-8.026	13.6	1.441	211.467	5.08	6.35	0.0	90.785	22.043	-8.327	39.4	1.265	235.49	5.09	5.662	0.0	87.079	0.0	0.0	12.4	1.726	201.586	6.02	6.1	1.063	90.112	18.265	-24.79	33.6	1.215	186.959	5.12	5.787	0.0	87.441	26.838	-23.166	6.8	2.078	224.544	5.65	6.1	0.0	85.514	26.474	-24.253	13.2	0.0	187.346	4.78	5.725	0.0	95.252	13.325	-24.872	22.2	1.601	285.863	6.02
-1.0	4.725	0.0	0.0	27.056	-9.089	13.2	1.232	207.108	5.12	5.037	2.659	87.131	34.611	-16.357	0.4	1.324	272.107	4.61	5.725	0.0	92.813	26.038	-1.133	20.8	1.802	225.029	5.41	6.537	0.0	94.381	32.068	-8.033	13.8	1.324	207.204	5.2	6.662	0.0	88.623	22.551	-8.419	39.6	0.0	216.891	4.9	5.787	0.0	88.656	0.0	0.0	12.6	1.291	202.167	5.84	6.037	1.063	92.356	18.047	-24.34	33.8	1.508	192.48	4.94	-1.0	0.0	89.466	27.056	-21.097	7.0	1.441	214.47	5.54	6.287	0.0	86.924	27.056	-24.206	13.2	0.0	169.619	4.74	5.85	0.0	96.506	13.18	-24.81	22.6	1.584	215.438	5.85
5.78	4.662	0.0	86.357	26.838	-9.212	13.4	0.0	295.162	4.82	4.912	0.0	89.586	34.393	-16.245	0.4	2.028	299.715	4.72	5.725	0.0	91.387	25.748	-1.133	20.8	1.793	206.43	5.44	6.662	0.0	92.624	32.504	-8.037	13.8	0.0	205.17	5.05	6.537	0.0	89.796	21.752	-8.389	39.8	1.592	168.844	4.96	5.725	0.0	87.113	0.0	0.0	12.6	0.0	196.355	6.07	6.225	0.0	88.45	18.846	-23.527	34.0	0.0	175.431	5.16	5.975	0.0	86.585	27.128	-23.004	7.0	0.0	200.036	5.5	6.1	0.0	87.003	26.184	-24.144	13.4	1.894	137.071	4.82	5.725	0.0	94.622	13.325	-24.556	22.6	0.0	263.389	5.99
0.0	4.85	0.532	0.0	27.273	-9.02	13.6	1.073	228.806	4.78	5.037	0.0	90.664	34.829	-16.789	0.4	0.0	261.064	4.6	5.725	0.0	92.707	25.603	-1.028	20.8	0.0	281.504	5.32	6.287	0.0	94.397	32.577	-2.621	14.0	2.07	193.546	5.16	6.725	0.0	90.955	22.551	-8.36	39.8	1.307	207.883	4.9	5.6	0.0	87.209	0.0	0.0	12.8	1.24	200.133	5.9	6.162	1.063	90.98	18.192	-24.056	34.0	0.939	171.556	5.02	5.912	0.0	88.141	27.056	-23.095	7.2	0.0	226.578	5.58	6.037	0.0	86.106	26.692	-24.014	13.4	0.0	175.044	4.68	5.662	0.0	95.859	13.325	-24.215	22.8	1.542	278.791	5.87
0.0	4.787	0.0	0.0	26.765	-9.045	13.6	2.036	291.094	4.64	5.037	0.0	90.902	34.248	-16.877	0.6	1.232	286.735	4.48	5.787	0.0	93.434	25.893	-0.769	21.0	1.852	218.248	5.36	6.412	0.0	94.001	32.577	-2.597	14.0	0.997	185.796	5.01	6.787	0.0	91.359	23.06	-8.4	40.0	1.433	219.604	4.85	5.6	0.0	89.249	0.0	0.0	12.8	1.24	204.105	5.78	6.162	0.532	91.984	18.192	-23.507	34.0	1.048	177.853	4.86	5.85	0.0	90.025	26.91	-23.406	7.4	0.0	214.47	5.46	6.1	0.0	87.082	27.201	-24.035	13.6	0.947	153.732	4.71	5.725	0.0	96.673	13.325	-23.803	23.0	2.028	198.292	5.7
-1.0	4.85	0.532	0.0	26.838	-8.988	13.8	1.391	230.841	4.78	5.1	0.532	90.707	35.047	-16.37	0.8	1.408	310.371	4.5	5.787	0.0	92.948	25.603	-1.013	21.0	1.198	248.084	5.3	6.225	0.0	93.862	32.432	-7.991	14.2	0.0	201.199	5.07	6.725	0.0	90.804	22.987	-8.393	40.2	0.0	217.279	4.8	5.975	0.0	89.02	0.0	0.0	13.0	2.053	212.532	5.84	6.287	0.0	91.81	18.556	-23.988	34.2	1.919	178.144	4.92	5.912	0.0	89.354	27.056	-23.316	7.4	1.927	228.419	5.53	6.037	0.0	86.386	26.547	-24.123	13.6	0.0	176.594	4.61	5.6	0.0	95.78	13.615	-24.087	23.0	1.894	247.502	5.68
-1.0	4.787	0.0	0.0	27.201	-9.045	13.8	0.0	217.085	4.75	5.037	0.532	90.931	35.265	-16.272	0.8	1.031	240.625	4.53	5.725	0.0	92.956	25.53	-0.854	21.0	1.886	248.18	5.34	6.35	0.0	93.955	32.577	-8.004	14.2	0.0	191.124	5.08	6.787	0.0	91.587	23.205	-8.473	40.2	0.0	211.079	4.81	5.537	0.0	88.633	0.0	0.0	13.0	1.098	214.76	5.85	6.225	4.254	91.876	18.338	-23.305	34.2	0.0	186.862	4.91	5.787	0.0	89.329	27.709	-23.276	7.4	1.366	231.228	5.44	5.975	0.0	86.988	27.273	-24.534	13.6	1.324	156.445	4.62	5.537	0.0	95.921	13.397	-24.173	23.0	0.0	249.924	5.66
-1.0	4.787	0.532	0.0	27.201	-8.905	13.8	1.542	276.563	4.7	4.85	0.0	90.791	33.739	-15.983	0.8	1.123	245.565	4.4	5.725	0.0	93.33	26.111	-1.063	21.0	0.0	239.365	5.42	6.35	0.0	92.722	33.013	-8.004	14.2	1.718	214.857	5.03	6.6	0.0	91.721	22.043	-8.346	40.2	1.785	261.258	4.79	5.475	0.0	89.061	0.0	0.0	13.0	1.441	206.817	5.77	6.35	0.0	92.002	18.41	-23.235	34.4	0.0	180.662	4.82	5.787	0.0	90.036	27.201	-23.276	7.6	1.718	225.416	5.45	6.1	0.0	87.169	25.893	-24.253	13.8	0.0	147.92	4.7	5.725	0.0	96.141	13.615	-24.343	23.2	1.911	236.847	5.72
-1.0	4.787	0.0	0.0	27.346	-9.053	14.0	1.198	144.53	4.64	4.85	0.0	90.691	34.321	-15.047	0.8	1.458	278.21	4.59	5.6	0.0	91.771	26.547	-0.953	21.2	1.073	242.078	5.44	6.287	0.0	93.778	32.214	-8.016	14.4	0.0	200.811	5.0	6.975	0.0	90.488	23.06	-8.405	40.4	0.0	311.824	4.96	5.6	0.0	86.913	0.0	0.0	13.2	0.0	209.917	6.03	6.225	1.063	88.725	18.628	-23.637	34.4	1.475	176.012	5.07	5.662	0.0	87.141	27.419	-23.455	7.6	2.028	222.607	5.58	5.975	0.0	85.836	26.184	-24.211	13.8	1.207	147.823	4.82	5.6	0.0	95.462	13.397	-24.194	23.2	1.844	269.492	5.96
-1.0	4.85	0.532	0.0	26.62	-8.84	14.0	0.939	304.849	4.63	5.1	0.532	90.646	34.611	-15.323	0.8	1.307	250.99	4.36	5.6	0.0	92.992	26.329	-0.988	21.2	0.0	203.911	5.2	6.287	0.0	94.525	32.359	-2.448	14.4	1.886	190.349	5.05	6.787	0.0	91.285	22.479	-8.375	40.4	1.819	226.094	4.7	5.6	0.0	88.3	0.0	0.0	13.2	0.0	197.518	5.69	6.1	0.0	91.939	18.192	-23.376	34.4	2.129	155.864	4.81	5.725	0.0	88.98	27.419	-23.803	7.6	0.0	213.404	5.42	6.037	0.0	86.627	26.474	-24.123	13.8	0.0	151.02	4.58	5.537	0.0	96.028	13.47	-24.173	23.4	0.0	232.681	5.66
-1.0	4.912	0.0	0.0	27.056	-8.904	14.0	0.0	209.529	4.7	4.975	0.0	90.643	34.974	-14.925	1.0	0.0	294.29	4.61	5.662	0.0	92.275	26.184	-1.043	21.2	0.0	257.577	5.36	6.225	0.0	94.001	32.504	-2.599	14.4	0.0	188.993	5.0	6.6	0.0	91.018	22.624	-8.396	40.4	1.852	309.499	4.82	5.6	0.0	88.418	0.0	0.0	13.2	2.028	197.421	5.86	6.225	1.063	91.436	18.265	-22.527	34.4	1.299	194.611	4.82	5.85	0.0	89.736	27.491	-24.169	7.8	0.0	221.541	5.44	6.162	0.0	86.944	26.402	-24.382	14.0	0.0	151.795	4.69	5.662	0.0	95.267	13.615	-24.956	23.4	1.919	259.03	5.59
-1.0	4.475	3.19	0.0	26.983	-8.728	14.2	1.257	233.359	4.72	4.975	0.532	90.202	34.538	-15.072	1.0	0.0	292.741	4.62	5.6	0.0	92.32	25.603	-1.023	21.2	0.0	233.456	5.27	6.162	0.0	93.65	32.577	-2.542	14.6	0.0	201.78	4.94	6.537	0.0	90.642	22.043	-8.348	40.6	0.0	192.093	4.82	5.6	0.0	88.744	0.0	0.0	13.4	0.0	214.567	5.83	6.162	1.595	92.018	18.483	-22.953	34.6	0.0	174.559	4.78	5.787	0.0	89.962	27.056	-24.148	7.8	2.087	257.189	5.44	5.975	0.0	87.166	26.692	-23.994	14.0	1.358	171.169	4.7	5.475	0.0	95.19	13.615	-24.045	23.6	0.93	252.152	5.48
-1.0	4.6	0.532	0.0	27.056	-8.936	14.4	0.0	240.043	4.5	4.85	0.0	90.633	33.667	-14.974	1.2	0.989	268.62	4.32	5.662	0.0	93.165	25.893	-0.973	21.2	0.0	235.103	5.38	6.225	0.0	92.815	32.577	-2.495	14.8	0.0	225.997	4.71	6.662	0.0	91.803	22.987	-8.386	40.8	0.0	175.431	4.8	5.725	0.0	88.717	0.0	0.0	13.4	0.0	190.93	5.63	6.037	0.532	92.132	18.338	-22.581	34.8	0.0	181.921	4.69	5.6	0.0	89.424	26.692	-24.301	7.8	0.0	224.06	5.3	6.1	0.0	87.397	26.765	-23.816	14.2	0.0	197.905	4.68	5.725	0.0	95.978	13.833	-25.081	23.8	1.408	253.315	5.58
8.46	4.662	0.532	89.828	26.91	-8.708	14.4	0.0	223.769	4.47	4.85	0.0	90.646	34.248	-15.122	1.4	1.978	271.914	4.22	5.6	0.0	93.322	25.893	-1.058	21.4	0.0	226.966	5.42	6.287	0.0	91.699	32.577	-2.483	14.8	1.408	203.62	4.76	6.412	0.0	91.837	22.987	-8.367	41.0	2.112	207.786	4.75	5.725	0.0	87.876	0.0	0.0	13.6	0.989	206.236	5.84	6.1	0.0	90.964	18.41	-22.489	34.8	2.011	174.075	4.87	5.787	0.0	89.082	26.983	-24.577	8.0	1.994	225.319	5.35	6.037	0.0	87.033	25.893	-23.686	14.2	1.115	201.199	4.54	5.475	0.0	95.78	13.688	-24.995	23.8	1.802	253.605	5.78
-1.0	4.662	0.532	0.0	27.346	-8.749	14.8	1.71	235.781	4.44	4.662	6.381	90.596	34.611	-15.388	1.4	0.0	246.146	4.18	5.412	0.0	93.066	25.82	-0.858	21.4	0.972	208.658	5.08	6.1	0.0	93.639	32.432	-2.554	15.0	1.592	195.096	4.71	6.475	0.0	91.886	22.333	-8.316	41.2	0.0	199.067	4.71	5.475	0.0	87.997	0.0	0.0	13.6	1.542	191.996	5.86	6.225	2.127	90.328	18.265	-22.639	35.0	1.936	168.844	4.82	5.662	0.0	88.505	27.927	-24.215	8.0	2.078	191.705	5.24	5.912	0.0	87.404	25.748	-24.19	14.4	1.249	161.869	4.44	5.412	0.0	95.435	13.761	-25.482	24.2	0.0	261.064	5.92
-1.0	4.475	0.532	0.0	27.346	-8.633	14.8	1.617	211.273	4.44	4.662	0.532	90.659	35.265	-15.543	1.6	1.659	259.902	4.32	5.6	0.0	92.734	26.402	-1.023	21.6	0.0	227.935	5.22	6.225	0.0	93.39	32.65	-2.495	15.0	1.064	197.808	4.96	6.162	0.0	90.393	23.205	-8.331	41.4	1.936	215.535	4.76	5.662	0.0	88.794	0.0	0.0	14.0	0.0	221.735	5.52	5.912	0.0	92.395	17.829	-21.988	35.2	0.0	171.363	4.77	5.725	0.0	89.207	26.765	-25.081	8.2	1.902	207.108	5.17	5.975	0.0	87.409	26.184	-24.211	14.6	1.19	164.582	4.64	5.412	0.0	94.813	13.833	-25.482	24.2	0.989	246.146	5.53
