10.4	15.975	533.847	55.518	25.167	-13.336	34.8	0.0	35.358	8.8	15.537	521.618	55.163	33.158	-9.341	28.8	0.0	58.413	8.55	16.85	0.0	57.818	24.585	-11.486	0.0	1.961	41.945	10.66	19.975	0.0	52.351	30.688	-6.304	35.0	0.0	52.503	10.08	18.038	0.0	54.877	11.145	-10.672	0.0	1.55	58.413	9.27	12.85	0.0	57.639	0.0	0.0	0.2	2.028	44.754	10.21	16.475	567.346	57.55	9.765	-30.273	0.0	0.0	35.067	9.14	15.1	0.0	59.24	26.62	-12.619	31.6	1.978	30.417	10.79	18.1	0.0	58.894	22.043	-1.0	0.0	0.0	321.123	10.82	17.1	0.0	55.966	10.128	-1.0	37.2	1.852	94.157
10.4	12.85	219.601	55.251	25.021	-14.779	34.8	0.0	62.965	9.64	14.85	340.833	55.849	33.376	-9.265	28.8	0.0	60.156	8.42	14.975	0.0	56.312	24.004	-11.028	0.0	0.0	41.945	10.45	17.663	0.0	55.555	31.051	-5.85	35.0	2.045	52.891	9.92	16.475	0.0	56.656	11.291	-10.36	0.0	1.693	64.806	9.62	13.787	0.0	56.346	0.0	0.0	0.2	2.053	57.25	10.12	14.662	346.15	58.295	9.838	-29.065	0.0	1.969	27.802	9.3	15.975	0.0	57.352	26.474	-12.935	31.6	1.542	37.004	10.62	15.412	0.0	59.041	22.261	-1.0	0.0	0.0	309.886	10.9	16.475	0.0	54.041	10.056	-1.0	37.2	1.609	93.576
10.25	13.35	321.159	54.783	25.312	-12.701	34.8	2.036	44.754	8.98	13.225	309.461	56.015	33.376	-9.065	28.8	0.0	78.658	8.62	14.6	0.0	58.667	24.295	-11.016	0.0	1.567	58.025	10.07	17.038	0.0	55.795	30.979	-5.454	35.0	2.003	55.7	10.08	16.6	0.0	56.357	11.073	-10.355	0.0	1.182	65.193	9.06	12.225	0.0	55.821	0.0	0.0	0.2	1.291	46.788	9.98	14.225	341.365	59.547	9.838	-29.21	0.0	1.819	22.28	9.12	14.412	0.0	57.674	26.329	-12.597	31.6	1.274	24.508	10.44	15.537	0.0	58.752	22.333	-1.0	0.0	0.0	341.272	9.84	14.787	0.0	55.02	9.765	-29.919	37.2	1.777	104.135
10.57	16.6	505.666	55.395	24.585	-13.338	34.8	1.684	42.041	8.91	15.1	428.567	55.681	33.231	-9.329	28.8	1.634	79.143	8.52	16.35	0.0	57.086	24.658	-11.277	0.0	1.508	54.538	10.28	19.725	0.0	55.322	30.615	-6.364	35.0	1.969	54.828	10.03	17.788	0.0	55.848	11.0	-10.555	0.0	1.45	51.341	9.3	13.287	0.0	58.543	0.0	0.0	0.2	1.534	51.825	10.04	15.912	514.174	56.351	10.056	-29.646	0.0	1.542	29.255	9.28	15.35	0.0	59.147	26.256	-12.966	31.6	1.182	37.295	10.66	17.725	0.0	59.337	21.97	-1.0	0.0	0.0	344.76	10.41	17.1	0.0	56.76	10.564	-30.935	37.2	1.332	113.338
10.88	18.225	558.838	55.114	25.239	-13.767	34.8	1.886	46.691	9.41	16.288	517.896	55.46	33.158	-9.507	28.8	2.103	78.755	8.76	17.6	0.0	58.343	24.222	-11.696	0.0	1.5	47.757	10.15	20.538	0.0	54.322	31.124	-6.444	35.0	1.575	44.851	9.85	18.413	0.0	55.407	11.581	-10.6	0.0	1.366	59.769	9.36	14.412	0.0	57.682	0.0	0.0	0.2	1.458	43.688	10.29	17.1	549.267	57.27	10.201	-29.098	0.0	1.71	42.429	9.4	15.912	0.0	57.309	26.474	-13.239	31.6	1.14	39.232	10.8	18.413	0.0	57.377	21.97	-1.0	0.0	0.0	343.985	10.36	19.288	0.0	56.222	10.201	-1.0	37.2	1.726	93.964
10.23	17.038	537.569	55.611	24.803	-13.429	34.8	2.078	56.378	9.33	17.413	550.331	57.327	33.376	-9.722	28.8	1.894	78.561	8.84	18.85	0.0	58.731	24.658	-11.851	0.0	1.475	46.304	10.72	21.288	0.0	54.075	31.269	-7.875	35.0	1.777	63.256	9.84	18.538	0.0	54.931	11.145	-10.655	0.0	1.198	58.025	9.42	14.725	0.0	57.487	0.0	0.0	0.2	1.399	40.007	10.26	17.1	581.702	56.943	9.838	-30.099	0.0	2.095	25.961	9.39	15.912	0.0	56.605	26.692	-13.239	31.6	1.349	31.386	10.48	19.163	0.0	57.416	21.97	-1.0	0.0	0.0	336.623	9.92	19.1	0.0	55.92	9.765	-32.1	37.2	1.55	103.748
11.12	17.788	470.041	55.06	24.876	-13.63	34.8	1.743	47.369	9.68	17.6	552.989	56.326	33.158	-9.75	28.8	2.078	78.561	8.66	19.1	0.0	56.524	24.658	-11.976	0.0	1.718	56.475	11.18	21.538	0.0	53.781	30.979	-6.878	35.0	0.0	45.432	10.33	18.725	0.0	54.646	11.363	-10.695	0.0	1.073	75.462	9.67	14.912	0.0	57.992	0.0	0.0	0.2	1.584	19.665	10.03	16.913	587.551	55.759	10.128	-30.488	0.0	0.0	24.895	9.47	16.6	0.0	57.086	26.474	-13.38	31.6	1.584	32.355	10.81	18.788	0.0	57.877	22.261	-1.0	0.0	0.0	332.748	10.59	21.288	0.0	56.934	10.419	-33.333	37.2	0.0	108.494
11.03	16.475	462.597	54.21	24.803	-13.312	34.8	1.735	53.085	9.5	17.6	501.944	55.473	33.376	-9.588	28.8	1.55	78.755	8.8	19.038	0.0	56.428	24.658	-11.944	0.0	1.634	66.162	10.71	20.725	0.0	53.353	30.761	-6.703	35.0	0.0	45.238	9.67	17.975	0.0	55.084	11.073	-10.561	0.0	1.659	66.162	9.52	14.6	0.0	55.328	0.0	0.0	0.2	1.819	35.939	10.3	16.913	450.367	55.385	9.838	-30.128	0.0	1.668	30.514	9.5	16.538	0.0	56.886	27.056	-13.539	31.6	1.399	36.132	11.05	18.475	0.0	56.385	21.97	-1.0	0.0	0.0	355.9	10.69	19.6	0.0	55.086	9.983	-32.374	37.2	1.617	99.776
10.86	19.038	632.747	54.484	25.021	-13.86	34.8	2.087	51.728	9.62	17.975	647.635	54.691	33.739	-9.827	28.8	0.0	78.561	8.84	19.475	0.0	55.994	24.222	-12.089	0.0	2.078	36.229	11.11	23.1	0.0	52.686	30.979	-7.405	35.0	1.542	57.25	10.33	19.475	0.0	57.832	10.709	-10.823	0.0	1.5	58.994	9.43	14.725	0.0	57.693	0.0	0.0	0.2	1.994	42.429	10.56	18.85	702.403	58.247	9.838	-1.0	0.0	1.802	21.118	9.6	16.85	0.0	55.843	26.474	-13.739	31.6	1.391	33.226	10.5	20.975	0.0	54.671	22.479	-1.0	0.0	0.0	328.776	10.9	21.413	0.0	54.819	9.838	-1.0	37.2	1.525	103.651
10.71	18.6	634.874	54.194	25.021	-13.894	34.8	1.902	57.153	9.56	18.038	611.479	55.097	33.303	-10.008	28.8	1.944	78.561	8.99	20.6	0.0	56.983	24.44	-12.354	0.0	1.458	40.685	10.64	23.1	0.0	52.469	30.761	-7.045	35.0	1.668	51.438	10.2	20.225	0.0	54.984	11.363	-10.972	0.0	1.156	60.544	9.56	15.412	0.0	56.131	0.0	0.0	0.2	1.358	39.813	10.47	18.413	672.095	55.766	10.419	-30.757	0.0	1.676	29.739	9.89	17.225	0.0	57.384	26.474	-13.819	31.6	1.274	39.426	11.42	20.35	0.0	55.58	22.624	-32.546	0.0	0.0	12.303	11.02	20.85	0.0	53.488	10.056	-33.202	37.2	1.701	103.554
10.74	18.538	546.077	54.736	25.603	-13.792	34.8	1.827	65.0	9.27	17.663	597.122	54.075	33.376	-9.577	28.8	2.129	79.724	8.97	20.475	0.0	55.601	24.513	-13.075	0.0	1.592	42.138	11.0	21.6	0.0	51.822	30.543	-7.099	35.0	0.0	38.36	10.04	18.913	0.0	54.335	11.145	-10.726	0.0	1.525	58.509	9.8	15.287	0.0	56.814	0.0	0.0	0.2	1.131	35.745	10.69	18.35	665.182	55.413	10.128	-30.973	0.0	0.0	30.03	10.0	17.038	0.0	55.784	26.474	-13.6	31.6	1.148	26.252	10.9	19.85	0.0	55.83	22.115	-31.383	0.0	0.0	353.284	11.08	21.1	0.0	54.546	10.419	-1.0	37.2	1.525	88.927
10.53	17.35	500.881	53.538	25.53	-13.579	34.8	0.0	30.32	9.29	16.538	515.769	54.821	33.158	-9.483	28.8	0.0	78.755	8.69	16.85	0.0	54.199	24.44	-11.68	0.0	2.062	49.597	11.22	20.975	0.0	53.275	30.615	-6.788	35.0	2.07	49.694	10.16	18.663	0.0	53.455	11.436	-10.885	0.0	1.207	48.532	9.59	14.1	0.0	54.359	0.0	0.0	0.2	0.0	51.825	10.72	17.538	535.443	55.239	10.201	-30.438	0.0	2.053	31.87	9.64	16.288	0.0	55.701	26.474	-13.53	31.6	2.078	28.77	11.14	18.975	0.0	53.926	22.406	-31.424	0.0	0.0	352.122	10.74	21.35	0.0	55.569	10.346	-1.0	37.2	1.215	107.913
10.68	17.788	571.599	53.68	24.876	-13.673	34.8	2.02	38.748	9.23	17.663	572.131	54.812	33.885	-9.669	28.8	1.869	78.561	8.95	20.1	0.0	55.539	24.44	-12.341	0.0	1.785	52.31	11.12	21.163	0.0	51.96	30.979	-6.901	35.0	0.0	48.532	9.94	18.913	0.0	53.184	11.0	-10.693	0.0	2.003	64.903	9.62	14.6	0.0	54.75	0.0	0.0	0.2	1.743	42.72	10.35	17.538	643.913	54.38	9.838	-30.067	0.0	0.0	22.668	9.95	16.975	0.0	55.036	26.474	-13.72	31.6	1.198	27.608	10.87	19.475	0.0	52.592	21.897	-31.691	0.0	0.0	328.485	11.3	20.288	0.0	52.894	10.128	-1.0	37.2	1.81	119.15
10.3	17.6	585.424	54.731	24.949	-13.764	34.8	0.0	49.791	9.58	16.913	551.926	53.102	33.449	-9.598	28.8	1.693	78.561	9.15	18.975	0.0	56.363	23.932	-12.119	0.0	0.0	52.116	11.23	21.6	0.0	50.938	30.906	-6.999	35.0	0.0	45.626	10.2	19.163	0.0	53.821	11.218	-10.769	0.0	1.534	53.86	9.71	14.287	0.0	56.654	0.0	0.0	0.2	0.0	42.913	10.31	17.85	650.294	52.905	10.274	-30.595	0.0	1.969	27.317	9.75	16.85	0.0	55.629	26.402	-13.604	31.6	2.12	32.258	11.49	20.1	0.0	57.571	22.479	-32.406	0.0	0.0	342.047	11.38	19.85	0.0	53.238	9.838	-1.0	37.2	1.852	99.001
10.77	16.6	464.192	53.151	24.949	-13.422	34.8	0.0	39.329	9.66	17.225	551.926	53.533	33.449	-9.614	28.8	1.768	78.755	8.58	18.788	0.0	53.945	24.077	-12.196	0.0	0.0	31.289	10.98	21.225	0.0	50.904	31.415	-6.724	35.0	1.844	43.204	10.8	18.6	0.0	55.132	11.0	-10.665	0.0	2.095	63.062	9.34	14.85	0.0	53.816	0.0	0.0	0.2	2.129	35.454	10.53	18.475	594.463	53.027	9.765	-30.789	0.0	1.148	19.374	9.68	17.1	0.0	53.656	26.474	-13.838	31.6	1.467	33.614	11.66	19.1	0.0	54.99	22.043	-31.365	0.0	0.0	0.0	11.28	19.663	0.0	52.801	10.492	-1.0	37.2	2.103	96.773
10.49	16.475	532.252	54.042	25.53	-13.396	34.8	0.0	48.822	9.44	16.6	517.896	53.532	33.231	-9.522	28.8	1.944	78.077	9.18	18.85	0.0	55.691	24.295	-12.208	0.0	1.634	53.666	11.23	21.538	0.0	50.938	30.397	-6.928	35.0	1.416	59.962	10.36	18.975	0.0	55.216	11.073	-10.729	0.0	1.492	58.8	9.44	14.662	0.0	55.583	0.0	0.0	0.2	1.508	42.138	10.8	16.85	579.575	54.745	9.692	-29.731	0.0	1.944	23.152	10.02	16.913	0.0	54.541	26.474	-13.798	31.6	0.0	28.674	11.32	18.913	0.0	53.38	21.825	-31.141	0.0	0.0	12.69	10.52	19.913	0.0	52.543	10.128	-1.0	37.2	1.701	67.712
10.54	16.35	518.959	53.51	24.731	-13.413	34.8	1.969	52.794	8.94	16.1	520.023	53.221	33.594	-9.279	28.8	2.02	78.368	8.94	18.1	0.0	54.056	24.585	-12.11	0.0	1.517	36.326	10.88	20.538	0.0	51.013	30.397	-6.835	35.0	2.103	58.219	10.46	19.413	0.0	53.258	10.927	-10.804	0.0	1.257	79.918	9.87	14.6	0.0	54.519	0.0	0.0	0.2	1.073	46.594	10.7	17.6	556.711	55.563	10.274	-30.469	0.0	0.0	38.651	10.15	16.913	0.0	57.483	26.765	-13.939	31.6	1.643	42.429	11.55	19.413	0.0	56.46	21.97	-31.531	0.0	0.0	334.685	11.41	19.663	0.0	53.212	9.983	-32.529	37.2	1.265	92.995
11.05	17.663	533.316	54.123	25.239	-13.477	34.8	1.777	39.813	9.48	16.538	515.769	53.178	33.376	-9.503	28.8	0.0	78.561	9.06	17.913	0.0	55.378	24.367	-12.147	0.0	0.0	48.532	11.11	20.6	0.0	52.686	31.269	-6.71	35.0	2.062	54.925	10.35	18.725	0.0	54.261	10.782	-10.653	0.0	1.927	68.874	9.62	14.412	0.0	54.155	0.0	0.0	0.2	0.0	37.295	10.43	17.163	542.887	54.183	10.201	-30.251	0.0	0.0	29.836	9.92	16.85	0.0	55.18	26.474	-13.926	31.6	1.927	35.164	11.23	18.725	0.0	52.461	22.406	-30.918	0.0	0.0	12.303	10.81	19.788	0.0	53.698	10.419	-1.0	37.2	1.575	103.166
10.5	15.975	533.316	53.684	25.239	-13.13	34.8	0.0	38.167	9.89	16.663	534.911	54.552	33.449	-9.532	28.8	1.751	78.755	8.96	18.163	0.0	54.594	24.222	-12.076	0.0	1.743	39.426	11.32	20.35	0.0	51.805	30.47	-6.381	35.0	0.0	47.563	10.14	19.1	0.0	53.212	10.782	-10.725	0.0	1.508	59.672	9.58	14.475	0.0	54.952	0.0	0.0	0.2	1.852	47.369	10.78	16.975	590.741	56.315	10.201	-29.915	0.0	0.0	24.992	9.77	16.788	0.0	54.861	26.474	-13.635	31.6	1.735	25.864	11.19	18.85	0.0	55.279	22.406	-1.0	0.0	0.0	356.771	11.28	19.288	0.0	53.254	10.346	-1.0	37.2	1.835	95.223
10.35	16.163	456.748	53.902	25.021	-13.332	34.8	1.617	62.093	9.96	16.663	556.18	54.264	33.231	-9.571	28.8	0.0	57.541	8.82	18.6	0.0	54.781	24.295	-12.329	0.0	0.0	35.164	11.06	19.538	0.0	51.708	30.688	-6.301	35.0	0.0	47.951	10.26	18.413	0.0	53.859	11.291	-10.6	0.0	1.785	63.353	10.15	14.662	0.0	58.066	0.0	0.0	0.2	2.028	33.42	10.28	16.35	571.599	54.639	10.346	-30.093	0.0	0.0	25.671	9.58	16.475	0.0	55.722	26.474	-13.396	31.6	0.0	26.445	11.07	18.288	0.0	54.694	22.333	-31.186	0.0	0.0	331.585	10.8	20.038	0.0	52.763	10.128	-1.0	37.2	1.358	99.098
10.76	14.662	356.784	53.3	25.53	-13.116	34.8	0.0	54.828	9.36	14.6	412.083	54.653	33.158	-9.25	28.8	0.0	87.086	8.99	16.475	0.0	56.72	24.513	-11.832	0.0	2.112	44.076	10.64	17.725	0.0	52.318	30.979	-5.641	35.0	0.0	57.25	10.26	17.413	0.0	54.248	11.291	-10.412	0.0	2.028	75.171	9.6	13.287	0.0	54.866	0.0	0.0	0.2	0.0	45.335	10.63	15.537	401.449	57.293	10.274	-29.111	0.0	0.0	38.845	9.4	15.85	0.0	55.192	26.547	-13.227	31.6	0.0	37.682	10.69	16.475	0.0	53.561	22.406	-29.674	0.0	0.0	324.223	11.21	18.288	0.0	54.804	9.765	-1.0	37.2	1.819	100.648
10.41	12.912	271.709	53.641	25.239	-12.699	34.8	0.0	45.238	9.78	13.85	273.836	53.76	32.286	-9.091	28.8	2.011	82.727	8.65	13.85	0.0	55.847	24.15	-11.396	0.0	0.0	39.232	10.75	16.413	0.0	53.78	31.051	-5.108	35.0	0.0	52.213	10.33	16.475	0.0	54.855	11.654	-10.271	0.0	0.0	57.734	9.43	12.287	0.0	55.581	0.0	0.0	0.2	0.0	52.697	10.28	14.037	288.724	54.877	9.62	-28.667	0.0	1.953	28.77	9.07	14.912	0.0	55.203	26.474	-12.842	31.6	0.0	27.802	10.82	15.412	0.0	56.409	22.624	-29.991	0.0	0.0	357.159	11.55	16.475	0.0	53.383	9.838	-1.0	37.2	1.265	71.296
10.26	11.537	198.332	53.889	25.312	-12.41	34.8	0.0	46.401	9.31	12.475	229.172	53.961	32.94	-9.005	28.8	1.793	82.824	8.58	13.662	0.0	55.219	24.295	-11.256	0.0	0.0	52.891	10.08	14.662	0.0	52.812	30.979	-4.52	35.0	2.12	45.626	10.06	15.475	0.0	55.675	11.0	-10.085	0.0	0.0	52.503	9.38	11.6	0.0	54.745	0.0	0.0	0.2	1.978	62.481	9.86	13.1	223.854	55.97	10.564	-28.026	0.0	0.0	31.58	9.46	14.787	0.0	57.435	26.474	-12.705	31.6	1.089	35.939	10.44	13.85	0.0	55.909	21.825	-29.593	0.0	0.0	348.15	10.58	14.6	0.0	54.235	9.765	-1.0	37.2	1.366	96.095
10.11	11.662	239.806	54.703	24.731	-12.432	34.8	0.0	46.788	8.83	11.537	214.815	54.812	32.722	-8.885	28.8	1.827	61.803	8.46	12.787	0.0	56.112	23.932	-11.092	0.0	1.592	43.495	9.98	14.225	0.0	54.088	30.543	-4.33	35.0	0.0	48.822	9.88	15.662	0.0	54.342	10.492	-10.074	0.0	0.947	58.897	9.03	10.85	0.0	55.728	0.0	0.0	0.2	1.886	38.845	9.66	12.787	237.147	56.029	9.91	-28.121	0.0	0.0	26.736	9.04	13.412	0.0	57.632	26.402	-12.377	31.6	0.0	30.611	10.14	14.037	0.0	56.719	22.261	-29.679	0.0	0.0	328.485	9.72	13.287	0.0	53.901	9.91	-1.0	37.2	1.542	92.317
10.34	13.225	302.549	54.915	25.385	-12.6	34.8	1.073	50.275	9.01	12.912	298.827	54.453	33.376	-9.071	28.8	1.249	50.082	8.41	14.037	0.0	56.252	24.367	-11.297	0.0	0.0	61.416	10.26	15.537	0.0	53.559	30.688	-5.211	35.0	2.12	52.019	9.81	16.1	0.0	55.697	10.637	-10.165	0.0	2.129	54.731	9.04	11.537	0.0	56.053	0.0	0.0	0.2	0.0	40.104	9.73	13.662	320.096	55.271	10.056	-28.616	0.0	1.936	36.907	8.86	13.85	0.0	56.466	26.91	-12.09	31.6	2.062	33.808	9.98	14.787	0.0	55.248	22.043	-1.0	0.0	0.0	334.685	10.09	14.475	0.0	54.104	10.128	-1.0	37.2	1.291	76.624
10.34	14.975	471.636	53.841	24.731	-12.932	34.8	0.0	46.207	8.72	13.6	421.123	55.239	33.086	-9.134	28.8	1.785	54.344	8.61	15.662	0.0	57.158	24.15	-11.597	0.0	1.827	47.951	9.74	16.85	0.0	52.855	31.124	-5.753	35.0	0.0	42.526	9.86	17.225	0.0	54.904	11.363	-10.333	0.0	1.76	58.8	9.22	11.85	0.0	57.106	0.0	0.0	0.2	1.902	35.551	9.98	15.225	483.866	56.871	9.692	-29.206	0.0	1.986	44.657	8.96	14.475	0.0	56.305	26.62	-12.331	31.6	1.793	33.033	10.28	16.538	0.0	55.085	22.551	-1.0	0.0	0.0	338.947	10.25	15.475	0.0	54.545	10.056	-30.247	37.2	1.743	92.317
10.64	16.788	526.935	54.363	25.603	-15.553	34.8	0.0	49.501	9.03	15.85	589.678	54.516	33.231	-9.54	28.8	0.0	66.259	8.66	17.725	0.0	55.967	25.167	-12.185	0.0	0.0	46.594	10.38	19.538	0.0	52.674	30.47	-6.588	35.0	1.852	55.7	10.08	18.163	0.0	54.758	11.291	-10.493	0.0	2.129	56.475	9.13	13.787	0.0	54.767	0.0	0.0	0.2	2.02	41.848	10.26	17.225	555.648	53.769	9.838	-28.772	0.0	1.651	32.161	9.1	15.912	0.0	54.941	26.474	-12.602	31.6	1.819	33.808	10.92	18.413	0.0	56.69	21.97	-1.0	0.0	0.0	326.161	10.72	18.538	0.0	53.685	10.201	-1.0	37.2	1.785	100.648
10.34	14.287	358.911	53.691	24.949	-12.8	34.8	0.0	50.372	9.29	15.225	438.138	53.749	33.231	-9.451	28.8	0.0	68.874	8.45	16.038	0.0	54.638	24.658	-11.598	0.0	0.0	44.27	10.32	17.35	0.0	53.268	30.688	-5.971	35.0	1.827	57.153	9.73	16.975	0.0	55.833	10.927	-10.277	0.0	2.053	56.378	9.3	13.412	0.0	55.444	0.0	0.0	0.2	1.793	37.101	10.01	15.6	340.833	56.022	9.765	-29.499	0.0	1.927	26.542	9.46	15.537	0.0	57.172	26.62	-12.464	31.6	1.257	34.776	10.06	16.913	0.0	54.755	22.406	-1.0	0.0	0.0	314.924	10.44	17.163	0.0	52.682	10.056	-1.0	37.2	1.944	90.379
10.14	13.037	305.208	54.439	24.731	-12.566	34.8	0.0	56.475	8.9	13.412	264.265	54.229	33.449	-9.137	28.8	2.112	68.971	8.65	14.412	0.0	57.31	24.44	-11.318	0.0	1.668	44.948	9.82	16.163	0.0	54.124	30.906	-5.515	35.0	1.819	58.413	9.7	16.038	0.0	55.798	11.218	-10.179	0.0	1.458	59.769	9.38	12.537	0.0	56.045	0.0	0.0	0.2	1.475	38.07	9.78	14.1	297.232	55.722	10.419	-28.578	0.0	1.81	33.517	9.21	14.787	0.0	56.841	26.402	-12.356	31.6	1.676	45.238	9.78	15.162	0.0	52.197	22.261	-1.0	0.0	0.0	336.235	10.24	15.287	0.0	54.305	10.564	-30.268	37.2	1.525	88.539
10.21	12.85	303.612	54.837	25.021	-12.493	34.8	0.0	45.432	8.46	12.037	272.773	55.79	33.231	-9.012	28.8	0.0	68.874	8.34	14.537	0.0	55.095	24.222	-11.36	0.0	1.726	56.281	9.93	15.912	0.0	53.122	30.833	-5.605	35.0	0.0	50.275	9.38	16.225	0.0	54.329	11.363	-10.152	0.0	1.726	58.413	9.26	11.975	0.0	57.258	0.0	0.0	0.2	1.425	35.842	9.7	14.475	432.82	54.256	9.838	-28.98	0.0	2.12	19.18	9.08	14.287	0.0	56.822	26.329	-12.232	31.6	1.307	39.232	9.87	15.912	0.0	54.43	22.115	-1.0	0.0	0.0	333.135	9.79	13.787	0.0	54.12	9.692	-1.0	37.2	1.617	100.551
