-1.0	1.475	0.0	0.0	25.167	-10.329	0.4	1.575	179.693	7.36	1.538	0.0	56.647	34.248	-21.997	40.6	1.274	173.397	6.69	2.475	0.0	58.018	25.675	-7.615	11.2	0.0	145.983	7.15	2.913	0.0	59.295	30.906	-7.997	0.0	2.112	198.099	6.33	2.538	0.0	62.208	11.654	-8.813	24.8	2.103	205.558	5.54	2.288	0.0	61.964	0.0	0.0	0.0	1.676	196.646	6.26	2.35	0.532	65.475	10.855	-1.0	19.0	1.827	182.793	6.28	2.788	0.0	61.529	26.983	-22.147	46.2	1.224	185.796	6.96	2.725	0.0	58.549	26.838	-25.049	0.0	0.0	165.744	7.88	2.225	0.0	53.665	12.09	-18.676	8.6	0.0	254.38	6.28
-1.0	1.475	0.532	0.0	25.675	-10.221	0.4	0.989	166.907	7.36	1.163	0.0	56.239	34.248	-21.891	40.6	0.0	182.793	7.0	2.913	0.0	56.301	25.603	-7.666	11.2	1.961	149.276	7.11	3.1	0.0	59.117	31.705	-8.016	0.0	2.036	205.655	6.4	2.413	0.0	61.913	11.581	-8.799	24.8	1.785	212.048	5.66	2.35	0.0	61.342	0.0	0.0	0.0	1.659	207.495	6.32	2.6	0.0	65.377	11.436	-23.24	19.0	1.902	182.018	6.77	2.663	0.0	58.92	27.201	-21.9	46.2	1.173	163.613	6.88	2.413	0.0	58.852	26.91	-25.038	0.0	1.953	178.725	7.82	2.538	0.0	53.657	12.162	-18.851	8.6	0.0	222.704	6.72
0.0	1.975	0.0	55.637	25.021	-10.566	0.4	1.207	202.07	7.61	1.913	0.0	55.339	34.684	-21.791	40.6	1.006	195.193	6.96	2.538	0.0	56.527	25.312	-1.209	11.2	1.123	170.394	6.76	3.163	0.0	60.624	31.633	-8.03	0.0	0.0	183.762	6.58	2.725	0.0	60.848	11.581	-8.818	24.8	1.24	210.692	6.26	2.6	0.0	58.896	0.0	0.0	0.0	0.0	162.935	6.78	2.288	1.063	62.647	10.927	-22.939	19.0	1.399	182.406	7.4	2.913	0.0	56.128	26.402	-21.972	46.2	0.0	186.668	6.99	2.663	0.0	58.324	26.983	-25.121	0.0	0.0	166.907	7.88	2.225	0.0	53.338	12.308	-18.875	8.6	0.0	231.616	6.56
0.0	1.85	1.063	28.01	25.021	-10.377	0.4	0.0	184.053	7.58	1.413	4.254	55.276	34.103	-21.858	40.6	0.0	179.597	6.98	2.663	0.0	56.414	25.82	-1.222	11.2	1.064	158.963	6.75	2.975	0.0	60.566	31.56	-8.003	0.0	0.0	205.267	6.31	2.6	0.0	61.814	11.799	-8.812	24.8	1.475	203.233	5.72	2.1	0.0	61.687	0.0	0.0	0.0	0.98	194.902	6.36	2.288	0.532	65.002	10.492	-23.247	19.0	1.71	179.5	7.25	2.85	0.0	56.746	26.62	-21.742	46.2	0.0	190.543	7.04	2.725	0.0	58.044	26.838	-25.049	0.0	0.0	163.807	7.85	1.85	0.0	53.958	12.235	-18.784	8.6	0.0	230.841	6.54
0.0	1.913	0.0	0.0	25.167	-10.385	0.4	1.517	168.65	7.5	1.475	0.0	55.587	34.538	-21.875	40.6	0.0	182.406	6.99	2.913	0.0	56.416	25.966	-1.343	11.2	1.609	152.861	6.87	3.163	0.0	60.16	30.979	-8.03	0.0	0.0	202.361	6.38	2.538	0.0	62.021	10.927	-8.773	24.8	1.651	211.854	5.89	2.163	0.0	60.819	0.0	0.0	0.0	0.964	195.58	6.37	2.538	5.317	65.222	11.073	-23.527	19.0	0.0	180.081	6.81	2.913	0.0	58.926	26.402	-22.289	46.2	1.374	182.696	7.46	2.913	0.0	55.932	26.838	-25.204	0.0	0.0	161.094	7.71	1.538	0.0	54.322	11.944	-18.907	8.6	0.0	231.228	6.5
0.0	2.413	0.0	0.0	25.603	-10.479	0.4	1.777	164.582	7.48	1.475	0.0	55.789	34.466	-22.391	40.6	0.955	167.294	7.33	2.788	0.0	54.974	25.385	-1.267	11.2	1.668	166.035	6.77	2.788	0.0	61.048	30.833	-7.897	0.0	1.911	194.999	6.48	2.288	0.0	61.422	11.654	-8.802	24.8	1.643	211.661	5.96	2.663	0.0	60.097	0.0	0.0	0.0	1.743	171.556	6.58	2.538	0.0	63.998	11.0	-23.015	19.0	0.0	190.446	7.07	2.85	0.0	57.53	26.765	-21.742	46.2	1.467	191.124	7.16	2.538	0.0	57.602	26.111	-25.079	0.0	2.12	168.65	7.79	2.288	0.0	53.563	12.09	-18.89	8.6	0.0	231.616	6.58
-1.0	1.725	0.0	0.0	25.53	-10.503	0.4	1.081	196.646	7.71	1.85	0.532	54.942	34.902	-21.878	40.6	1.399	204.105	7.21	2.475	0.0	55.221	25.312	-1.155	11.2	1.073	178.919	6.76	2.538	0.0	60.849	31.124	-7.983	0.0	1.819	204.492	6.68	2.475	0.0	60.836	11.799	-8.742	24.8	1.592	211.467	5.88	1.975	0.0	60.028	0.0	0.0	0.0	1.265	184.149	6.26	2.413	0.532	66.018	10.419	-23.183	19.0	1.894	190.833	6.98	2.975	0.0	57.891	26.765	-21.777	46.2	1.073	185.506	7.74	2.85	0.0	54.77	26.692	-25.183	0.0	0.0	175.044	7.78	2.1	0.0	53.977	12.235	-18.646	8.6	0.0	230.744	6.56
-1.0	2.35	0.532	0.0	25.82	-10.646	0.4	1.433	210.595	7.57	1.788	0.0	56.095	34.248	-21.964	40.6	1.492	262.517	7.06	2.913	0.0	56.135	25.312	-1.375	11.2	1.55	151.311	6.78	2.725	0.0	60.372	31.197	-7.97	0.0	1.768	190.833	6.24	2.475	0.0	62.221	12.162	-8.798	24.8	1.726	193.643	5.64	2.038	0.0	61.366	0.0	0.0	0.0	1.249	177.95	6.16	2.35	1.063	66.244	10.564	-23.164	19.0	1.894	191.318	6.64	3.1	0.0	59.669	27.201	-21.813	46.2	1.215	173.009	7.44	2.85	0.0	56.222	26.038	-25.275	0.0	0.0	164.776	7.82	2.475	0.0	53.775	11.944	-19.037	8.6	0.0	258.352	6.84
-1.0	2.538	0.0	47.879	25.312	-10.524	0.4	1.785	170.588	7.08	1.663	0.0	57.3	34.03	-21.928	40.6	0.0	170.781	7.34	2.6	0.0	54.652	25.53	-1.294	11.2	0.0	144.53	6.88	3.288	0.0	60.304	30.833	-8.027	0.0	0.0	209.336	6.1	2.288	0.0	63.914	11.436	-8.753	24.8	0.0	204.88	5.98	2.538	0.0	59.902	0.0	0.0	0.0	1.609	178.919	6.6	2.538	0.0	63.753	10.419	-22.911	19.0	1.433	186.571	6.89	2.663	0.0	58.395	27.346	-21.371	46.2	0.0	184.053	7.28	2.788	0.0	56.693	26.765	-1.0	0.0	0.0	174.269	7.82	2.288	0.0	53.567	12.308	-18.691	8.6	0.0	274.335	6.46
-1.0	2.725	0.532	50.132	25.239	-10.549	0.4	1.927	158.382	7.13	1.413	4.785	57.105	34.393	-22.27	40.6	0.0	154.895	7.12	2.6	0.0	55.676	25.893	-7.644	11.2	1.249	177.95	6.84	3.413	0.0	60.127	30.833	-8.04	0.0	0.0	207.108	6.42	2.1	0.0	61.244	11.726	-8.765	24.8	1.257	204.298	5.95	2.35	0.0	60.096	0.0	0.0	0.0	1.14	203.33	6.74	2.288	0.532	63.252	11.654	-22.836	19.0	2.103	185.893	6.99	2.663	0.0	58.008	27.346	-21.265	46.2	0.0	184.44	6.88	2.6	0.0	58.737	26.983	-25.191	0.0	0.0	179.693	7.79	1.913	0.0	53.801	12.09	-17.826	8.6	0.0	243.24	6.6
-1.0	2.788	9.039	47.729	25.603	-10.586	0.4	0.0	156.445	7.26	1.35	0.0	56.515	34.538	-21.737	40.6	0.0	144.239	7.14	2.475	0.0	56.059	25.82	-0.999	11.2	0.905	172.525	7.02	3.225	0.0	59.16	31.051	-7.965	0.0	2.12	194.418	6.16	2.475	0.0	62.653	11.581	-8.823	24.8	1.148	208.658	5.82	2.225	0.0	60.695	0.0	0.0	0.0	1.467	202.942	6.56	2.475	0.0	64.16	11.073	-22.372	19.0	1.886	186.959	6.47	2.725	0.0	60.35	26.838	-21.494	46.2	1.626	178.531	7.21	2.788	0.0	57.059	26.692	-25.162	0.0	0.0	160.707	7.72	2.288	0.0	53.85	12.308	-18.79	8.6	0.0	227.257	6.88
-1.0	1.913	0.0	40.236	25.966	-10.557	0.4	1.182	167.197	7.64	1.163	2.659	55.02	34.466	-22.301	40.6	0.0	198.68	6.66	2.6	0.0	57.812	25.603	-1.011	11.2	1.567	153.248	6.84	3.225	0.0	59.928	30.833	-7.965	0.0	2.112	200.133	6.12	2.225	0.0	63.007	11.581	-8.787	24.8	0.922	221.154	5.98	2.163	0.0	59.732	0.0	0.0	0.0	0.955	208.173	6.8	2.35	0.532	62.845	11.0	-22.544	19.0	1.626	184.634	7.01	2.788	0.0	57.636	27.201	-21.3	46.2	1.131	165.357	7.14	2.475	0.0	57.483	26.256	-1.0	0.0	0.0	161.869	7.78	2.038	0.0	53.591	11.799	-19.029	8.6	0.0	243.143	7.1
-1.0	2.475	2.127	47.4	25.748	-10.544	0.4	1.634	166.81	7.32	1.475	0.0	56.057	34.175	-22.494	40.6	0.0	160.707	7.21	2.788	0.0	55.28	25.312	-1.267	11.2	1.483	166.81	6.88	2.538	0.0	60.219	30.906	-7.92	0.0	1.869	193.643	6.54	2.475	0.0	61.264	11.508	-8.831	24.8	1.408	212.242	5.86	2.288	0.0	60.363	0.0	0.0	0.0	1.483	192.287	6.49	2.6	0.0	64.395	10.564	-23.24	19.0	1.911	185.409	6.84	2.913	0.0	58.587	26.765	-21.547	46.2	1.265	190.349	7.24	2.538	0.0	56.745	25.748	-1.0	0.0	0.0	150.536	7.95	2.288	0.0	52.422	12.09	-18.89	8.6	0.0	243.143	6.66
-1.0	1.288	0.0	50.573	25.603	-10.417	0.4	1.056	199.261	7.89	1.288	0.532	54.438	34.03	-23.047	40.6	0.98	195.193	7.04	2.85	0.0	56.336	25.457	-7.651	11.2	2.112	148.598	7.06	2.913	0.0	59.566	31.633	-8.036	0.0	2.12	204.105	6.3	2.163	0.0	62.732	11.654	-8.797	24.8	1.039	212.629	5.49	2.35	0.0	62.4	0.0	0.0	0.0	1.55	188.993	6.4	2.475	0.532	65.2	10.492	-22.581	19.0	2.103	183.762	6.69	2.725	0.0	59.307	27.056	-21.918	46.2	1.182	177.465	7.33	2.538	0.0	56.671	26.765	-1.0	0.0	0.0	161.385	7.95	2.225	0.0	53.288	11.944	-18.875	8.6	0.0	243.046	6.3
-1.0	1.975	0.0	42.411	25.094	-10.596	0.4	1.383	165.938	7.54	1.288	2.127	55.798	34.03	-22.846	40.6	0.0	162.741	7.24	2.413	0.0	55.137	25.457	-0.882	11.2	1.291	148.114	7.04	3.35	0.0	59.591	31.56	-8.01	0.0	2.036	207.495	6.44	2.663	0.0	62.059	11.726	-8.87	24.8	1.215	202.748	5.66	2.1	0.0	61.23	0.0	0.0	0.0	1.073	211.854	6.54	2.475	1.063	65.089	10.346	-22.789	19.0	1.751	191.705	6.75	2.6	0.0	59.316	27.056	-21.459	46.2	1.031	181.534	7.11	2.788	0.0	57.998	26.765	-25.254	0.0	0.0	170.878	8.0	1.913	0.0	53.087	12.09	-19.505	8.6	0.0	243.143	6.66
-1.0	2.413	1.063	49.66	25.893	-10.396	0.4	1.684	161.869	7.6	1.225	1.063	55.455	33.957	-22.319	40.6	1.022	203.62	7.24	2.725	0.0	55.46	25.603	-0.992	11.2	0.905	150.051	6.91	2.913	0.0	60.507	31.051	-7.91	0.0	2.095	204.008	6.68	2.6	0.0	61.146	11.581	-8.845	24.8	1.374	214.373	5.86	1.85	0.0	60.532	0.0	0.0	0.0	0.0	210.207	6.53	2.6	1.063	65.005	11.218	-22.513	19.0	1.844	191.705	6.97	2.975	0.0	58.292	26.692	-21.671	46.2	1.006	189.768	7.06	2.788	0.0	58.335	26.983	-1.0	0.0	0.0	157.995	7.88	2.038	0.0	53.606	12.162	-18.434	8.6	0.0	241.981	6.78
-1.0	2.725	1.063	50.074	25.53	-10.697	0.4	1.902	166.325	7.49	1.475	2.127	56.375	34.175	-22.494	40.6	0.989	184.149	7.14	2.475	0.0	56.38	25.312	-1.155	11.2	0.0	154.798	7.2	3.288	0.0	59.503	31.415	-7.972	0.0	1.936	201.005	6.52	2.413	0.0	62.073	11.436	-8.868	24.8	1.366	214.954	5.76	2.35	0.0	61.358	0.0	0.0	0.0	0.0	200.23	6.78	2.475	1.595	63.342	10.855	-22.789	19.0	1.927	186.087	6.72	2.538	0.0	59.055	26.765	-21.547	46.2	1.081	182.406	7.19	2.725	0.0	57.953	26.111	-1.0	0.0	0.0	163.129	7.86	1.913	0.0	54.137	12.235	-18.7	8.6	0.0	242.465	6.76
-1.0	2.788	1.063	49.246	25.603	-10.767	0.4	1.911	171.266	7.48	1.538	0.532	56.403	34.466	-22.409	40.6	0.989	174.559	7.21	2.538	0.0	55.661	25.239	-1.084	11.2	0.0	185.699	7.0	2.85	0.0	60.125	31.56	-7.919	0.0	2.103	197.324	6.4	2.288	0.0	62.22	12.017	-8.828	24.8	1.198	207.979	5.8	2.35	0.0	61.113	0.0	0.0	0.0	1.207	156.929	6.64	2.475	1.595	64.284	11.145	-22.789	19.0	1.86	192.48	7.02	2.85	0.0	58.243	27.128	-21.53	46.2	1.064	189.284	7.06	2.725	0.0	58.479	26.765	-25.233	0.0	0.0	157.995	8.08	2.413	0.0	52.949	12.09	-19.426	8.6	0.0	244.402	6.32
-1.0	2.725	1.595	49.956	25.021	-10.727	0.4	1.693	169.91	7.52	1.663	3.19	56.38	34.611	-22.136	40.6	1.014	212.048	6.85	2.413	0.0	58.043	25.53	-0.724	11.2	0.0	151.117	6.92	3.163	0.0	60.593	31.56	-7.983	0.0	0.0	193.255	6.5	2.288	0.0	62.153	11.799	-8.836	24.8	1.173	222.607	5.72	1.913	0.0	61.575	0.0	0.0	0.0	1.165	204.88	6.56	2.288	4.785	63.994	11.218	-22.317	19.0	1.634	187.637	6.77	2.913	0.0	59.576	27.201	-21.229	46.2	1.307	175.722	6.93	2.663	0.0	58.945	26.692	-1.0	0.0	0.0	163.71	7.95	1.975	0.0	53.943	12.235	-19.115	8.6	0.0	244.015	7.12
-1.0	2.538	3.722	52.499	25.021	-10.524	0.4	1.567	165.26	7.48	1.538	2.127	56.607	34.466	-23.321	40.6	1.048	184.149	7.5	2.913	0.0	54.941	25.53	-1.153	11.2	1.307	162.354	6.89	3.1	0.0	60.702	31.56	-7.945	0.0	0.0	200.23	6.31	2.413	0.0	62.789	11.581	-8.913	24.8	1.115	207.883	5.86	2.288	0.0	60.87	0.0	0.0	0.0	0.0	188.605	6.3	2.35	5.849	66.378	10.492	-22.335	19.0	1.869	193.933	6.76	2.725	0.0	59.717	27.273	-21.918	46.2	1.031	181.921	7.4	2.975	0.0	57.234	26.038	-1.0	0.0	0.0	177.562	8.01	2.038	0.0	53.624	12.453	-18.631	8.6	0.0	244.306	6.85
-1.0	2.288	4.254	53.481	25.021	-10.858	0.4	1.408	167.1	7.6	1.538	1.595	56.479	33.957	-22.716	40.6	1.148	192.19	7.78	2.663	0.0	53.353	25.094	-1.097	11.2	0.0	162.644	6.83	3.35	0.0	61.424	31.56	-7.962	0.0	0.0	200.52	6.38	2.475	0.0	62.968	11.654	-8.84	24.8	1.081	206.43	5.78	2.1	0.0	61.725	0.0	0.0	0.0	1.198	197.324	6.54	2.538	3.722	65.143	10.709	-22.703	19.0	1.936	189.38	6.75	2.725	0.0	59.459	26.983	-21.812	46.2	1.064	162.257	7.36	2.913	0.0	57.372	26.329	-1.0	0.0	0.0	173.106	7.89	2.038	0.0	54.319	12.09	-19.029	8.6	0.0	244.209	6.76
-1.0	2.725	7.444	54.686	25.094	-10.79	0.4	1.676	164.582	7.64	1.725	4.254	56.369	34.248	-22.464	40.6	0.0	191.705	7.18	2.6	0.0	56.648	25.312	-0.757	11.2	0.0	161.869	6.68	3.225	0.0	62.184	31.705	-7.957	0.0	0.0	193.643	6.46	2.35	0.0	62.926	11.581	-8.843	24.8	1.425	214.567	6.1	2.163	0.0	60.205	0.0	0.0	0.0	1.265	184.924	6.5	2.475	5.317	66.007	11.0	-22.372	19.0	1.919	194.321	6.64	2.475	0.0	60.519	27.201	-21.424	46.2	1.224	176.981	7.72	3.288	0.0	55.855	25.893	-1.0	0.0	0.0	159.448	7.85	2.1	0.0	54.875	12.09	-19.045	8.6	0.0	233.553	6.34
-1.0	2.663	5.849	55.767	25.094	-10.845	0.4	1.844	163.71	7.41	1.663	5.849	57.467	34.175	-22.957	40.6	0.0	151.989	7.64	2.663	0.0	54.164	25.53	-1.002	11.2	0.0	148.889	6.58	3.163	0.0	62.891	30.833	-7.951	0.0	0.0	196.161	6.7	2.35	0.0	61.683	11.799	-8.879	24.8	1.567	212.048	5.98	2.288	0.0	61.002	0.0	0.0	0.0	1.534	162.935	6.65	2.913	5.849	64.944	10.492	-22.395	19.0	2.028	195.193	7.02	2.913	0.0	58.587	26.765	-21.547	46.2	1.24	185.409	8.46	3.35	0.0	52.793	26.838	-1.0	0.0	0.0	153.829	7.99	2.1	0.0	53.978	12.235	-19.145	8.6	0.0	238.881	6.72
-1.0	2.6	7.444	56.869	25.312	-10.836	0.4	1.508	155.089	7.55	1.85	6.912	57.025	34.466	-22.706	40.6	1.215	164.485	7.93	2.725	0.0	53.315	25.603	-1.119	11.2	0.0	143.852	6.95	3.475	0.0	60.937	31.051	-7.966	0.0	0.0	201.683	6.67	2.225	0.0	61.734	11.581	-8.829	24.8	1.232	204.395	6.21	2.413	0.0	59.855	0.0	0.0	0.0	1.022	198.292	6.66	2.913	6.912	64.534	10.927	-22.606	19.0	2.103	176.787	7.46	3.038	0.0	57.098	26.983	-22.114	46.2	1.19	166.907	7.75	3.038	0.0	55.8	26.402	-1.0	0.0	0.0	180.275	7.99	2.35	0.0	54.275	12.308	-19.207	8.6	0.0	214.954	7.26
-1.0	3.038	10.103	50.132	25.675	-11.205	0.4	1.944	162.644	7.5	1.913	10.103	57.597	33.594	-22.93	40.6	1.307	189.09	7.44	2.725	0.0	55.988	25.457	-1.245	11.2	1.391	157.22	7.2	3.475	0.0	60.611	31.051	-7.933	0.0	2.095	202.748	6.72	2.663	0.0	62.358	11.726	-8.923	24.8	1.458	205.267	5.86	2.1	0.0	61.934	0.0	0.0	0.0	1.575	196.743	6.62	2.663	6.381	65.512	10.855	-22.427	19.0	1.835	188.218	7.32	2.913	0.0	58.232	27.201	-21.759	46.2	0.0	184.634	7.63	2.975	0.0	56.833	26.256	-1.0	0.0	0.0	164.776	8.22	2.788	0.0	54.011	12.308	-19.215	8.6	0.0	246.243	6.57
-1.0	2.975	13.293	31.852	25.748	-10.921	0.4	1.894	184.634	7.5	1.85	13.825	57.741	34.684	-22.809	40.6	1.534	195.968	7.66	3.288	0.0	54.935	25.675	-1.221	11.2	1.014	154.798	7.08	3.725	0.0	61.353	31.415	-8.0	0.0	0.0	196.743	6.68	2.538	0.0	62.379	11.799	-8.918	24.8	1.517	216.407	5.94	2.6	0.0	62.003	0.0	0.0	0.0	1.567	196.161	6.4	2.6	12.23	66.342	10.855	-22.198	19.0	1.475	184.343	6.73	2.663	0.0	61.07	27.128	-21.9	46.2	0.93	195.483	7.26	3.038	0.0	58.539	26.184	-1.0	0.0	0.0	175.625	8.04	2.975	0.0	55.109	12.308	-19.262	8.6	0.0	252.636	7.23
-1.0	2.975	15.952	30.9	25.385	-10.793	0.4	1.869	182.696	7.37	1.85	19.142	58.413	34.466	-23.114	40.6	1.341	190.446	7.34	3.038	0.0	56.352	25.239	-1.451	11.2	1.408	167.875	6.88	3.725	0.0	62.664	31.124	-7.983	0.0	0.0	207.011	7.36	2.663	0.0	59.899	11.872	-8.932	24.8	1.726	224.544	6.84	2.85	0.0	57.984	0.0	0.0	0.0	1.534	177.272	6.98	2.913	13.825	63.209	11.291	-22.184	19.0	1.835	180.662	7.3	3.1	0.0	58.488	27.346	-21.707	46.2	1.567	182.309	7.63	3.288	0.0	57.037	26.838	-1.0	0.0	0.0	171.169	8.03	3.725	0.0	55.52	12.235	-19.35	8.6	1.383	237.718	7.87
-1.0	3.288	18.61	33.741	25.53	-10.867	0.4	0.0	203.136	7.74	2.475	21.269	57.054	34.538	-22.372	40.6	1.969	204.395	7.68	3.1	0.0	54.82	25.603	-0.994	11.2	1.324	165.744	7.21	4.162	0.0	61.065	31.85	-8.045	0.0	0.0	205.558	7.44	2.913	0.0	59.57	11.654	-8.979	24.8	1.852	236.944	6.9	2.975	0.0	57.619	0.0	0.0	0.0	1.718	176.012	6.78	3.163	19.142	65.022	10.637	-21.831	19.0	1.768	181.825	6.76	2.975	0.0	61.328	27.346	-21.671	46.2	1.265	194.805	7.66	3.35	0.0	56.925	25.966	-1.0	0.0	0.0	161.094	7.88	3.538	0.0	56.376	12.017	-19.303	8.6	1.358	233.359	8.25
-1.0	3.35	21.8	23.902	25.53	-10.908	0.4	0.0	201.102	7.8	2.35	21.269	56.714	34.175	-23.164	40.6	1.601	186.959	7.43	3.35	0.0	56.22	25.82	-1.307	11.2	1.81	162.838	6.95	3.788	0.0	62.815	31.124	-8.063	0.0	0.0	200.036	7.58	3.163	0.0	58.503	11.581	-9.008	24.8	0.0	221.929	7.05	2.913	0.0	56.977	0.0	0.0	0.0	1.768	195.871	7.06	3.038	21.269	63.528	11.145	-24.966	19.0	2.087	172.913	7.09	3.163	0.0	59.77	26.692	-21.831	46.2	1.735	197.421	7.66	3.413	0.0	56.983	26.62	-1.0	0.0	0.0	165.744	8.41	4.037	0.0	53.533	12.017	-19.949	8.6	1.408	239.365	8.2
-1.0	3.475	26.054	0.0	25.021	-11.092	0.4	0.0	194.999	7.88	2.538	26.054	56.464	34.03	-23.015	40.6	1.81	189.38	7.41	3.35	0.0	56.421	25.53	-1.178	11.2	1.978	161.676	7.39	4.412	0.0	60.444	31.124	-8.054	0.0	0.0	198.389	7.22	2.6	0.0	60.331	11.726	-8.992	24.8	2.062	232.003	6.42	2.913	0.0	59.832	0.0	0.0	0.0	0.0	202.845	6.88	3.038	21.269	64.27	11.0	-22.643	19.0	1.944	171.072	7.24	3.35	0.0	58.937	27.273	-21.992	46.2	1.601	192.771	7.98	3.6	0.0	55.541	26.111	-1.0	0.0	0.0	158.382	7.93	3.663	0.0	56.938	11.872	-19.643	8.6	0.947	232.778	7.98
