-1.0	-7.838	1.063	0.0	24.44	-12.171	0.0	4.911	79.627	-4.81	-6.525	0.0	66.338	32.867	-7.356	0.0	7.14	108.785	-4.69	-5.4	0.0	65.922	23.496	-17.731	0.0	3.947	52.019	-3.97	-4.838	0.0	66.289	0.0	-7.107	0.0	3.059	45.916	-4.46	-3.837	0.0	68.597	10.201	-10.368	48.2	2.682	64.515	-4.86	-5.15	0.0	66.123	0.0	0.0	0.0	3.134	56.669	-3.89	-4.213	0.0	67.921	7.15	-1.0	0.2	3.235	41.654	-4.02	-3.837	0.0	66.15	28.145	-17.969	0.4	2.665	41.654	-4.25	-4.463	0.0	66.211	20.517	0.0	0.2	2.791	1.259	-4.56	-5.588	0.0	67.385	12.162	-1.0	0.0	1.994	81.371
-1.0	-7.775	0.0	0.0	24.585	-11.958	0.0	4.5	97.838	-4.5	-6.588	0.0	62.684	32.504	-7.357	0.0	6.746	98.614	-4.7	-5.713	0.0	66.024	23.641	-17.758	0.0	3.092	49.791	-4.1	-5.275	0.0	68.996	0.0	-7.049	0.0	2.522	57.541	-4.59	-4.275	0.0	69.778	9.62	-10.672	50.4	1.718	65.581	-5.02	-5.4	0.0	68.363	0.0	0.0	0.0	3.168	54.053	-4.16	-4.338	1.063	70.909	7.585	-1.0	0.2	2.581	42.913	-4.16	-3.837	0.0	67.818	28.0	-18.252	0.4	1.978	68.487	-4.5	-4.588	0.0	69.32	20.372	0.0	0.2	2.162	8.04	-4.63	-6.275	0.0	67.473	12.017	-1.0	0.0	1.358	111.885
-1.0	-7.963	2.659	0.0	25.094	-12.211	0.0	3.0	77.205	-4.74	-6.588	0.0	64.85	32.432	-7.357	0.0	5.506	90.476	-4.88	-5.713	0.0	68.516	22.987	-17.391	0.0	2.271	74.977	-4.31	-5.275	0.0	71.62	0.0	-6.979	0.0	1.978	73.427	-4.81	-3.962	0.0	73.971	9.547	-11.07	0.0	2.02	97.16	-5.07	-5.4	0.0	68.176	0.0	0.0	0.0	2.103	68.874	-4.16	-4.4	0.532	70.959	7.585	-1.0	0.2	2.087	45.335	-4.46	-3.962	0.0	71.712	27.927	-18.51	0.4	1.115	52.988	-4.72	-4.838	0.0	70.722	20.227	0.0	0.2	1.173	12.012	-4.84	-5.713	0.0	70.5	11.944	-1.0	0.0	1.668	106.557
-1.0	-7.775	0.0	0.0	25.021	-12.41	0.0	4.542	85.439	-4.56	-6.713	0.0	62.806	32.504	-7.353	0.0	7.157	112.853	-4.74	-5.463	0.0	66.351	23.35	-17.079	0.0	3.218	84.18	-3.98	-4.65	0.0	66.364	0.0	-7.061	0.0	2.9	72.943	-4.7	-4.525	0.0	71.294	9.62	-10.795	1.6	1.894	108.397	-5.36	-5.463	0.0	71.21	0.0	0.0	0.0	1.919	74.105	-3.94	-4.275	0.0	67.809	7.658	-1.0	0.2	2.346	38.554	-4.17	-3.775	0.0	67.177	27.927	-18.171	0.4	1.919	57.541	-4.38	-4.65	0.0	65.851	20.517	0.0	0.2	0.997	0.0	-4.72	-5.4	0.0	68.092	12.308	-1.0	0.0	2.011	89.314
-1.0	-7.4	0.532	0.0	24.367	-12.232	0.0	4.827	88.539	-4.48	-6.213	0.0	61.38	32.504	-7.407	0.0	7.182	92.123	-4.58	-5.4	0.0	64.016	23.496	-18.009	0.0	3.369	68.003	-3.94	-4.775	0.0	66.165	0.0	-7.097	0.0	2.589	69.843	-4.62	-4.338	0.0	69.347	9.692	-11.903	2.8	1.718	102.585	-4.93	-5.213	0.0	66.007	0.0	0.0	0.0	3.101	72.943	-3.99	-4.4	1.063	68.105	7.585	-1.0	0.2	1.785	45.238	-4.09	-3.962	0.0	64.942	27.491	-17.942	0.4	1.148	81.177	-4.3	-4.588	0.0	65.84	20.808	0.0	0.2	2.497	347.859	-4.54	-5.65	0.0	65.458	12.09	-1.0	0.0	1.232	98.42
-1.0	-7.65	0.0	0.0	24.513	-12.369	0.0	3.453	98.129	-4.5	-6.588	0.0	61.349	32.286	-7.394	0.0	6.0	97.935	-4.7	-5.65	0.0	65.584	23.568	-17.679	0.0	3.101	70.618	-4.1	-5.025	0.0	68.262	0.0	-7.145	0.0	2.17	59.187	-4.71	-4.588	0.0	71.046	9.765	-10.211	3.2	1.559	101.52	-4.9	-5.713	0.0	65.806	0.0	0.0	0.0	2.598	63.934	-4.17	-4.463	0.532	70.111	7.876	-1.0	0.2	2.598	37.682	-4.28	-3.837	0.0	69.061	27.709	-18.347	0.4	1.039	42.526	-4.5	-4.588	0.0	68.413	21.026	0.0	0.2	1.969	15.209	-4.6	-5.713	0.0	67.3	11.872	-1.0	0.0	1.115	91.542
-1.0	-7.4	0.532	0.0	24.513	-12.404	0.0	4.969	78.949	-4.84	-6.838	0.0	65.195	32.65	-7.343	0.0	7.098	101.52	-4.84	-5.588	0.0	66.795	23.205	-17.508	0.0	3.126	78.465	-4.18	-5.088	0.0	68.652	0.0	-7.125	0.0	2.338	80.014	-4.7	-4.4	0.0	70.627	10.056	-10.437	4.0	2.196	81.371	-5.1	-5.275	0.0	68.094	0.0	0.0	0.0	2.33	57.153	-4.02	-4.4	2.127	68.328	7.731	-1.0	0.2	2.682	43.591	-4.3	-3.837	0.0	68.02	28.0	-18.252	0.4	1.617	62.384	-4.5	-4.775	0.0	68.311	20.953	0.0	0.2	2.053	29.933	-4.7	-5.9	0.0	67.943	11.944	-1.0	0.0	1.517	109.463
-1.0	-7.588	0.0	0.0	24.731	-12.32	0.0	5.062	81.661	-4.7	-6.525	0.0	63.968	32.577	-7.344	0.0	7.827	111.303	-4.66	-5.775	0.0	64.968	22.987	-17.106	0.0	3.042	77.883	-4.3	-5.15	0.0	70.633	0.0	-7.074	0.0	2.212	59.865	-4.74	-4.338	0.0	70.495	9.765	-10.819	4.4	1.358	70.328	-5.06	-5.275	0.0	67.162	0.0	0.0	0.0	2.439	66.356	-4.4	-4.525	5.849	72.484	7.513	-1.0	0.2	1.953	54.053	-4.38	-3.712	0.0	69.569	27.855	-18.375	0.4	1.726	65.871	-4.82	-4.713	0.0	70.974	20.88	0.0	0.2	1.676	9.59	-4.66	-5.775	0.0	67.085	11.944	-1.0	0.0	2.062	99.582
-1.0	-8.088	0.0	0.0	24.658	-12.137	0.0	4.257	95.126	-4.76	-6.588	0.0	65.08	32.504	-7.4	0.0	7.157	113.435	-4.92	-5.588	0.0	67.952	22.987	-17.054	0.0	2.33	92.608	-4.56	-5.4	0.0	73.228	0.0	-7.062	0.0	1.894	103.36	-4.85	-4.338	0.0	72.561	9.838	-11.325	5.0	1.592	87.28	-5.29	-5.4	0.0	70.137	0.0	0.0	0.0	1.936	66.84	-4.65	-4.775	1.063	75.08	7.513	-1.0	0.2	0.0	54.538	-4.6	-3.962	0.0	71.733	27.927	-18.036	0.4	1.173	102.004	-4.88	-5.338	0.0	71.823	20.59	0.0	0.2	0.0	39.62	-4.94	-5.963	0.0	69.133	12.09	-1.0	0.0	1.475	107.622
-1.0	-7.338	0.0	0.0	24.513	-12.413	0.0	3.335	103.069	-4.91	-6.588	0.0	66.474	32.504	-7.376	0.0	6.285	112.466	-5.12	-5.713	0.0	70.196	23.496	-17.943	0.0	2.43	104.91	-4.54	-5.4	0.0	73.643	0.0	-7.062	0.0	1.802	74.493	-4.98	-4.775	0.0	73.068	10.056	-11.135	5.2	1.131	131.259	-5.52	-5.275	0.0	71.545	0.0	0.0	0.0	1.324	105.685	-4.68	-4.713	0.0	75.287	7.949	-1.0	0.2	1.039	50.469	-4.66	-3.9	0.0	71.966	27.782	-18.429	0.4	0.0	74.88	-4.95	-4.963	0.0	72.419	20.517	0.0	0.2	0.0	34.776	-5.1	-6.4	0.0	69.976	12.162	-1.0	0.0	1.534	130.096
-1.0	-7.338	1.063	0.0	24.658	-12.413	0.0	4.961	92.414	-4.78	-6.713	0.0	64.712	32.577	-7.384	0.0	7.014	96.967	-5.08	-5.65	0.0	70.477	23.278	-18.049	0.0	3.109	84.858	-4.44	-5.338	0.0	71.273	0.0	-7.104	0.0	1.978	88.83	-5.02	-4.588	0.0	73.084	9.765	-10.827	5.2	1.115	99.291	-5.52	-5.65	0.0	71.838	0.0	0.0	0.0	1.399	78.852	-4.62	-4.838	1.063	74.777	7.513	-1.0	0.2	0.0	50.082	-4.65	-4.025	0.0	71.206	27.637	-18.592	0.4	0.0	87.377	-4.92	-4.713	0.0	72.254	20.009	0.0	0.2	0.0	92.026	-5.1	-5.838	0.0	70.225	12.235	-1.0	0.0	2.162	131.065
-1.0	-7.088	0.0	0.0	24.658	-12.627	0.0	4.383	114.5	-4.8	-6.525	0.0	65.151	32.504	-7.381	0.0	7.039	100.357	-5.02	-5.65	0.0	68.665	23.423	-18.143	0.0	2.439	117.116	-4.64	-6.275	0.0	73.767	0.0	-6.984	0.0	1.215	97.451	-4.9	-4.463	0.0	72.963	9.692	-10.686	5.2	1.559	100.648	-5.5	-5.65	0.0	71.671	0.0	0.0	0.0	0.0	61.706	-4.63	-4.963	0.0	73.985	7.513	-1.0	0.2	0.0	74.59	-4.69	-3.837	0.0	71.984	27.855	-18.729	0.4	0.0	59.575	-4.92	-4.9	0.0	71.79	20.372	0.0	0.2	0.0	90.864	-5.01	-6.15	0.0	70.119	12.09	-1.0	0.0	1.718	149.47
-1.0	-6.338	0.532	0.0	24.222	-12.556	0.0	5.095	88.636	-4.0	-6.275	0.0	54.573	32.577	-7.414	0.0	7.81	155.767	-4.92	-5.4	0.0	66.395	22.915	-20.656	0.0	2.874	123.703	-4.67	-6.213	0.0	73.133	0.0	-6.989	0.0	0.0	75.462	-4.78	-4.025	0.0	68.788	9.547	-11.02	5.2	1.542	84.761	-5.48	-5.713	0.0	70.496	0.0	0.0	0.0	0.0	102.295	-4.7	-4.9	0.532	73.778	7.585	-1.0	0.2	0.0	73.912	-4.74	-3.962	0.0	71.483	27.855	-18.51	0.4	0.0	119.15	-4.95	-4.963	0.0	71.071	20.517	0.0	0.2	0.0	76.915	-4.92	-6.275	0.0	67.444	12.09	-1.0	0.0	1.735	111.11
-1.0	-6.9	0.0	0.0	24.077	-12.302	0.0	4.911	95.998	-4.44	-6.588	0.0	59.604	32.577	-7.376	0.0	6.545	125.931	-4.9	-5.463	0.0	66.45	23.859	-17.903	0.0	2.941	79.143	-4.47	-5.4	0.0	69.15	0.0	-7.031	0.0	1.902	101.81	-4.93	-4.4	0.0	72.739	9.91	-11.997	6.2	1.207	65.678	-5.58	-5.463	0.0	71.704	0.0	0.0	0.0	0.0	80.305	-4.75	-4.713	0.532	74.582	7.876	-1.0	0.2	0.0	74.493	-4.68	-3.837	0.0	71.299	28.0	-18.634	0.4	0.0	59.575	-4.96	-5.025	0.0	70.897	20.59	0.0	0.2	0.0	44.173	-4.94	-5.713	0.0	69.734	12.162	-1.0	0.0	1.559	112.95
-1.0	-6.775	0.0	0.0	24.731	-12.493	0.0	4.71	110.819	-4.62	-6.65	0.0	62.211	32.577	-7.377	0.0	7.484	109.657	-4.92	-5.65	0.0	66.78	22.987	-17.312	0.0	2.673	124.381	-4.47	-5.4	0.0	69.752	0.0	-7.0	0.0	1.835	101.229	-4.75	-4.525	0.0	69.07	10.128	-11.726	7.4	1.735	97.354	-5.34	-5.088	0.0	68.679	0.0	0.0	0.0	1.182	67.421	-4.7	-4.775	1.595	73.898	7.295	-1.0	0.2	0.0	73.912	-4.66	-3.962	0.0	70.188	28.073	-18.701	0.4	0.0	91.154	-4.72	-4.838	0.0	69.151	20.299	0.0	0.2	0.0	119.15	-4.94	-5.838	0.0	66.878	12.38	-1.0	0.0	2.263	147.533
-1.0	-6.838	1.063	0.0	24.585	-12.368	0.0	5.807	120.894	-4.48	-6.588	0.0	59.761	32.504	-7.479	0.0	7.576	119.15	-4.82	-5.713	0.0	64.705	23.35	-17.482	0.0	3.31	105.685	-4.34	-5.275	0.0	67.656	0.0	-7.109	0.0	1.525	117.503	-4.84	-4.525	0.0	70.053	10.056	-11.579	10.2	1.148	105.976	-5.36	-5.65	0.0	68.599	0.0	0.0	0.0	1.148	126.996	-4.57	-4.9	0.0	72.009	7.222	-1.0	0.2	0.0	111.788	-4.64	-3.962	0.0	69.267	27.927	-22.134	0.4	0.0	146.37	-4.62	-4.713	0.0	68.592	19.863	0.0	0.2	0.0	165.163	-4.94	-5.713	0.0	67.593	11.872	-22.282	0.0	1.626	122.25
-1.0	-6.588	0.0	0.0	24.44	-12.699	0.0	5.204	123.896	-4.4	-6.463	0.0	58.929	32.577	-7.405	0.0	8.657	103.36	-4.72	-5.588	0.0	63.386	23.133	-17.599	0.0	3.511	105.588	-4.27	-5.15	0.0	66.748	0.0	-7.105	0.0	1.575	114.403	-4.66	-4.525	0.0	67.57	8.966	-11.039	10.2	1.307	146.273	-5.16	-5.463	0.0	66.478	0.0	0.0	0.0	1.366	125.253	-4.27	-4.463	0.0	68.887	7.585	-1.0	0.2	0.0	103.069	-4.44	-3.962	0.0	68.399	27.637	-18.32	0.4	2.355	81.564	-4.45	-4.463	0.0	66.611	21.462	0.0	0.2	1.567	150.536	-4.78	-5.713	0.0	64.216	12.308	-1.0	0.0	1.735	159.545
-1.0	-6.963	0.532	0.0	24.658	-13.409	0.0	4.643	93.964	-4.28	-6.275	0.0	57.354	32.504	-7.439	0.0	7.349	101.423	-4.5	-5.588	0.0	60.488	23.423	-17.784	0.0	4.198	103.748	-4.03	-5.338	0.0	65.266	0.0	-7.051	0.0	2.011	82.727	-4.69	-4.463	0.0	67.283	9.62	-11.264	10.6	1.081	59.091	-5.06	-5.275	0.0	65.285	0.0	0.0	0.0	1.785	78.949	-4.1	-4.525	1.595	66.058	7.585	-1.0	0.2	0.0	106.751	-4.22	-3.9	0.0	65.439	27.927	-18.907	0.4	1.969	48.144	-4.3	-4.713	0.0	63.275	20.735	0.0	0.2	1.031	206.817	-4.72	-5.713	0.0	64.749	12.308	-1.0	0.0	0.0	120.215
-1.0	-7.088	5.317	0.0	24.803	-12.39	0.0	5.875	112.95	-4.48	-6.4	0.0	59.543	32.504	-7.398	0.0	8.841	111.11	-4.5	-5.588	0.0	59.974	23.278	-17.508	0.0	3.151	88.83	-4.02	-5.4	0.0	64.405	0.0	-7.054	0.0	2.204	100.648	-4.72	-4.463	0.0	67.227	9.256	-12.094	10.8	1.224	114.984	-4.86	-5.4	0.0	62.673	0.0	0.0	0.0	1.886	91.058	-4.02	-4.588	0.532	65.969	7.731	-1.0	0.2	0.0	81.758	-4.12	-3.837	0.0	62.724	27.927	-19.018	0.4	0.0	77.69	-4.34	-4.775	0.0	63.98	20.59	0.0	0.2	0.0	139.88	-4.64	-6.15	0.0	62.739	12.235	-1.0	0.0	1.802	125.446
-1.0	-6.588	0.0	0.0	24.585	-12.461	0.0	5.464	136.296	-4.39	-6.275	2.659	58.41	32.432	-7.433	0.0	8.623	109.172	-4.74	-5.65	0.0	61.71	23.568	-17.495	0.0	2.757	116.728	-4.14	-4.588	0.0	64.147	0.0	-7.211	0.0	1.777	98.71	-4.62	-4.525	0.0	65.703	10.492	-11.98	11.2	1.265	107.913	-4.92	-5.463	0.0	62.98	0.0	0.0	0.0	1.626	74.59	-4.0	-4.4	4.254	64.88	7.658	-1.0	0.2	0.0	154.701	-4.18	-3.775	0.0	63.693	27.637	-19.129	0.4	0.0	61.319	-4.19	-4.588	0.0	62.472	20.88	0.0	0.2	1.802	161.482	-4.72	-6.15	0.0	63.938	11.872	-1.0	0.0	1.953	96.87
-1.0	-6.463	0.0	0.0	24.44	-12.597	0.0	5.321	110.238	-4.14	-6.4	0.0	55.059	32.504	-7.367	0.0	8.38	109.075	-4.5	-5.713	0.0	59.022	23.205	-17.574	0.0	3.813	96.87	-3.98	-5.15	0.0	62.162	0.0	-7.105	0.0	2.514	67.712	-4.62	-4.588	0.0	65.884	9.402	-11.476	12.0	1.626	124.381	-4.82	-5.4	0.0	61.402	0.0	0.0	0.0	1.768	109.463	-4.1	-4.9	1.595	65.409	7.731	-1.0	0.2	0.947	51.535	-4.0	-3.9	0.0	61.274	27.782	-18.811	0.4	1.224	69.649	-4.16	-4.588	0.0	61.756	20.953	0.0	0.2	1.073	52.213	-4.61	-5.775	0.0	61.277	12.235	-1.0	0.0	2.145	111.013
-1.0	-6.775	0.0	0.0	24.295	-12.493	0.0	5.145	105.588	-4.26	-6.275	6.381	56.524	32.504	-7.408	0.0	8.481	113.435	-4.5	-5.713	0.0	59.295	23.714	-16.939	0.0	3.553	134.358	-3.9	-5.088	0.0	60.455	0.0	-7.102	0.0	2.12	107.622	-4.62	-4.713	0.0	65.236	10.128	-11.367	12.2	1.215	93.576	-4.78	-5.4	0.0	61.73	0.0	0.0	0.0	2.405	66.55	-4.18	-5.025	0.532	66.069	8.021	-1.0	0.2	0.905	61.222	-3.96	-3.9	0.0	59.766	27.927	-19.1	0.4	0.0	88.927	-4.18	-4.65	0.0	61.539	20.372	0.0	0.2	0.972	150.245	-4.58	-5.713	0.0	60.96	12.38	-1.0	0.0	1.601	127.384
-1.0	-7.025	0.532	0.0	24.222	-12.341	0.0	5.824	104.619	-4.3	-6.15	0.0	56.824	32.504	-7.406	0.0	8.724	103.166	-4.46	-5.588	0.0	58.179	23.205	-17.416	0.0	2.573	116.05	-4.0	-5.65	0.0	62.159	0.0	-6.91	0.0	1.911	92.22	-4.67	-4.588	0.0	66.21	9.692	-11.971	12.8	1.198	98.517	-4.64	-5.025	0.0	59.163	0.0	0.0	0.0	1.927	94.157	-3.9	-4.463	0.0	63.028	7.876	-1.0	0.2	0.0	36.52	-4.12	-3.962	0.0	62.883	27.782	-18.989	0.4	0.0	99.291	-4.2	-4.9	0.0	61.186	20.735	0.0	0.2	0.0	142.592	-4.5	-5.713	0.0	60.407	12.235	-1.0	0.0	2.095	125.059
-1.0	-6.713	0.0	0.0	24.876	-12.502	0.0	4.433	117.6	-4.28	-6.338	0.0	56.438	32.286	-7.372	0.0	7.785	113.241	-4.5	-5.588	0.0	59.077	23.35	-17.599	0.0	2.623	89.217	-4.06	-5.338	0.0	62.708	0.0	-7.119	0.0	1.76	91.154	-4.72	-4.525	0.0	66.689	9.547	-12.883	13.4	1.031	79.918	-4.86	-5.9	0.0	61.716	0.0	0.0	0.0	1.349	78.658	-4.12	-5.088	0.532	64.675	7.295	-1.0	0.2	0.0	24.605	-4.12	-3.712	0.0	61.87	28.073	-19.047	0.4	0.0	95.029	-4.37	-4.838	0.0	62.813	20.662	0.0	0.2	0.0	151.02	-4.68	-6.588	0.0	62.413	11.799	-1.0	0.0	1.031	104.523
-1.0	-7.088	1.063	0.0	24.731	-12.507	0.0	4.123	121.087	-4.5	-6.65	0.0	58.967	32.504	-7.346	0.0	7.065	122.637	-4.5	-5.713	0.0	59.621	23.568	-18.036	0.0	2.355	89.701	-4.04	-5.213	0.0	61.965	0.0	-7.174	0.0	2.062	120.894	-4.6	-4.775	0.0	64.849	9.838	-12.103	13.6	1.45	120.022	-4.86	-5.4	0.0	61.154	0.0	0.0	0.0	1.626	99.97	-4.24	-5.15	0.532	66.135	7.949	-1.0	0.2	0.0	24.799	-4.09	-3.837	0.0	62.09	28.436	-19.211	0.4	0.913	27.123	-4.32	-5.088	0.0	61.836	20.227	0.0	0.2	0.0	244.209	-4.66	-5.838	0.0	61.91	12.38	-1.0	0.0	1.668	110.432
-1.0	-6.838	0.0	0.0	24.731	-12.484	0.0	3.637	133.196	-4.38	-6.463	0.0	57.448	32.722	-7.361	0.0	6.796	125.059	-4.64	-5.838	0.0	60.411	23.205	-17.732	0.0	2.321	104.91	-4.02	-5.4	0.0	61.62	0.0	-7.237	0.0	1.45	105.685	-4.76	-4.838	0.0	65.236	9.91	-11.634	14.6	0.0	125.931	-4.81	-5.838	0.0	60.894	0.0	0.0	0.0	1.399	114.984	-4.0	-4.588	0.0	63.514	7.731	-1.0	0.2	0.0	24.702	-4.1	-3.837	0.0	61.686	27.637	-18.729	0.4	0.0	88.636	-4.4	-5.088	0.0	61.929	20.953	0.0	0.2	0.0	243.918	-4.72	-6.588	0.0	61.205	11.872	-1.0	0.0	1.215	128.352
-1.0	-6.838	0.532	0.0	24.731	-12.484	0.0	4.198	126.706	-4.36	-6.525	0.0	57.258	32.577	-7.35	0.0	7.148	92.704	-4.62	-5.775	0.0	60.738	23.205	-17.561	0.0	2.43	89.023	-4.06	-5.275	0.0	62.148	0.0	-7.255	0.0	1.643	114.403	-4.71	-4.65	0.0	66.099	9.474	-12.067	15.2	0.0	163.226	-4.86	-5.4	0.0	61.903	0.0	0.0	0.0	1.224	67.131	-4.02	-4.713	1.063	63.563	7.222	-1.0	0.2	0.0	37.004	-4.17	-3.9	0.0	63.298	28.145	-19.39	0.4	0.0	46.11	-4.5	-5.4	0.0	63.16	20.227	0.0	0.2	0.0	166.713	-4.72	-6.15	0.0	62.645	11.799	-1.0	0.0	1.182	111.497
-1.0	-6.525	0.0	0.0	24.585	-12.529	0.0	4.165	123.025	-4.18	-6.213	0.0	55.39	32.577	-7.376	0.0	7.5	108.979	-4.68	-5.713	0.0	61.372	23.423	-17.574	0.0	2.455	120.119	-3.99	-5.338	0.0	63.436	0.0	-7.059	0.0	1.726	49.888	-4.8	-4.65	0.0	64.891	9.256	-12.744	17.8	0.0	122.347	-5.02	-5.4	0.0	63.042	0.0	0.0	0.0	1.349	73.427	-4.23	-4.9	1.063	66.008	7.949	-1.0	0.2	0.0	54.538	-4.1	-3.712	0.0	61.552	28.218	-19.337	0.4	0.0	103.941	-4.46	-4.9	0.0	62.929	20.299	0.0	0.2	0.0	322.286	-4.8	-6.65	0.0	61.619	12.235	-1.0	0.0	0.997	138.233
-1.0	-6.963	0.0	0.0	24.658	-12.585	0.0	5.045	80.886	-4.5	-6.338	0.0	58.995	32.068	-7.372	0.0	8.028	106.072	-4.68	-5.775	0.0	61.238	23.641	-17.378	0.0	3.092	72.943	-4.2	-5.463	0.0	64.896	0.0	-7.124	0.0	1.584	103.651	-4.84	-4.775	0.0	67.916	9.547	-13.285	18.0	1.651	80.789	-4.8	-5.275	0.0	60.949	0.0	0.0	0.0	1.793	61.706	-3.67	-4.4	0.532	59.787	7.222	-1.0	0.2	1.534	83.114	-4.24	-3.837	0.0	64.627	27.709	-19.405	0.4	0.0	43.398	-4.22	-4.9	0.0	60.319	20.517	0.0	0.2	1.441	354.35	-4.73	-5.838	0.0	63.463	11.872	-1.0	0.0	0.93	109.657
-1.0	-6.775	0.0	0.0	24.44	-12.434	0.0	4.073	133.583	-3.94	-6.4	0.0	51.468	32.359	-7.36	0.0	7.517	100.938	-4.62	-6.088	0.0	59.384	23.714	-17.68	0.0	1.902	77.786	-4.02	-5.775	0.0	61.351	0.0	-7.062	0.0	1.508	62.287	-4.64	-4.588	0.0	63.479	9.402	-14.064	19.0	0.0	113.531	-4.96	-5.713	0.0	61.992	0.0	0.0	0.0	1.374	80.886	-4.08	-4.838	0.532	64.656	7.585	-1.0	0.2	1.399	45.044	-4.08	-3.712	0.0	61.502	28.218	-19.337	0.4	0.0	65.581	-4.52	-4.963	0.0	63.948	20.953	0.0	0.2	1.291	10.365	-4.72	-6.213	0.0	61.419	11.872	-1.0	0.0	1.735	112.95
