-1.0	0.475	507.793	0.0	24.295	-14.582	0.0	5.556	90.283	-7.1	-3.462	537.569	72.192	32.141	-7.252	0.0	7.09	91.348	-6.96	-5.088	0.0	73.992	23.06	-1.0	0.0	4.349	58.025	-4.32	4.537	0.0	66.275	0.0	-8.092	0.0	5.799	44.366	-5.7	0.163	0.0	73.639	0.0	-1.0	28.8	4.106	63.45	-6.54	-1.837	0.0	70.48	0.0	0.0	0.0	4.835	39.426	-5.3	0.475	545.013	70.902	0.0	-1.0	0.2	5.791	26.93	-5.45	-0.838	0.0	72.388	25.82	-1.0	0.4	3.855	23.83	-4.87	3.288	0.0	67.428	20.009	-0.733	0.2	4.542	14.143	-3.79	7.537	0.0	65.049	11.508	-1.0	0.0	3.821	88.539
-1.0	-0.15	506.198	0.0	24.44	-14.763	0.0	6.218	77.399	-7.18	-3.837	530.125	71.934	32.068	-7.198	0.0	7.66	97.16	-7.1	-5.088	0.0	73.32	23.278	-1.0	0.0	5.372	67.421	-4.24	4.475	0.0	65.98	0.0	-8.15	0.0	5.631	55.119	-5.58	0.163	0.0	74.738	0.0	-1.0	28.8	4.014	60.931	-6.34	-2.025	0.0	69.656	0.0	0.0	0.0	5.464	42.816	-5.12	0.475	541.291	70.37	0.0	-1.0	0.2	5.849	26.736	-5.87	-0.963	0.0	72.253	25.675	-1.0	0.4	4.433	52.697	-5.03	3.038	0.0	66.989	19.936	-0.649	0.2	4.525	12.012	-3.82	7.1	0.0	64.52	11.799	-1.0	0.0	3.645	79.336
-1.0	0.037	504.071	0.0	24.367	-14.723	0.0	5.07	67.228	-6.92	-3.712	531.189	72.639	32.286	-7.246	0.0	7.609	86.602	-6.82	-5.15	0.0	73.57	23.133	-1.0	0.0	5.397	63.353	-4.35	4.85	0.0	66.011	0.0	-8.222	0.0	5.799	39.038	-5.96	-0.212	0.0	74.038	0.0	-1.0	28.8	4.224	71.393	-6.38	-1.4	0.0	70.216	0.0	0.0	0.0	5.238	44.56	-4.88	0.975	540.76	71.135	0.0	-1.0	0.2	5.807	25.283	-5.7	-1.025	0.0	71.606	25.312	-1.0	0.4	4.056	32.839	-4.8	3.85	0.0	67.237	19.5	-1.022	0.2	3.888	11.818	-3.34	8.412	0.0	63.71	11.726	-1.0	0.0	3.327	86.989
-1.0	1.225	504.603	0.0	24.077	-15.173	0.0	5.514	65.581	-6.84	-3.587	527.467	72.367	32.141	-7.219	0.0	7.5	89.314	-6.84	-5.025	0.0	74.632	22.842	-1.0	0.0	5.338	40.976	-4.29	3.788	0.0	66.203	0.0	-8.141	0.0	5.699	58.025	-5.74	-0.025	0.0	74.323	0.0	-1.0	28.8	4.215	66.937	-6.6	-1.712	0.0	70.271	0.0	0.0	0.0	5.489	35.648	-5.26	0.35	537.569	70.193	0.0	-1.0	0.2	6.101	33.904	-5.85	-0.838	0.0	72.112	25.893	-1.0	0.4	4.316	43.688	-5.3	2.913	0.0	65.809	19.791	-0.348	0.2	4.659	355.609	-3.78	8.85	0.0	64.737	11.726	-1.0	0.0	3.335	86.698
-1.0	-0.463	503.008	0.0	24.44	-14.933	0.0	5.925	74.396	-6.84	-3.4	526.403	72.487	32.068	-7.219	0.0	7.618	86.408	-7.08	-5.15	0.0	73.348	22.915	-1.0	0.0	6.159	62.675	-4.06	4.6	0.0	66.401	0.0	-8.195	0.0	5.33	50.663	-6.08	0.225	0.0	74.274	0.0	-1.0	28.8	4.148	56.863	-6.46	-2.212	0.0	70.373	0.0	0.0	0.0	5.38	46.401	-5.21	0.662	539.165	71.117	0.0	-1.0	0.2	5.615	27.22	-5.84	-0.963	0.0	72.743	25.893	-1.0	0.4	4.601	43.495	-4.58	3.725	0.0	67.33	20.081	-1.013	0.2	3.939	1.259	-3.7	8.412	0.0	64.463	11.581	-1.0	0.0	3.603	114.694
-1.0	0.85	503.539	0.0	24.731	-14.724	0.0	5.925	64.128	-7.0	-3.775	526.403	72.261	32.504	-7.187	0.0	8.045	96.289	-6.84	-5.025	0.0	74.467	23.205	-1.0	0.0	5.196	61.997	-4.12	5.162	0.0	66.982	0.0	-8.239	0.0	5.062	57.541	-6.14	-0.15	0.0	74.594	0.0	-1.0	28.8	4.006	88.248	-6.5	-1.65	0.0	69.797	0.0	0.0	0.0	5.07	50.275	-5.04	0.85	532.252	71.422	0.0	-1.0	0.2	5.38	33.42	-5.76	-1.275	0.0	72.397	25.675	-1.0	0.4	4.408	35.261	-4.72	2.725	0.0	68.421	20.081	-0.544	0.2	4.165	5.909	-3.7	8.662	0.0	64.804	11.508	-1.0	0.0	3.319	89.798
-1.0	0.975	500.881	0.0	24.367	-14.748	0.0	5.816	66.84	-6.84	-3.525	522.149	73.422	32.214	-7.232	0.0	7.794	98.032	-6.84	-5.15	0.0	74.774	22.769	-1.0	0.0	4.978	64.806	-4.18	2.663	0.0	66.893	0.0	-8.235	0.0	5.724	59.769	-6.0	-0.087	0.0	75.191	0.0	-1.0	28.8	3.838	51.05	-6.46	-1.525	0.0	71.158	0.0	0.0	0.0	4.685	51.535	-5.54	-0.15	547.14	71.272	0.0	-1.0	0.2	5.925	20.73	-5.72	-1.275	0.0	72.769	25.966	-1.0	0.4	4.014	47.273	-4.6	3.1	0.0	67.377	19.863	-0.572	0.2	4.383	21.602	-3.54	7.6	0.0	65.46	11.726	-1.0	0.0	3.377	89.314
-1.0	0.163	496.627	0.0	24.44	-15.283	0.0	5.631	66.743	-7.02	-3.65	521.086	73.384	31.633	-7.221	0.0	7.525	89.992	-6.84	-5.15	0.0	74.75	23.278	-1.0	0.0	5.28	51.05	-4.49	4.35	0.0	68.491	0.0	-8.161	0.0	5.816	50.566	-5.76	-0.025	0.0	75.29	0.0	-1.0	28.8	4.098	69.262	-6.24	-2.025	0.0	70.712	0.0	0.0	0.0	4.986	39.038	-4.98	0.163	538.101	71.998	0.0	-1.0	0.2	5.942	30.805	-5.58	-0.713	0.0	73.832	25.53	-1.0	0.4	4.425	39.426	-4.82	2.913	0.0	68.88	19.645	-0.607	0.2	4.785	225.416	-3.7	7.6	0.0	65.353	11.508	-1.0	0.0	3.419	85.342
-1.0	-0.025	500.881	0.0	24.585	-14.862	0.0	5.866	58.8	-7.05	-3.587	522.149	74.044	32.214	-7.325	0.0	7.794	89.895	-7.01	-5.15	0.0	75.089	23.133	-1.0	0.0	5.615	50.179	-4.82	3.538	0.0	68.199	0.0	-8.061	0.0	6.134	46.788	-5.94	-0.713	0.0	75.721	0.0	-1.0	28.8	4.768	57.831	-6.44	-1.775	0.0	71.431	0.0	0.0	0.0	5.481	42.235	-5.68	-0.15	541.823	72.946	0.0	-1.0	0.2	6.201	29.545	-5.8	-1.15	0.0	73.234	25.385	-1.0	0.4	4.458	62.965	-5.13	2.288	0.0	68.77	19.427	-0.428	0.2	4.726	4.359	-4.06	7.037	0.0	64.921	11.944	-1.0	0.0	3.88	89.314
-1.0	-0.713	492.905	0.0	24.367	-14.441	0.0	6.796	55.216	-7.34	-3.962	515.237	74.076	30.979	-7.233	0.0	8.162	96.095	-6.84	-5.15	0.0	76.269	22.697	-1.0	0.0	5.556	59.769	-4.74	3.663	0.0	68.518	0.0	-8.05	0.0	6.235	48.629	-6.24	-0.275	0.0	76.611	0.0	-1.0	28.8	5.078	62.772	-6.84	-1.837	0.0	71.98	0.0	0.0	0.0	5.891	35.164	-5.9	-0.212	533.316	72.659	0.0	-1.0	0.2	6.201	36.907	-5.73	-0.775	0.0	74.373	25.748	-1.0	0.4	4.09	41.267	-4.83	3.6	0.0	68.501	19.573	-0.772	0.2	4.668	8.912	-3.86	6.225	0.0	66.258	11.872	-1.0	0.0	4.266	73.815
-1.0	-1.025	492.905	0.0	24.367	-14.829	0.0	6.285	63.644	-7.32	-3.962	514.705	74.694	32.286	-7.172	0.0	7.903	92.317	-7.34	-5.4	0.0	76.02	23.278	-1.0	0.0	5.095	47.176	-4.74	4.287	0.0	67.732	0.0	-8.162	0.0	5.221	55.991	-6.53	-0.525	0.0	76.036	0.0	-1.0	28.8	4.232	66.55	-6.84	-1.962	0.0	72.318	0.0	0.0	0.0	5.715	35.551	-5.62	0.287	542.887	73.224	0.0	-1.0	0.2	5.38	27.608	-6.12	-1.025	0.0	73.67	25.603	-1.0	0.4	4.207	34.679	-5.0	3.225	0.0	68.543	19.718	-0.712	0.2	4.14	1.356	-4.54	5.475	0.0	66.723	11.944	-1.0	0.0	3.595	92.995
-1.0	-1.587	492.905	0.0	24.15	-14.879	0.0	6.185	59.962	-7.46	-3.775	514.705	74.64	32.068	-7.294	0.0	7.5	86.602	-1.0	-5.338	0.0	76.537	23.06	-1.0	0.0	4.886	62.287	-5.0	4.35	0.0	68.518	0.0	-8.153	0.0	5.514	54.053	-6.18	0.037	0.0	76.182	0.0	-1.0	28.8	3.738	77.399	-6.78	-2.087	0.0	72.186	0.0	0.0	0.0	5.078	42.913	-5.45	0.287	535.443	72.023	0.0	-1.0	0.2	5.749	27.027	-6.0	-1.15	0.0	73.456	26.402	-1.0	0.4	4.106	42.138	-5.14	3.288	0.0	68.365	19.355	-0.929	0.2	4.643	1.841	-4.46	5.6	0.0	66.068	11.654	-1.0	0.0	3.562	118.472
-1.0	-1.712	490.778	0.0	24.077	-14.337	0.0	6.453	55.603	-7.11	-3.962	509.388	73.675	32.214	-7.195	0.0	7.76	81.661	-7.24	-5.4	0.0	74.523	23.06	-1.0	0.0	5.657	52.794	-5.08	4.35	0.0	68.905	0.0	-8.176	0.0	5.497	39.91	-6.3	0.037	0.0	75.806	0.0	-1.0	28.8	4.534	47.951	-6.76	-2.212	0.0	72.335	0.0	0.0	0.0	5.363	46.691	-5.72	0.1	533.847	72.913	0.0	-1.0	0.2	5.833	21.215	-6.0	-1.462	0.0	73.24	25.53	-1.0	0.4	4.048	31.192	-5.18	2.6	0.0	68.735	20.081	-0.821	0.2	4.19	0.097	-4.52	6.975	0.0	66.444	11.799	-1.0	0.0	3.83	99.098
-1.0	-1.462	488.119	0.0	24.44	-16.202	0.0	5.95	48.144	-7.12	-3.712	507.261	74.123	32.286	-7.254	0.0	6.897	93.576	-7.12	-5.338	0.0	75.253	22.987	-1.0	0.0	5.104	67.325	-4.73	4.287	0.0	69.099	0.0	-8.154	0.0	5.59	36.81	-6.12	-0.087	0.0	76.172	0.0	-1.0	28.8	3.897	69.456	-6.83	-1.775	0.0	72.585	0.0	0.0	0.0	5.02	40.879	-5.58	0.35	529.062	73.112	0.0	-1.0	0.2	5.807	27.898	-5.84	-0.713	0.0	73.753	25.675	-1.0	0.4	3.654	35.358	-5.42	2.663	0.0	68.889	19.5	-0.298	0.2	4.76	20.924	-4.58	5.225	0.0	67.381	11.508	-1.0	0.0	3.553	70.328
-1.0	-0.212	488.651	0.0	24.44	-14.827	0.0	6.243	56.088	-7.3	-3.837	506.73	74.722	32.214	-7.318	0.0	7.45	89.895	-1.0	-5.213	0.0	0.0	22.915	-1.0	0.0	4.71	56.959	-4.49	4.35	0.0	69.247	0.0	-8.184	0.0	5.414	43.301	-6.1	0.225	0.0	76.34	0.0	-1.0	28.8	4.324	58.219	-6.88	-2.15	0.0	72.093	0.0	0.0	0.0	5.212	53.181	-5.5	0.225	527.467	73.801	0.0	-1.0	0.2	5.849	27.123	-6.08	-1.212	0.0	74.132	25.82	-1.0	0.4	4.55	40.104	-5.12	2.85	0.0	68.847	19.645	-0.779	0.2	4.416	19.761	-4.14	5.975	0.0	66.618	12.235	-1.0	0.0	3.469	99.679
-1.0	-0.963	484.397	0.0	24.367	-13.705	0.0	5.824	42.041	-7.34	-3.9	505.666	75.392	32.214	-7.253	0.0	7.475	92.22	-1.0	-5.4	0.0	77.678	22.842	-1.0	0.0	5.623	42.913	-4.62	3.413	0.0	68.869	0.0	-8.102	0.0	5.799	36.423	-6.18	-0.9	0.0	76.763	0.0	-1.0	28.8	4.433	79.53	-6.55	-1.712	0.0	73.148	0.0	0.0	0.0	5.271	38.748	-5.56	0.1	516.301	72.923	0.0	-1.0	0.2	5.816	20.052	-5.96	-0.838	0.0	73.752	25.82	-1.0	0.4	4.609	31.676	-5.52	0.287	0.0	68.744	20.299	0.0	0.2	4.768	35.261	-4.1	5.662	0.0	66.626	11.726	-1.0	0.0	3.662	102.488
-1.0	-0.838	485.461	0.0	24.44	-14.565	0.0	6.394	63.45	-7.52	-4.15	501.944	75.609	32.214	-7.217	0.0	8.07	86.02	-7.04	-5.338	0.0	75.667	23.205	-1.0	0.0	5.682	57.541	-4.82	3.663	0.0	68.679	0.0	-8.128	0.0	5.866	39.329	-6.46	-1.962	0.0	76.26	0.0	-1.0	28.8	4.793	64.128	-6.84	-2.525	0.0	73.088	0.0	0.0	0.0	5.615	43.882	-5.68	0.1	526.935	72.777	0.0	-1.0	0.2	5.732	23.152	-5.96	-1.4	0.0	73.656	25.748	-1.0	0.4	4.299	30.03	-5.44	2.1	0.0	69.261	19.427	-0.27	0.2	5.33	8.234	-4.08	5.912	0.0	66.191	11.508	-1.0	0.0	3.738	94.739
-1.0	-1.212	482.802	0.0	24.367	-14.645	0.0	6.201	61.416	-7.56	-4.275	500.881	75.53	32.286	-7.068	0.0	8.053	96.095	-7.08	-5.4	0.0	75.822	23.205	-1.0	0.0	5.053	56.088	-4.76	3.788	0.0	68.59	0.0	-8.063	0.0	5.171	45.238	-6.36	-1.4	0.0	77.231	0.03	-1.0	28.8	3.788	80.886	-6.84	-1.525	0.0	71.956	0.0	0.0	0.0	5.489	47.466	-5.46	0.475	532.784	71.141	0.0	-1.0	0.2	5.212	15.209	-6.18	-2.275	0.0	73.991	25.603	-1.0	0.4	3.645	48.532	-5.66	1.288	0.0	68.742	20.081	0.0	0.2	4.827	7.362	-4.32	6.162	0.0	67.838	11.581	-1.0	0.0	3.31	106.847
-1.0	-0.212	480.675	0.0	24.077	-14.752	0.0	5.447	42.816	-7.32	-4.338	503.539	74.999	32.141	-7.125	0.0	7.249	94.448	-7.06	-5.4	0.0	75.71	22.915	-1.0	0.0	5.271	54.441	-5.26	3.35	0.0	71.696	0.0	-7.994	0.0	6.47	44.657	-6.42	-0.713	0.0	77.126	0.0	-1.0	28.8	4.106	53.956	-6.74	-2.337	0.0	72.677	0.0	0.0	0.0	4.45	32.742	-5.76	-0.9	319.032	75.101	0.0	-1.0	0.2	6.235	32.839	-6.16	-1.525	0.0	75.368	25.53	-1.0	0.4	4.928	56.475	-5.24	1.038	0.0	71.013	19.936	0.0	0.2	4.701	0.194	-4.16	4.537	0.0	67.154	11.508	-1.0	0.0	3.654	108.01
-1.0	-1.462	476.953	0.0	24.15	-14.381	0.0	6.419	63.45	-7.28	-4.4	495.563	76.427	32.214	-7.151	0.0	7.986	99.97	-7.26	-5.338	0.0	77.305	23.205	-1.0	0.0	5.179	65.387	-5.32	1.413	0.0	71.513	0.0	-7.894	0.0	5.699	51.341	-6.6	-1.775	0.0	79.022	0.0	-1.0	28.8	3.905	68.1	-7.12	-3.025	0.0	74.407	0.0	0.0	0.0	5.757	24.799	-6.08	-0.963	516.832	75.315	0.0	-1.0	0.2	6.051	30.901	-6.58	-2.9	0.0	76.187	25.457	-1.0	0.4	4.676	40.976	-5.32	1.538	0.0	70.131	20.009	-0.113	0.2	4.559	4.65	-4.62	5.162	0.0	70.569	11.581	-1.0	0.0	4.048	89.314
-1.0	-1.337	477.485	0.0	24.077	-14.773	0.0	6.604	51.825	-7.52	-4.588	489.715	77.155	32.214	-7.035	0.0	8.472	85.245	-7.32	-5.713	0.0	77.93	23.205	-1.0	0.0	6.034	47.079	-5.58	-1.837	0.0	73.424	0.0	-7.566	0.0	6.201	49.501	-6.42	-1.712	0.0	79.312	0.0	-1.0	28.8	4.76	64.128	-7.18	-3.9	0.0	74.488	0.0	0.0	0.0	5.581	31.773	-5.5	-1.15	353.062	76.145	0.0	-1.0	0.2	5.9	34.389	-6.14	-1.962	0.0	76.447	25.748	-1.0	0.4	4.106	41.654	-5.66	-0.275	0.0	71.834	19.791	0.0	0.2	5.062	17.63	-4.27	6.1	0.0	69.466	11.726	-1.0	0.0	3.746	90.864
-1.0	-1.525	473.231	0.0	24.367	-14.516	0.0	6.201	80.789	-7.6	-4.838	486.524	77.639	31.778	-7.115	0.0	7.794	93.867	-7.2	-5.588	0.0	78.478	23.568	-1.0	0.0	5.506	42.429	-5.62	0.225	0.0	73.079	0.0	-7.764	0.0	6.168	45.432	-6.74	-1.837	0.0	79.417	0.0	-1.0	28.8	3.788	68.39	-7.22	-3.837	0.0	75.651	0.0	0.0	0.0	6.0	45.916	-5.58	-0.212	509.388	75.117	0.0	-1.0	0.2	5.841	27.898	-6.38	-2.837	0.0	76.534	25.385	-1.0	0.4	4.073	26.252	-5.58	0.475	0.0	71.508	20.299	0.0	0.2	4.525	12.109	-4.78	5.6	0.0	70.487	11.872	-1.0	0.0	3.788	101.423
-1.0	0.287	475.358	0.0	24.222	-14.996	0.0	5.59	71.102	-7.44	-4.338	489.183	77.424	32.214	-7.141	0.0	7.567	94.932	-7.14	-5.213	0.0	78.039	22.697	-1.0	0.0	4.911	59.769	-4.98	4.037	0.0	71.9	0.0	-8.048	0.0	5.849	50.275	-6.65	-2.837	0.0	78.785	0.0	-1.0	28.8	3.922	60.156	-7.02	-3.837	0.0	74.946	0.0	0.0	0.0	5.497	46.691	-5.52	0.225	514.174	74.036	0.0	-1.0	0.2	5.707	43.688	-6.18	-2.4	0.0	75.434	25.53	-1.0	0.4	3.989	52.407	-4.97	2.725	0.0	69.753	20.081	-0.736	0.2	3.687	0.291	-4.43	5.1	0.0	69.61	11.654	-1.0	0.0	3.654	74.008
-1.0	-0.525	449.304	0.0	24.585	-14.845	0.0	5.749	69.165	-7.5	-4.275	486.524	76.746	32.214	-7.169	0.0	7.173	88.733	-1.0	-5.15	0.0	78.454	23.205	-1.0	0.0	4.71	51.825	-4.66	3.35	0.0	70.883	0.0	-8.034	0.0	4.986	44.076	-6.84	-1.212	0.0	78.696	0.0	-1.0	28.8	3.83	60.931	-6.84	-2.587	0.0	74.42	0.0	0.0	0.0	5.229	47.369	-6.02	-0.713	459.938	76.241	0.0	-1.0	0.2	5.59	21.989	-6.36	-1.775	0.0	76.096	25.239	-1.0	0.4	3.964	30.223	-5.4	1.1	0.0	70.264	20.081	-0.21	0.2	4.157	18.018	-4.24	5.975	0.0	69.346	11.436	-1.0	0.0	3.252	82.049
-1.0	-1.4	471.636	0.0	24.222	-14.538	0.0	5.715	71.006	-7.55	-4.275	482.27	77.217	32.286	-7.176	0.0	6.964	90.089	-1.0	-5.588	0.0	79.758	22.915	-1.0	0.0	4.969	43.882	-5.33	2.225	0.0	73.501	0.0	-7.85	0.0	5.296	48.047	-6.68	-1.337	0.0	78.981	0.0	-1.0	28.8	3.57	61.803	-6.9	-3.15	0.0	74.784	0.0	0.0	0.0	4.517	36.617	-5.87	0.163	486.524	76.623	0.0	-1.0	0.2	5.187	25.961	-6.4	-2.337	0.0	76.622	25.312	-1.0	0.4	3.503	37.392	-5.24	2.6	0.0	71.332	19.791	-0.598	0.2	4.098	16.177	-4.58	5.1	0.0	70.129	12.017	-1.0	0.0	3.444	82.049
-1.0	-1.15	465.787	0.0	24.295	-14.807	0.0	5.028	60.35	-7.6	-5.963	477.485	78.183	32.359	-6.94	0.0	6.905	84.567	-1.0	-5.4	0.0	0.0	23.133	-1.0	0.0	4.659	54.828	-5.23	-0.463	0.0	72.992	0.0	-7.794	0.0	5.062	53.278	-6.54	-1.087	0.0	80.246	0.0	-1.0	28.8	3.402	56.184	-7.22	-3.025	0.0	76.139	0.0	0.0	0.0	4.785	42.429	-6.18	-1.65	448.24	77.364	0.0	-1.0	0.2	5.64	30.32	-6.18	-1.462	0.0	76.159	25.457	-1.0	0.4	3.184	33.226	-5.54	-0.838	0.0	71.932	19.718	0.0	0.2	4.165	3.875	-4.72	5.475	0.0	71.586	11.581	-1.0	0.0	3.268	122.25
-1.0	-2.15	319.032	0.0	24.15	-14.553	0.0	5.388	78.077	-7.64	-6.963	459.406	78.625	32.214	-6.915	0.0	6.989	94.157	-1.0	-5.275	0.0	0.0	22.624	-1.0	0.0	4.902	56.959	-5.46	-0.087	0.0	73.353	0.0	-7.598	0.0	5.28	50.953	-6.84	-3.275	0.0	80.95	0.0	-1.0	28.8	3.696	82.049	-7.44	-4.15	0.0	76.16	0.0	0.0	0.0	4.869	36.81	-5.58	-0.65	507.793	76.01	0.0	-1.0	0.2	5.489	31.289	-6.36	-2.9	0.0	77.828	25.603	-1.0	0.4	4.09	49.016	-5.28	0.35	0.0	71.888	19.282	0.0	0.2	4.433	18.793	-5.4	3.788	0.0	72.326	11.508	-1.0	0.0	3.386	95.611
-1.0	-0.9	461.002	0.0	24.15	-14.48	0.0	5.288	52.407	-7.36	-7.025	242.465	77.465	32.867	-6.918	0.0	7.19	90.089	-7.08	-5.4	0.0	77.939	22.697	-1.0	0.0	5.288	65.193	-5.02	2.788	0.0	72.72	0.0	-7.881	0.0	5.564	62.578	-6.39	-1.275	0.0	79.476	0.0	-1.0	28.8	4.064	63.353	-7.24	-3.9	0.0	75.297	0.0	0.0	0.0	5.078	49.307	-5.18	-0.4	408.361	74.728	0.0	-1.0	0.2	5.464	24.992	-6.04	-1.65	0.0	76.05	25.82	-1.0	0.4	4.358	35.745	-4.8	1.538	0.0	70.384	19.791	-0.392	0.2	3.847	0.291	-4.38	5.6	0.0	70.094	11.799	-1.0	0.0	3.076	109.947
-1.0	-0.15	458.875	0.0	24.367	-14.615	0.0	5.615	79.918	-7.32	-7.088	139.311	77.268	32.286	-6.898	0.0	7.467	108.01	-6.9	-5.338	0.0	78.116	22.769	-1.0	0.0	4.743	52.116	-5.1	0.975	0.0	73.212	0.0	-7.705	0.0	5.791	41.751	-6.38	-1.525	0.0	79.005	0.0	-1.0	28.8	3.603	57.25	-7.08	-3.962	0.0	75.542	0.0	0.0	0.0	5.171	57.444	-5.71	-1.775	204.181	76.146	0.0	-1.0	0.2	5.824	27.123	-6.08	-2.275	0.0	75.526	25.603	-1.0	0.4	3.712	28.577	-5.36	-0.212	0.0	71.038	19.427	0.0	0.2	4.475	356.384	-4.36	5.725	0.0	70.596	11.944	-1.0	0.0	3.092	79.918
-1.0	0.35	464.192	0.0	24.077	-14.706	0.0	5.623	61.125	-7.42	-7.213	37.22	77.588	32.141	-6.858	0.0	7.173	106.072	-6.89	-5.213	0.0	78.345	22.915	-1.0	0.0	4.894	49.791	-4.98	1.913	0.0	72.826	0.0	-7.936	0.0	5.531	56.475	-6.62	-2.65	0.0	80.071	0.0	-1.0	28.8	4.123	61.028	-6.96	-4.275	0.0	75.731	0.0	0.0	0.0	5.313	43.398	-5.27	-0.713	337.642	74.4	0.0	-1.0	0.2	5.564	27.511	-5.96	-2.212	0.0	76.766	25.239	-1.0	0.4	3.746	61.125	-4.84	0.475	0.0	70.55	19.5	-0.026	0.2	4.81	2.906	-4.78	4.287	0.0	70.982	11.291	-1.0	0.0	3.285	92.898
