-1.0	16.85	438.138	0.0	26.62	-9.808	26.0	0.0	49.113	8.88	13.225	309.461	89.803	34.466	-17.088	11.2	0.0	118.181	7.53	12.662	0.0	94.515	26.838	-4.097	31.2	0.0	53.278	8.88	16.475	0.0	94.471	33.013	-9.28	26.2	0.0	46.207	8.29	10.412	0.0	93.013	16.885	-8.985	3.0	0.0	57.25	7.71	11.225	0.0	92.138	0.0	0.0	24.8	0.0	40.395	9.02	13.975	309.993	93.735	14.705	-15.426	46.6	0.0	28.092	8.18	12.85	0.0	91.664	27.201	-1.0	18.4	0.0	31.483	8.73	14.162	0.0	88.456	26.91	-27.892	24.8	0.0	352.025	8.39	16.1	0.0	96.467	22.551	-28.255	35.8	0.0	91.348
-1.0	14.287	314.779	0.0	26.547	-9.455	26.0	1.332	235.006	8.74	13.287	388.156	89.811	34.756	-16.851	11.2	1.927	255.543	8.45	12.912	0.0	94.395	27.128	-4.099	31.2	0.0	175.431	9.1	16.538	0.0	94.009	32.722	-9.288	26.2	0.0	45.529	8.84	10.412	0.0	92.863	17.03	-9.009	3.0	0.0	57.153	8.12	11.537	0.0	92.097	0.0	0.0	24.8	0.0	39.91	9.04	14.1	303.081	93.551	14.051	-15.455	46.6	0.0	28.577	8.48	13.35	0.0	91.485	26.983	-1.0	18.4	0.0	31.58	8.95	14.1	0.0	87.996	26.329	-27.866	24.8	0.0	352.509	8.96	17.35	0.0	96.262	22.697	-28.309	35.8	0.0	90.379
-1.0	14.662	300.954	0.0	26.402	-9.568	26.0	2.087	223.091	8.96	13.662	499.285	90.569	34.684	-17.029	11.2	0.0	250.893	8.88	12.537	0.0	93.213	26.692	-3.806	31.2	1.148	221.929	9.0	15.412	0.0	94.108	33.013	-9.142	26.2	0.0	46.207	9.56	10.85	0.0	88.463	16.521	-9.048	3.0	1.014	197.905	7.95	10.912	0.0	92.031	0.0	0.0	24.8	0.0	39.91	9.32	13.725	269.051	93.076	13.979	-15.437	46.6	0.0	28.383	8.44	13.1	0.0	91.086	27.637	-1.0	18.4	0.0	31.773	9.12	14.037	0.0	87.338	27.201	-27.959	24.8	0.0	352.122	9.57	18.475	0.0	94.241	22.406	-29.105	35.8	0.0	223.866
-1.0	14.6	319.032	0.0	26.329	-9.585	26.0	1.886	211.951	9.15	12.975	293.51	90.224	34.902	-16.773	11.2	2.062	252.152	9.03	13.037	0.0	91.909	26.402	-3.974	31.2	0.0	289.641	9.18	16.038	0.0	94.428	32.795	-9.28	26.2	0.0	46.207	10.03	10.975	0.0	85.77	17.03	-9.064	3.0	1.684	209.723	7.73	11.1	0.0	92.016	0.0	0.0	24.8	0.0	41.073	9.62	13.787	272.773	92.172	14.56	-15.115	46.6	0.0	29.448	8.42	13.225	0.0	90.691	26.91	-1.0	18.4	0.0	31.58	9.14	14.1	0.0	87.184	27.346	-28.105	24.8	0.0	351.734	10.14	16.475	0.0	90.169	22.551	-28.679	35.8	1.198	231.809
-1.0	14.1	300.954	0.0	26.765	-9.565	26.0	1.986	226.094	9.21	12.662	311.056	89.931	34.756	-16.696	11.2	2.053	242.949	8.71	13.225	0.0	92.659	26.983	-3.869	31.2	0.989	295.453	9.48	16.6	0.0	93.965	32.577	-9.513	26.2	0.0	45.819	9.98	11.287	0.0	86.244	16.885	-9.104	3.0	1.793	194.805	7.79	11.225	0.0	91.968	0.0	0.0	24.8	0.0	41.267	9.75	14.475	295.637	92.422	14.487	-15.474	46.6	0.0	28.77	8.54	13.225	0.0	90.002	26.765	-1.0	18.4	0.0	31.483	9.11	14.412	0.0	87.04	26.765	-28.718	24.8	0.0	352.509	10.3	16.85	0.0	88.917	22.333	-27.559	35.8	1.098	203.233
8.92	13.787	297.763	84.971	26.038	-9.471	26.0	0.0	227.547	9.23	13.412	310.525	90.223	34.902	-16.8	11.2	2.137	271.332	9.39	13.225	0.0	90.79	27.201	-4.205	31.2	1.701	229.388	9.34	16.538	0.0	93.463	32.65	-9.392	26.2	0.0	46.013	9.72	11.412	0.0	86.595	16.739	-9.12	3.0	0.0	219.216	8.21	11.725	0.0	91.929	0.0	0.0	24.8	0.0	41.17	9.74	14.475	299.359	91.534	13.761	-15.405	46.6	0.0	28.383	8.72	13.787	0.0	89.674	27.201	-1.0	18.4	0.0	31.289	9.24	14.537	0.0	86.478	25.82	-28.537	24.8	0.0	352.412	10.16	15.975	0.0	90.307	22.624	-27.176	35.8	1.425	239.172
0.0	13.412	267.455	0.0	26.474	-9.428	26.0	0.0	223.479	9.2	12.662	282.875	89.31	34.829	-17.29	11.2	0.0	263.001	9.2	12.85	0.0	90.105	27.056	-3.87	31.2	0.0	230.066	9.74	16.538	0.0	92.762	31.996	-9.32	26.2	0.0	66.743	9.93	11.412	0.0	86.047	17.175	-9.136	3.0	2.078	206.623	8.54	11.85	0.0	91.845	0.0	0.0	24.8	0.0	198.292	10.29	14.6	286.066	90.869	14.487	-15.367	46.6	0.0	29.352	8.85	13.475	0.0	89.132	27.564	-1.0	18.4	0.0	31.483	9.4	14.537	0.0	86.242	26.765	-28.177	24.8	0.0	352.122	10.14	15.975	0.0	90.081	22.551	-27.817	35.8	1.173	229.097
-1.0	13.162	318.501	0.0	26.111	-9.426	26.0	1.031	230.26	8.98	12.037	280.748	90.4	34.466	-16.875	11.2	0.0	244.306	9.16	12.725	0.0	90.183	27.201	-3.828	31.2	1.014	229.291	10.6	15.85	0.0	89.396	33.086	-9.315	26.2	2.07	202.167	9.55	11.412	0.0	88.505	16.812	-9.153	3.0	1.115	195.58	9.45	11.412	0.0	87.032	0.0	0.0	24.8	2.028	200.23	10.48	14.787	324.881	89.254	13.833	-15.616	46.6	0.0	28.674	9.98	13.912	0.0	86.336	26.91	-1.0	18.4	0.93	221.154	9.8	15.162	0.0	86.293	25.603	-28.577	24.8	0.0	303.977	10.34	15.662	0.0	91.035	22.551	-26.913	35.8	1.391	202.845
-1.0	13.85	334.452	0.0	26.184	-9.579	26.0	0.0	239.559	9.19	13.037	297.232	90.497	34.611	-16.464	11.2	0.0	244.693	9.24	13.412	0.0	91.425	26.838	-4.058	31.2	1.517	217.86	10.38	15.287	0.0	89.831	32.504	-9.135	26.2	1.475	193.643	9.74	11.35	0.0	89.491	16.885	-9.161	3.0	1.098	194.708	9.42	11.725	0.0	87.389	0.0	0.0	24.8	1.265	196.743	11.01	14.85	392.41	89.724	14.269	-15.493	46.6	1.399	172.525	9.84	14.037	0.0	87.561	27.273	-1.0	18.4	0.0	226.966	10.48	14.412	0.0	84.216	26.765	-28.242	24.8	1.617	185.118	9.74	16.35	0.0	92.548	22.406	-27.727	35.8	0.0	212.629
-1.0	14.162	319.032	0.0	26.474	-9.565	26.0	0.0	214.567	9.19	12.975	320.627	90.322	34.611	-17.196	11.2	0.0	247.89	9.03	13.037	0.0	90.849	26.765	-3.932	31.2	1.048	227.644	10.34	15.037	0.0	88.59	33.013	-9.081	26.2	1.156	193.449	9.78	11.412	0.0	88.022	16.739	-9.177	3.0	0.0	194.224	9.56	11.287	0.0	85.843	0.0	0.0	24.8	1.115	208.367	11.03	13.912	308.93	89.191	14.197	-15.209	46.6	1.098	187.056	9.88	13.787	0.0	87.548	26.91	-1.0	18.4	1.307	230.744	10.42	13.912	0.0	83.989	26.91	-27.905	24.8	0.0	187.831	9.88	16.288	0.0	92.284	22.261	-27.828	35.8	2.003	210.692
-1.0	15.912	420.059	0.0	26.402	-9.793	26.0	1.886	204.105	9.64	13.912	344.023	89.198	34.902	-16.926	11.2	1.617	247.309	9.29	13.162	0.0	89.576	26.765	-4.142	31.2	0.0	225.222	10.83	16.475	0.0	87.302	32.504	-9.373	26.2	0.0	198.292	10.01	11.6	0.0	83.751	16.957	-9.177	3.0	0.0	203.039	9.72	11.037	0.0	85.858	0.0	0.0	24.8	0.0	201.586	11.06	14.287	323.818	89.512	14.415	-15.78	46.6	0.0	178.822	9.86	13.537	0.0	86.353	27.273	-1.0	18.4	0.0	222.897	10.48	14.225	0.0	84.05	26.184	-28.398	24.8	0.0	191.996	10.23	17.163	0.0	90.192	22.406	-26.906	35.8	1.777	239.365
-1.0	14.6	320.096	0.0	26.765	-9.516	26.0	1.819	204.105	10.12	14.475	344.023	88.106	34.756	-18.899	11.2	1.282	270.46	9.6	13.35	0.0	89.233	26.62	-4.248	31.2	0.0	215.632	10.81	16.288	0.0	87.136	32.577	-9.397	26.2	0.0	188.896	10.08	11.6	0.0	86.222	17.103	-9.161	3.0	0.0	195.386	9.9	11.35	0.0	82.44	0.0	0.0	24.8	0.0	201.392	11.26	14.287	313.715	84.777	14.342	-15.852	46.6	0.0	190.155	10.17	13.912	0.0	82.933	26.838	-1.0	18.4	0.0	223.091	10.66	14.6	0.0	82.782	25.675	-28.083	24.8	2.07	174.656	10.14	16.663	0.0	87.771	22.406	-26.559	35.8	1.525	225.707
-1.0	14.412	314.779	0.0	26.692	-9.49	26.0	1.793	215.342	9.92	14.037	322.223	86.896	34.466	-17.828	11.2	1.441	255.639	9.48	13.162	0.0	90.856	27.201	-4.268	31.2	0.0	221.929	10.68	15.662	0.0	87.836	32.867	-9.289	26.2	0.0	194.708	10.02	11.412	0.0	86.438	17.103	-9.232	3.0	0.0	182.309	10.09	11.725	0.0	84.407	0.0	0.0	24.8	0.0	214.567	11.28	14.1	318.501	85.299	14.487	-15.664	46.6	0.0	183.084	10.25	13.725	0.0	83.641	27.201	-1.0	18.4	2.011	221.832	10.69	14.287	0.0	81.047	26.983	-29.01	24.8	1.944	201.199	10.24	16.85	0.0	90.46	22.406	-26.639	35.8	1.534	221.154
-1.0	13.662	298.827	0.0	26.402	-9.487	26.0	0.0	222.897	9.44	12.787	288.192	87.53	34.611	-16.809	11.2	0.0	241.109	9.32	13.162	0.0	90.092	27.201	-4.351	31.2	0.0	225.319	10.8	16.163	0.0	88.75	33.086	-9.489	26.2	0.0	191.124	9.84	11.725	0.0	85.841	16.667	-9.218	3.0	0.0	204.492	9.82	11.475	0.0	84.437	0.0	0.0	24.8	0.0	195.193	11.26	14.162	303.612	87.246	14.342	-16.502	46.6	0.0	174.559	10.04	13.662	0.0	84.794	26.91	-1.0	18.4	0.0	220.573	10.76	14.412	0.0	82.179	25.966	-28.122	24.8	0.0	188.218	10.18	15.975	0.0	90.069	22.333	-26.529	35.8	1.785	218.829
-1.0	13.537	256.289	0.0	26.547	-9.386	26.0	2.028	231.616	9.62	13.1	263.733	87.005	34.538	-16.804	11.2	2.062	250.893	9.24	12.787	0.0	89.097	26.983	-4.098	31.2	0.0	224.254	10.64	15.225	0.0	87.803	32.722	-9.228	26.2	0.0	189.38	9.82	11.662	0.0	85.395	16.594	-9.249	3.0	0.0	203.911	9.75	11.287	0.0	84.468	0.0	0.0	24.8	0.0	191.512	11.26	14.037	270.646	86.089	14.56	-16.315	46.6	1.827	181.147	10.18	13.475	0.0	85.318	27.346	-1.0	18.4	2.036	221.154	10.73	14.1	0.0	80.861	26.91	-28.225	24.8	1.693	171.169	10.22	15.662	0.0	89.479	22.333	-26.269	35.8	1.684	213.792
-1.0	12.85	250.972	0.0	26.184	-9.309	26.0	0.0	223.188	9.41	12.287	248.313	88.02	34.756	-17.108	11.2	0.0	241.69	9.16	12.537	0.0	89.698	26.91	-4.424	31.2	0.0	220.669	10.44	14.787	0.0	88.412	32.577	-9.088	26.2	0.0	199.455	9.9	11.412	0.0	86.132	16.521	-9.225	3.0	0.0	210.304	9.89	11.35	0.0	83.912	0.0	0.0	24.8	0.0	184.828	11.3	14.1	249.909	86.98	14.124	-16.254	46.6	1.751	175.141	9.92	13.287	0.0	84.789	27.056	-1.0	18.4	0.0	217.085	10.34	14.037	0.0	84.088	27.346	-27.838	24.8	1.676	0.0	10.04	15.162	0.0	90.848	22.115	-26.191	35.8	1.785	216.407
-1.0	13.662	256.289	0.0	26.983	-9.437	26.0	1.886	223.479	9.5	12.537	255.758	88.582	36.573	-17.613	11.2	0.0	265.326	9.37	12.975	0.0	90.39	27.128	-4.453	31.2	0.0	232.003	10.58	14.975	0.0	88.763	32.577	-9.083	26.2	0.0	199.455	9.8	11.537	0.0	87.483	16.667	-9.264	3.0	0.0	218.538	9.8	11.1	0.0	83.891	0.0	0.0	24.8	0.0	195.386	10.7	14.225	249.909	87.887	13.979	-16.677	46.6	0.0	38.942	10.04	13.162	0.0	85.517	27.419	-1.0	18.4	0.0	220.96	10.16	14.1	0.0	85.686	26.91	-27.866	24.8	0.0	2.325	9.99	14.787	0.0	91.881	22.043	-25.529	35.8	1.894	252.443
-1.0	13.287	246.187	0.0	26.329	-9.377	26.0	1.425	212.242	9.63	12.725	248.313	87.849	34.321	-16.962	11.2	1.643	283.15	9.42	12.912	0.0	90.249	26.62	-8.762	31.2	0.0	214.179	10.76	15.287	0.0	89.055	32.795	-5.818	26.2	1.45	199.455	9.88	11.412	0.0	86.266	16.957	-9.225	3.0	2.103	195.483	9.87	11.287	0.0	85.104	0.0	0.0	24.8	2.103	204.492	9.86	13.787	238.742	91.674	13.833	-15.879	46.6	0.955	26.155	10.14	13.6	0.0	85.658	26.91	-1.0	18.4	1.978	232.681	9.76	14.037	0.0	86.191	25.603	-28.197	24.8	0.0	356.771	9.87	14.725	0.0	91.893	22.261	-25.25	35.8	1.643	212.629
-1.0	14.162	240.869	0.0	26.474	-9.515	26.0	1.031	199.842	9.9	13.1	239.274	87.416	34.393	-17.402	11.2	0.947	267.554	9.48	12.787	0.0	88.868	26.765	-4.264	31.2	0.0	215.148	10.62	14.912	0.0	88.003	32.94	-9.064	26.2	1.022	283.15	9.96	11.35	0.0	86.562	16.885	-9.185	3.0	1.768	196.743	9.78	11.225	0.0	84.709	0.0	0.0	24.8	1.76	217.666	9.63	13.662	236.616	92.412	13.833	-15.562	46.6	0.989	26.058	10.13	13.475	0.0	85.539	27.201	-1.0	18.4	1.391	274.238	9.73	13.537	0.0	87.078	26.329	-1.0	24.8	1.291	2.906	9.8	14.6	0.0	91.484	22.261	-25.582	35.8	1.391	225.707
9.81	14.287	247.782	82.897	26.474	-9.507	26.0	0.0	200.133	9.78	12.85	247.25	86.426	34.321	-17.604	11.2	1.249	247.987	9.48	12.975	0.0	89.514	26.765	-4.037	31.2	1.902	230.066	9.35	14.1	0.0	92.015	32.504	-8.915	26.2	1.743	42.332	9.79	11.662	0.0	86.014	16.812	-9.217	3.0	1.349	219.023	9.15	11.35	0.0	86.135	0.0	0.0	24.8	0.0	41.557	8.96	12.85	233.425	93.824	13.761	-15.104	46.6	0.0	27.995	9.38	13.225	0.0	87.015	27.128	-1.0	18.4	0.93	13.949	8.88	13.037	0.0	87.527	27.056	-27.295	24.8	1.927	11.721	9.88	14.85	0.0	91.091	22.115	-25.554	35.8	1.207	201.489
0.0	13.975	270.114	0.0	26.62	-9.497	26.0	1.056	215.342	9.86	13.225	265.328	88.222	34.974	-18.259	11.2	1.425	269.976	8.56	12.475	0.0	91.872	26.983	-3.909	31.2	1.316	54.635	9.14	13.787	0.0	93.957	32.722	-4.819	26.2	0.0	45.335	10.15	11.725	0.0	85.776	16.376	-9.193	3.0	0.0	218.732	8.17	10.6	0.0	89.797	0.0	0.0	24.8	0.0	39.813	8.8	12.975	236.084	94.947	14.415	-14.934	46.6	0.0	24.992	8.4	13.225	0.0	89.724	27.201	-1.0	18.4	2.028	31.192	9.1	13.412	0.0	88.571	25.603	-27.452	24.8	1.467	2.809	9.94	15.412	0.0	90.339	22.261	-25.651	35.8	1.014	212.145
0.0	14.662	263.733	0.0	26.692	-9.577	26.0	0.0	248.18	9.76	13.35	267.987	86.582	34.611	-16.54	11.2	1.232	274.529	7.85	11.537	0.0	93.315	27.346	-4.074	31.2	0.0	46.594	8.98	13.787	0.0	94.872	32.577	-9.005	26.2	1.978	50.857	8.84	11.037	0.0	89.484	17.175	-9.08	3.0	1.282	55.313	7.94	10.475	0.0	90.61	0.0	0.0	24.8	0.0	38.942	8.79	13.1	231.83	95.541	14.269	-14.585	46.6	1.768	30.32	8.18	13.1	0.0	90.802	26.765	-1.0	18.4	1.643	35.842	9.02	13.787	0.0	88.908	26.91	-27.851	24.8	0.0	6.587	9.81	14.725	0.0	91.356	22.624	-25.886	35.8	0.0	155.089
0.0	13.412	222.259	0.0	25.966	-9.419	26.0	0.0	49.888	9.25	13.412	242.465	87.188	34.393	-17.935	11.2	0.0	30.32	7.69	11.662	0.0	93.648	26.547	-3.35	31.2	0.0	55.41	8.76	13.85	0.0	94.563	33.013	-8.923	26.2	1.626	46.498	8.36	10.412	0.0	91.325	16.594	-9.103	3.0	0.0	55.894	7.79	10.537	0.0	91.132	0.0	0.0	24.8	1.659	39.62	9.04	13.35	226.513	95.199	14.415	-14.578	46.6	0.0	30.805	8.08	13.037	0.0	91.466	26.983	-1.0	18.4	1.299	36.81	8.83	13.662	0.0	88.794	27.056	-27.558	24.8	0.0	3.39	9.3	13.287	0.0	94.419	21.825	-24.947	35.8	1.567	59.284
0.0	12.6	198.332	0.0	26.184	-9.461	26.0	0.0	50.857	8.55	12.725	199.395	90.768	34.466	-17.482	11.2	1.55	58.316	7.7	11.6	0.0	93.817	27.056	-3.613	31.2	1.768	48.919	8.62	14.225	0.0	94.628	32.577	-9.092	26.2	0.0	46.691	8.32	9.85	0.0	91.83	16.594	-8.89	3.0	1.71	56.475	7.83	10.6	0.0	91.251	0.0	0.0	24.8	1.14	39.426	8.96	13.35	214.283	94.659	14.051	-15.216	46.6	0.0	30.901	8.08	13.162	0.0	91.337	27.491	-29.172	18.4	0.0	36.617	9.04	13.912	0.0	88.668	26.402	-27.543	24.8	0.0	3.972	8.64	13.1	0.0	95.602	22.115	-25.741	35.8	1.492	86.505
0.0	12.787	191.951	0.0	26.62	-9.495	26.0	1.391	52.891	8.42	12.787	175.999	91.038	34.393	-1.0	11.2	1.852	59.575	7.8	11.85	0.0	93.719	26.765	-3.616	31.2	1.324	48.919	8.86	14.475	0.0	94.756	32.577	-9.185	26.2	0.0	46.788	8.48	10.1	0.0	91.743	16.667	-8.897	3.0	1.156	56.184	8.0	10.787	0.0	91.317	0.0	0.0	24.8	0.0	39.813	8.94	13.225	212.156	94.82	13.979	-15.323	46.6	0.0	30.611	8.34	13.1	0.0	91.47	26.983	-28.706	18.4	0.0	36.617	9.04	13.787	0.0	88.668	25.82	-27.369	24.8	0.0	3.778	8.6	13.35	0.0	95.836	22.188	-25.467	35.8	1.048	87.086
0.0	13.475	202.054	0.0	26.765	-9.574	26.0	0.0	52.697	8.58	12.975	191.419	90.95	34.538	-17.727	11.2	1.048	58.316	7.78	12.225	0.0	93.547	26.692	-3.578	31.2	0.0	49.404	8.94	14.412	0.0	94.695	32.359	-9.048	26.2	0.0	46.498	8.32	10.037	0.0	91.744	16.594	-8.864	3.0	0.0	56.281	7.94	10.787	0.0	91.258	0.0	0.0	24.8	0.0	39.62	9.0	13.287	190.356	94.836	14.415	-14.27	46.6	0.0	30.611	8.34	13.225	0.0	91.125	27.056	-28.983	18.4	0.0	36.714	8.9	13.537	0.0	88.856	25.603	-27.143	24.8	0.0	0.097	8.65	14.1	0.0	95.931	21.825	-26.138	35.8	0.0	82.339
0.0	13.725	199.395	0.0	26.402	-9.561	26.0	0.0	52.6	8.64	13.35	199.395	90.965	34.829	-17.379	11.2	0.0	58.219	7.88	12.35	0.0	93.511	26.765	-3.248	31.2	0.0	49.016	8.84	14.287	0.0	94.252	32.286	-8.981	26.2	0.0	46.207	8.58	10.537	0.0	91.598	16.667	-8.934	3.0	0.0	56.281	7.82	10.975	0.0	91.269	0.0	0.0	24.8	0.0	171.847	9.19	13.225	173.873	95.013	13.615	-14.673	46.6	0.0	30.708	8.28	13.1	0.0	90.98	26.983	-28.483	18.4	0.0	36.907	8.88	13.287	0.0	88.762	25.748	-27.399	24.8	0.0	0.291	8.73	14.412	0.0	95.586	22.406	-26.013	35.8	0.0	83.211
0.0	13.412	184.507	0.0	26.111	-9.485	26.0	0.0	52.407	8.5	12.975	190.356	90.668	34.684	-17.637	11.2	0.0	58.122	7.86	12.162	0.0	93.527	27.056	-3.516	31.2	0.0	49.113	8.82	13.725	0.0	94.621	32.577	-8.866	26.2	0.0	46.304	8.5	10.287	0.0	91.62	16.812	-8.878	3.0	0.0	56.378	7.87	10.412	0.0	91.239	0.0	0.0	24.8	0.0	151.698	8.94	12.85	161.643	94.903	14.269	-14.531	46.6	0.0	30.514	8.47	12.975	0.0	91.181	26.983	-28.087	18.4	0.0	36.907	9.04	13.037	0.0	88.646	25.603	-27.056	24.8	0.0	0.0	8.72	14.162	0.0	95.378	21.97	-26.788	35.8	0.0	82.727
0.0	13.037	161.111	0.0	25.966	-9.409	26.0	0.0	52.6	8.56	12.912	166.428	90.466	34.756	-17.62	11.2	0.0	56.863	7.8	11.85	0.0	93.511	27.201	-3.413	31.2	0.0	49.404	8.94	13.412	0.0	94.82	32.867	-8.846	26.2	0.0	46.013	8.45	10.1	0.0	91.692	16.594	-8.863	3.0	0.0	56.281	7.8	10.475	0.0	91.264	0.0	0.0	24.8	0.0	83.017	8.75	12.662	148.882	95.016	14.269	-14.739	46.6	0.0	31.676	8.32	12.725	0.0	90.99	26.765	-28.32	18.4	0.0	36.907	8.84	12.975	0.0	88.64	25.675	-27.03	24.8	0.0	0.387	8.65	13.287	0.0	95.972	22.115	-26.185	35.8	0.0	82.146
0.0	12.787	154.199	0.0	26.692	-9.375	26.0	0.0	52.891	8.78	12.662	154.731	90.348	34.611	-18.107	11.2	0.0	58.413	7.82	11.787	0.0	93.558	26.765	-3.392	31.2	0.0	49.404	8.83	13.35	0.0	94.603	32.867	-5.081	26.2	0.0	46.498	8.37	10.475	0.0	91.757	16.667	-8.926	3.0	0.0	56.863	7.88	10.225	0.0	91.285	0.0	0.0	24.8	0.0	74.105	8.82	12.787	143.033	95.365	14.197	-14.893	46.6	0.0	30.708	8.38	12.787	0.0	91.157	27.637	-28.347	18.4	0.0	36.907	8.81	12.912	0.0	88.9	26.91	-26.765	24.8	0.0	0.097	8.36	12.975	0.0	96.013	21.97	-26.06	35.8	0.0	82.146
