-1.0	5.225	35.625	0.0	25.893	-8.445	26.0	1.819	209.336	9.76	5.412	33.498	59.136	34.829	-14.447	11.2	1.433	209.529	9.51	5.6	0.0	58.692	27.056	-8.145	31.2	1.559	122.25	9.12	5.787	0.0	63.967	33.086	-1.82	26.2	1.316	220.766	7.74	4.225	0.0	69.352	13.107	-8.344	3.0	1.006	202.942	8.14	4.85	0.0	65.097	0.0	0.0	24.8	1.106	208.658	8.66	5.225	29.245	68.884	12.235	-16.398	46.6	1.684	199.455	9.98	5.787	0.0	58.127	27.273	-24.256	18.4	1.475	200.908	10.1	5.1	0.0	57.913	27.201	-25.173	24.8	1.743	191.512	9.6	4.975	0.0	58.909	18.919	-10.634	35.8	0.0	28.383	9.61
-1.0	5.475	39.879	0.0	25.385	-8.473	26.0	1.819	218.345	9.94	5.787	40.943	58.702	34.829	-14.941	11.2	1.299	239.268	9.72	5.6	0.0	57.416	27.056	-8.457	31.2	0.0	146.467	9.08	5.787	0.0	64.571	32.722	-7.963	26.2	1.894	198.583	7.63	4.037	0.0	70.416	13.397	-8.338	3.0	1.022	204.105	8.44	4.85	0.0	63.292	0.0	0.0	24.8	1.274	180.372	9.43	5.6	31.372	64.909	11.799	-16.652	46.6	1.886	220.766	10.2	5.225	0.0	57.49	27.273	-24.07	18.4	0.0	180.856	9.54	5.037	0.0	60.509	25.893	-25.352	24.8	1.961	171.072	9.22	5.225	0.0	61.793	18.846	-10.723	35.8	0.0	28.48	9.25
-1.0	5.6	42.538	0.0	26.184	-8.457	26.0	1.584	173.009	9.71	5.6	44.133	59.705	34.829	-15.05	11.2	1.475	170.781	9.44	5.412	0.0	59.057	26.547	-8.176	31.2	1.659	148.211	9.38	6.35	0.0	62.639	32.795	-1.693	26.2	0.0	222.316	7.52	4.287	0.0	70.5	12.816	-8.393	3.0	0.0	204.105	7.83	4.912	0.0	66.817	0.0	0.0	24.8	1.651	194.418	8.86	5.225	34.562	68.385	12.671	-16.831	46.6	1.676	190.349	9.95	5.725	0.0	57.013	26.838	-24.556	18.4	1.441	182.309	9.92	5.1	0.0	58.322	26.765	-25.072	24.8	1.844	187.443	9.54	5.6	0.0	60.022	18.846	-10.776	35.8	0.0	339.335	9.2
-1.0	5.475	44.664	0.0	25.893	-8.473	26.0	1.676	196.161	9.48	5.537	45.196	61.041	35.12	-15.037	11.2	1.341	188.799	9.67	5.412	0.0	57.701	27.056	-8.217	31.2	1.433	140.461	9.16	6.225	0.0	64.141	33.376	-1.935	26.2	1.986	212.242	7.75	4.6	0.0	69.141	13.325	-8.377	3.0	0.0	166.325	8.85	5.35	0.0	61.477	0.0	0.0	24.8	1.927	163.904	9.01	5.475	35.093	67.331	12.453	-16.453	46.6	1.584	196.355	10.04	5.85	0.0	57.729	26.62	-24.384	18.4	0.0	174.947	9.53	5.1	0.0	61.021	26.184	-25.373	24.8	1.643	154.217	9.52	5.725	0.0	59.962	18.846	-10.634	35.8	0.0	237.04	9.16
-1.0	5.6	46.26	0.0	26.256	-8.494	26.0	0.0	157.898	9.22	5.912	47.855	62.245	34.974	-15.113	11.2	0.0	174.559	9.79	5.6	0.0	57.369	27.056	-8.334	31.2	1.45	156.735	9.74	6.662	0.0	61.795	32.577	-2.334	26.2	2.053	219.798	7.84	4.35	0.0	69.051	13.18	-8.35	3.0	0.0	240.431	8.5	5.225	0.0	63.275	0.0	0.0	24.8	1.643	214.954	9.16	5.412	36.157	66.759	11.726	-17.141	46.6	1.617	179.597	10.46	5.662	0.0	55.705	27.128	-24.215	18.4	0.0	176.981	9.94	5.475	0.0	58.847	26.402	-25.098	24.8	1.433	151.989	9.52	5.787	0.0	61.077	18.773	-10.748	35.8	0.0	256.317	9.72
-1.0	5.912	47.855	0.0	26.111	-8.521	26.0	0.0	156.929	9.54	5.725	49.982	61.137	34.902	-14.786	11.2	1.358	172.622	9.83	5.6	0.0	56.437	27.056	-8.286	31.2	1.115	144.82	9.55	6.475	0.0	63.089	32.94	-2.02	26.2	0.0	204.88	8.18	4.475	0.0	68.043	13.325	-8.334	3.0	1.391	214.082	8.1	5.225	0.0	65.227	0.0	0.0	24.8	1.819	192.383	9.55	5.662	36.689	64.93	11.944	-16.494	46.6	1.927	194.805	10.02	5.725	0.0	58.395	26.983	-24.235	18.4	0.0	177.272	10.12	5.225	0.0	57.683	26.91	-25.216	24.8	1.743	178.725	9.7	6.162	0.0	59.473	18.919	-10.802	35.8	1.332	256.802	9.62
-1.0	5.787	48.918	0.0	26.111	-8.5	26.0	1.802	173.881	9.12	5.85	49.982	63.24	35.047	-14.954	11.2	1.14	179.79	9.58	5.475	0.0	58.152	26.838	-8.248	31.2	1.198	137.168	9.94	6.85	0.0	60.889	32.867	-2.148	26.2	2.02	202.942	8.42	4.725	0.0	66.924	13.18	-8.39	3.0	1.265	216.407	8.28	5.037	0.0	64.376	0.0	0.0	24.8	1.777	197.808	9.15	5.6	39.347	66.866	12.38	-16.48	46.6	0.0	188.896	9.79	5.6	0.0	58.91	27.201	-24.194	18.4	0.0	203.233	10.29	5.225	0.0	56.8	25.748	-25.216	24.8	2.129	181.631	9.9	5.975	0.0	59.505	18.701	-10.748	35.8	1.014	265.714	9.26
-1.0	5.85	50.513	0.0	25.675	-8.514	26.0	0.0	176.497	9.69	6.1	53.172	60.476	35.12	-15.3	11.2	0.0	173.106	9.42	5.412	0.0	59.198	26.91	-8.201	31.2	1.299	137.071	9.23	6.6	0.0	65.151	32.867	-2.134	26.2	0.0	203.717	8.26	4.787	0.0	67.383	13.325	-8.412	3.0	0.0	208.367	8.37	5.225	0.0	63.782	0.0	0.0	24.8	1.71	198.971	8.78	5.537	38.816	69.629	12.308	-16.725	46.6	0.0	182.406	9.56	5.662	0.0	60.627	26.91	-24.107	18.4	1.349	172.622	10.0	5.537	0.0	58.392	26.329	-25.119	24.8	1.089	158.77	9.73	6.412	0.0	60.024	18.991	-10.705	35.8	1.416	247.89	9.04
-1.0	5.912	50.513	0.0	26.184	-8.521	26.0	1.793	167.294	9.73	6.162	55.299	60.597	34.829	-14.944	11.2	1.475	217.666	9.98	5.787	0.0	56.577	26.765	-8.266	31.2	1.173	151.795	9.34	6.85	0.0	63.893	32.577	-2.184	26.2	0.0	224.254	8.38	4.662	0.0	66.944	13.543	-8.354	3.0	1.668	198.583	8.16	5.225	0.0	65.759	0.0	0.0	24.8	1.332	220.766	8.52	5.412	44.664	70.93	11.872	-16.103	46.6	0.0	187.734	9.82	5.85	0.0	59.175	27.564	-24.384	18.4	2.036	172.234	9.44	5.35	0.0	61.518	27.056	-25.157	24.8	0.0	167.682	9.8	6.037	0.0	59.374	18.483	-10.652	35.8	1.048	217.666	9.62
-1.0	6.225	50.513	0.0	25.82	-8.527	26.0	0.0	190.446	9.92	6.412	55.831	59.71	35.192	-15.214	11.2	1.55	202.458	9.75	5.787	0.0	57.363	26.765	-8.306	31.2	2.137	155.864	9.46	6.6	0.0	63.69	32.867	-2.276	26.2	0.0	204.783	8.4	4.662	0.0	66.703	12.961	-8.384	3.0	0.0	201.005	8.3	5.35	0.0	64.96	0.0	0.0	24.8	1.575	216.117	9.2	5.725	40.943	66.875	12.235	-16.338	46.6	0.0	179.887	9.56	6.037	0.0	60.427	26.692	-24.768	18.4	1.332	168.553	9.74	5.475	0.0	59.882	26.983	-25.403	24.8	2.087	166.519	9.58	6.037	0.0	61.286	18.773	-10.577	35.8	0.0	217.473	9.54
-1.0	6.412	53.172	0.0	26.329	-8.555	26.0	1.919	156.057	10.05	6.162	58.489	59.356	35.12	-15.313	11.2	1.341	161.191	9.99	5.725	0.0	57.253	26.692	-8.332	31.2	0.0	147.436	9.24	6.6	0.0	65.153	33.158	-2.134	26.2	1.76	183.471	8.49	4.412	0.0	67.127	13.325	-8.349	3.0	0.0	209.529	9.44	5.6	0.0	59.403	0.0	0.0	24.8	1.835	190.059	9.12	5.662	42.006	68.082	12.453	-16.324	46.6	0.0	186.765	9.8	5.85	0.0	59.403	27.201	-24.277	18.4	0.0	172.138	10.04	5.6	0.0	58.486	26.765	-25.548	24.8	0.0	158.382	9.3	6.225	0.0	62.85	18.701	-10.578	35.8	1.366	256.221	9.76
-1.0	5.725	53.172	44.925	25.385	-8.471	26.0	0.0	194.902	9.78	6.1	56.362	60.262	35.265	-15.529	11.2	0.0	242.853	10.8	5.662	0.0	52.824	26.983	-8.403	31.2	1.207	119.925	10.18	6.912	0.0	59.434	32.867	-2.206	26.2	1.559	183.859	8.04	4.6	0.0	68.554	13.325	-8.42	3.0	0.0	209.432	10.25	6.037	0.0	55.703	0.0	0.0	24.8	1.81	172.428	9.6	5.85	42.006	65.63	11.654	-16.365	46.6	1.777	203.33	10.6	6.037	0.0	56.406	26.547	-24.555	18.4	1.819	171.944	9.51	5.475	0.0	61.359	26.038	-25.703	24.8	0.0	158.382	9.87	6.475	0.0	59.183	18.919	-10.688	35.8	1.022	237.428	10.82
-1.0	5.912	54.236	0.0	26.184	-8.506	26.0	0.0	209.142	9.75	6.225	57.958	60.4	34.829	-15.478	11.2	1.391	249.73	9.84	5.787	0.0	58.076	26.983	-8.417	31.2	1.073	135.715	9.8	6.787	0.0	61.776	32.722	-2.377	26.2	1.676	196.355	8.02	4.662	0.0	68.952	13.107	-8.398	3.0	0.922	210.498	9.62	5.975	0.0	59.201	0.0	0.0	24.8	1.349	168.65	10.52	5.975	40.411	60.468	11.944	-15.978	46.6	1.349	166.907	10.64	6.225	0.0	56.087	27.346	-24.186	18.4	1.006	161.385	10.2	5.662	0.0	58.161	26.983	-25.367	24.8	1.341	127.384	9.59	6.225	0.0	61.628	18.991	-10.603	35.8	1.031	224.932	10.66
-1.0	6.287	53.172	0.0	26.038	-8.564	26.0	1.617	172.719	10.08	6.162	60.616	59.678	35.12	-15.238	11.2	0.0	151.311	9.38	5.725	0.0	60.283	26.62	-8.348	31.2	2.103	152.473	10.1	7.037	0.0	59.796	32.867	-2.213	26.2	0.0	172.719	8.43	4.725	0.0	67.198	13.397	-8.376	3.0	1.575	204.105	8.91	5.537	0.0	62.306	0.0	0.0	24.8	1.802	176.497	9.41	5.6	42.538	66.968	11.944	-15.979	46.6	1.659	212.145	9.94	6.037	0.0	59.54	26.91	-24.448	18.4	1.366	176.303	9.7	5.475	0.0	60.65	26.91	-24.891	24.8	1.399	179.693	9.5	6.475	0.0	62.123	18.846	-10.565	35.8	1.81	233.844	9.67
-1.0	6.412	59.553	0.0	25.893	-8.517	26.0	0.0	137.846	9.96	6.287	64.338	59.889	35.047	-15.263	11.2	0.0	150.923	9.44	5.725	0.0	60.15	26.62	-8.508	31.2	1.735	132.905	9.64	7.037	0.0	63.217	32.795	-2.285	26.2	1.936	171.556	8.47	5.037	0.0	66.797	13.252	-8.432	3.0	0.0	197.905	9.28	5.6	0.0	60.695	0.0	0.0	24.8	1.617	173.397	9.14	5.725	44.133	68.194	11.799	-15.925	46.6	0.0	189.284	9.4	5.912	0.0	61.852	26.62	-24.619	18.4	0.0	171.363	9.86	5.6	0.0	60.103	26.038	-25.038	24.8	0.0	169.619	9.55	6.35	0.0	62.47	18.919	-10.596	35.8	1.567	173.881	10.42
-1.0	6.35	65.402	0.0	26.329	-8.541	26.0	0.922	195.774	10.14	6.475	69.655	59.11	35.192	-15.227	11.2	0.0	215.245	9.55	5.725	0.0	59.909	26.91	-8.308	31.2	0.0	149.47	10.36	7.225	0.0	59.0	33.086	-2.204	26.2	1.777	159.545	8.77	4.912	0.0	65.456	13.107	-8.381	3.0	0.0	172.331	9.6	5.6	0.0	58.793	0.0	0.0	24.8	1.441	164.776	9.58	5.85	47.323	65.213	12.162	-15.871	46.6	2.011	194.708	9.92	6.162	0.0	59.594	27.128	-24.597	18.4	1.659	151.214	10.34	5.975	0.0	57.921	26.038	-25.374	24.8	1.601	164.194	9.42	6.475	0.0	63.095	19.137	-10.614	35.8	0.0	173.978	10.4
-1.0	6.35	69.124	0.0	25.893	-8.448	26.0	0.0	199.455	9.86	6.725	99.963	60.733	34.829	-15.279	11.2	2.12	187.927	9.8	5.787	0.0	58.448	27.056	-8.282	31.2	0.0	229.291	9.72	6.975	0.0	63.23	32.94	-2.263	26.2	1.886	186.668	9.14	5.412	0.0	64.221	12.961	-8.473	3.0	1.55	228.516	9.4	5.662	0.0	60.2	0.0	0.0	24.8	1.207	167.585	9.27	5.85	49.45	68.272	12.017	-15.791	46.6	1.961	178.822	9.89	6.162	0.0	59.906	27.273	-24.382	18.4	1.433	169.425	10.22	5.85	0.0	58.456	25.966	-25.433	24.8	1.341	160.32	9.16	6.662	0.0	64.446	18.773	-10.592	35.8	1.291	249.246	10.24
-1.0	6.787	70.719	27.649	25.893	-8.567	26.0	0.0	210.207	10.37	7.35	111.661	58.508	35.192	-15.561	11.2	1.886	216.31	9.42	5.537	0.0	60.661	27.128	-8.303	31.2	0.0	229.194	9.82	7.35	0.0	61.95	33.376	-2.028	26.2	2.087	204.686	8.89	4.725	0.0	66.026	13.107	-8.376	3.0	1.718	230.356	8.95	5.6	0.0	63.127	0.0	0.0	24.8	1.358	200.23	9.9	6.225	51.045	63.906	11.872	-15.87	46.6	0.0	169.328	9.76	6.1	0.0	60.745	26.91	-24.576	18.4	1.609	209.917	10.3	5.85	0.0	58.177	27.056	-25.433	24.8	0.0	171.944	9.54	6.975	0.0	62.017	18.773	-10.612	35.8	0.0	240.14	9.72
-1.0	6.787	74.973	0.0	25.53	-8.68	26.0	1.081	149.179	10.35	7.662	122.296	58.592	34.684	-15.551	11.2	1.676	210.111	9.6	5.725	0.0	59.975	26.838	-8.363	31.2	0.964	146.661	9.15	7.037	0.0	66.21	32.65	-2.285	26.2	0.0	178.144	8.99	5.225	0.0	64.749	12.961	-8.401	3.0	1.383	219.119	9.08	5.725	0.0	61.629	0.0	0.0	24.8	1.508	163.516	9.23	5.912	50.513	68.534	12.526	-15.724	46.6	0.0	166.81	9.8	6.037	0.0	60.093	26.983	-24.34	18.4	1.601	172.525	10.68	5.912	0.0	56.506	25.966	-25.455	24.8	0.0	179.306	9.78	7.162	0.0	60.634	18.773	-10.615	35.8	0.0	267.264	9.72
-1.0	6.975	72.846	0.0	25.457	-8.589	26.0	1.408	108.107	10.87	7.85	125.486	57.036	35.12	-15.591	11.2	1.006	120.022	9.33	5.85	0.0	61.642	27.056	-8.447	31.2	1.416	132.034	9.58	7.35	0.0	64.13	32.867	-2.465	26.2	1.969	204.783	8.42	5.1	0.0	68.061	13.252	-8.409	3.0	0.0	185.409	8.77	5.725	0.0	63.684	0.0	0.0	24.8	0.0	156.638	9.45	6.037	51.577	66.784	11.872	-15.516	46.6	1.844	180.081	10.0	5.975	0.0	59.348	27.056	-24.64	18.4	1.45	172.525	9.86	5.725	0.0	60.761	27.273	-24.872	24.8	1.659	154.895	9.61	6.912	0.0	62.339	18.991	-10.603	35.8	1.316	202.845	10.47
-1.0	6.912	75.504	0.0	25.312	-8.574	26.0	1.534	143.174	10.54	7.85	128.145	59.953	34.829	-16.475	11.2	1.668	117.019	9.53	5.787	0.0	60.45	26.983	-8.507	31.2	1.19	162.451	10.71	7.975	0.0	57.891	33.013	-2.681	26.2	1.098	144.336	8.31	4.725	0.0	68.363	13.107	-8.361	3.0	0.0	184.924	9.63	5.725	0.0	59.663	0.0	0.0	24.8	0.0	180.468	9.52	5.975	52.64	66.878	12.308	-15.817	46.6	1.911	189.38	10.46	6.35	0.0	57.647	27.201	-24.553	18.4	1.115	173.009	10.4	6.1	0.0	58.309	25.82	-25.623	24.8	1.391	144.433	9.66	6.975	0.0	62.883	18.919	-10.612	35.8	0.0	212.242	10.78
-1.0	6.912	78.695	0.0	26.111	-8.574	26.0	1.634	189.768	10.22	7.912	129.208	61.419	35.483	-15.996	11.2	1.073	116.922	9.5	5.912	0.0	60.931	26.765	-8.499	31.2	0.0	167.972	10.66	7.85	0.0	59.568	32.577	-2.38	26.2	1.659	167.875	7.72	4.725	0.0	71.588	13.325	-8.383	3.0	0.0	186.184	9.24	5.725	0.0	61.882	0.0	0.0	24.8	1.458	167.004	9.43	6.037	54.236	68.112	11.581	-15.672	46.6	1.961	192.093	10.38	6.287	0.0	58.248	26.62	-24.747	18.4	0.0	181.243	10.42	6.1	0.0	58.4	26.765	-25.418	24.8	1.316	156.735	9.44	7.037	0.0	63.491	18.773	-10.506	35.8	0.0	212.823	10.29
-1.0	6.912	82.948	0.0	26.111	-8.551	26.0	0.0	216.601	10.2	7.725	135.057	59.755	34.974	-16.116	11.2	1.659	229.291	9.58	6.1	0.0	60.716	27.564	-8.512	31.2	1.324	181.825	9.26	7.35	0.0	67.049	32.867	-2.501	26.2	0.0	187.443	8.19	5.35	0.0	69.543	13.107	-8.481	3.0	1.793	201.295	8.6	5.787	0.0	65.481	0.0	0.0	24.8	1.542	193.158	9.39	5.85	56.894	68.618	12.453	-15.477	46.6	1.969	189.574	9.68	6.225	0.0	61.87	27.056	-24.832	18.4	0.905	193.255	10.02	5.6	0.0	60.473	26.838	-25.346	24.8	0.0	174.656	9.54	7.1	0.0	63.48	18.919	-10.703	35.8	1.123	215.535	9.84
-1.0	7.037	86.67	0.0	25.385	-8.565	26.0	2.028	209.917	9.8	8.1	153.135	61.208	34.829	-16.2	11.2	1.416	228.516	9.98	6.1	0.0	59.489	26.692	-8.451	31.2	1.467	205.655	9.86	7.6	0.0	62.889	32.795	-2.588	26.2	0.0	214.567	8.5	5.037	0.0	68.21	13.325	-8.425	3.0	1.953	204.589	8.44	5.662	0.0	65.946	0.0	0.0	24.8	1.508	195.677	9.55	6.287	59.021	67.674	11.799	-15.804	46.6	0.0	201.489	9.4	6.225	0.0	63.708	27.346	-24.618	18.4	1.584	190.349	9.41	5.6	0.0	62.587	26.038	-1.0	24.8	0.0	142.786	9.58	7.412	0.0	63.094	18.846	-10.675	35.8	1.994	237.428	9.28
-1.0	7.225	104.749	0.0	25.239	-8.594	26.0	1.366	206.042	9.86	8.225	163.77	61.161	34.902	-15.906	11.2	1.14	222.122	9.74	6.037	0.0	59.911	27.056	-8.39	31.2	1.953	146.37	8.88	7.162	0.0	68.899	33.086	-2.436	26.2	0.0	197.421	9.12	5.6	0.0	65.463	13.034	-8.457	3.0	1.651	214.179	8.84	5.912	0.0	63.668	0.0	0.0	24.8	1.768	175.819	8.85	6.037	59.021	71.547	12.09	-15.212	46.6	0.0	190.155	9.38	6.287	0.0	63.201	27.201	-24.64	18.4	1.492	206.236	9.92	5.787	0.0	60.8	27.273	-25.411	24.8	1.182	192.771	9.81	8.162	0.0	62.231	18.919	-10.667	35.8	1.324	235.878	9.02
-1.0	7.225	111.13	0.0	26.038	-8.547	26.0	0.0	201.295	10.18	8.787	169.087	59.838	34.974	-16.438	11.2	0.0	255.058	9.24	5.85	0.0	63.513	26.692	-8.345	31.2	1.14	132.227	9.49	7.6	0.0	65.335	32.867	-2.551	26.2	2.087	195.968	8.32	5.162	0.0	69.595	12.961	-8.438	3.0	0.0	213.792	9.04	6.162	0.0	63.813	0.0	0.0	24.8	1.793	180.468	9.22	6.162	58.489	69.284	11.799	-15.62	46.6	0.0	199.842	9.65	6.35	0.0	62.289	27.056	-24.661	18.4	1.433	184.924	9.58	5.787	0.0	63.319	26.62	-25.309	24.8	1.483	160.998	10.3	9.725	0.0	59.164	18.919	-11.119	35.8	0.0	224.641	10.24
-1.0	7.6	121.764	0.0	25.53	-8.614	26.0	1.517	158.77	10.94	9.287	173.873	58.131	35.192	-16.224	11.2	0.947	137.943	9.62	6.1	0.0	61.121	27.056	-8.63	31.2	1.894	162.838	10.07	7.912	0.0	62.981	33.303	-8.182	26.2	1.902	174.656	8.24	5.412	0.0	69.872	13.107	-8.436	3.0	0.0	213.985	9.22	6.1	0.0	63.061	0.0	0.0	24.8	1.232	153.248	9.51	6.412	61.68	68.451	12.017	-15.911	46.6	0.0	200.133	9.58	6.225	0.0	63.263	27.346	-24.403	18.4	1.299	187.346	9.74	5.85	0.0	62.7	26.038	-25.535	24.8	1.668	166.713	10.18	10.287	0.0	63.786	18.701	-11.233	35.8	0.0	225.222	10.22
-1.0	7.787	146.755	0.0	26.038	-8.636	26.0	1.76	164.969	11.0	9.287	180.785	59.159	35.12	-16.637	11.2	1.307	144.723	9.58	6.1	0.0	61.598	26.692	-8.428	31.2	2.07	132.324	9.34	7.787	0.0	68.528	32.94	-2.616	26.2	1.986	201.392	8.08	5.412	0.0	71.082	13.252	-8.509	3.0	1.307	213.21	9.34	6.037	0.0	62.548	0.0	0.0	24.8	1.232	174.656	9.46	6.162	62.743	68.523	12.671	-15.62	46.6	1.81	180.856	9.93	6.537	0.0	61.684	26.983	-24.94	18.4	1.911	178.144	10.2	6.037	0.0	60.588	25.893	-24.98	24.8	1.089	145.983	10.18	10.787	0.0	63.112	18.628	-11.313	35.8	0.0	208.754	10.03
-1.0	8.475	165.365	0.0	25.385	-8.708	26.0	2.078	182.406	11.14	9.537	188.761	58.074	35.192	-16.528	11.2	1.115	135.908	9.79	6.287	0.0	61.035	27.273	-8.457	31.2	1.282	158.285	9.98	8.037	0.0	63.387	32.577	-2.666	26.2	0.0	169.619	7.94	5.412	0.0	71.605	13.034	-8.466	3.0	1.224	206.236	9.76	6.412	0.0	60.287	0.0	0.0	24.8	1.844	161.676	10.21	6.85	62.743	65.24	11.726	-15.845	46.6	1.902	229.485	10.22	6.6	0.0	60.591	26.838	-25.069	18.4	0.0	139.202	10.34	6.037	0.0	60.007	25.893	-24.34	24.8	1.123	190.93	10.1	10.85	0.0	63.351	18.846	-11.35	35.8	0.972	215.148	10.1
-1.0	9.1	169.087	0.0	25.53	-8.775	26.0	1.366	136.586	11.2	9.85	189.824	60.203	34.902	-16.601	11.2	0.0	135.908	9.62	6.225	0.0	61.775	27.201	-8.473	31.2	1.441	129.321	9.98	8.162	0.0	64.031	32.867	-2.857	26.2	0.0	155.864	7.97	5.35	0.0	71.872	13.034	-8.466	3.0	0.0	205.945	9.38	6.35	0.0	62.244	0.0	0.0	24.8	1.969	164.001	9.46	6.1	65.933	69.997	12.162	-17.119	46.6	1.307	183.084	10.24	6.662	0.0	60.221	27.273	-25.926	18.4	1.45	168.941	10.14	5.975	0.0	60.778	26.111	-25.477	24.8	0.0	151.02	10.28	11.35	0.0	63.522	18.701	-11.485	35.8	0.0	199.358	10.33
