-1.0	9.287	7.976	29.712	25.312	-11.912	0.4	0.0	223.769	11.01	7.975	6.912	53.817	34.393	-20.608	40.6	0.0	233.069	10.84	8.662	0.0	53.252	24.949	-2.844	11.2	0.0	204.783	11.36	10.85	0.0	54.138	31.487	-8.699	0.0	1.961	191.608	11.28	10.35	0.0	54.336	11.654	-9.378	24.8	0.0	186.184	10.65	8.975	0.0	54.215	0.0	0.0	0.0	1.559	175.044	11.9	9.912	6.381	54.246	10.274	-25.712	19.0	1.106	140.267	11.02	9.287	0.0	54.568	27.128	-22.241	46.2	0.905	185.893	11.66	9.662	0.0	50.966	26.62	-27.582	0.0	0.0	113.047	11.3	10.225	0.0	53.468	11.508	-25.25	8.6	1.483	212.048	11.86
-1.0	9.037	5.849	0.0	25.167	-11.871	0.4	1.944	200.908	10.92	8.1	8.508	55.06	34.829	-20.864	40.6	0.0	230.453	11.04	8.412	0.0	51.462	25.021	-3.24	11.2	1.257	238.009	11.75	10.85	0.0	51.59	30.979	-8.736	0.0	0.0	219.604	11.13	10.162	0.0	56.81	11.654	-9.361	24.8	0.0	198.196	10.92	9.037	0.0	52.69	0.0	0.0	0.0	2.07	188.605	11.79	9.85	7.444	53.989	11.0	-25.344	19.0	0.0	172.331	11.05	9.35	0.0	54.183	27.273	-22.376	46.2	1.215	212.145	11.58	9.6	0.0	51.475	26.474	-27.557	0.0	0.0	174.947	11.37	10.225	0.0	52.055	11.799	-24.898	8.6	0.0	247.018	11.97
-1.0	9.162	5.317	30.538	25.675	-11.965	0.4	1.944	245.177	10.38	8.1	7.976	62.666	34.684	-23.352	40.6	0.0	239.946	10.66	8.537	0.0	56.031	24.876	-8.326	11.2	2.003	236.556	11.12	10.1	0.0	60.565	30.833	-8.609	0.0	1.76	203.33	10.92	10.037	0.0	59.146	11.872	-9.62	24.8	1.014	231.422	10.81	9.1	0.0	53.848	0.0	0.0	0.0	0.0	184.343	11.82	9.6	5.317	55.61	10.855	-25.481	19.0	0.0	162.257	10.83	9.225	0.0	56.322	27.128	-22.336	46.2	0.0	210.789	11.44	9.475	0.0	53.337	25.748	-27.609	0.0	0.0	151.795	10.88	10.162	0.0	58.559	11.581	-25.805	8.6	0.0	223.285	12.06
-1.0	8.037	5.849	0.0	25.603	-11.855	0.4	1.659	204.88	10.14	7.6	6.381	61.691	34.466	-19.857	40.6	1.953	274.626	9.94	7.725	0.0	59.886	24.731	-2.154	11.2	0.0	244.693	10.81	8.225	0.0	55.014	31.342	-8.244	0.0	0.98	236.556	10.51	9.662	0.0	58.297	11.654	-9.289	24.8	2.112	192.093	9.97	7.787	0.0	62.654	0.0	0.0	0.0	0.0	214.857	11.04	8.6	11.166	59.542	11.0	-25.005	19.0	0.0	188.121	10.04	8.225	0.0	65.515	26.474	-21.011	46.2	0.0	237.815	11.14	8.725	0.0	51.963	25.82	-26.799	0.0	0.0	218.441	10.48	9.162	0.0	63.5	11.872	-25.093	8.6	0.0	213.017	11.06
-1.0	8.1	7.444	0.0	25.239	-11.865	0.4	1.341	164.872	10.13	7.537	9.039	57.772	34.103	-20.052	40.6	0.0	227.741	9.9	7.35	0.0	58.493	24.658	-2.064	11.2	1.601	252.54	10.59	8.6	0.0	57.931	31.124	-8.333	0.0	2.095	181.243	10.4	9.725	0.0	60.821	11.363	-9.311	24.8	0.0	192.19	10.34	7.725	0.0	53.12	0.0	0.0	0.0	1.391	8.525	11.4	8.725	9.039	53.18	10.709	-25.05	19.0	0.913	148.986	10.37	8.287	0.0	55.425	27.128	-21.588	46.2	1.173	302.912	11.04	8.85	0.0	51.584	25.603	-26.847	0.0	0.0	180.275	10.46	8.787	0.0	59.767	11.944	-24.387	8.6	0.0	209.432	11.31
-1.0	8.225	8.508	0.0	25.021	-11.739	0.4	0.0	201.683	10.12	7.35	8.508	57.244	34.321	-19.266	40.6	0.0	242.853	9.68	7.6	0.0	58.313	25.094	-2.515	11.2	0.0	199.746	10.41	9.1	0.0	62.699	30.761	-8.418	0.0	1.81	188.993	10.49	9.85	0.0	57.798	11.363	-9.255	24.8	0.0	207.592	9.87	8.1	0.0	60.047	0.0	0.0	0.0	0.0	192.287	11.05	9.037	11.166	58.469	10.201	-25.275	19.0	0.0	178.144	10.28	8.6	0.0	57.941	26.91	-21.458	46.2	0.0	208.367	10.96	8.975	0.0	54.828	25.893	-26.895	0.0	0.0	227.935	10.38	8.975	0.0	58.626	11.654	-25.366	8.6	0.0	216.504	11.15
-1.0	8.35	7.444	0.0	25.457	-11.906	0.4	2.045	257.964	10.28	7.6	7.976	55.856	34.03	-19.127	40.6	1.433	274.916	10.2	7.912	0.0	57.666	25.021	-2.438	11.2	0.0	228.032	10.84	9.037	0.0	59.192	31.415	-8.373	0.0	2.02	213.404	10.72	9.85	0.0	59.289	11.291	-9.32	24.8	2.053	226.966	10.25	8.537	0.0	59.301	0.0	0.0	0.0	0.947	186.474	11.24	9.662	6.912	61.53	10.855	-25.959	19.0	0.0	195.193	10.08	8.85	0.0	60.568	27.201	-20.753	46.2	1.064	252.152	10.99	9.162	0.0	55.724	25.893	-26.649	0.0	0.0	177.562	10.38	8.725	0.0	56.755	11.726	-24.936	8.6	0.0	273.076	10.83
-1.0	8.225	5.849	0.0	25.675	-12.039	0.4	0.0	212.435	10.1	7.537	6.381	57.679	34.03	-19.42	40.6	1.961	265.326	10.08	8.037	0.0	57.033	24.876	-2.37	11.2	2.129	243.143	10.68	9.162	0.0	58.847	30.761	-8.36	0.0	1.232	233.069	10.66	9.85	0.0	58.524	11.363	-9.284	24.8	1.785	225.803	10.18	8.287	0.0	56.901	0.0	0.0	0.0	1.45	179.693	11.47	8.787	11.166	55.409	10.419	-25.072	19.0	1.249	209.529	10.37	8.85	0.0	55.721	27.056	-20.643	46.2	0.955	224.932	10.98	8.787	0.0	55.099	25.966	-27.133	0.0	1.14	297.681	10.36	8.662	0.0	58.565	11.508	-24.801	8.6	1.115	307.174	11.29
-1.0	8.037	10.634	0.0	24.949	-11.745	0.4	1.374	202.748	10.1	7.6	5.317	56.536	34.103	-19.025	40.6	0.0	246.243	10.03	7.912	0.0	56.054	25.239	-2.475	11.2	0.0	248.859	10.64	9.1	0.0	57.148	31.415	-8.39	0.0	1.844	233.069	10.52	9.725	0.0	55.18	11.581	-9.268	24.8	0.0	221.444	10.22	8.35	0.0	55.758	0.0	0.0	0.0	0.0	206.43	11.4	8.787	6.381	52.999	10.564	-24.731	19.0	0.0	57.638	10.26	9.037	0.0	57.499	26.765	-20.045	46.2	1.844	253.315	10.9	8.725	0.0	54.431	25.893	-26.694	0.0	0.0	143.658	10.18	8.475	0.0	53.997	11.508	-24.393	8.6	1.542	250.893	11.29
-1.0	6.475	3.722	0.0	25.457	-11.363	0.4	0.0	228.128	9.55	6.162	3.19	60.024	34.175	-19.468	40.6	1.383	269.879	9.61	7.6	0.0	58.505	25.021	-2.222	11.2	1.584	224.738	10.08	9.037	0.0	59.418	31.269	-8.41	0.0	0.0	204.88	9.81	9.162	0.0	59.922	11.291	-9.239	24.8	1.592	223.091	9.92	8.225	0.0	56.539	0.0	0.0	0.0	0.997	199.164	11.17	8.85	4.254	55.037	10.201	-24.867	19.0	0.98	183.471	10.12	8.725	0.0	56.598	26.765	-20.497	46.2	0.0	229.291	10.54	8.725	0.0	56.279	26.402	-26.694	0.0	2.137	198.874	9.9	8.537	0.0	58.028	11.654	-24.301	8.6	1.651	243.531	11.2
-1.0	6.412	3.722	0.0	24.949	-11.19	0.4	0.0	237.525	9.07	6.1	2.659	64.181	34.03	-19.348	40.6	0.0	246.437	9.14	7.1	0.0	60.072	25.021	-2.198	11.2	0.0	223.382	9.86	8.35	0.0	62.635	31.633	-8.458	0.0	0.0	227.353	9.61	8.975	0.0	62.283	11.581	-9.216	24.8	0.0	213.404	9.42	7.787	0.0	59.371	0.0	0.0	0.0	1.718	196.161	10.44	8.35	2.659	61.712	10.855	-24.35	19.0	1.852	171.556	9.45	8.162	0.0	61.435	27.056	-20.013	46.2	1.064	233.456	10.04	8.1	0.0	58.369	25.82	-26.456	0.0	0.955	182.406	9.36	7.725	0.0	62.495	11.581	-24.023	8.6	1.123	243.918	10.37
-1.0	5.975	3.722	0.0	24.949	-11.157	0.4	1.207	257.771	8.78	5.725	3.722	65.43	34.321	-18.544	40.6	0.0	241.012	8.78	7.1	0.0	65.815	24.876	-2.378	11.2	1.265	250.602	9.51	8.162	0.0	68.37	31.56	-8.356	0.0	1.735	216.117	9.1	8.787	0.0	66.857	11.581	-9.185	24.8	1.55	196.258	9.21	7.725	0.0	63.787	0.0	0.0	0.0	0.0	194.03	10.17	8.162	3.722	62.489	10.927	-24.512	19.0	0.0	168.553	9.08	8.037	0.0	66.06	27.201	-19.978	46.2	0.0	238.203	9.71	8.1	0.0	61.449	26.111	-26.663	0.0	1.877	204.686	8.92	7.35	0.0	67.639	11.944	-24.009	8.6	0.0	261.064	10.16
-1.0	6.287	2.127	0.0	24.803	-11.14	0.4	1.542	192.868	8.65	5.85	2.659	66.558	34.321	-18.976	40.6	1.098	270.364	8.57	7.1	0.0	65.778	24.367	-2.27	11.2	0.0	267.942	9.3	7.787	0.0	65.053	31.269	-8.269	0.0	1.425	212.629	9.24	8.85	0.0	64.099	11.363	-9.164	24.8	1.14	314.149	9.04	7.6	0.0	61.792	0.0	0.0	0.0	2.011	206.43	9.86	8.037	5.849	65.511	10.782	-24.918	19.0	0.0	192.868	8.76	7.725	0.0	67.421	26.765	-20.755	46.2	2.07	223.672	9.41	7.725	0.0	63.234	26.402	-26.419	0.0	0.0	195.58	8.6	7.1	0.0	66.494	11.654	-23.252	8.6	0.0	275.788	9.73
-1.0	6.1	1.595	0.0	25.167	-11.113	0.4	1.131	200.617	8.48	5.85	2.659	67.829	34.611	-18.086	40.6	0.0	314.73	8.46	6.975	0.0	66.769	24.44	-1.975	11.2	1.592	244.693	9.08	7.662	0.0	66.744	31.269	-8.336	0.0	1.399	190.446	8.9	8.85	0.0	66.794	11.363	-9.157	24.8	2.07	196.936	8.82	7.6	0.0	65.189	0.0	0.0	0.0	1.483	210.401	9.73	7.725	3.19	65.183	11.0	-24.697	19.0	0.0	172.622	8.58	7.725	0.0	67.982	27.419	-19.785	46.2	2.095	248.665	9.41	8.1	0.0	63.122	25.893	-26.765	0.0	1.852	209.529	8.56	7.287	0.0	67.817	11.944	-23.426	8.6	0.0	236.653	9.71
-1.0	5.912	1.595	0.0	25.385	-11.085	0.4	0.0	205.655	8.42	5.662	1.595	67.142	34.175	-18.137	40.6	1.626	181.437	8.33	7.1	0.0	68.849	24.658	-1.981	11.2	0.0	234.231	9.08	7.6	0.0	68.452	31.124	-8.337	0.0	1.969	204.105	8.91	9.162	0.0	66.823	11.581	-9.225	25.0	0.0	238.397	8.75	7.287	0.0	64.375	0.0	0.0	0.0	0.0	246.727	9.62	7.662	2.127	68.903	10.346	-24.002	19.0	0.0	177.272	8.78	7.975	0.0	64.685	26.91	-19.643	46.2	0.0	223.091	9.16	7.912	0.0	64.89	26.111	-26.282	0.0	1.316	180.662	8.56	7.287	0.0	65.968	11.654	-23.313	8.6	0.0	279.566	9.46
-1.0	6.162	1.595	0.0	25.457	-11.217	0.4	1.165	216.407	8.38	5.912	3.19	70.375	34.03	-17.909	40.6	1.257	277.629	7.88	7.037	0.0	71.932	25.021	-1.669	11.2	2.045	198.099	9.07	7.912	0.0	67.423	30.979	-8.328	0.0	0.0	211.467	8.94	9.1	0.0	67.372	11.145	-9.188	25.0	1.852	218.054	8.5	7.537	0.0	67.914	0.0	0.0	0.0	0.0	210.498	9.56	8.037	2.659	70.469	10.855	-24.694	19.0	0.0	182.793	8.2	7.725	0.0	71.184	26.91	-19.891	46.2	1.609	191.221	9.02	7.787	0.0	66.542	26.184	-26.339	0.0	1.768	165.26	8.64	7.537	0.0	72.681	11.581	-24.185	8.6	1.676	195.58	9.61
-1.0	6.287	4.785	0.0	25.094	-11.334	0.4	0.0	192.48	8.35	5.912	0.0	67.724	34.611	-18.295	40.6	0.0	284.216	7.88	7.225	0.0	71.436	24.876	-1.986	11.2	0.0	198.874	8.86	7.912	0.0	71.049	31.269	-8.292	0.0	0.0	184.731	8.92	9.35	0.0	68.045	11.654	-9.198	25.0	0.0	217.279	8.14	7.6	0.0	69.534	0.0	0.0	0.0	0.955	195.096	9.12	7.912	3.722	71.363	10.274	-24.087	19.0	1.986	174.947	8.36	7.85	0.0	69.576	27.564	-19.926	46.2	1.165	204.88	9.15	8.037	0.0	64.916	26.692	-26.537	0.0	1.358	199.067	8.57	7.6	0.0	70.438	12.09	-23.415	8.6	0.955	209.432	9.28
-1.0	6.287	1.063	0.0	25.312	-11.616	0.4	0.0	193.158	8.35	6.225	1.063	69.76	34.538	-17.514	40.6	0.0	243.24	8.0	7.162	0.0	70.223	25.021	-1.856	11.2	0.0	210.111	8.78	8.162	0.0	74.001	30.906	-8.365	0.0	0.0	184.924	8.79	9.412	0.0	69.043	11.145	-9.228	25.0	0.0	213.889	8.06	7.537	0.0	68.906	0.0	0.0	0.0	0.0	194.708	9.52	7.975	2.127	66.523	10.637	-23.425	19.0	0.0	187.443	8.36	7.975	0.0	69.149	27.491	-20.39	46.2	0.0	205.267	9.29	8.225	0.0	63.633	26.111	-26.813	0.0	0.0	180.662	8.49	7.912	0.0	74.045	12.09	-23.29	8.6	0.0	135.23	9.38
-1.0	6.662	0.532	0.0	25.53	-11.325	0.4	0.93	224.641	8.48	6.475	0.0	70.685	34.175	-18.046	40.6	0.0	274.916	8.29	7.162	0.0	69.562	25.167	-1.929	11.2	1.215	211.079	8.74	8.287	0.0	73.993	31.342	-8.442	0.0	0.0	173.009	8.9	9.162	0.0	70.872	11.291	-9.182	25.0	1.659	191.415	8.33	7.662	0.0	66.582	0.0	0.0	0.0	0.0	164.582	9.32	8.162	1.063	74.291	10.274	-23.143	19.0	0.0	187.056	8.58	8.1	0.0	68.225	26.91	-19.572	46.2	0.0	214.954	9.38	8.1	0.0	62.695	26.765	-26.56	0.0	0.0	235.49	8.36	7.912	0.0	74.939	12.09	-23.404	8.6	0.0	138.814	9.28
-1.0	6.475	1.063	0.0	25.385	-11.329	0.6	1.106	218.732	8.34	6.162	1.595	70.975	34.321	-18.066	40.8	1.961	276.079	8.39	7.35	0.0	69.874	25.021	-1.882	11.2	0.0	224.254	8.88	8.287	0.0	74.253	31.124	-8.415	0.0	0.0	170.588	8.85	9.287	0.0	70.598	11.654	-9.212	25.0	0.997	212.435	8.4	7.787	0.0	70.194	0.0	0.0	0.0	1.341	189.187	9.44	8.162	0.532	69.03	10.564	-23.143	19.0	0.0	187.637	8.46	8.35	0.0	71.024	26.91	-20.173	46.2	0.0	231.034	9.34	8.1	0.0	63.53	26.111	-26.456	0.0	0.0	198.292	8.44	7.662	0.0	72.407	11.872	-23.095	8.8	1.894	233.553	9.38
-1.0	6.225	0.532	0.0	25.167	-11.359	0.6	1.416	226.288	8.16	5.975	0.0	69.378	35.265	-17.829	40.8	0.0	261.548	8.16	7.162	0.0	70.042	24.585	-1.856	11.2	0.0	227.353	8.76	8.1	0.0	71.87	31.342	-8.394	0.0	1.902	190.737	8.6	9.037	0.0	69.914	11.581	-9.188	25.0	1.659	203.911	8.38	7.6	0.0	68.322	0.0	0.0	0.0	0.0	216.02	9.42	8.037	2.659	70.866	10.346	-23.788	19.0	0.0	187.346	8.38	8.162	0.0	70.613	27.128	-20.12	46.2	2.003	261.742	9.19	8.287	0.0	65.915	26.474	-26.631	0.0	0.0	103.36	8.18	7.537	0.0	75.156	11.872	-23.281	8.8	1.517	226.482	9.44
-1.0	6.162	4.254	0.0	25.385	-11.282	0.6	1.793	232.875	8.04	5.787	0.532	70.916	34.03	-18.264	40.8	1.693	279.566	8.05	7.037	0.0	70.629	24.731	-1.343	11.2	0.0	220.669	8.98	8.162	0.0	70.57	30.979	-8.419	0.0	1.299	211.757	8.46	8.85	0.0	70.945	11.073	-9.157	25.0	1.634	189.671	8.46	7.912	0.0	68.767	0.0	0.0	0.0	1.291	209.723	9.42	7.912	1.595	71.157	10.709	-22.834	19.0	0.0	187.443	8.1	8.037	0.0	71.558	27.491	-20.408	46.2	0.922	227.257	9.08	8.225	0.0	67.044	25.893	-26.503	0.0	0.0	156.057	8.24	7.412	0.0	71.454	11.726	-23.127	8.8	0.989	231.228	9.24
-1.0	6.287	0.532	0.0	25.53	-11.301	0.6	1.282	295.065	8.02	5.85	0.532	70.649	34.103	-17.799	40.8	1.349	295.162	7.89	7.1	0.0	74.359	24.513	-1.508	11.2	1.584	233.844	8.6	7.85	0.0	73.553	31.124	-8.401	0.0	0.0	188.799	8.42	8.662	0.0	69.614	11.073	-9.191	25.2	0.947	280.438	8.11	7.412	0.0	71.69	0.0	0.0	0.0	0.0	194.321	8.88	7.6	0.0	73.687	10.492	-23.302	19.2	1.953	173.591	8.1	7.975	0.0	71.322	26.692	-20.827	46.2	0.0	200.617	8.72	7.6	0.0	69.244	26.184	-26.475	0.0	1.634	196.936	7.98	7.287	0.0	72.082	11.944	-23.313	9.0	1.106	283.344	9.19
-1.0	5.975	6.381	0.0	25.167	-11.254	0.8	2.112	340.497	7.86	5.85	1.063	72.862	34.393	-17.799	40.8	0.913	330.907	7.83	6.975	0.0	72.908	24.731	-1.504	11.4	0.913	260.192	8.36	7.6	0.0	74.25	31.56	-8.311	0.2	1.358	197.808	8.48	8.912	0.0	72.102	11.654	-9.28	25.4	2.053	236.944	8.04	7.6	0.0	70.416	0.0	0.0	0.2	0.0	214.373	8.85	7.912	1.063	76.434	11.0	-23.86	19.2	1.542	211.467	8.12	7.725	0.0	70.22	27.491	-21.531	46.4	1.366	222.704	8.36	7.537	0.0	69.122	25.603	-1.0	0.2	0.0	116.922	7.65	7.1	0.0	76.182	11.799	-23.027	9.0	0.0	278.694	8.84
-1.0	5.975	1.063	0.0	25.021	-11.189	0.8	0.0	0.097	7.88	5.85	0.0	72.918	34.321	-21.419	41.0	1.919	313.374	7.78	6.787	0.0	71.076	25.094	-1.659	11.4	1.483	298.94	8.2	7.662	0.0	77.124	31.342	-8.327	0.4	0.0	42.138	8.23	9.037	0.0	73.35	11.508	-9.296	25.4	0.0	238.59	7.88	7.162	0.0	70.543	0.0	0.0	0.4	1.433	312.114	8.72	7.537	1.595	73.086	10.419	-26.038	19.4	0.0	140.171	7.88	7.6	0.0	72.062	26.765	-22.62	46.4	0.0	96.676	8.34	7.6	0.0	69.758	26.111	-26.269	0.4	0.0	116.534	7.34	6.975	0.0	75.463	11.872	-22.874	9.4	1.433	310.565	8.84
-1.0	6.162	1.595	0.0	25.385	-11.316	0.8	1.651	223.672	7.69	5.912	0.0	74.496	34.756	-18.69	41.0	0.0	239.268	7.64	6.912	0.0	71.885	24.658	-1.484	11.4	0.0	348.538	8.04	7.6	0.0	78.256	31.415	-8.32	0.4	0.0	42.429	8.0	9.225	0.0	73.869	11.145	-9.183	25.6	0.0	238.59	7.73	7.287	0.0	72.629	0.0	0.0	0.4	0.0	349.797	8.58	7.412	0.0	72.018	10.419	-23.241	19.6	0.0	38.36	7.74	7.6	0.0	71.566	26.983	-22.961	46.6	0.0	55.991	8.2	7.537	0.0	69.519	26.692	-26.038	0.6	0.0	116.341	7.21	6.975	0.0	77.311	11.872	-23.324	9.4	0.0	315.699	8.5
-1.0	5.975	1.063	0.0	25.385	-11.189	1.2	0.98	224.835	7.34	5.787	0.532	77.338	34.611	-20.531	41.2	1.115	255.543	7.42	6.85	0.0	76.784	25.094	-2.113	11.6	0.98	226.191	7.66	7.725	0.0	79.982	31.342	-8.369	0.6	0.0	42.332	7.79	8.662	0.0	75.96	11.799	-9.155	25.8	1.643	225.029	7.44	7.1	0.0	74.419	0.0	0.0	0.6	0.0	349.797	8.68	7.6	0.0	73.104	10.564	-23.075	19.8	0.0	253.605	7.58	7.35	0.0	73.63	26.91	-22.655	46.8	0.0	55.603	7.76	7.537	0.0	76.406	26.62	-25.828	0.8	0.0	116.341	7.24	7.162	0.0	82.423	12.09	-22.821	9.4	0.0	246.631	8.51
-1.0	6.287	0.532	0.0	25.312	-11.14	1.4	1.307	218.151	7.1	5.787	0.532	80.797	34.611	-19.062	41.4	1.131	267.651	7.12	7.1	0.0	81.375	24.367	-1.472	11.6	1.399	240.915	7.8	7.912	0.0	83.141	31.487	-8.408	0.8	1.508	217.957	7.51	8.85	0.0	78.436	11.508	-9.272	25.8	1.14	212.532	7.22	7.225	0.0	76.94	0.0	0.0	0.8	0.0	200.908	8.26	7.35	1.595	77.212	11.363	-23.333	20.0	0.0	180.662	7.5	7.412	0.0	74.94	27.637	-22.674	47.0	0.0	239.365	7.88	7.35	0.0	74.152	25.603	-26.28	1.2	0.0	148.308	7.21	7.35	0.0	84.24	11.654	-23.333	9.8	1.86	245.565	8.28
-1.0	5.975	1.063	0.0	25.094	-11.126	1.6	1.148	219.798	7.02	5.725	0.532	79.282	34.393	-19.046	41.6	1.45	242.756	7.02	6.787	0.0	80.635	24.658	-1.479	12.0	0.0	233.844	7.65	7.787	0.0	81.877	31.633	-8.332	1.2	0.939	204.492	7.49	8.537	0.0	81.148	11.581	-9.204	26.2	1.048	211.467	7.24	7.6	0.0	78.279	0.0	0.0	1.2	0.0	210.304	8.3	7.537	1.595	80.222	11.0	-23.054	20.2	1.718	181.243	7.1	7.6	0.0	79.954	27.346	-22.055	47.2	0.0	228.806	7.84	7.662	0.0	76.046	26.111	-26.498	1.2	1.274	184.343	7.16	7.35	0.0	83.133	11.944	-23.672	10.0	0.0	247.987	8.19
-1.0	5.725	0.0	0.0	25.094	-11.089	2.0	1.383	286.541	6.9	5.725	0.0	81.563	34.902	-18.347	41.8	0.0	266.876	7.11	6.85	0.0	80.005	24.949	-1.427	12.0	1.567	251.571	7.55	7.537	0.0	80.538	31.415	-8.277	1.4	0.964	198.486	7.58	9.037	0.0	78.476	11.363	-9.188	26.4	0.0	258.352	7.21	7.35	0.0	79.906	0.0	0.0	1.4	0.0	200.908	8.16	7.537	1.063	79.656	10.709	-23.281	20.4	0.0	182.696	7.11	7.6	0.0	79.496	27.491	-15.77	47.4	0.0	228.903	7.68	7.6	0.0	76.339	25.457	-26.166	1.4	2.062	204.298	7.02	7.1	0.0	81.875	12.09	-23.365	10.2	0.0	268.232	8.15
