5.8	2.1	0.0	55.187	25.385	-12.874	34.8	1.718	212.532	4.8	3.35	0.0	53.22	33.667	-7.829	28.8	0.0	264.551	5.49	3.35	0.0	49.917	24.077	-11.887	0.0	0.0	210.692	6.28	4.912	0.0	47.894	31.124	-1.212	35.0	0.0	214.857	5.55	3.35	0.0	54.007	11.218	-9.218	0.0	1.115	215.245	5.44	2.6	0.0	54.577	0.0	0.0	0.2	1.835	194.708	6.15	3.538	0.0	53.947	9.038	-1.0	0.0	0.0	191.705	5.16	3.1	0.0	55.266	26.474	-10.905	31.6	2.036	188.799	5.97	3.288	0.0	52.023	20.953	-11.965	0.0	0.0	146.273	5.66	3.413	0.0	49.153	9.256	-25.372	37.2	0.0	252.927	5.7
5.98	2.538	1.063	53.686	24.658	-12.836	34.8	2.112	193.255	4.94	3.475	4.785	51.819	33.667	-7.867	28.8	0.0	263.098	5.4	3.475	0.0	51.346	23.786	-11.994	0.0	0.0	204.589	6.2	4.912	0.0	48.952	30.325	-1.177	35.0	1.475	204.105	5.52	4.1	0.0	54.823	11.291	-9.307	0.0	1.215	215.148	6.0	3.788	0.0	50.047	0.0	0.0	0.2	0.0	211.854	6.72	4.35	0.0	49.295	9.62	-1.0	0.0	0.0	188.605	5.17	2.975	0.0	54.684	26.474	-10.7	31.6	2.028	249.827	6.29	3.6	0.0	49.904	20.735	-12.196	0.0	0.0	158.576	5.61	3.788	0.0	50.114	9.765	-25.121	37.2	0.0	250.99	6.07
6.33	3.163	0.0	51.536	25.239	-12.939	34.8	0.0	204.686	4.88	3.35	3.722	51.751	33.667	-7.812	28.8	1.994	258.255	5.48	3.413	0.0	50.578	24.15	-11.896	0.0	1.006	207.883	6.3	5.225	0.0	48.019	30.107	-1.351	35.0	1.693	204.88	5.42	3.538	0.0	55.538	11.218	-9.184	0.0	1.173	207.883	6.12	4.1	0.0	49.306	0.0	0.0	0.2	0.0	215.826	6.82	4.287	0.0	49.034	9.765	-1.0	0.0	0.0	188.024	5.18	3.225	0.0	54.392	26.402	-10.796	31.6	1.71	219.41	6.38	3.538	0.0	48.854	21.098	-11.829	0.0	0.0	148.501	5.69	4.1	0.0	49.884	9.329	-1.0	37.2	1.106	241.593	6.4
6.39	3.163	0.532	51.694	24.803	-12.884	34.8	0.0	214.663	4.86	3.288	2.659	52.52	33.812	-7.806	28.8	1.643	213.21	5.11	3.475	0.0	52.437	24.15	-11.653	0.0	1.207	208.754	6.06	4.912	0.0	50.688	30.397	-1.109	35.0	1.399	210.692	5.7	3.725	0.0	53.055	11.073	-9.239	0.0	1.71	213.21	6.0	4.1	0.0	50.559	0.0	0.0	0.2	1.274	200.908	6.72	4.162	2.127	50.144	9.038	-1.0	0.0	0.989	181.243	5.34	3.35	0.0	53.917	26.765	-11.634	31.6	0.0	222.316	6.38	3.475	0.0	48.457	21.389	-11.994	0.0	0.0	157.898	5.59	3.913	0.0	51.163	8.893	-25.543	37.2	0.0	224.544	6.36
6.4	3.413	0.0	51.035	24.585	-12.817	34.8	0.0	229.291	4.97	3.538	0.0	51.912	34.03	-7.848	28.8	1.994	232.294	5.29	3.475	0.0	51.122	24.077	-11.819	0.0	1.324	203.33	6.21	5.037	0.0	47.885	30.688	-1.219	35.0	1.676	203.62	5.84	3.663	0.0	51.437	10.927	-9.232	0.0	1.659	225.029	5.36	3.163	0.0	55.296	0.0	0.0	0.2	0.0	196.161	6.29	4.1	0.532	52.307	9.038	-1.0	0.0	0.0	184.731	5.41	3.35	0.0	53.19	26.62	-10.94	31.6	0.0	205.267	6.14	3.413	0.0	50.066	20.662	-11.896	0.0	0.0	167.488	5.48	3.913	0.0	51.178	9.765	-25.259	37.2	0.0	222.704	6.03
6.24	3.225	0.0	52.002	24.658	-12.949	34.8	0.0	194.902	4.96	3.413	0.0	51.315	33.521	-7.81	28.8	0.0	245.952	5.47	3.538	0.0	49.764	23.859	-12.094	0.0	1.291	212.242	6.14	5.037	0.0	49.066	31.051	-1.185	35.0	1.726	208.851	5.47	3.725	0.0	54.23	11.218	-9.239	0.0	1.601	197.324	5.86	3.475	0.0	50.991	0.0	0.0	0.2	1.098	213.985	6.66	4.475	0.532	49.651	9.256	-1.0	0.0	1.508	172.622	5.06	3.163	0.0	55.425	26.62	-10.914	31.6	0.0	233.456	6.28	3.663	0.0	49.145	20.953	-12.805	0.0	0.0	164.194	5.59	4.1	0.0	49.629	9.765	-25.514	37.2	0.922	256.027	6.26
5.67	2.85	0.532	56.62	24.803	-12.62	34.8	0.0	201.974	4.84	3.225	0.0	52.931	33.449	-7.825	28.8	1.291	221.347	5.29	3.475	0.0	50.642	24.077	-11.735	0.0	0.0	210.111	5.82	4.912	0.0	51.853	31.124	-1.212	35.0	1.508	200.036	5.34	3.663	0.0	55.787	11.0	-9.114	0.0	1.492	212.532	5.32	3.475	0.0	54.53	0.0	0.0	0.2	0.0	202.07	5.96	3.85	1.063	54.947	9.402	-1.0	0.0	1.106	176.981	5.28	3.35	0.0	53.614	26.474	-11.178	31.6	1.207	209.432	6.18	3.538	0.0	49.162	20.88	-11.829	0.0	0.0	180.468	5.54	3.725	0.0	50.767	9.402	-25.291	37.2	0.0	225.319	5.61
5.48	2.6	1.063	59.141	25.239	-12.477	34.8	0.0	212.242	4.36	3.038	0.0	58.138	33.739	-7.79	28.8	0.0	230.066	5.04	3.475	0.0	53.638	24.513	-11.819	0.0	0.922	216.407	5.7	4.912	0.0	54.058	30.397	-1.075	35.0	1.617	197.518	5.02	3.663	0.0	59.096	11.363	-9.198	0.0	1.684	202.942	5.08	3.35	0.0	58.508	0.0	0.0	0.2	0.0	194.321	5.8	3.913	0.532	58.337	8.966	-1.0	0.0	1.307	185.118	4.87	3.163	0.0	57.733	26.765	-10.85	31.6	0.0	230.453	5.96	3.6	0.0	53.092	21.171	-11.925	0.0	0.0	153.151	4.9	3.663	0.0	58.109	9.62	-25.27	37.2	0.0	213.21	5.54
5.39	2.538	0.532	59.552	25.094	-12.836	34.8	0.0	181.437	4.25	3.1	0.532	58.348	33.812	-7.787	28.8	0.0	232.003	4.58	3.35	0.0	58.23	23.932	-11.634	0.0	0.0	208.658	6.0	5.1	0.0	50.649	31.124	-1.068	35.0	1.282	201.78	4.88	3.725	0.0	60.231	10.709	-9.217	0.0	1.224	200.908	5.62	3.6	0.0	51.377	0.0	0.0	0.2	1.056	223.866	6.68	4.287	9.571	48.221	9.038	-1.0	0.0	1.257	191.318	5.16	3.35	0.0	54.243	26.256	-10.973	31.6	1.19	243.628	6.18	3.663	0.0	49.101	20.953	-11.848	0.0	0.0	118.472	5.48	3.913	0.0	49.311	9.111	-1.0	37.2	0.0	261.645	5.62
5.27	2.6	0.0	60.295	24.949	-12.792	34.8	1.592	180.275	4.08	2.6	0.0	59.791	33.667	-7.721	28.8	1.785	222.704	4.8	3.35	0.0	57.149	24.367	-11.8	0.0	1.45	216.891	5.16	4.475	0.0	59.6	30.543	-0.998	35.0	0.913	213.307	4.88	3.6	0.0	60.68	10.927	-9.18	0.0	0.0	200.133	4.96	3.288	0.0	59.624	0.0	0.0	0.2	0.0	195.193	5.53	3.475	1.595	60.14	9.256	-1.0	0.0	0.0	191.608	4.94	3.225	0.0	58.258	26.474	-11.418	31.6	0.0	205.655	5.76	3.413	0.0	54.566	20.953	-11.726	0.0	0.0	147.533	4.79	3.35	0.0	59.087	9.474	-1.0	37.2	0.0	225.61	5.18
5.36	2.475	0.0	60.056	25.021	-12.826	34.8	1.416	204.105	3.98	2.6	0.0	60.364	33.594	-7.738	28.8	1.626	218.345	4.7	3.288	0.0	57.563	24.004	-11.791	0.0	1.81	216.117	5.22	4.287	0.0	59.128	30.833	-1.002	35.0	0.0	210.982	4.84	3.475	0.0	60.645	11.145	-9.134	0.0	0.0	196.258	4.85	3.163	0.0	60.563	0.0	0.0	0.2	0.0	188.605	5.53	3.6	1.063	60.225	9.547	-1.0	0.0	0.972	179.112	4.77	2.913	0.0	59.565	26.62	-10.847	31.6	0.913	210.692	5.74	3.225	0.0	54.034	21.244	-11.739	0.0	0.0	141.914	4.76	3.288	0.0	59.28	9.329	-24.953	37.2	1.106	219.604	5.2
5.72	2.538	1.595	55.233	24.731	-13.002	34.8	0.0	190.93	4.38	2.913	3.19	55.497	33.449	-7.769	28.8	0.0	243.24	4.78	3.1	0.0	57.002	24.15	-11.72	0.0	0.0	214.373	5.95	4.35	0.0	49.04	30.325	-0.922	35.0	0.989	206.43	4.9	2.975	0.0	59.614	10.927	-9.118	0.0	1.374	195.774	4.9	3.288	0.0	60.599	0.0	0.0	0.2	0.0	209.529	6.34	3.913	1.595	50.666	9.547	-1.0	0.0	1.215	184.634	5.11	2.975	0.0	55.81	26.329	-10.824	31.6	1.341	203.039	6.01	3.225	0.0	50.41	20.372	-11.824	0.0	0.0	147.145	5.34	3.35	0.0	49.565	9.838	-25.164	37.2	0.0	255.543	5.27
5.62	2.35	3.722	56.236	24.731	-12.751	34.8	0.922	197.905	4.62	3.225	0.0	53.136	33.739	-7.722	28.8	0.0	222.704	4.9	3.163	0.0	54.935	24.077	-11.991	0.0	1.341	212.339	5.64	4.225	0.0	52.987	30.47	-0.847	35.0	0.0	204.686	4.78	3.1	0.0	61.223	10.709	-9.166	0.0	1.693	185.893	5.24	3.225	0.0	55.627	0.0	0.0	0.2	0.0	213.017	6.22	3.6	0.532	53.011	9.765	-1.0	0.0	0.0	181.437	4.78	2.975	0.0	58.29	26.474	-10.921	31.6	0.0	207.204	5.76	2.913	0.0	53.122	21.026	-11.651	0.0	0.0	157.026	5.05	3.225	0.0	54.256	9.256	-25.028	37.2	0.0	258.933	5.38
5.71	1.975	1.063	55.901	25.094	-14.081	34.8	0.0	190.155	4.58	3.163	0.0	53.659	33.449	-7.785	28.8	0.0	211.854	4.84	2.725	0.0	55.538	24.15	-11.792	0.0	1.299	225.416	5.63	4.162	0.0	52.452	31.051	-0.826	35.0	0.0	209.723	4.89	3.038	0.0	58.677	10.782	-9.148	0.0	1.559	198.099	4.79	2.975	0.0	60.917	0.0	0.0	0.2	0.0	195.193	5.45	3.1	0.532	59.816	9.402	-1.0	0.0	0.0	173.3	4.74	3.038	0.0	58.767	26.474	-10.709	31.6	0.0	224.157	5.59	2.913	0.0	55.155	21.607	-11.61	0.0	0.0	139.396	5.09	2.975	0.0	53.645	9.474	-25.225	37.2	0.0	242.465	5.55
5.24	1.538	0.0	60.739	25.312	-12.463	34.8	0.0	195.096	4.52	2.725	0.532	54.266	33.449	-7.708	28.8	0.0	225.707	4.79	2.913	0.0	56.946	24.367	-11.82	0.0	1.022	204.298	5.54	3.788	0.0	53.858	30.543	-0.735	35.0	1.039	196.064	4.8	3.163	0.0	61.31	11.073	-9.14	0.0	1.668	199.649	5.21	2.913	0.0	56.203	0.0	0.0	0.2	0.0	196.743	6.24	3.475	0.532	51.972	9.402	-1.0	0.0	0.922	193.449	4.68	2.663	0.0	58.871	26.474	-10.845	31.6	0.0	226.094	5.76	2.788	0.0	52.945	20.662	-11.801	0.0	0.0	183.859	5.0	2.913	0.0	53.691	9.111	-24.829	37.2	1.031	267.651	5.64
5.59	2.1	1.063	55.563	24.949	-12.657	34.8	0.0	208.464	4.38	2.725	0.0	54.508	33.594	-7.742	28.8	0.0	235.878	4.46	2.663	0.0	58.239	23.641	-11.573	0.0	1.022	210.982	5.66	4.162	0.0	52.337	30.252	-0.893	35.0	0.972	227.353	5.03	2.975	0.0	57.672	11.363	-9.129	0.0	1.383	207.979	5.0	3.163	0.0	57.81	0.0	0.0	0.2	0.0	208.754	6.24	3.725	0.532	51.822	9.184	-1.0	0.0	0.0	187.056	4.86	2.913	0.0	57.674	26.474	-10.632	31.6	1.089	221.154	5.74	2.913	0.0	52.764	21.098	-11.489	0.0	0.0	178.919	5.0	2.913	0.0	54.132	9.474	-24.829	37.2	1.366	256.414	5.0
5.22	1.225	0.532	59.864	24.731	-12.414	34.8	0.0	185.506	4.31	2.725	0.0	55.429	33.739	-7.742	28.8	0.0	246.631	4.71	2.538	0.0	56.184	24.222	-11.721	0.0	1.022	202.167	5.66	3.975	0.0	51.741	30.761	-0.564	35.0	0.93	218.054	4.82	2.788	0.0	60.586	11.073	-9.097	0.0	1.24	207.979	5.54	3.413	0.0	52.735	0.0	0.0	0.2	0.0	222.122	6.36	3.35	0.0	50.879	9.038	-1.0	0.0	1.391	165.744	5.06	2.913	0.0	54.843	26.329	-10.815	31.6	0.913	223.285	5.7	2.6	0.0	53.291	21.026	-11.523	0.0	0.0	153.926	4.96	2.788	0.0	54.126	9.111	-24.788	37.2	1.048	273.076	5.96
5.38	1.35	0.0	57.583	25.167	-12.538	34.8	0.0	191.318	4.17	2.475	0.0	55.697	33.521	-7.718	28.8	1.785	285.863	4.82	2.913	0.0	55.011	23.786	-11.82	0.0	1.182	196.646	5.55	3.975	0.0	53.151	30.543	-0.931	35.0	1.131	230.453	4.88	3.038	0.0	59.187	10.927	-9.126	0.0	1.534	215.342	4.8	2.975	0.0	60.919	0.0	0.0	0.2	0.0	204.976	5.88	3.35	1.063	56.508	9.111	-1.0	0.0	0.0	197.13	4.69	2.725	0.0	58.816	26.692	-10.886	31.6	0.0	211.757	5.47	2.725	0.0	55.516	21.171	-11.582	0.0	0.0	159.932	4.97	2.913	0.0	54.244	9.402	-24.924	37.2	1.232	244.596	5.6
5.32	1.225	0.532	56.624	24.44	-12.518	34.8	1.307	199.455	4.24	3.038	0.0	55.331	33.594	-7.773	28.8	1.006	279.469	4.76	2.913	0.0	54.856	23.714	-11.952	0.0	0.0	201.392	5.66	4.037	0.0	51.382	30.906	-0.852	35.0	1.341	219.604	5.12	2.913	0.0	55.841	10.782	-9.1	0.0	1.366	199.067	5.2	3.038	0.0	55.679	0.0	0.0	0.2	0.0	213.404	6.26	3.35	0.0	51.586	9.111	-1.0	0.0	0.0	188.218	4.68	2.725	0.0	57.446	26.474	-10.919	31.6	0.0	214.373	5.78	3.038	0.0	52.532	20.662	-11.669	0.0	0.0	144.336	5.02	2.85	0.0	52.661	8.966	-24.713	37.2	1.358	254.574	5.64
5.5	1.788	0.0	55.433	25.094	-12.824	34.8	1.592	226.094	4.45	3.225	0.0	54.197	33.739	-7.816	28.8	1.534	289.738	4.71	2.475	0.0	54.995	24.222	-11.755	0.0	0.0	228.032	5.74	4.1	0.0	50.704	30.833	-0.839	35.0	1.542	206.72	5.44	3.038	0.0	53.313	11.073	-9.126	0.0	1.366	220.282	5.57	3.288	0.0	51.937	0.0	0.0	0.2	0.0	200.52	6.18	3.663	0.532	52.112	8.966	-1.0	0.0	1.115	192.48	4.95	2.913	0.0	55.292	26.329	-10.815	31.6	1.056	230.066	5.74	2.538	0.0	52.289	21.171	-11.595	0.0	0.0	144.045	5.08	2.913	0.0	52.225	9.402	-24.924	37.2	1.039	234.716	5.84
5.14	0.85	0.532	58.204	24.803	-12.46	34.8	1.81	196.355	4.36	2.413	0.0	53.979	33.739	-7.728	28.8	0.0	271.042	4.66	2.538	0.0	55.481	24.367	-11.851	0.0	0.972	200.908	5.6	4.1	0.0	52.09	30.543	-0.705	35.0	0.0	200.133	5.14	3.038	0.0	55.728	11.363	-9.093	0.0	1.45	202.167	5.64	3.225	0.0	51.44	0.0	0.0	0.2	0.0	205.655	6.24	3.413	1.063	51.912	9.547	-1.0	0.0	0.939	180.081	5.04	2.725	0.0	54.167	26.62	-10.886	31.6	0.0	221.154	5.6	2.475	0.0	53.395	20.517	-11.425	0.0	0.0	195.871	5.05	2.913	0.0	52.754	9.62	-24.541	37.2	0.0	262.227	5.97
5.54	1.725	0.0	55.148	25.457	-12.441	34.8	0.0	230.26	4.3	2.475	1.063	54.671	33.739	-7.675	28.8	0.0	271.139	4.66	2.538	0.0	54.841	23.786	-12.031	0.0	0.0	213.017	5.68	3.913	0.0	51.295	30.688	-0.777	35.0	1.391	214.179	5.08	2.663	0.0	55.951	10.709	-9.04	0.0	1.341	204.686	5.14	2.663	0.0	55.263	0.0	0.0	0.2	0.0	206.43	6.17	3.413	1.063	51.932	8.966	-1.0	0.0	0.0	185.118	4.95	2.725	0.0	55.03	26.547	-10.919	31.6	0.0	229.291	5.73	2.913	0.0	52.406	20.662	-11.489	0.0	0.0	172.622	5.14	2.85	0.0	52.025	9.111	-24.713	37.2	1.458	252.83	5.61
5.7	2.413	0.0	53.97	24.585	-12.707	34.8	0.0	237.718	4.14	2.725	0.0	55.229	33.739	-7.716	28.8	0.0	263.389	4.98	2.475	0.0	52.003	23.859	-13.164	0.0	0.0	231.034	5.75	4.037	0.0	50.194	30.325	-0.785	35.0	1.265	216.407	5.42	2.975	0.0	53.192	11.218	-9.076	0.0	1.24	220.766	5.03	2.85	0.0	56.146	0.0	0.0	0.2	0.0	204.008	5.9	3.475	1.063	53.35	8.966	-1.0	0.0	0.0	181.243	4.76	2.663	0.0	56.047	26.474	-10.91	31.6	0.0	219.894	5.73	2.538	0.0	52.079	20.953	-11.434	0.0	0.0	148.986	5.08	2.725	0.0	52.017	9.038	-24.577	37.2	0.0	259.03	5.52
5.72	2.288	0.0	53.973	24.513	-12.741	34.8	0.0	293.612	4.16	2.725	0.532	54.942	33.885	-7.75	28.8	1.19	290.513	5.06	2.6	0.0	51.627	23.786	-11.86	0.0	1.374	244.693	5.84	4.412	0.0	49.632	30.47	-0.774	35.0	1.399	205.267	5.33	2.913	0.0	53.886	11.073	-9.19	0.0	1.148	201.78	5.58	3.288	0.0	50.922	0.0	0.0	0.2	1.022	208.754	6.32	3.6	0.532	50.331	9.402	-1.0	0.0	0.997	182.406	5.08	2.975	0.0	53.526	26.402	-10.987	31.6	1.081	228.128	5.77	2.913	0.0	51.756	21.244	-11.529	0.0	0.0	155.476	5.08	2.85	0.0	52.255	9.474	-1.0	37.2	1.106	244.402	5.9
5.8	2.35	0.0	53.778	25.239	-12.751	34.8	0.0	258.352	4.38	3.35	0.532	53.63	33.739	-7.812	28.8	1.534	280.438	5.03	2.725	0.0	51.325	23.423	-11.969	0.0	1.106	229.678	5.82	4.225	0.0	49.871	31.124	-0.78	35.0	1.106	221.832	5.34	2.725	0.0	53.534	10.855	-9.037	0.0	1.358	223.479	5.49	3.225	0.0	52.075	0.0	0.0	0.2	1.299	198.583	6.44	3.725	0.0	49.349	9.038	-1.0	0.0	1.123	188.121	4.9	2.538	0.0	54.614	26.547	-10.86	31.6	1.006	236.556	5.83	2.85	0.0	51.166	20.662	-11.178	0.0	0.0	132.712	5.09	3.038	0.0	51.691	9.402	-25.06	37.2	0.93	241.496	5.86
5.79	2.35	0.0	53.334	24.658	-12.697	34.8	0.0	226.578	4.39	3.35	1.595	53.455	34.03	-7.82	28.8	1.693	277.145	5.09	2.788	0.0	51.333	23.786	-11.978	0.0	1.919	238.203	5.96	4.35	0.0	48.646	31.051	-0.787	35.0	1.19	216.02	5.48	2.725	0.0	52.401	11.073	-9.016	0.0	1.299	219.023	5.27	3.225	0.0	54.083	0.0	0.0	0.2	0.0	210.207	6.32	3.475	0.0	50.392	9.547	-1.0	0.0	0.0	179.984	5.07	2.725	0.0	54.024	26.474	-11.054	31.6	0.0	226.385	5.91	2.913	0.0	50.697	20.953	-11.26	0.0	0.0	170.685	5.1	2.913	0.0	51.364	9.62	-25.018	37.2	1.332	246.34	5.68
5.67	2.1	0.0	54.112	24.513	-12.448	34.8	1.835	278.016	4.4	3.225	0.532	53.516	33.667	-7.816	28.8	1.374	282.763	5.1	2.663	0.0	51.185	23.786	-11.783	0.0	1.701	235.49	5.88	4.225	0.0	49.456	30.397	-1.149	35.0	1.324	192.674	5.48	2.975	0.0	52.519	10.855	-9.107	0.0	0.964	225.61	5.84	3.35	0.0	49.571	0.0	0.0	0.2	1.467	214.179	6.49	3.725	1.595	49.264	9.838	-1.0	0.0	1.198	187.056	5.08	2.788	0.0	53.379	26.402	-10.995	31.6	0.947	232.681	5.9	2.663	0.0	50.696	21.462	-11.413	0.0	0.0	157.995	5.34	3.038	0.0	49.837	9.038	-24.966	37.2	0.98	246.727	6.24
5.77	2.225	1.063	53.567	25.53	-12.468	34.8	2.103	221.832	4.46	3.1	0.0	53.171	33.667	-7.779	28.8	1.458	285.088	5.22	2.725	0.0	50.242	24.731	-12.201	0.0	0.0	252.927	5.9	4.225	0.0	49.034	30.543	-0.847	35.0	1.592	203.717	5.66	2.725	0.0	51.532	11.291	-9.027	0.0	1.056	251.765	6.0	3.6	0.0	48.011	0.0	0.0	0.2	1.475	210.304	6.54	3.35	1.063	48.478	8.893	-1.0	0.0	1.374	184.246	5.4	2.975	0.0	51.526	26.474	-11.055	31.6	1.374	226.966	5.94	2.725	0.0	50.129	21.171	-11.462	0.0	0.0	152.957	5.38	3.163	0.0	49.721	9.329	-25.007	37.2	1.517	260.192	6.04
5.57	1.975	0.532	54.479	25.167	-12.532	34.8	1.986	199.842	4.55	3.288	0.0	52.712	33.667	-7.823	28.8	1.441	272.592	5.3	2.6	0.0	49.59	24.222	-11.95	0.0	0.0	264.164	6.02	4.35	0.0	48.105	30.979	-0.753	35.0	1.684	196.064	5.58	2.85	0.0	51.819	10.782	-9.021	0.0	0.0	246.727	5.88	3.475	0.0	49.122	0.0	0.0	0.2	1.098	216.795	6.6	3.788	0.0	48.181	9.547	-1.0	0.0	1.492	184.537	5.34	2.975	0.0	52.054	26.474	-11.873	31.6	1.316	236.072	6.18	2.975	0.0	48.431	21.244	-11.498	0.0	0.0	143.561	5.32	3.288	0.0	49.894	9.402	-24.953	37.2	1.575	274.432	6.3
6.02	2.163	0.532	51.103	25.167	-12.51	34.8	0.0	282.666	4.72	3.225	1.063	51.252	33.521	-7.808	28.8	2.053	288.866	5.28	2.475	0.0	49.285	24.15	-11.931	0.0	0.939	226.869	6.42	4.662	0.0	46.62	30.615	-1.06	35.0	1.735	205.655	5.72	2.85	0.0	50.911	11.218	-9.021	0.0	1.743	216.02	5.82	3.538	0.0	49.781	0.0	0.0	0.2	1.659	205.655	6.9	3.538	0.0	47.175	9.329	-1.0	0.0	1.467	175.722	5.3	2.913	0.0	52.048	26.62	-11.046	31.6	1.643	216.117	6.27	3.1	0.0	48.504	20.662	-11.849	0.0	0.0	139.396	5.34	3.163	0.0	49.565	9.62	-24.912	37.2	1.978	252.54	6.28
