0.96	2.225	56.894	91.212	24.513	-13.667	35.0	0.0	45.044	-0.25	3.35	70.187	0.0	33.086	-7.82	29.0	0.0	85.342	-0.3	3.475	0.0	78.752	23.786	-12.13	0.4	1.718	59.672	0.97	5.162	0.0	32.852	31.051	-1.019	35.6	1.609	50.082	0.56	6.1	0.0	95.196	11.073	-9.059	0.6	1.517	60.35	-1.0	4.162	0.0	0.0	0.0	0.0	0.8	1.55	39.813	1.14	4.35	44.133	93.261	9.838	-1.0	0.6	1.701	27.995	0.42	5.537	0.0	93.715	26.402	-11.574	32.2	1.24	37.779	-1.0	5.037	0.0	0.0	20.662	-11.116	0.6	0.0	347.084	0.52	2.663	0.0	29.244	8.675	-1.0	37.6	1.349	102.101
1.36	2.6	74.441	91.237	24.513	-13.013	35.0	1.919	52.6	0.13	3.35	75.504	0.0	32.867	-1.404	29.0	0.0	85.633	-0.38	3.35	0.0	78.287	24.004	-12.445	0.4	1.5	50.566	0.68	5.225	0.0	32.89	30.761	-1.109	35.6	1.441	49.501	0.61	6.1	0.0	95.172	11.291	-9.12	0.6	1.265	56.669	-1.0	3.663	0.0	0.0	0.0	0.0	0.8	1.567	39.426	0.72	4.225	39.347	93.244	8.748	-25.172	0.6	1.626	33.904	0.3	5.412	0.0	93.701	26.184	-10.982	32.2	1.282	38.264	-1.0	4.85	0.0	0.0	20.953	-11.361	0.6	0.0	335.848	0.68	2.913	0.0	29.191	9.111	-1.0	37.6	0.955	88.442
1.21	2.6	156.858	91.238	24.513	-13.861	35.0	1.827	55.022	-0.22	3.788	134.525	0.0	32.504	-1.494	29.0	2.095	85.536	-0.44	3.413	0.0	77.896	23.714	-12.261	0.4	1.316	58.316	0.56	5.1	0.0	32.912	30.688	-1.137	35.6	1.408	51.535	0.54	5.975	0.0	95.152	11.145	-9.105	0.6	1.316	53.181	-1.0	3.663	0.0	0.0	0.0	0.0	0.8	1.098	42.332	0.64	4.35	57.958	93.222	8.748	-1.0	0.6	1.14	25.767	0.08	5.412	0.0	93.698	27.056	-11.237	32.2	0.997	38.36	-1.0	5.037	0.0	0.0	21.244	-11.149	0.6	0.0	12.496	0.6	2.788	0.0	29.217	8.893	-1.0	37.6	0.0	93.189
1.05	2.538	98.368	91.236	24.803	-13.659	35.0	0.0	44.463	-0.3	4.1	120.701	0.0	33.086	-7.972	29.0	0.0	85.245	-0.34	3.913	0.0	77.705	23.859	-11.973	0.4	1.684	50.275	0.44	5.225	0.0	32.933	31.633	-0.764	35.6	1.643	45.626	0.67	6.35	0.0	95.189	11.145	-9.15	0.6	1.978	54.247	-1.0	4.162	0.0	0.0	0.0	0.0	0.8	1.441	41.751	0.81	4.85	86.139	93.23	8.893	-25.678	0.6	1.006	25.671	0.48	5.662	0.0	93.731	26.474	-11.241	32.2	0.0	38.07	-1.0	5.225	0.0	0.0	20.953	-11.111	0.6	0.0	0.387	0.94	3.163	0.0	29.146	8.748	-1.0	37.6	1.207	78.077
1.24	2.85	128.676	91.246	25.094	-13.906	35.0	0.0	45.238	-0.02	3.788	117.51	0.0	33.376	-7.795	29.0	0.0	86.117	-0.25	3.663	0.0	77.249	24.004	-12.648	0.4	2.003	50.469	0.66	5.225	0.0	32.889	30.543	-1.178	35.6	1.819	41.751	0.64	6.162	0.0	95.181	11.291	-9.152	0.6	2.07	54.15	-1.0	4.287	0.0	0.0	0.0	0.0	0.8	1.609	37.392	1.02	4.725	79.226	93.248	9.547	-25.045	0.6	1.609	24.605	0.2	5.725	0.0	93.693	26.402	-11.679	32.2	1.316	52.503	-1.0	-1.0	0.0	0.0	21.462	-10.213	0.6	0.0	12.012	0.92	3.163	0.0	29.144	8.966	-24.912	37.6	1.282	82.921
1.54	2.913	69.124	91.286	24.44	-13.065	35.0	2.07	56.475	0.0	3.975	87.202	0.0	33.303	-7.796	29.0	0.0	85.149	-0.34	3.788	0.0	76.967	23.859	-11.954	0.4	1.961	41.945	0.82	5.6	0.0	32.871	30.833	-1.198	35.6	1.919	53.763	0.66	5.85	0.0	95.148	10.927	-9.215	0.6	1.718	57.638	-1.0	4.475	0.0	0.0	0.0	0.0	0.8	1.81	40.588	0.93	4.725	87.734	93.263	8.966	-25.343	0.6	0.0	19.083	0.49	5.725	0.0	93.734	27.056	-11.089	32.2	1.592	28.674	-1.0	5.6	0.0	0.0	20.808	-11.265	0.6	0.0	355.609	0.76	3.163	0.0	29.197	9.038	-1.0	37.6	1.391	96.385
1.23	2.725	110.066	91.264	24.803	-13.091	35.0	0.0	63.353	0.02	3.6	102.622	0.0	33.013	-7.794	29.0	0.0	84.955	-0.3	3.85	0.0	76.593	23.859	-11.963	0.4	1.718	53.278	0.85	5.6	0.0	32.873	31.124	-1.267	35.6	1.81	51.244	0.78	6.1	0.0	95.162	10.927	-9.21	0.6	1.542	60.737	-1.0	4.162	0.0	0.0	0.0	0.0	0.8	1.793	44.754	0.96	4.225	71.251	93.231	9.765	-1.0	0.6	2.103	26.93	0.46	5.6	0.0	93.746	27.056	-10.948	32.2	1.525	40.395	-1.0	5.35	0.0	0.0	21.026	-11.296	0.6	0.0	338.463	0.78	2.913	0.0	29.199	8.675	-1.0	37.6	1.249	104.813
1.1	2.225	63.806	91.25	24.295	-13.419	35.0	2.129	70.328	-0.14	3.163	77.631	0.0	32.577	-7.776	29.0	0.0	85.342	-0.4	3.663	0.0	76.332	23.786	-12.206	0.4	1.525	51.922	0.96	5.225	0.0	32.851	31.197	-1.178	35.6	0.0	48.047	0.69	5.85	0.0	95.156	11.073	-9.037	0.6	1.358	78.949	-1.0	4.1	0.0	0.0	0.0	0.0	0.8	1.475	43.495	0.78	4.287	54.236	93.241	8.675	-25.766	0.6	0.0	30.611	0.58	5.537	0.0	93.759	27.128	-10.881	32.2	1.45	30.32	-1.0	-1.0	0.0	0.0	21.171	-10.332	0.6	0.0	341.95	0.77	2.913	0.0	29.198	9.111	-24.541	37.6	1.089	104.619
1.36	2.288	64.87	91.278	24.803	-14.274	35.0	1.802	57.153	-0.32	3.038	74.973	0.0	32.722	-7.721	29.0	0.0	85.439	-0.28	3.475	0.0	75.827	23.786	-11.735	0.4	1.701	50.663	0.75	5.037	0.0	32.897	31.124	-1.047	35.6	1.701	57.734	0.74	5.787	0.0	95.132	11.363	-9.014	0.6	1.634	64.806	-1.0	3.663	0.0	0.0	0.0	0.0	0.8	1.969	33.808	1.06	4.162	45.196	93.259	9.62	-1.0	0.6	0.0	27.705	0.38	5.225	0.0	93.743	26.983	-11.312	32.2	1.609	30.03	-1.0	5.037	0.0	0.0	20.953	-11.084	0.6	0.0	12.303	1.02	2.788	0.0	29.153	9.038	-1.0	37.6	1.064	91.542
0.92	2.163	68.06	91.242	24.513	-12.997	35.0	0.0	47.466	-0.49	2.913	72.314	0.0	32.94	-7.692	29.0	0.955	90.476	-0.34	3.35	0.0	75.355	23.786	-11.716	0.4	1.567	53.666	0.62	4.662	0.0	32.95	31.197	-0.958	35.6	0.0	45.044	0.46	5.975	0.0	94.704	11.218	-9.137	0.6	1.299	61.512	-1.0	3.663	0.0	0.0	0.0	0.0	0.8	1.592	42.429	0.96	4.1	38.816	93.112	8.966	-25.13	0.6	0.0	34.583	0.34	5.225	0.0	93.751	26.983	-11.016	32.2	1.76	36.326	2.04	-1.0	0.0	36.949	21.389	-10.302	0.6	0.0	351.734	0.39	2.538	0.0	29.299	8.603	-1.0	37.6	1.165	95.998
0.93	2.413	110.066	91.245	24.803	-12.982	35.0	0.0	50.953	-0.22	3.288	114.32	0.0	32.94	-7.771	29.0	0.0	89.217	-0.32	3.538	0.0	75.067	23.786	-11.829	0.4	1.76	44.56	1.07	5.1	0.0	32.861	30.906	-1.275	35.6	1.919	42.623	0.44	5.975	0.0	94.717	11.363	-9.105	0.6	1.852	60.156	-1.0	3.538	0.0	0.0	0.0	0.0	0.8	1.751	45.529	0.52	3.975	63.806	93.03	8.893	-25.28	0.6	2.011	25.477	0.22	5.225	0.0	93.737	26.474	-10.925	32.2	1.416	36.326	2.42	-1.0	0.0	36.891	21.389	-10.332	0.6	0.0	355.9	0.88	2.85	0.0	29.174	9.256	-1.0	37.6	1.207	89.411
1.28	2.85	147.818	91.298	24.731	-13.971	35.0	0.0	51.05	-0.32	3.725	175.468	0.0	32.867	-7.78	29.0	0.0	89.12	-0.39	3.788	0.0	74.638	23.859	-12.179	0.4	1.919	39.038	0.79	5.6	0.0	32.901	31.051	-1.163	35.6	2.087	42.041	0.9	6.1	0.0	94.789	11.363	-9.185	0.6	1.894	59.187	-1.0	4.1	0.0	0.0	0.0	0.0	0.8	1.751	37.779	0.68	4.475	111.13	93.034	9.62	-25.159	0.6	1.994	26.93	0.15	5.537	0.0	93.757	26.62	-11.03	32.2	1.399	36.036	2.22	-1.0	0.0	36.903	21.244	-10.272	0.6	0.0	0.194	0.58	3.038	0.0	29.249	8.966	-1.0	37.6	1.232	82.339
0.97	2.788	113.256	91.276	25.094	-12.988	35.0	0.0	52.213	-0.14	3.788	131.867	0.0	32.795	-7.795	29.0	0.0	90.283	-0.5	3.725	0.0	74.346	23.932	-12.607	0.4	0.0	49.888	0.88	5.787	0.0	32.909	31.197	-1.54	35.6	2.02	46.982	0.6	5.787	0.0	94.743	11.508	-9.172	0.6	2.103	58.413	-1.0	4.287	0.0	0.0	0.0	0.0	0.8	1.978	38.07	0.7	4.6	113.788	93.0	9.474	-25.591	0.6	0.0	22.086	0.22	5.787	0.0	93.737	26.91	-11.194	32.2	1.626	27.511	2.48	-1.0	0.0	36.833	21.098	-10.981	0.6	0.0	333.523	0.87	3.288	0.0	29.207	8.748	-1.0	37.6	1.458	88.248
0.88	2.35	94.115	91.272	24.513	-12.971	35.0	0.0	54.538	-0.3	3.35	82.417	0.0	33.013	-7.76	29.0	0.0	88.636	-0.34	3.663	0.0	74.233	24.004	-12.206	0.4	2.103	53.278	0.64	5.475	0.0	32.952	31.342	-1.712	35.6	0.0	52.697	0.93	5.912	0.0	94.798	11.0	-9.059	0.6	1.668	61.028	-1.0	4.287	0.0	0.0	0.0	0.0	0.8	2.07	43.398	0.88	4.787	101.027	93.01	8.966	-25.56	0.6	0.0	34.389	0.38	5.6	0.0	93.763	26.329	-10.89	32.2	2.036	34.873	2.54	-1.0	0.0	36.871	20.517	-10.425	0.6	0.0	343.597	0.66	2.913	0.0	29.256	9.256	-1.0	37.6	1.617	96.482
1.48	2.975	115.383	91.331	24.803	-13.248	35.0	2.028	69.843	-0.48	3.038	130.272	0.0	32.65	-7.704	29.0	0.0	89.411	-0.54	3.6	0.0	74.166	23.786	-12.104	0.4	1.894	58.606	0.68	5.537	0.0	32.956	30.833	-1.177	35.6	0.0	49.694	0.54	5.662	0.0	94.726	11.291	-9.045	0.6	1.542	64.031	-1.0	4.1	0.0	0.0	0.0	0.0	0.8	1.961	38.264	1.0	4.787	103.685	92.963	9.692	-1.0	0.6	0.0	24.508	0.68	5.787	0.0	93.827	27.419	-11.194	32.2	1.433	44.366	2.48	-1.0	0.0	36.865	21.244	-10.522	0.6	0.0	342.338	0.61	3.1	0.0	29.251	9.256	-1.0	37.6	1.408	91.542
1.18	2.663	103.685	91.312	24.658	-13.195	35.0	2.062	71.393	-0.46	3.225	112.193	0.0	32.577	-7.757	29.0	1.064	89.411	-0.5	3.413	0.0	73.905	24.222	-12.456	0.4	1.927	53.085	0.88	5.787	0.0	32.909	30.979	-1.259	35.6	0.0	42.72	0.84	5.725	0.0	94.772	10.927	-9.131	0.6	1.55	63.256	-1.0	4.412	0.0	0.0	0.0	0.0	0.8	1.953	39.62	0.8	4.975	106.344	92.988	9.038	-25.33	0.6	0.0	26.736	0.56	5.725	0.0	93.793	27.564	-11.027	32.2	1.508	43.301	2.18	-1.0	0.0	36.931	20.662	-10.332	0.6	0.0	355.996	0.74	2.913	0.0	29.262	8.821	-25.296	37.6	1.366	101.52
0.94	2.288	80.29	91.288	24.803	-13.018	35.0	0.0	47.563	-0.5	2.913	78.695	0.0	33.449	-7.7	29.0	0.989	89.508	-0.56	3.475	0.0	73.597	23.859	-12.367	0.4	0.0	40.685	0.62	5.537	0.0	32.95	30.833	-1.212	35.6	0.0	43.204	0.44	5.6	0.0	94.717	11.218	-9.037	0.6	1.978	56.572	-1.0	4.1	0.0	0.0	0.0	0.0	0.8	1.969	36.52	1.04	4.662	87.202	93.054	9.474	-25.803	0.6	0.0	36.423	0.74	5.725	0.0	93.844	27.056	-10.937	32.2	1.659	37.973	2.34	-1.0	0.0	36.915	22.115	-10.489	0.6	0.0	345.147	0.62	2.975	0.0	29.252	9.256	-1.0	37.6	1.534	91.251
0.98	2.6	112.193	91.299	24.949	-13.185	35.0	0.0	51.535	-0.2	3.225	140.374	0.0	32.214	-1.359	29.0	0.0	89.314	-0.62	3.288	0.0	73.363	24.077	-12.194	0.4	0.0	40.879	0.63	5.35	0.0	32.951	31.124	-1.22	35.6	0.0	51.05	0.48	5.662	0.0	94.748	11.436	-9.108	0.6	1.953	57.444	-1.0	3.725	0.0	0.0	0.0	0.0	0.8	0.0	36.326	0.68	4.35	92.519	92.955	9.547	-25.409	0.6	0.0	22.183	0.28	5.6	0.0	93.794	26.474	-11.071	32.2	0.0	34.776	2.28	-1.0	0.0	36.941	20.59	-11.097	0.6	0.0	352.122	0.56	2.975	0.0	29.314	8.821	-1.0	37.6	1.584	92.898
0.76	2.663	163.77	91.281	24.949	-12.802	35.0	0.0	54.053	-0.38	3.35	172.277	0.0	33.594	-7.978	29.0	0.0	88.733	-0.59	3.413	0.0	73.171	23.932	-12.074	0.4	0.0	41.557	0.65	5.475	0.0	32.953	30.833	-1.331	35.6	0.0	48.047	0.5	5.725	0.0	94.754	11.0	-9.165	0.6	2.112	59.478	-1.0	4.162	0.0	0.0	0.0	0.0	0.8	0.0	39.135	0.96	4.725	106.876	92.952	9.547	-25.73	0.6	0.0	30.223	0.36	5.475	0.0	93.855	26.184	-11.148	32.2	2.062	31.676	2.32	-1.0	0.0	36.913	20.953	-10.69	0.6	0.0	12.399	0.55	2.725	0.0	29.28	8.893	-1.0	37.6	1.525	93.189
1.22	2.663	96.773	91.323	24.44	-13.494	35.0	0.0	54.247	-0.72	3.35	136.652	0.0	32.94	-1.5	29.0	1.048	87.473	-0.28	3.6	0.0	72.863	23.568	-12.29	0.4	0.0	52.891	0.68	5.475	0.0	32.956	30.761	-1.47	35.6	0.0	53.86	0.68	5.787	0.0	94.727	11.436	-9.131	0.6	0.0	58.994	-1.0	4.475	0.0	0.0	0.0	0.0	0.8	0.0	47.079	0.86	4.475	107.939	92.964	8.603	-25.548	0.6	0.0	53.569	0.36	5.6	0.0	93.855	26.983	-11.102	32.2	0.0	35.648	2.28	-1.0	0.0	36.941	20.953	-10.656	0.6	0.0	353.672	0.56	2.85	0.0	29.314	9.111	-1.0	37.6	1.626	97.548
0.98	1.725	42.538	91.299	25.239	-14.888	35.0	0.0	68.39	-0.49	2.725	49.982	0.0	32.795	-7.699	29.0	1.668	87.473	-0.42	3.288	0.0	72.611	24.44	-11.666	0.4	0.0	55.41	0.58	5.225	0.0	32.946	31.051	-1.316	35.6	0.0	51.147	0.75	5.412	0.0	94.747	10.855	-9.0	0.6	0.0	64.128	-1.0	3.913	0.0	0.0	0.0	0.0	0.8	0.0	46.304	0.88	4.475	64.338	92.97	8.966	-25.452	0.6	0.0	34.389	0.36	5.537	0.0	93.855	26.256	-11.767	32.2	0.0	33.517	1.83	-1.0	0.0	37.087	20.88	-10.725	0.6	0.0	353.284	0.79	2.85	0.0	29.233	8.675	-1.0	37.6	1.643	88.927
1.2	1.975	78.163	91.317	24.731	-13.377	35.0	0.0	69.552	-0.62	2.288	50.513	0.0	32.577	-7.64	29.0	1.936	83.792	-0.47	3.038	0.0	72.352	24.077	-11.971	0.4	0.0	47.951	0.61	4.85	0.0	33.015	31.415	-0.986	35.6	0.0	51.825	0.46	4.662	0.0	94.665	11.581	-8.99	0.6	0.0	74.88	-1.0	3.788	0.0	0.0	0.0	0.0	0.8	0.0	44.463	0.72	4.1	79.226	92.966	9.038	-1.0	0.6	1.014	37.779	0.2	5.225	0.0	93.85	26.91	-10.865	32.2	0.0	31.676	2.23	-1.0	0.0	37.0	21.026	-10.725	0.6	0.0	353.284	0.88	2.85	0.0	29.208	8.893	-1.0	37.6	1.383	95.32
1.0	2.725	177.595	91.305	24.803	-13.629	35.0	0.0	74.784	-0.43	2.725	180.253	0.0	33.086	-7.716	29.0	1.676	89.508	-0.47	3.35	0.0	72.002	24.15	-11.887	0.4	0.0	52.891	0.7	5.225	0.0	32.99	30.761	-1.247	35.6	0.0	51.147	0.36	4.725	0.0	94.636	11.363	-8.989	0.6	1.902	64.709	-1.0	3.85	0.0	0.0	0.0	0.0	0.8	0.0	51.244	0.76	4.475	115.383	92.977	9.474	-1.0	0.6	1.039	32.161	0.06	5.412	0.0	93.83	26.692	-11.305	32.2	0.0	33.808	2.22	-1.0	0.0	36.999	20.88	-11.019	0.6	0.0	355.609	0.91	3.038	0.0	29.21	9.256	-25.338	37.6	1.341	94.739
1.29	3.35	156.858	91.342	24.876	-13.931	35.0	0.0	63.74	-0.3	3.538	208.434	0.0	32.65	-7.762	29.0	1.391	98.323	-0.77	3.475	0.0	71.691	23.859	-12.223	0.4	0.0	63.934	0.43	5.6	0.0	32.998	30.833	-1.477	35.6	0.0	53.278	0.79	4.975	0.0	94.719	11.145	-8.995	0.6	1.953	63.837	-1.0	4.35	0.0	0.0	0.0	0.0	0.8	0.0	47.563	0.66	4.662	113.788	92.989	9.547	-25.898	0.6	0.0	27.802	0.16	5.787	0.0	93.878	26.765	-11.067	32.2	2.02	40.976	2.0	-1.0	0.0	36.977	21.098	-11.136	0.6	0.0	354.447	0.76	3.163	0.0	29.264	8.748	-1.0	37.6	1.492	89.992
1.36	2.725	109.003	91.36	24.44	-13.148	35.0	0.0	52.019	-0.41	3.35	166.428	0.0	32.94	-7.734	29.0	1.684	95.514	-0.66	3.475	0.0	71.513	24.15	-12.176	0.4	0.0	60.544	0.4	5.412	0.0	33.06	30.761	-1.587	35.6	0.0	50.275	0.38	4.975	0.0	94.681	11.508	-8.979	0.6	0.0	58.413	-1.0	4.412	0.0	0.0	0.0	0.0	0.8	0.0	51.535	0.82	4.662	114.32	92.993	9.62	-25.709	0.6	0.0	43.882	0.26	5.6	0.0	93.867	26.184	-11.009	32.2	2.078	41.363	2.16	-1.0	0.0	36.993	20.662	-10.868	0.6	0.0	0.291	0.82	3.163	0.0	29.269	8.821	-1.0	37.6	1.525	88.539
1.24	2.1	91.988	91.369	24.731	-13.101	35.0	1.131	62.287	-0.49	2.85	88.797	0.0	33.086	-1.384	29.0	1.844	89.314	-0.58	3.413	0.0	71.353	24.004	-12.357	0.4	0.0	48.241	0.54	5.225	0.0	33.008	31.051	-1.144	35.6	0.905	51.147	0.53	4.6	0.0	94.684	10.855	-8.92	0.6	0.0	68.003	-1.0	3.725	0.0	0.0	0.0	0.0	0.8	0.0	41.46	0.66	4.475	94.646	93.009	9.547	-1.0	0.6	0.93	27.802	0.38	5.6	0.0	93.88	26.474	-11.071	32.2	2.02	37.295	2.04	-1.0	0.0	37.045	20.88	-10.725	0.6	0.0	344.76	0.9	2.975	0.0	29.209	9.256	-1.0	37.6	1.86	93.382
0.88	1.788	92.519	91.354	24.658	-13.406	35.0	1.366	48.629	-0.32	2.475	77.1	0.0	32.867	-7.615	29.0	0.0	85.149	-0.7	3.038	0.0	71.254	24.15	-12.155	0.4	0.0	52.697	0.78	5.35	0.0	32.965	30.833	-1.358	35.6	1.115	40.976	0.64	4.537	0.0	94.716	10.782	-8.906	0.6	0.0	59.381	-1.0	3.913	0.0	0.0	0.0	0.0	0.8	0.0	41.945	0.86	4.287	89.329	93.024	9.184	-25.673	0.6	1.24	22.474	0.29	5.475	0.0	93.875	26.62	-11.349	32.2	0.0	39.91	1.66	-1.0	0.0	37.134	21.244	-10.69	0.6	0.0	342.338	0.84	2.975	0.0	29.238	8.821	-1.0	37.6	1.986	96.773
0.88	2.038	118.574	91.334	24.949	-12.92	35.0	1.726	50.566	-0.36	2.538	105.281	0.0	32.795	-7.681	29.0	1.927	86.214	-0.73	2.913	0.0	71.198	23.714	-12.426	0.4	1.249	48.047	0.5	4.912	0.0	33.037	30.543	-1.246	35.6	1.19	48.435	0.5	4.537	0.0	94.637	11.073	-8.952	0.6	0.0	54.344	-1.0	4.1	0.0	0.0	0.0	0.0	0.8	1.048	37.973	0.65	4.037	86.139	92.986	8.893	-1.0	0.6	1.307	14.821	0.32	5.35	0.0	93.883	26.692	-11.034	32.2	0.0	30.901	1.88	-1.0	0.0	37.093	21.607	-10.489	0.6	0.0	325.773	0.76	2.663	0.0	29.264	9.402	-1.0	37.6	2.12	106.266
0.62	1.975	139.311	91.325	24.949	-12.799	35.0	1.45	50.76	-0.31	2.85	153.667	0.0	32.722	-7.694	29.0	1.684	84.374	-0.72	3.163	0.0	71.174	23.932	-12.128	0.4	1.224	40.588	0.53	5.225	0.0	33.007	30.833	-1.661	35.6	0.0	49.985	0.48	4.6	0.0	94.632	10.709	-8.913	0.6	0.0	56.572	-1.0	3.35	0.0	0.0	0.0	0.0	0.8	0.98	40.201	0.84	4.037	94.115	92.959	9.256	-1.0	0.6	1.182	27.027	0.14	5.225	0.0	93.872	27.201	-10.985	32.2	0.0	28.383	2.06	-1.0	0.0	37.047	20.662	-10.555	0.6	0.0	332.263	0.5	2.85	0.0	29.309	9.184	-1.0	37.6	2.011	87.958
0.8	1.85	82.417	91.332	24.876	-13.54	35.0	0.972	65.678	-0.4	2.6	111.661	0.0	33.013	-7.67	29.0	1.601	86.795	-0.74	3.038	0.0	71.195	24.077	-13.318	0.4	0.0	51.632	0.36	4.787	0.0	33.122	30.979	-1.033	35.6	0.0	48.725	0.44	4.412	0.0	94.62	11.508	-8.891	0.6	0.0	67.131	-1.0	3.913	0.0	0.0	0.0	0.0	0.8	0.0	44.754	0.76	4.162	83.48	92.977	9.038	-25.723	0.6	1.056	36.229	-0.05	5.225	0.0	93.838	26.91	-10.985	32.2	0.0	31.289	2.06	-1.0	0.0	37.079	20.808	-10.943	0.6	0.0	330.035	0.58	2.6	0.0	29.316	9.184	-1.0	37.6	1.852	85.342
