-1.0	-5.4	20.205	0.0	24.658	-12.574	0.0	3.955	84.277	-2.62	-5.213	18.078	52.898	33.521	-7.486	0.0	6.746	95.611	-2.48	-3.025	0.0	52.746	23.568	-19.499	0.0	3.469	53.86	-1.22	2.225	0.0	50.455	0.0	-7.858	0.0	3.21	59.575	-2.42	-2.65	0.0	60.077	10.492	-9.24	43.4	1.701	97.548	-2.68	-3.275	0.0	55.34	0.0	0.0	0.0	2.849	47.563	-1.23	1.413	316.374	50.365	7.513	-1.0	0.2	3.629	62.287	-1.38	0.912	0.0	56.246	27.709	-22.534	0.2	2.958	40.395	-0.8	1.663	0.0	50.395	20.88	-7.623	0.2	3.268	14.046	-0.98	4.225	0.0	49.87	11.872	-1.0	0.0	2.112	105.201	-1.39
-1.0	-5.025	20.737	0.0	24.513	-12.57	0.0	4.768	129.031	-2.59	-4.9	18.078	52.124	32.577	-7.519	0.0	7.668	110.916	-2.46	-3.4	0.0	51.941	23.568	-19.898	0.0	2.422	83.114	-1.0	2.35	0.0	48.92	0.0	-7.813	0.0	2.296	68.003	-2.34	-2.775	0.0	57.803	10.128	-9.265	29.2	1.182	104.135	-2.8	-3.212	0.0	58.034	0.0	0.0	0.0	2.891	52.988	-1.12	1.288	307.866	52.104	7.949	-1.0	0.2	1.693	42.235	-1.38	1.475	0.0	50.784	28.073	-22.8	0.2	0.0	29.545	-0.73	1.538	0.0	51.197	20.444	-7.636	0.2	2.028	2.325	-1.1	4.85	0.0	51.729	11.944	-1.0	0.0	1.668	90.961	-1.18
-1.0	-6.15	18.078	0.0	24.367	-12.408	0.0	3.419	96.385	-3.5	-5.4	16.483	60.82	32.65	-7.445	0.0	4.852	92.414	-3.08	-3.962	0.0	59.994	23.641	-18.797	0.0	2.548	76.333	-1.74	0.287	0.0	56.19	0.0	-7.624	0.0	2.036	74.88	-2.96	-2.9	0.0	64.491	9.62	-9.458	29.2	1.676	63.837	-3.44	-3.275	0.0	63.719	0.0	0.0	0.0	2.103	61.9	-2.02	-2.025	19.674	60.089	7.44	-1.0	0.2	2.732	43.495	-2.12	-1.587	0.0	60.7	27.709	-22.977	0.2	1.508	34.098	-1.37	1.163	0.0	56.417	20.88	-0.687	0.2	1.961	15.209	-2.19	3.288	0.0	58.188	11.872	-1.0	0.0	1.45	131.646	-2.23
-1.0	-5.775	19.142	0.0	24.44	-12.461	0.0	3.151	83.986	-2.86	-5.088	16.483	55.566	32.286	-7.478	0.0	5.9	117.309	-3.08	-4.025	0.0	60.103	23.568	-17.929	0.0	1.986	65.581	-1.74	-0.15	0.0	55.03	0.0	-7.584	0.0	2.087	73.137	-2.85	-3.212	0.0	63.16	10.128	-9.445	29.2	0.0	151.02	-3.35	-3.587	0.0	62.352	0.0	0.0	0.0	1.986	51.922	-1.96	-2.275	20.205	58.003	7.876	-1.0	0.2	0.922	50.082	-2.34	-2.025	0.0	59.158	27.782	-21.811	0.2	1.433	48.629	-0.84	1.538	0.0	54.567	19.936	-0.821	0.2	0.0	345.147	-2.35	3.788	0.0	57.16	12.38	-1.0	0.0	1.265	127.868	-2.14
-1.0	-5.775	20.205	0.0	24.222	-12.124	0.0	2.12	93.673	-3.0	-5.4	15.42	56.695	32.504	-7.451	0.0	4.517	95.901	-2.96	-3.9	0.0	57.398	23.133	-18.811	0.0	2.472	77.883	-2.0	-1.962	0.0	55.132	0.0	-7.405	0.0	2.631	86.408	-2.92	-2.962	0.0	64.946	11.145	-9.473	29.2	0.0	78.658	-3.2	-3.65	0.0	60.219	0.0	0.0	0.0	1.86	39.329	-1.94	-2.087	18.61	58.478	7.585	-1.0	0.2	0.955	40.201	-2.32	-1.962	0.0	58.996	27.709	-21.438	0.2	0.0	46.304	-1.34	0.6	0.0	53.948	20.081	-0.367	0.2	2.556	259.32	-2.08	3.788	0.0	57.677	11.872	-1.0	0.0	1.064	103.941	-2.12
-1.0	-6.088	18.61	0.0	24.44	-12.303	0.0	2.715	99.776	-2.95	-5.4	18.078	56.619	32.867	-7.413	0.0	5.732	97.838	-2.86	-3.962	0.0	56.549	22.987	-18.797	0.0	3.134	66.453	-1.84	-2.15	0.0	55.327	0.0	-7.365	0.0	1.969	111.885	-2.9	-2.9	0.0	65.107	10.201	-9.48	29.2	1.819	75.462	-3.2	-3.4	0.0	60.111	0.0	0.0	0.0	2.715	65.0	-1.79	-1.962	18.078	55.419	8.021	-1.0	0.2	1.324	88.539	-2.16	-1.962	0.0	56.743	27.855	-21.34	0.2	1.324	198.486	-1.07	0.975	0.0	52.344	20.081	-0.59	0.2	1.492	329.648	-1.96	2.663	0.0	56.071	11.872	-1.0	0.0	1.81	97.354	-2.04
-1.0	-5.65	18.078	0.0	24.658	-12.422	0.0	4.408	99.582	-2.8	-5.213	15.952	55.18	32.504	-7.492	0.0	6.889	104.91	-2.78	-4.15	0.0	55.211	23.568	-18.468	0.0	2.413	129.224	-2.0	-2.337	0.0	55.217	0.0	-7.286	0.0	1.358	87.086	-2.74	-3.15	0.0	63.073	9.692	-9.497	29.2	1.458	82.63	-3.0	-3.087	0.0	56.695	0.0	0.0	0.0	2.087	116.341	-1.7	-2.087	22.332	53.837	7.585	-1.0	0.2	1.81	33.42	-2.14	-1.837	0.0	57.194	27.491	-20.978	0.2	1.399	50.76	-0.98	0.975	0.0	51.892	20.517	-0.59	0.2	2.087	278.501	-2.06	2.163	0.0	55.151	12.308	-1.0	0.0	1.953	127.771	-1.89
-1.0	-5.213	21.269	0.0	24.731	-12.371	0.0	4.785	115.566	-2.9	-5.088	16.483	55.588	32.504	-7.497	0.0	7.391	129.224	-2.68	-3.962	0.0	53.262	23.714	-23.097	0.0	3.034	88.539	-1.82	-2.212	0.0	54.676	0.0	-7.328	0.0	1.886	70.424	-2.76	-2.9	0.0	61.648	10.201	-9.525	29.2	0.0	84.277	-3.19	-3.837	0.0	60.058	0.0	0.0	0.0	1.173	121.572	-1.78	-2.025	15.42	55.873	7.295	-1.0	0.2	1.374	51.244	-2.24	-2.025	0.0	59.779	27.491	-20.632	0.2	1.601	52.6	-0.97	1.1	0.0	52.068	20.735	-0.514	0.2	1.978	356.771	-2.04	2.038	0.0	53.901	11.944	-1.0	0.0	2.313	104.813	-1.88
-1.0	-5.338	17.547	0.0	24.222	-12.467	0.0	3.997	110.335	-2.88	-5.088	14.357	55.591	32.068	-7.471	0.0	6.738	119.828	-2.69	-4.025	0.0	54.09	23.205	-21.935	0.0	1.986	88.248	-2.14	-2.525	0.0	58.224	0.0	-7.424	0.0	2.296	71.102	-2.7	-2.9	0.0	63.0	10.492	-9.48	29.2	0.939	70.812	-3.18	-3.462	0.0	59.431	0.0	0.0	0.0	1.684	69.552	-1.98	-2.15	17.015	58.111	7.44	-1.0	0.2	1.735	41.17	-2.42	-2.087	0.0	60.65	27.782	-20.616	0.2	1.902	46.401	-1.58	-0.025	0.0	54.256	21.098	0.0	0.2	1.626	319.186	-2.08	1.975	0.0	55.545	12.308	-1.0	0.0	1.768	99.098	-2.02
-1.0	-5.65	22.332	0.0	23.932	-12.596	0.0	2.975	59.478	-3.06	-5.65	18.61	56.265	32.722	-7.411	0.0	5.087	83.017	-3.02	-4.025	0.0	58.441	23.06	-18.879	0.0	2.623	70.037	-2.09	-2.587	0.0	57.397	0.0	-7.257	0.0	1.835	96.385	-2.92	-2.4	0.0	64.446	9.838	-9.582	29.2	1.467	73.137	-3.26	-3.587	0.0	60.834	0.0	0.0	0.0	2.288	68.293	-1.8	-2.025	16.483	55.361	7.077	-1.0	0.2	1.852	51.632	-2.41	-2.025	0.0	59.997	27.637	-20.136	0.2	0.0	59.672	-1.28	0.037	0.0	50.886	20.953	-0.285	0.2	2.455	356.675	-2.23	2.225	0.0	56.648	12.162	-1.0	0.0	1.852	120.215	-2.18
-1.0	-5.275	17.015	0.0	24.15	-12.14	0.0	4.894	97.838	-2.91	-5.275	15.42	56.429	32.795	-7.481	0.0	6.972	103.36	-2.92	-4.275	0.0	57.793	23.496	-18.727	0.0	1.76	102.779	-1.96	-2.462	0.0	55.025	0.0	-7.275	0.0	1.592	60.544	-2.86	-3.275	0.0	63.716	10.782	-9.483	29.2	1.182	88.636	-3.24	-4.15	0.0	60.647	0.0	0.0	0.0	1.358	67.325	-1.96	-1.9	19.142	59.386	7.949	-1.0	0.2	2.204	42.235	-2.26	-2.212	0.0	59.116	27.491	-19.891	0.2	0.905	46.788	-1.41	0.287	0.0	57.701	20.662	-0.11	0.2	2.631	12.303	-2.38	1.225	0.0	56.624	12.235	-1.0	0.0	1.768	113.919	-2.02
-1.0	-5.65	16.483	0.0	24.803	-12.308	0.0	4.844	67.131	-2.96	-5.15	14.888	57.036	32.577	-7.62	0.0	7.467	100.745	-2.79	-4.15	0.0	56.812	23.641	-18.755	0.0	3.159	100.066	-2.18	-2.65	0.0	58.383	0.0	-7.243	0.0	1.617	38.264	-2.88	-2.962	0.0	62.995	9.838	-9.386	29.2	1.299	95.707	-3.22	-3.65	0.0	61.623	0.0	0.0	0.0	0.0	52.31	-1.98	-2.087	15.42	58.444	7.876	-1.0	0.2	1.71	58.509	-2.42	-2.212	0.0	62.272	27.927	-21.953	0.2	1.601	42.72	-1.48	0.225	0.0	55.211	20.227	-0.235	0.2	1.609	0.678	-2.18	1.788	0.0	56.206	12.017	-1.0	0.0	1.232	120.603	-2.2
-1.0	-5.088	18.61	0.0	24.367	-12.059	0.0	4.123	165.938	-2.78	-5.088	14.888	55.888	32.286	-7.522	0.0	7.316	132.615	-2.91	-4.338	0.0	56.904	23.568	-18.522	0.0	1.156	106.363	-2.09	-2.525	0.0	55.288	0.0	-7.27	0.0	1.316	92.511	-2.6	-2.837	0.0	58.371	10.128	-9.602	29.2	0.98	144.045	-3.41	-3.525	0.0	64.041	0.0	0.0	0.0	1.5	52.697	-1.92	-2.15	17.547	58.093	7.876	-1.0	0.2	1.006	43.785	-2.29	-2.025	0.0	58.891	27.709	-19.739	0.2	1.215	47.079	-1.56	-0.025	0.0	54.459	20.517	-0.262	0.2	1.726	354.35	-2.16	1.85	0.0	55.617	12.162	-1.0	0.0	1.022	134.358	-2.09
-1.0	-5.4	15.42	0.0	23.859	-13.721	0.0	4.525	116.244	-2.81	-4.963	22.864	55.771	32.359	-7.501	0.0	7.215	113.047	-2.84	-4.213	0.0	56.72	23.496	-18.741	0.0	1.886	67.131	-2.06	-2.587	0.0	58.403	0.0	-7.288	0.0	1.391	94.061	-2.78	-3.087	0.0	63.731	10.492	-9.851	29.2	0.0	91.348	-3.22	-3.712	0.0	59.452	0.0	0.0	0.0	0.0	67.712	-1.9	-2.087	15.952	56.419	8.094	-1.0	0.2	2.757	35.745	-2.34	-2.275	0.0	60.636	27.709	-19.876	0.2	0.0	44.56	-1.7	-0.275	0.0	55.773	20.372	0.0	0.2	2.983	0.581	-2.02	1.35	0.0	57.101	12.09	-1.0	0.0	1.123	101.907	-1.95
-1.0	-5.213	15.42	0.0	24.367	-12.428	0.0	4.634	103.457	-2.83	-4.963	15.42	56.133	32.359	-7.563	0.0	7.484	108.494	-2.83	-4.275	0.0	56.329	23.278	-19.014	0.0	1.14	88.636	-2.2	-2.525	0.0	57.63	0.0	-7.325	0.0	2.271	67.712	-2.7	-3.025	0.0	58.989	10.346	-9.534	29.2	0.0	87.861	-3.2	-3.525	0.0	61.6	0.0	0.0	0.0	0.0	64.515	-1.96	-2.275	15.952	57.501	7.585	-1.0	0.2	2.464	47.079	-2.45	-2.212	0.0	61.702	27.564	-18.907	0.2	2.397	40.782	-1.62	-0.338	0.0	56.434	20.808	0.0	0.2	2.112	0.0	-2.14	0.037	0.0	54.001	11.799	-1.0	0.0	0.93	113.047	-2.17
-1.0	-5.025	16.483	0.0	24.803	-12.068	0.0	4.442	82.824	-2.96	-5.025	14.888	56.952	32.359	-7.533	0.0	6.662	104.038	-2.96	-4.463	0.0	57.036	23.205	-18.494	0.0	2.279	131.549	-2.1	-2.9	0.0	58.369	0.0	-7.293	0.0	1.224	59.769	-2.5	-2.837	0.0	58.11	9.765	-9.602	29.2	2.363	141.333	-3.42	-3.9	0.0	62.74	0.0	0.0	0.0	2.137	58.413	-2.02	-2.337	16.483	58.548	7.15	-1.0	0.2	2.095	40.782	-2.28	-2.212	0.0	58.644	27.855	-19.693	0.2	1.458	11.334	-1.7	-0.525	0.0	56.478	20.953	0.0	0.2	2.397	11.721	-1.94	-1.337	0.0	54.829	11.944	-1.0	0.0	1.693	71.393	-2.04
-1.0	-5.275	15.42	0.0	24.585	-12.306	0.0	4.391	111.885	-2.84	-5.088	14.888	56.216	32.432	-7.522	0.0	6.687	117.794	-2.86	-4.338	0.0	55.678	23.133	-18.427	0.0	2.02	72.652	-2.18	-2.962	0.0	58.383	0.0	-7.318	0.0	1.785	75.074	-2.6	-2.775	0.0	59.746	9.765	-9.633	29.2	1.743	98.226	-3.36	-3.712	0.0	63.044	0.0	0.0	0.0	0.0	34.389	-1.94	-2.337	15.42	57.755	7.803	-1.0	0.2	2.271	35.551	-2.34	-2.212	0.0	58.855	27.637	-19.397	0.2	1.751	29.255	-1.82	-1.025	0.0	55.641	20.808	0.0	0.2	2.464	352.897	-2.12	-2.65	0.0	56.553	11.944	-1.0	0.0	1.844	106.266	-2.11
-1.0	-5.338	19.674	0.0	24.077	-12.41	0.0	3.402	70.909	-2.98	-5.275	11.166	57.367	32.867	-7.512	0.0	5.405	113.531	-2.92	-4.338	0.0	56.539	23.568	-18.904	0.0	1.877	90.864	-2.23	-2.775	0.0	57.959	0.0	-7.295	0.0	1.751	61.319	-2.87	-3.087	0.0	63.077	10.419	-9.573	29.2	0.0	84.083	-3.32	-3.962	0.0	61.364	0.0	0.0	0.0	2.011	64.903	-2.14	-2.212	14.888	59.191	7.803	-1.0	0.2	1.81	41.848	-2.42	-2.337	0.0	60.84	27.855	-19.073	0.2	0.93	51.05	-2.04	-1.775	0.0	57.265	20.88	0.0	0.2	2.338	334.685	-2.52	-2.962	0.0	56.714	12.017	-1.0	0.0	1.584	86.505	-2.2
-1.0	-5.463	14.888	0.0	24.585	-12.223	0.0	2.631	125.253	-3.0	-5.15	13.825	57.28	32.577	-7.516	0.0	4.861	119.44	-3.14	-4.525	0.0	59.411	23.714	-18.576	0.0	1.726	74.105	-2.26	-3.025	0.0	60.404	0.0	-7.328	0.0	1.433	43.785	-2.93	-3.15	0.0	62.076	9.838	-9.566	29.2	0.0	83.695	-3.48	-3.837	0.0	63.527	0.0	0.0	0.0	1.601	62.675	-2.24	-2.4	14.888	60.271	7.876	-1.0	0.2	2.43	52.988	-2.61	-2.462	0.0	63.761	27.782	-19.338	0.2	1.249	50.179	-2.19	-2.4	0.0	58.88	21.098	0.0	0.2	1.902	6.297	-2.52	-3.462	0.0	57.273	12.017	-1.0	0.0	0.0	138.136	-2.2
-1.0	-5.338	16.483	0.0	24.585	-11.867	0.0	4.349	123.509	-2.95	-5.213	17.015	56.451	32.432	-7.529	0.0	7.006	124.284	-3.04	-4.463	0.0	57.746	23.423	-19.067	0.0	1.098	64.903	-2.36	-3.087	0.0	58.852	0.0	-7.338	0.0	1.718	70.037	-2.96	-3.087	0.0	63.087	10.346	-9.597	29.2	0.0	78.077	-3.58	-3.9	0.0	65.009	0.0	0.0	0.0	1.324	46.691	-2.24	-2.462	14.888	59.834	7.295	-1.0	0.2	1.86	16.952	-2.51	-2.462	0.0	59.597	27.637	-19.633	0.2	1.156	16.08	-2.38	-2.775	0.0	57.156	20.372	0.0	0.2	2.38	11.431	-2.42	-3.15	0.0	57.54	12.235	-1.0	0.0	0.997	114.209	-2.32
-1.0	-5.713	10.634	0.0	25.021	-12.299	0.0	3.478	114.016	-3.0	-5.4	13.825	57.558	33.158	-7.544	0.0	6.168	121.862	-2.99	-4.525	0.0	56.975	23.786	-17.915	0.0	2.346	116.437	-2.36	-2.962	0.0	59.896	0.0	-7.348	0.0	2.045	58.413	-3.04	-3.15	0.0	63.737	10.201	-9.452	29.2	0.0	82.533	-3.54	-4.025	0.0	63.065	0.0	0.0	0.0	1.467	68.487	-2.45	-2.462	13.293	62.428	7.658	-1.0	0.2	2.422	43.785	-2.58	-2.587	0.0	61.328	27.855	-19.407	0.2	1.86	39.813	-2.64	-3.087	0.0	60.939	20.299	0.0	0.2	2.212	12.206	-2.66	-3.275	0.0	57.557	12.017	-1.0	0.0	0.0	121.475	-2.46
-1.0	-6.025	16.483	0.0	24.44	-11.982	0.0	3.662	103.651	-3.1	-5.4	13.293	57.181	32.577	-7.507	0.0	6.185	99.291	-3.26	-4.463	0.0	60.182	23.423	-18.494	0.0	2.053	65.387	-2.36	-2.962	0.0	60.742	0.0	-7.333	0.0	1.668	66.937	-3.12	-3.087	0.0	64.463	9.983	-9.527	29.2	0.0	84.567	-3.5	-3.712	0.0	62.245	0.0	0.0	0.0	2.363	43.979	-2.52	-2.65	12.23	62.764	7.876	-1.0	0.2	1.467	35.842	-2.74	-2.4	0.0	62.109	28.073	-19.255	0.2	0.0	37.489	-2.68	-3.087	0.0	60.334	21.171	0.0	0.2	1.768	0.581	-2.88	-3.337	0.0	60.3	12.017	-1.0	0.0	1.257	92.317	-2.5
-1.0	-5.713	15.42	0.0	24.513	-12.47	0.0	4.584	94.545	-3.06	-5.213	12.761	56.936	32.432	-7.523	0.0	7.819	116.05	-3.08	-4.4	0.0	56.822	23.423	-18.508	0.0	2.799	118.375	-2.42	-3.212	0.0	59.804	0.0	-7.243	0.0	1.525	83.114	-3.18	-3.15	0.0	65.761	9.983	-9.452	29.2	1.542	44.657	-3.45	-3.837	0.0	59.742	0.0	0.0	0.0	1.609	106.944	-2.56	-2.525	13.825	61.683	7.731	-1.0	0.2	1.098	47.66	-2.75	-2.525	0.0	62.563	27.709	-19.323	0.2	0.0	45.626	-2.73	-3.15	0.0	60.407	20.154	0.0	0.2	1.936	328.679	-3.04	-3.212	0.0	57.552	11.872	-1.0	0.0	1.634	129.031	-2.6
-1.0	-5.838	14.357	0.0	24.513	-12.226	0.0	3.352	108.3	-3.12	-5.088	13.293	56.927	32.432	-7.559	0.0	6.771	106.072	-3.21	-4.463	0.0	58.795	23.496	-18.685	0.0	2.564	101.423	-2.52	-3.15	0.0	60.524	0.0	-7.263	0.0	1.71	57.638	-3.18	-3.587	0.0	65.317	9.91	-9.317	29.2	0.955	90.573	-3.68	-3.837	0.0	63.755	0.0	0.0	0.0	1.433	63.159	-2.4	-2.775	13.825	60.244	7.803	-1.0	0.2	2.011	69.068	-2.76	-2.525	0.0	62.374	27.855	-19.03	0.2	0.0	41.751	-2.78	-2.962	0.0	60.698	20.372	-7.137	0.2	1.282	15.693	-3.06	-3.525	0.0	59.615	11.944	-1.0	0.0	1.919	121.959	-2.66
-1.0	-5.713	22.332	0.0	24.367	-12.243	0.0	4.048	137.458	-3.1	-5.213	12.761	56.93	32.577	-7.536	0.0	7.023	124.381	-3.36	-4.65	0.0	61.33	23.568	-18.359	0.0	2.187	81.371	-2.6	-3.275	0.0	59.5	0.0	-7.299	0.0	1.617	62.578	-3.21	-3.212	0.0	65.885	10.274	-9.401	29.2	0.913	79.53	-3.68	-3.837	0.0	62.934	0.0	0.0	0.0	1.291	56.669	-2.51	-2.65	13.825	61.853	7.585	-1.0	0.2	1.282	25.767	-2.75	-2.525	0.0	60.92	27.782	-18.932	0.2	0.0	67.131	-2.7	-3.025	0.0	60.575	20.299	0.0	0.2	2.003	333.813	-2.9	-3.4	0.0	60.161	12.017	-1.0	0.0	1.324	92.123	-2.68
-1.0	-6.15	13.293	0.0	24.44	-12.127	0.0	2.749	78.465	-3.22	-5.4	10.634	58.243	32.65	-7.556	0.0	6.126	91.736	-3.36	-4.588	0.0	60.654	23.35	-18.372	0.0	1.726	89.314	-2.7	-3.212	0.0	63.08	0.0	-7.327	0.0	1.894	70.037	-3.24	-3.15	0.0	65.88	10.128	-9.898	29.2	0.0	76.818	-3.78	-4.025	0.0	63.526	0.0	0.0	0.0	1.031	72.362	-2.8	-2.775	13.293	64.994	7.295	-1.0	0.2	2.162	56.572	-2.95	-2.712	0.0	65.49	27.855	-18.889	0.2	1.19	23.927	-2.96	-2.962	0.0	62.66	20.808	0.0	0.2	1.559	21.796	-3.08	-3.462	0.0	60.103	12.235	-1.0	0.0	1.332	133.583	-2.54
-1.0	-6.088	14.357	0.0	24.15	-12.027	0.0	4.542	111.885	-3.56	-5.463	11.698	61.753	32.214	-7.514	0.0	6.788	118.762	-3.52	-4.525	0.0	62.856	23.568	-18.481	0.0	3.117	99.679	-2.9	-3.4	0.0	64.001	0.0	-7.288	0.0	1.978	64.612	-3.38	-3.4	0.0	69.49	11.0	-9.402	29.2	1.374	91.639	-3.94	-3.837	0.0	67.041	0.0	0.0	0.0	1.986	60.641	-2.66	-2.712	17.015	64.756	7.803	-1.0	0.2	2.17	20.536	-3.04	-2.775	0.0	65.761	27.782	-18.681	0.2	1.064	46.304	-2.78	-2.9	0.0	61.618	21.244	-7.198	0.2	2.439	16.565	-3.2	-3.775	0.0	64.527	12.09	-1.0	0.0	1.341	110.335	-2.94
-1.0	-6.525	15.952	0.0	24.731	-12.075	0.0	3.779	90.767	-3.28	-5.588	13.293	59.988	32.432	-7.497	0.0	7.132	96.676	-3.53	-4.4	0.0	63.677	23.714	-18.604	0.0	2.439	80.305	-2.76	-3.15	0.0	64.026	0.0	-7.302	0.0	2.422	75.462	-3.41	-3.212	0.0	67.782	10.419	-9.359	29.2	0.905	83.502	-4.0	-3.962	0.0	66.876	0.0	0.0	0.0	1.617	66.743	-2.62	-2.712	13.293	64.447	7.731	-1.0	0.2	2.447	50.275	-3.0	-2.775	0.0	66.236	27.927	-18.972	0.2	1.743	58.316	-2.8	-2.9	0.0	62.822	20.299	0.0	0.2	3.117	5.328	-3.45	-3.587	0.0	63.214	12.09	-1.0	0.0	1.919	130.871	-2.86
-1.0	-6.088	13.825	0.0	24.585	-12.081	0.0	2.732	93.382	-3.54	-5.463	11.166	62.959	32.432	-7.471	0.0	5.363	107.332	-3.54	-4.525	0.0	63.198	23.205	-18.386	0.0	2.958	85.633	-2.76	-2.9	0.0	65.656	0.0	-7.293	0.0	2.883	61.222	-3.46	-3.4	0.0	69.247	10.492	-9.469	29.2	1.316	75.365	-3.85	-4.213	0.0	65.689	0.0	0.0	0.0	2.38	68.196	-2.76	-2.775	11.698	66.644	7.876	-1.0	0.2	3.126	38.554	-3.01	-2.775	0.0	66.985	27.927	-19.362	0.2	2.196	24.895	-3.02	-3.15	0.0	65.137	20.227	0.0	0.2	2.732	16.371	-3.2	-3.4	0.0	63.55	11.799	-1.0	0.0	1.609	120.409	-2.81
-1.0	-6.15	13.293	0.0	24.658	-12.018	0.0	4.693	72.362	-3.74	-5.713	10.634	64.561	32.722	-7.487	0.0	7.366	87.861	-3.59	-4.525	0.0	64.929	23.641	-18.197	0.0	4.257	71.587	-2.8	-3.462	0.0	65.857	0.0	-7.221	0.0	2.238	60.447	-3.38	-3.087	0.0	68.553	9.765	-9.437	29.2	2.556	68.778	-4.0	-3.962	0.0	68.433	0.0	0.0	0.0	3.084	46.207	-2.81	-2.9	11.698	67.229	8.021	-1.0	0.2	2.137	42.429	-3.02	-2.837	0.0	65.816	27.927	-19.055	0.2	1.307	50.275	-2.98	-3.087	0.0	64.488	20.735	0.0	0.2	2.581	17.146	-3.02	-3.4	0.0	64.006	11.944	-1.0	0.0	2.053	89.508	-2.71
