6.31	2.6	0.532	72.63	25.82	-10.188	34.8	1.919	186.184	5.18	3.163	6.381	71.813	33.957	-7.951	28.8	1.475	266.004	5.9	3.85	0.0	71.179	25.021	-8.762	0.0	1.735	212.629	6.54	5.037	0.0	72.315	31.705	-1.733	35.0	1.257	209.917	6.06	5.162	0.0	73.578	11.218	-9.001	0.0	0.0	207.108	5.81	3.538	0.0	75.595	0.0	0.0	0.2	0.0	187.54	6.42	4.1	1.595	74.337	10.782	-24.634	0.0	1.282	176.497	5.94	4.6	0.0	71.499	26.474	-11.95	31.6	0.0	200.52	6.63	4.412	0.0	70.303	24.004	-24.226	0.0	0.0	152.086	5.9	3.788	0.0	74.205	10.709	-23.504	37.2	1.751	214.179	6.01
6.36	2.538	1.063	72.099	24.803	-10.205	34.8	2.045	181.243	5.24	3.413	0.0	71.722	34.03	-7.968	28.8	1.492	271.042	5.86	3.663	0.0	71.12	24.876	-8.748	0.0	1.307	205.558	6.07	4.35	0.0	74.215	31.415	-1.693	35.0	0.0	185.021	6.12	5.225	0.0	72.874	11.218	-9.001	0.0	0.0	201.199	5.92	3.475	0.0	74.866	0.0	0.0	0.2	0.0	194.224	6.35	4.1	0.532	74.93	10.419	-25.032	0.0	1.198	188.412	5.82	4.475	0.0	72.172	26.402	-11.604	31.6	0.0	203.911	6.64	4.35	0.0	70.724	24.585	-23.892	0.0	0.0	156.445	5.93	3.788	0.0	74.388	10.782	-23.293	37.2	1.693	205.073	6.08
6.42	3.1	1.063	71.774	25.82	-10.278	34.8	0.0	204.686	5.2	3.35	0.0	71.663	33.594	-8.002	28.8	2.129	219.119	5.69	3.475	0.0	71.837	24.585	-8.748	0.0	0.0	187.831	6.04	4.225	0.0	73.625	30.688	-1.715	35.0	0.0	176.206	6.0	5.225	0.0	73.029	10.855	-8.978	0.0	0.0	206.042	5.82	3.85	0.0	74.315	0.0	0.0	0.2	0.0	169.91	6.38	4.037	0.532	73.745	10.709	-24.713	0.0	0.0	176.109	5.74	4.725	0.0	71.278	26.474	-11.802	31.6	0.0	181.921	6.7	4.35	0.0	69.288	24.367	-24.205	0.0	0.0	132.808	6.12	3.85	0.0	73.13	10.782	-23.313	37.2	2.112	236.556	6.12
6.74	3.475	0.0	70.743	25.893	-10.302	34.8	0.989	207.689	5.31	3.6	0.0	71.142	33.594	-7.987	28.8	1.76	242.853	6.02	3.85	0.0	70.185	24.585	-8.791	0.0	1.123	211.854	6.39	4.725	0.0	72.98	31.124	-1.59	35.0	0.0	200.036	6.26	5.225	0.0	72.079	10.927	-8.978	0.0	0.0	216.795	5.72	3.6	0.0	74.522	0.0	0.0	0.2	0.0	188.993	6.41	4.225	0.532	73.342	9.547	-24.876	0.0	0.997	169.328	5.78	4.725	0.0	70.818	26.547	-11.642	31.6	0.0	181.825	6.82	4.6	0.0	69.39	24.295	-23.867	0.0	0.0	136.296	6.07	4.162	0.0	73.299	10.564	-23.304	37.2	1.81	236.169	6.3
6.44	2.975	0.0	71.493	25.82	-10.237	34.8	0.0	187.056	5.36	3.413	0.0	70.866	33.739	-7.968	28.8	2.028	264.745	5.72	3.663	0.0	70.023	24.731	-8.777	0.0	0.0	171.169	6.46	4.662	0.0	72.377	30.906	-1.737	35.0	0.0	190.93	6.28	5.225	0.0	72.135	10.855	-9.04	0.0	0.0	207.204	5.97	3.788	0.0	73.61	0.0	0.0	0.2	0.0	188.509	6.64	4.287	1.063	72.773	10.637	-24.797	0.0	0.0	169.522	5.96	4.412	0.0	70.696	26.474	-11.795	31.6	0.0	184.731	6.88	4.412	0.0	68.445	24.367	-23.807	0.0	0.0	149.276	5.97	4.225	0.0	74.321	10.128	-23.957	37.2	0.0	256.705	6.55
6.37	2.975	0.0	71.868	25.239	-10.287	34.8	0.0	185.118	5.28	3.475	3.19	70.954	33.521	-7.991	28.8	1.458	260.773	5.75	3.6	0.0	71.124	25.021	-8.799	0.0	0.0	202.555	6.12	4.287	0.0	73.692	31.342	-1.405	35.0	0.0	182.793	6.09	5.412	0.0	72.226	11.0	-9.07	0.0	0.0	213.598	5.83	3.788	0.0	73.963	0.0	0.0	0.2	0.0	180.662	6.54	4.287	0.0	72.393	9.983	-25.193	0.0	0.913	177.272	5.97	4.6	0.0	69.361	26.765	-11.584	31.6	2.028	201.392	7.08	4.475	0.0	66.248	24.367	-23.721	0.0	0.0	140.074	5.99	3.788	0.0	74.072	10.128	-23.608	37.2	1.651	230.744	6.7
6.24	2.725	0.532	72.049	25.239	-11.462	34.8	0.0	189.574	5.2	2.725	1.063	71.094	33.594	-7.809	28.8	1.106	204.589	5.68	3.475	0.0	70.642	25.021	-8.785	0.0	0.0	196.549	6.0	4.162	0.0	74.175	31.269	-1.627	35.0	0.0	185.506	6.06	5.1	0.0	72.4	11.363	-9.001	0.0	0.0	213.404	5.75	3.788	0.0	73.997	0.0	0.0	0.2	0.0	178.531	6.68	4.287	0.0	71.826	10.855	-25.095	0.0	1.022	177.272	5.92	4.662	0.0	69.562	26.62	-11.711	31.6	2.011	190.543	7.1	4.6	0.0	66.278	24.077	-23.549	0.0	0.0	145.111	5.96	4.1	0.0	74.268	9.838	-23.497	37.2	1.802	269.201	6.56
6.27	2.85	0.0	71.978	25.385	-10.196	34.8	0.0	200.133	5.16	2.913	0.0	71.267	34.248	-7.918	28.8	0.0	246.243	5.72	3.475	0.0	71.014	24.658	-8.8	0.0	0.0	201.392	5.84	3.913	0.0	74.142	30.906	-1.209	35.0	1.986	174.172	6.12	5.225	0.0	72.335	11.508	-9.024	0.0	0.0	211.854	5.9	3.538	0.0	72.728	0.0	0.0	0.2	0.0	176.594	6.66	4.037	0.0	70.754	10.128	-24.912	0.0	0.0	185.699	6.07	4.475	0.0	68.0	26.474	-11.604	31.6	1.399	180.372	7.18	4.412	0.0	65.776	23.932	-23.701	0.0	0.0	153.732	5.9	3.913	0.0	74.61	10.419	-23.227	37.2	1.567	230.744	6.44
6.61	3.163	0.0	70.77	25.82	-10.286	34.8	0.0	192.383	5.2	2.788	0.532	70.99	33.594	-7.913	28.8	0.997	202.845	5.76	3.413	0.0	71.282	24.658	-8.808	0.0	0.0	195.58	5.82	3.913	0.0	74.87	31.342	-1.341	35.0	2.062	185.506	6.26	5.1	0.0	71.458	11.363	-8.971	0.0	0.0	214.567	5.74	3.6	0.0	73.64	0.0	0.0	0.2	1.735	171.169	6.74	4.35	0.0	71.448	10.855	-25.017	0.0	0.0	172.234	5.92	4.537	0.0	69.746	26.329	-11.692	31.6	1.45	200.327	6.92	4.162	0.0	66.976	24.004	-23.936	0.0	0.0	141.333	5.92	3.788	0.0	74.513	10.419	-23.293	37.2	1.458	238.978	6.9
6.58	3.038	0.532	70.895	25.021	-10.295	34.8	0.0	202.167	5.3	3.225	5.317	70.62	33.739	-7.989	28.8	1.458	266.779	5.66	3.6	0.0	69.723	25.312	-8.86	0.0	0.0	179.597	6.06	4.1	0.0	71.962	30.47	-1.373	35.0	0.0	180.662	6.16	5.037	0.0	71.801	11.218	-8.994	0.0	0.0	209.529	5.91	3.475	0.0	72.576	0.0	0.0	0.2	0.0	168.844	6.76	4.287	7.976	71.919	10.419	-25.387	0.0	0.98	178.047	6.32	4.537	0.0	69.348	26.474	-11.424	31.6	0.0	215.148	6.92	4.037	0.0	67.837	24.15	-23.265	0.0	0.0	175.044	6.0	4.287	0.0	73.489	10.637	-23.662	37.2	1.894	243.821	6.72
6.5	2.975	0.0	71.193	24.876	-10.287	34.8	0.0	204.783	5.31	2.913	0.0	70.596	33.521	-7.918	28.8	1.265	229.485	5.68	3.413	0.0	70.067	24.803	-8.771	0.0	1.877	189.38	6.4	4.225	0.0	69.785	31.051	-7.812	35.0	0.0	177.562	6.0	4.975	0.0	72.901	11.508	-8.949	0.0	0.0	202.07	5.99	3.475	0.0	71.689	0.0	0.0	0.2	1.994	175.044	6.56	3.725	1.063	71.543	10.274	-25.196	0.0	0.0	180.759	6.49	4.537	0.0	64.505	26.62	-11.652	31.6	1.14	193.158	7.24	4.1	0.0	64.361	23.859	-23.602	0.0	0.0	164.969	5.96	4.037	0.0	73.328	10.419	-23.371	37.2	1.902	238.493	6.56
6.46	2.788	0.532	71.367	25.457	-10.237	34.8	2.137	202.167	5.2	2.6	0.0	71.068	34.03	-7.895	28.8	0.939	211.661	5.59	3.413	0.0	69.236	24.585	-8.763	0.0	1.743	197.905	6.2	4.287	0.0	70.141	31.778	-1.405	35.0	0.0	178.919	6.1	4.912	0.0	72.202	11.654	-8.949	0.0	0.0	211.467	6.1	3.413	0.0	70.227	0.0	0.0	0.2	1.911	168.747	6.78	4.162	0.0	71.508	10.637	-25.053	0.0	0.0	186.862	6.3	4.475	0.0	67.401	26.329	-11.414	31.6	1.198	191.318	6.86	3.913	0.0	67.933	24.15	-23.648	0.0	0.0	169.328	6.02	3.913	0.0	73.417	10.419	-23.332	37.2	1.76	238.397	6.73
6.44	2.913	1.063	71.545	24.949	-10.253	34.8	2.078	197.808	5.19	2.725	2.659	71.506	33.303	-7.875	28.8	1.014	263.486	5.57	3.35	0.0	69.047	25.021	-8.778	0.0	1.768	193.546	5.95	4.1	0.0	73.198	30.688	-1.506	35.0	0.0	186.668	6.08	4.912	0.0	72.866	11.363	-8.927	0.0	1.877	212.823	5.88	3.35	0.0	72.518	0.0	0.0	0.2	1.743	181.437	6.77	3.975	0.532	70.487	10.346	-24.792	0.0	0.0	170.2	6.23	4.475	0.0	68.137	26.62	-11.378	31.6	1.626	207.108	6.82	4.225	0.0	68.3	24.222	-23.642	0.0	0.0	155.089	5.94	3.725	0.0	73.017	10.346	-23.379	37.2	1.676	242.078	6.85
6.44	2.475	0.0	71.389	25.167	-10.247	34.8	1.693	196.355	5.32	3.1	0.0	70.832	34.175	-7.928	28.8	1.735	264.939	5.73	3.163	0.0	70.99	25.457	-8.743	0.0	1.969	209.529	5.89	3.475	0.0	73.033	30.833	-1.156	35.0	1.718	170.007	6.04	5.162	0.0	73.012	11.363	-8.941	0.0	2.103	208.173	5.81	3.163	0.0	72.35	0.0	0.0	0.2	1.701	171.847	6.74	3.913	4.785	71.292	10.492	-1.0	0.0	0.0	176.884	5.88	4.1	0.0	69.08	26.765	-11.287	31.6	1.45	182.793	6.82	3.913	0.0	67.281	24.004	-23.856	0.0	0.0	152.764	5.99	3.475	0.0	73.13	10.709	-1.0	37.2	0.922	233.166	6.59
6.25	2.163	0.0	72.18	25.82	-10.181	34.8	1.743	214.567	5.38	3.288	1.063	70.61	33.594	-8.004	28.8	1.768	268.523	5.6	3.163	0.0	68.551	24.513	-8.773	0.0	1.844	174.269	5.94	3.788	0.0	72.607	30.979	-1.166	35.0	0.0	171.169	5.94	4.85	0.0	72.813	10.927	-8.905	0.0	1.869	205.267	5.82	3.35	0.0	73.453	0.0	0.0	0.2	1.886	175.431	6.43	3.663	0.0	72.242	9.765	-25.364	0.0	0.0	185.312	6.1	4.162	0.0	68.299	26.329	-10.834	31.6	1.282	156.445	6.94	4.162	0.0	66.331	24.004	-23.516	0.0	0.0	141.914	6.16	3.663	0.0	71.801	10.201	-23.149	37.2	1.332	230.744	6.47
6.54	2.6	1.063	70.94	25.167	-10.188	34.8	1.751	197.905	5.22	2.6	2.127	70.553	33.739	-7.895	28.8	1.324	228.419	5.76	3.413	0.0	69.004	24.949	-8.912	0.0	1.257	205.655	6.34	4.162	0.0	68.928	31.051	-1.328	35.0	2.12	168.069	5.92	4.912	0.0	73.829	11.073	-8.919	0.0	1.609	220.669	6.12	3.225	0.0	70.021	0.0	0.0	0.2	1.751	164.001	6.44	3.788	0.532	71.623	10.782	-25.217	0.0	0.0	182.793	6.2	4.412	0.0	66.953	26.474	-11.297	31.6	1.592	157.51	7.07	4.162	0.0	65.947	24.44	-23.727	0.0	0.0	157.607	6.01	3.663	0.0	73.262	9.91	-22.725	37.2	1.592	228.516	6.54
6.6	2.538	0.0	70.428	24.803	-10.306	34.8	1.676	184.634	5.25	2.913	2.127	71.518	33.521	-7.902	28.8	1.332	249.633	5.66	3.038	0.0	67.39	24.658	-8.722	0.0	1.693	182.6	6.26	3.913	0.0	70.885	31.415	-1.571	35.0	2.12	192.868	5.7	4.6	0.0	72.225	11.508	-9.032	0.0	1.433	204.298	6.07	3.413	0.0	71.368	0.0	0.0	0.2	1.332	196.936	6.68	4.1	0.532	70.47	9.983	-25.323	0.0	0.0	179.693	6.09	4.287	0.0	68.669	27.128	-11.314	31.6	1.249	203.717	6.98	4.225	0.0	66.987	23.932	-24.268	0.0	0.0	150.923	5.97	3.475	0.0	73.941	10.782	-1.0	37.2	1.215	226.869	6.84
6.32	2.35	0.0	72.478	24.731	-10.334	34.8	1.768	197.905	5.22	3.288	0.0	71.667	33.739	-7.963	28.8	1.224	250.796	5.8	2.975	0.0	68.641	24.949	-8.722	0.0	0.0	168.36	6.4	3.913	0.0	68.94	30.688	-1.275	35.0	0.0	182.406	5.63	4.662	0.0	73.21	11.218	-8.89	0.0	1.5	202.555	5.93	2.913	0.0	72.014	0.0	0.0	0.2	1.819	188.218	5.96	3.788	0.532	74.672	9.983	-25.312	0.0	0.0	174.075	5.92	4.162	0.0	69.536	26.402	-11.26	31.6	1.374	213.404	6.86	3.788	0.0	64.762	24.295	-24.023	0.0	0.0	135.133	5.74	3.35	0.0	74.425	10.346	-23.367	37.2	1.458	214.567	6.09
6.57	2.725	0.0	70.317	25.53	-10.279	34.8	1.902	189.38	5.06	2.913	1.063	72.226	33.667	-7.902	28.8	1.299	243.046	5.78	3.288	0.0	68.717	25.094	-8.692	0.0	1.115	203.33	6.2	3.475	0.0	70.9	31.415	-1.156	35.0	1.701	176.206	5.95	4.912	0.0	72.968	11.0	-8.941	0.0	1.567	208.754	6.04	3.288	0.0	70.425	0.0	0.0	0.2	1.408	180.081	6.42	3.913	1.063	72.781	10.709	-25.449	0.0	0.0	191.512	5.96	4.162	0.0	69.306	26.474	-11.442	31.6	2.028	193.158	6.86	4.037	0.0	66.235	24.15	-23.896	0.0	0.0	145.789	5.88	3.35	0.0	73.897	10.419	-23.575	37.2	1.425	227.16	6.23
6.35	2.163	1.063	71.215	25.021	-10.257	34.8	1.601	197.518	5.14	3.1	2.659	71.651	33.594	-7.92	28.8	1.45	245.177	5.62	2.975	0.0	68.74	24.367	-8.686	0.0	0.0	217.957	6.09	3.85	0.0	70.565	30.833	-1.121	35.0	2.02	172.622	5.42	4.662	0.0	72.118	10.782	-8.898	0.0	1.693	201.005	6.0	3.038	0.0	71.666	0.0	0.0	0.2	1.467	181.631	6.39	3.85	0.0	73.159	10.056	-25.522	0.0	0.0	173.881	6.04	4.35	0.0	69.638	26.474	-11.218	31.6	1.802	184.634	6.86	3.975	0.0	66.831	24.004	-23.876	0.0	0.0	136.78	5.74	3.163	0.0	74.577	10.419	-23.101	37.2	1.467	211.467	6.7
6.53	2.038	0.532	68.353	25.021	-10.141	34.8	1.81	175.044	5.01	2.663	0.0	71.264	33.594	-7.86	28.8	1.274	191.899	5.5	3.225	0.0	68.054	24.949	-8.728	0.0	1.249	159.545	5.9	3.725	0.0	71.179	31.269	-1.276	35.0	2.02	192.287	5.48	4.475	0.0	71.563	11.436	-8.861	0.0	1.115	194.999	5.87	3.1	0.0	70.966	0.0	0.0	0.2	1.634	187.54	6.5	3.913	1.063	71.79	9.838	-25.355	0.0	0.0	194.418	5.96	4.287	0.0	68.724	26.474	-11.35	31.6	1.265	197.518	6.8	4.225	0.0	67.493	24.15	-23.957	0.0	0.0	144.336	5.74	3.038	0.0	74.274	10.274	-23.683	37.2	1.291	202.167	6.3
6.76	2.288	0.0	67.727	25.457	-10.248	34.8	2.036	168.747	4.79	2.163	0.0	71.762	33.521	-7.819	28.8	0.913	187.152	5.64	3.225	0.0	68.319	24.731	-8.706	0.0	1.182	156.348	6.28	4.287	0.0	70.235	30.688	-1.438	35.0	0.0	207.108	5.5	4.725	0.0	70.971	11.363	-8.92	0.0	1.349	184.924	5.96	3.163	0.0	69.148	0.0	0.0	0.2	1.819	180.178	6.44	4.1	1.063	72.295	10.274	-25.608	0.0	0.0	185.409	6.29	4.475	0.0	66.862	26.62	-12.196	31.6	1.961	199.842	6.82	3.975	0.0	66.282	24.004	-23.772	0.0	0.0	159.932	5.76	2.725	0.0	72.648	10.201	-23.175	37.2	0.0	192.771	5.64
6.64	2.1	0.532	67.571	25.893	-10.1	34.8	1.601	159.545	4.9	2.1	0.532	70.776	33.231	-7.821	28.8	0.0	205.848	6.0	3.288	0.0	66.512	24.222	-8.699	0.0	1.525	156.445	6.08	3.913	0.0	70.039	30.688	-1.176	35.0	0.0	197.13	5.3	4.412	0.0	72.531	10.927	-8.906	0.0	1.316	195.58	5.67	3.038	0.0	70.718	0.0	0.0	0.2	2.07	179.112	6.47	4.037	0.532	71.991	10.419	-1.0	0.0	0.0	196.355	6.26	4.475	0.0	66.505	26.329	-11.414	31.6	2.07	189.38	7.0	3.975	0.0	64.071	24.295	-24.39	0.0	0.0	152.957	5.9	2.725	0.0	72.214	10.709	-22.968	37.2	0.905	214.76	6.06
6.5	2.1	0.0	69.62	25.82	-10.173	34.8	1.869	174.753	5.08	2.413	2.659	71.51	33.667	-7.852	28.8	0.972	218.829	5.78	3.163	0.0	67.946	24.513	-8.707	0.0	1.701	177.659	5.99	3.725	0.0	70.676	31.269	-1.243	35.0	1.969	180.081	5.28	4.537	0.0	73.012	11.436	-8.906	0.0	1.735	191.996	6.22	3.163	0.0	68.481	0.0	0.0	0.2	1.651	167.294	6.2	3.6	0.0	72.248	10.346	-25.529	0.0	2.129	190.543	6.19	4.162	0.0	66.439	26.474	-11.296	31.6	1.416	187.734	7.31	4.1	0.0	61.757	24.295	-1.0	0.0	0.0	153.635	5.86	3.038	0.0	72.386	10.492	-22.748	37.2	0.922	209.336	6.79
6.73	2.225	0.0	68.177	25.312	-10.165	34.8	1.994	179.015	4.88	2.1	0.0	71.342	33.594	-7.781	28.8	1.115	214.76	5.52	3.35	0.0	68.138	24.731	-8.72	0.0	1.961	173.494	6.16	3.788	0.0	69.45	31.124	-1.298	35.0	1.927	174.269	5.65	4.475	0.0	71.545	11.0	-8.929	0.0	2.062	197.905	5.94	3.225	0.0	70.117	0.0	0.0	0.2	1.827	174.269	6.28	3.6	0.0	70.837	10.419	-1.0	0.0	0.0	175.916	5.73	4.162	0.0	68.813	26.111	-11.368	31.6	1.534	178.822	7.09	4.225	0.0	63.672	24.367	-24.164	0.0	0.0	139.686	5.86	3.225	0.0	72.232	10.564	-23.432	37.2	1.55	218.829	6.46
6.81	2.413	0.532	68.004	25.603	-10.239	34.8	1.668	178.144	4.88	2.35	0.532	70.721	33.449	-7.854	28.8	1.081	189.284	5.68	3.225	0.0	66.938	24.585	-8.721	0.0	1.877	162.838	5.96	3.538	0.0	70.147	30.979	-1.178	35.0	0.0	177.756	5.82	4.787	0.0	71.19	11.073	-8.934	0.0	1.45	192.48	5.86	3.225	0.0	69.234	0.0	0.0	0.2	2.011	152.764	6.29	3.475	0.0	71.204	9.838	-1.0	0.0	0.0	185.506	5.82	4.162	0.0	67.42	26.329	-11.368	31.6	1.643	171.266	7.1	4.1	0.0	64.088	24.295	-24.533	0.0	0.0	154.701	5.89	2.975	0.0	70.735	10.346	-23.251	37.2	1.031	219.216	6.42
6.38	2.288	0.0	69.887	25.603	-10.248	34.8	1.785	190.155	4.94	2.225	0.0	71.534	33.594	-7.865	28.8	1.089	216.795	5.78	3.35	0.0	67.037	24.44	-8.685	0.0	1.274	166.035	6.14	3.725	0.0	68.944	30.761	-1.21	35.0	2.062	176.981	5.68	4.6	0.0	71.188	11.145	-8.92	0.0	1.601	186.474	5.89	3.288	0.0	68.817	0.0	0.0	0.2	1.634	170.394	6.29	3.475	0.0	70.185	10.201	-1.0	0.0	2.045	174.753	6.0	4.287	0.0	66.485	26.474	-11.461	31.6	1.441	176.206	7.13	3.975	0.0	63.845	24.803	-24.186	0.0	0.0	136.586	5.87	3.225	0.0	71.433	10.637	-23.741	37.2	1.441	218.054	6.52
6.38	1.975	0.0	69.887	26.111	-10.207	34.8	1.986	182.696	5.0	1.975	0.0	71.52	33.594	-7.825	28.8	0.0	227.353	5.9	3.35	0.0	67.381	24.44	-8.678	0.0	1.592	162.257	6.17	3.6	0.0	69.055	31.415	-1.036	35.0	1.969	173.3	5.38	4.537	0.0	72.47	10.855	-8.913	0.0	1.852	198.196	5.89	2.85	0.0	69.002	0.0	0.0	0.2	1.634	169.328	6.07	3.538	1.063	71.964	9.91	-1.0	0.0	1.877	182.018	6.21	4.162	0.0	65.901	26.474	-11.442	31.6	1.45	186.862	7.02	3.913	0.0	63.992	23.714	-24.166	0.0	0.0	146.661	5.79	3.038	0.0	73.548	10.492	-23.062	37.2	1.416	214.954	6.7
6.68	2.6	0.0	68.007	25.603	-10.263	34.8	1.835	170.394	4.96	1.975	0.0	70.995	33.449	-7.833	28.8	0.0	201.78	5.6	3.225	0.0	67.299	25.167	-8.616	0.0	1.559	178.822	6.3	3.725	0.0	69.871	30.761	-1.243	35.0	1.777	177.272	5.08	4.537	0.0	72.793	11.073	-8.898	0.0	1.492	188.218	5.92	3.35	0.0	69.298	0.0	0.0	0.2	1.542	188.896	6.87	3.913	0.532	68.149	9.983	-1.0	0.0	0.0	181.147	6.61	4.1	0.0	64.635	26.329	-11.509	31.6	1.408	206.72	7.0	3.975	0.0	64.071	24.222	-23.98	0.0	0.0	155.96	5.7	3.038	0.0	73.733	10.056	-23.374	37.2	1.441	215.342	6.39
6.56	2.288	2.127	68.118	25.53	-10.248	34.8	1.659	184.246	4.98	1.975	0.0	70.688	33.521	-7.833	28.8	0.93	235.781	5.76	2.975	0.0	65.82	25.094	-8.644	0.0	1.106	151.407	6.36	3.725	0.0	66.928	30.688	-1.342	35.0	0.0	174.269	5.38	4.475	0.0	71.724	10.782	-8.929	0.0	1.374	191.318	5.86	3.225	0.0	68.811	0.0	0.0	0.2	1.961	174.656	6.54	4.225	5.317	71.331	10.056	-1.0	0.0	0.0	181.825	6.48	4.162	0.0	64.613	26.547	-11.518	31.6	0.0	193.062	7.3	4.225	0.0	62.428	23.859	-24.473	0.0	0.0	161.773	5.74	2.913	0.0	72.388	10.709	-22.184	37.2	1.592	227.16	6.37
