-1.0	16.85	369.546	0.0	25.457	-13.188	0.4	1.71	176.206	12.33	11.662	340.833	51.609	33.957	-27.423	40.6	0.0	269.976	11.89	13.85	0.0	52.188	25.312	-4.545	11.2	0.0	229.678	13.7	18.35	0.0	47.225	30.761	-9.894	0.0	0.0	198.68	13.09	16.1	0.0	51.927	11.799	-10.196	24.8	0.0	201.005	12.83	13.6	0.0	51.156	0.0	0.0	0.0	0.0	193.546	13.65	15.725	392.41	49.13	11.073	-26.166	19.0	0.0	165.744	12.64	14.6	0.0	53.083	26.91	-23.198	46.2	1.743	169.522	13.2	16.288	0.0	47.257	25.893	-1.0	0.0	1.81	152.57	13.34	18.35	0.0	48.809	12.017	-26.218	8.6	0.0	235.103
-1.0	17.788	381.244	0.0	24.876	-13.382	0.4	0.0	171.847	12.54	12.287	382.307	51.668	34.321	-28.891	40.6	1.617	267.651	12.01	14.1	0.0	49.041	24.658	-4.288	11.2	0.0	210.595	13.62	19.538	0.0	48.783	31.197	-10.102	0.0	0.0	186.281	13.36	16.538	0.0	50.303	11.436	-10.232	24.8	2.137	185.118	12.61	13.537	0.0	49.584	0.0	0.0	0.0	0.0	182.6	13.9	15.912	405.703	47.754	10.492	-26.114	19.0	0.0	175.237	12.56	14.475	0.0	52.403	27.273	-22.909	46.2	2.095	197.905	13.41	16.788	0.0	48.756	26.765	-1.0	0.0	1.927	191.608	13.49	19.538	0.0	46.947	11.872	-26.192	8.6	2.137	193.74
-1.0	18.663	412.615	0.0	25.457	-13.489	0.4	1.265	220.379	12.58	12.912	399.854	48.835	34.03	-27.714	40.6	0.0	249.052	11.97	14.412	0.0	50.148	25.021	-4.393	11.2	0.0	174.559	13.06	19.1	0.0	49.582	31.342	-10.101	0.0	0.0	170.007	13.54	17.163	0.0	50.852	11.363	-10.331	24.8	1.718	187.831	12.81	14.037	0.0	47.992	0.0	0.0	0.0	0.0	186.862	13.98	16.663	449.835	50.262	10.564	-26.69	19.0	2.129	169.522	12.5	14.412	0.0	52.273	26.765	-23.131	46.2	1.877	206.236	13.42	16.975	0.0	47.379	26.111	-1.0	0.0	0.0	146.37	13.64	19.788	0.0	44.839	11.944	-26.99	8.6	1.927	194.708
-1.0	18.225	356.253	0.0	25.457	-13.396	0.4	0.0	166.713	12.84	13.537	388.156	51.065	34.03	-27.385	40.6	0.0	264.261	11.78	13.912	0.0	51.136	24.949	-4.055	11.2	0.0	172.041	12.89	19.1	0.0	51.072	30.761	-10.062	0.0	0.0	174.656	13.53	16.913	0.0	49.395	11.799	-10.3	24.8	1.408	182.793	12.18	13.85	0.0	49.62	0.0	0.0	0.0	0.0	173.784	13.86	15.975	378.053	48.877	10.492	-26.399	19.0	0.0	183.181	12.54	14.787	0.0	50.502	26.91	-23.265	46.2	1.978	167.1	13.76	17.288	0.0	48.019	26.547	-1.0	0.0	0.0	136.877	14.14	21.35	0.0	44.739	11.944	-27.862	8.6	1.064	204.105
-1.0	17.288	430.694	0.0	25.53	-13.124	0.4	1.743	183.181	13.31	13.662	384.434	51.283	34.103	-27.195	40.6	0.0	228.806	11.92	14.162	0.0	51.093	24.949	-4.18	11.2	0.0	191.512	13.04	20.163	0.0	50.969	31.633	-10.254	0.0	0.0	164.388	13.17	16.788	0.0	51.479	11.799	-10.336	24.8	0.0	181.243	12.08	13.412	0.0	51.115	0.0	0.0	0.0	0.0	187.346	14.08	16.85	464.724	49.342	10.419	-26.507	19.0	1.542	180.662	12.63	14.6	0.0	51.221	27.056	-23.076	46.2	1.249	203.717	13.58	17.288	0.0	47.336	26.474	-30.913	0.0	1.173	165.841	13.41	19.663	0.0	47.063	11.726	-26.383	8.6	1.969	184.828
-1.0	17.85	442.923	0.0	25.094	-13.24	0.4	0.0	180.759	13.31	14.287	471.636	51.098	33.957	-26.84	40.6	0.0	290.125	12.02	15.1	0.0	53.389	24.876	-4.448	11.2	0.0	196.161	13.82	20.038	0.0	50.426	30.833	-10.112	0.0	1.148	179.5	13.12	16.663	0.0	51.38	11.726	-10.268	24.8	0.0	205.267	12.45	14.225	0.0	51.227	0.0	0.0	0.0	0.0	179.984	14.11	16.288	478.017	50.898	10.492	-26.531	19.0	0.0	183.859	12.61	15.1	0.0	51.678	27.056	-23.131	46.2	1.433	212.726	13.54	17.225	0.0	46.89	26.184	-1.0	0.0	0.0	180.275	13.86	21.288	0.0	48.877	11.654	-27.406	8.6	1.978	189.671
-1.0	17.663	445.05	0.0	24.876	-14.302	0.4	1.927	223.091	12.5	12.537	422.718	49.167	33.885	-25.888	40.6	2.095	255.252	11.88	14.537	0.0	52.157	24.731	-4.262	11.2	1.224	216.02	13.7	19.788	0.0	47.791	31.051	-10.082	0.0	0.997	189.768	13.4	16.913	0.0	49.72	11.872	-10.307	24.8	0.0	188.412	12.62	14.1	0.0	49.957	0.0	0.0	0.0	0.0	184.246	13.76	16.35	474.826	52.326	11.073	-26.296	19.0	1.374	167.585	12.41	14.225	0.0	54.078	26.983	-22.822	46.2	0.0	210.692	13.26	16.85	0.0	49.235	26.329	-1.0	0.0	0.0	164.582	13.49	20.038	0.0	49.576	11.799	-26.275	8.6	0.0	213.404
-1.0	19.538	471.636	0.0	24.803	-13.601	0.4	1.659	247.89	12.8	13.725	471.104	53.075	33.885	-25.988	40.6	2.07	266.392	12.16	15.975	0.0	50.297	25.167	-4.782	11.2	0.0	232.778	14.1	21.538	0.0	47.842	30.979	-10.363	0.0	0.0	190.543	13.39	17.538	0.0	50.059	11.363	-10.416	24.8	2.095	206.817	12.75	14.475	0.0	48.484	0.0	0.0	0.0	0.0	213.695	14.16	16.913	509.92	48.978	10.782	-26.93	19.0	0.939	182.89	12.54	15.162	0.0	53.523	27.056	-23.277	46.2	0.0	210.692	13.4	17.225	0.0	49.626	26.474	-31.114	0.0	0.0	163.807	13.55	21.663	0.0	46.954	12.09	-28.157	8.6	1.86	223.479
-1.0	18.913	434.947	0.0	24.949	-13.033	0.4	1.215	214.373	12.53	13.725	454.089	50.777	34.175	-25.614	40.6	1.601	245.371	12.44	16.475	0.0	50.365	24.803	-5.038	11.2	1.852	228.71	14.39	21.6	0.0	43.613	30.979	-10.373	0.0	1.911	195.58	13.72	17.85	0.0	46.09	11.726	-10.475	24.8	1.332	208.367	13.21	15.162	0.0	47.51	0.0	0.0	0.0	2.129	186.668	14.46	17.413	480.675	45.767	10.564	-26.749	19.0	0.0	185.893	12.7	15.35	0.0	52.331	26.91	-23.345	46.2	1.877	197.808	13.33	17.225	0.0	49.4	25.893	-29.913	0.0	2.003	143.464	14.29	22.225	0.0	44.437	11.872	-28.001	8.6	1.291	218.054
-1.0	19.163	416.869	0.0	25.675	-13.519	0.4	1.399	222.219	12.74	13.85	439.201	50.806	34.03	-26.163	40.6	1.458	249.246	12.62	16.1	0.0	49.864	24.731	-4.779	11.2	1.609	190.349	14.63	21.6	0.0	42.865	31.124	-10.924	0.0	1.483	184.634	13.5	17.163	0.0	49.235	11.291	-10.347	24.8	1.282	206.817	13.21	14.85	0.0	42.121	0.0	0.0	0.0	1.768	198.68	14.89	17.788	451.431	44.379	11.0	-27.449	19.0	1.517	188.412	13.54	16.038	0.0	48.304	26.983	-23.724	46.2	1.165	216.795	13.45	17.35	0.0	48.73	26.256	-31.062	0.0	1.827	160.707	14.88	21.663	0.0	43.605	12.09	-27.87	8.6	1.006	179.5
-1.0	18.475	395.6	0.0	24.949	-13.449	0.4	0.0	151.892	13.16	13.662	397.195	52.792	34.103	-25.714	40.6	0.0	235.49	12.31	15.412	0.0	48.271	25.021	-4.64	11.2	0.0	214.179	14.02	19.038	0.0	47.517	31.124	-9.931	0.0	0.0	199.067	13.35	16.85	0.0	52.208	11.436	-10.314	24.8	1.802	186.668	13.14	14.725	0.0	49.84	0.0	0.0	0.0	1.492	207.786	14.58	16.538	428.567	46.576	10.855	-26.506	19.0	1.039	198.292	12.98	15.162	0.0	51.115	27.346	-22.544	46.2	1.257	186.668	13.41	16.85	0.0	47.943	26.038	-30.924	0.0	1.718	155.573	13.71	20.163	0.0	47.163	11.872	-27.162	8.6	1.609	244.79
-1.0	16.85	364.76	0.0	24.876	-13.035	0.4	1.609	237.428	12.78	12.662	391.346	51.701	25.675	-25.937	40.6	1.349	249.44	11.89	14.475	0.0	50.875	25.457	-4.068	11.2	0.0	206.333	13.64	19.038	0.0	49.875	31.051	-9.982	0.0	0.0	185.699	13.12	16.413	0.0	51.502	11.726	-10.229	24.8	0.0	191.705	12.82	13.975	0.0	50.231	0.0	0.0	0.0	0.0	199.842	13.88	15.85	395.068	47.877	10.637	-26.347	19.0	0.0	175.819	12.98	15.037	0.0	52.096	27.128	-23.604	46.2	0.0	209.917	13.35	16.6	0.0	49.154	26.329	-30.799	0.0	0.0	163.226	13.88	19.288	0.0	46.743	11.654	-27.314	8.6	2.129	192.48
-1.0	15.975	303.081	0.0	25.385	-12.861	0.4	1.81	200.036	12.26	12.162	329.667	50.71	33.158	-25.622	40.6	0.0	243.821	11.77	14.162	0.0	51.928	25.167	-4.008	11.2	1.089	214.47	13.44	17.6	0.0	47.381	31.705	-9.75	0.0	0.997	194.03	13.0	16.038	0.0	49.698	11.726	-10.163	24.8	1.869	181.243	12.55	13.35	0.0	48.894	0.0	0.0	0.0	0.0	184.149	13.57	15.1	350.404	50.825	10.637	-26.165	19.0	1.081	182.6	12.48	14.1	0.0	53.757	27.491	-23.634	46.2	0.0	211.854	13.11	15.787	0.0	49.712	25.893	-1.0	0.0	0.0	179.693	13.34	18.85	0.0	47.557	11.872	-26.571	8.6	2.095	211.079
-1.0	16.163	338.174	0.0	24.803	-13.088	0.4	1.927	198.389	12.36	11.6	298.827	49.458	33.739	-25.766	40.6	2.003	239.559	11.85	13.912	0.0	49.608	24.876	-3.926	11.2	0.0	211.37	13.65	18.1	0.0	48.256	31.124	-9.806	0.0	0.0	200.23	13.26	15.975	0.0	49.949	11.581	-10.177	24.8	1.886	199.842	12.52	13.1	0.0	48.797	0.0	0.0	0.0	0.0	180.856	13.74	15.662	361.038	49.173	10.709	-30.337	19.0	0.0	179.306	12.42	13.975	0.0	50.916	27.201	-23.589	46.2	0.0	224.932	13.2	16.163	0.0	48.041	26.038	-30.237	0.0	2.028	180.081	13.47	17.725	0.0	48.389	12.09	-26.218	8.6	1.944	206.817
-1.0	17.163	344.023	0.0	25.53	-13.136	0.4	1.039	223.382	12.54	12.475	355.721	50.347	34.175	-25.985	40.6	1.475	280.826	12.01	14.412	0.0	50.092	24.731	-4.091	11.2	0.0	201.974	13.86	18.85	0.0	45.44	30.761	-9.892	0.0	0.0	202.555	13.47	16.1	0.0	51.489	11.654	-10.18	24.8	1.751	206.43	12.81	13.537	0.0	47.992	0.0	0.0	0.0	0.0	196.355	13.87	15.85	370.077	47.53	10.564	-26.347	19.0	0.0	183.181	12.68	14.662	0.0	52.115	27.056	-23.467	46.2	1.777	200.811	13.11	15.725	0.0	51.01	26.038	-30.141	0.0	0.0	149.083	13.86	19.1	0.0	44.993	12.017	-26.818	8.6	1.492	192.383
-1.0	16.663	383.902	0.0	25.094	-13.073	0.4	1.601	164.194	12.98	13.35	369.014	50.992	34.393	-26.822	40.6	0.0	280.438	12.07	14.475	0.0	51.114	25.385	-8.975	11.2	0.0	196.743	13.44	19.1	0.0	49.663	31.415	-10.002	0.0	0.0	175.431	13.19	16.288	0.0	50.928	11.436	-10.225	24.8	0.0	201.78	12.79	13.662	0.0	48.614	0.0	0.0	0.0	0.0	185.118	13.88	16.1	418.464	49.503	10.274	-26.581	19.0	0.0	183.568	12.49	14.412	0.0	52.333	27.273	-23.624	46.2	1.902	198.486	13.0	15.85	0.0	49.294	25.966	-29.853	0.0	0.0	174.172	13.2	18.663	0.0	46.816	11.944	-26.218	8.6	1.978	219.119
-1.0	16.85	342.428	0.0	25.457	-12.998	0.4	1.182	226.578	12.54	12.662	377.522	49.915	34.393	-26.902	40.6	1.324	248.568	12.04	14.412	0.0	50.68	25.167	-4.35	11.2	2.062	207.979	13.08	18.413	0.0	49.46	31.124	-9.793	0.0	0.0	175.044	13.22	16.35	0.0	51.086	11.726	-10.332	24.8	1.819	186.668	12.52	13.912	0.0	50.653	0.0	0.0	0.0	0.0	186.474	13.72	15.662	372.204	51.369	10.709	-26.269	19.0	0.0	196.646	12.34	14.6	0.0	52.95	26.838	-24.317	46.2	1.919	198.68	13.2	15.787	0.0	50.22	26.474	-29.94	0.0	0.0	162.838	13.67	19.35	0.0	49.693	11.944	-26.382	8.6	1.643	179.693
-1.0	15.725	290.851	0.0	25.312	-12.775	0.4	1.299	153.248	12.5	12.162	305.739	50.465	34.03	-26.582	40.6	1.5	269.589	11.88	13.787	0.0	51.027	24.949	-3.928	11.2	0.0	207.398	13.65	17.538	0.0	49.13	30.543	-9.651	0.0	0.0	191.318	13.12	15.975	0.0	51.257	11.363	-10.185	24.8	0.0	189.38	12.74	13.725	0.0	50.282	0.0	0.0	0.0	1.994	197.905	13.58	15.412	309.993	49.09	10.492	-26.037	19.0	0.0	172.913	12.44	14.475	0.0	53.932	27.201	-23.647	46.2	1.542	202.845	13.0	15.287	0.0	49.356	26.402	-29.587	0.0	0.0	179.5	13.3	17.975	0.0	48.398	11.799	-26.459	8.6	2.045	200.036
-1.0	15.037	269.051	0.0	25.021	-12.503	0.4	1.45	183.956	12.62	11.975	280.748	51.557	34.321	-27.323	40.6	1.416	266.101	11.78	13.35	0.0	51.319	25.312	-4.121	11.2	0.0	207.108	13.03	16.538	0.0	48.707	31.124	-9.493	0.0	1.073	178.144	13.22	15.412	0.0	50.408	11.363	-10.099	24.8	0.0	184.149	12.62	13.1	0.0	49.524	0.0	0.0	0.0	0.0	182.987	13.61	14.85	285.002	50.738	10.927	-26.19	19.0	0.0	173.397	12.22	13.725	0.0	52.842	27.491	-23.993	46.2	0.0	214.082	13.03	15.412	0.0	51.306	25.893	-29.761	0.0	0.0	181.534	13.22	17.163	0.0	48.388	11.944	-26.112	8.6	1.777	212.823
-1.0	15.1	323.818	0.0	25.675	-12.584	0.4	1.433	191.318	12.54	11.787	292.446	51.515	33.957	-26.784	40.6	1.86	276.854	11.86	13.35	0.0	50.963	25.312	-4.037	11.2	0.98	213.404	13.5	17.538	0.0	50.074	31.342	-9.661	0.0	0.0	186.474	12.81	15.662	0.0	51.245	11.508	-10.201	24.8	0.0	210.982	12.54	13.162	0.0	49.172	0.0	0.0	0.0	0.0	192.093	13.7	15.412	333.92	51.397	10.419	-26.679	19.0	0.0	189.768	12.26	13.35	0.0	52.544	26.91	-23.488	46.2	0.0	206.817	12.87	15.35	0.0	49.712	26.474	-29.616	0.0	0.0	162.935	12.93	16.538	0.0	47.443	12.09	-25.851	8.6	1.961	198.583
-1.0	15.912	344.023	0.0	25.82	-12.999	0.4	1.693	159.254	12.61	12.412	346.15	50.634	33.739	-26.203	40.6	1.022	263.195	11.73	13.537	0.0	50.669	25.312	-4.142	11.2	1.031	211.37	13.26	17.725	0.0	47.986	31.124	-9.628	0.0	1.425	183.568	12.96	15.662	0.0	50.342	11.654	-10.153	24.8	0.947	184.731	12.34	12.787	0.0	48.493	0.0	0.0	0.0	1.165	188.509	13.56	15.1	362.102	49.056	10.709	-26.165	19.0	0.93	187.443	12.28	13.787	0.0	51.846	27.056	-23.892	46.2	0.0	214.954	12.94	15.475	0.0	49.38	25.893	-29.202	0.0	0.0	155.089	13.38	17.725	0.0	48.596	12.017	-26.218	8.6	0.0	198.099
-1.0	16.413	353.062	0.0	26.038	-13.061	0.4	1.802	221.154	12.17	12.037	349.872	52.044	34.175	-25.453	40.6	1.953	249.44	11.67	13.725	0.0	50.139	24.876	-4.417	11.2	1.391	204.105	13.32	17.975	0.0	48.682	31.415	-9.644	0.0	1.148	197.905	13.0	15.475	0.0	51.087	11.581	-10.132	24.8	0.0	194.03	12.68	13.225	0.0	51.166	0.0	0.0	0.0	1.349	190.446	13.58	15.85	369.546	49.681	11.145	-26.347	19.0	1.24	184.343	12.36	13.912	0.0	52.406	27.419	-24.186	46.2	0.0	208.754	13.1	16.288	0.0	50.144	26.256	-1.0	0.0	2.12	148.889	13.14	17.975	0.0	49.964	11.872	-25.391	8.6	2.129	197.13
-1.0	16.913	358.38	0.0	25.385	-12.866	0.4	1.768	242.078	12.08	12.162	367.419	51.635	33.957	-25.136	40.6	0.0	233.456	11.68	13.912	0.0	51.275	24.731	-4.396	11.2	1.307	211.564	13.57	18.225	0.0	49.866	31.197	-9.693	0.0	1.115	195.871	12.86	16.35	0.0	50.945	11.363	-10.243	24.8	0.0	190.543	12.62	13.725	0.0	50.204	0.0	0.0	0.0	0.0	187.346	13.59	15.912	389.219	50.395	10.782	-26.373	19.0	0.0	187.831	12.24	14.1	0.0	52.996	26.838	-23.882	46.2	0.0	200.23	13.16	16.35	0.0	50.245	26.111	-30.56	0.0	0.0	182.793	12.84	18.1	0.0	49.242	11.581	-25.843	8.6	0.0	205.17
-1.0	15.35	306.271	0.0	25.748	-12.813	0.4	2.062	216.891	12.22	12.225	339.238	51.104	35.12	-24.55	40.6	2.087	271.526	11.85	14.225	0.0	50.808	25.021	-4.545	11.2	0.0	226.966	13.32	17.538	0.0	50.297	31.487	-9.61	0.0	1.416	185.118	12.96	15.6	0.0	49.103	11.508	-10.135	24.8	1.827	230.066	12.58	13.412	0.0	51.183	0.0	0.0	0.0	0.98	201.78	13.56	15.475	339.769	51.44	10.709	-26.191	19.0	1.265	169.619	12.18	13.912	0.0	52.958	26.91	-24.311	46.2	0.0	207.108	12.94	15.037	0.0	50.309	25.966	-30.038	0.0	0.0	150.342	12.82	17.6	0.0	49.209	11.799	-26.164	8.6	0.0	206.333
-1.0	14.787	286.066	0.0	25.603	-12.896	0.4	2.137	212.435	12.05	11.725	278.09	51.234	33.739	-23.523	40.6	0.0	241.109	11.98	13.787	0.0	49.316	25.239	-4.311	11.2	2.02	195.193	13.12	17.1	0.0	48.999	31.197	-9.576	0.0	0.0	136.49	13.08	15.35	0.0	49.708	11.218	-10.097	24.8	0.0	193.255	12.26	12.975	0.0	48.296	0.0	0.0	0.0	0.0	190.446	13.33	14.725	302.017	50.237	10.419	-26.012	19.0	1.165	187.346	12.3	13.975	0.0	52.702	26.983	-24.085	46.2	0.0	168.069	12.87	15.1	0.0	47.78	25.603	-29.729	0.0	0.0	171.944	13.2	16.85	0.0	47.665	11.654	-25.849	8.6	1.894	198.196
-1.0	14.725	249.377	0.0	24.949	-12.693	0.4	1.55	223.188	12.2	11.537	275.963	51.438	32.867	-24.059	40.6	1.617	243.337	12.06	13.35	0.0	50.775	25.021	-4.29	11.2	1.534	189.38	12.66	16.288	0.0	49.467	30.833	-9.417	0.0	2.07	152.57	12.74	14.975	0.0	50.529	11.726	-10.009	24.8	0.0	195.774	12.22	12.912	0.0	50.612	0.0	0.0	0.0	1.768	173.106	13.31	14.412	263.733	48.993	11.0	-25.887	19.0	2.062	190.446	12.33	13.912	0.0	51.364	26.983	-24.435	46.2	1.106	175.819	12.93	14.412	0.0	47.694	26.547	-1.0	0.0	0.0	148.308	12.84	16.225	0.0	46.96	11.799	-25.593	8.6	2.02	206.236
-1.0	14.412	222.791	0.0	25.239	-12.671	0.4	1.215	164.969	12.24	11.787	237.679	52.206	34.829	-23.544	40.6	1.064	187.54	11.86	13.162	0.0	51.3	24.876	-4.435	11.2	1.768	200.908	12.52	16.538	0.0	52.306	31.051	-9.453	0.0	1.525	168.844	12.86	14.725	0.0	52.048	11.726	-10.027	24.8	1.609	192.383	11.96	12.975	0.0	50.331	0.0	0.0	0.0	1.425	171.556	13.26	14.287	237.679	50.413	10.782	-25.837	19.0	2.07	196.355	12.25	13.662	0.0	52.269	27.273	-24.342	46.2	0.0	198.874	12.96	14.662	0.0	48.48	26.547	-1.0	0.0	1.592	187.346	12.94	16.288	0.0	48.944	11.726	-25.358	8.6	1.701	205.461
-1.0	13.662	219.069	0.0	25.53	-12.422	0.4	1.106	172.138	12.3	11.662	218.005	53.791	34.03	-23.501	40.6	1.064	241.109	11.66	12.85	0.0	51.639	25.021	-4.203	11.2	0.0	196.936	12.66	15.787	0.0	50.949	31.342	-9.306	0.0	0.0	174.85	12.67	14.412	0.0	52.388	11.363	-9.988	24.8	1.978	179.984	12.3	12.85	0.0	50.5	0.0	0.0	0.0	1.718	191.705	13.16	14.225	236.084	51.661	10.782	-26.063	19.0	0.0	167.197	12.1	13.225	0.0	53.491	27.128	-24.428	46.2	1.358	209.82	12.78	14.225	0.0	50.071	26.111	-29.657	0.0	0.0	157.995	12.82	15.35	0.0	49.488	11.799	-25.241	8.6	1.919	198.68
-1.0	14.1	232.894	0.0	25.312	-12.725	0.4	2.011	180.468	12.06	11.412	251.504	54.869	34.03	-23.294	40.6	1.693	243.628	11.42	12.537	0.0	53.153	25.021	-4.301	11.2	1.534	221.541	12.67	15.287	0.0	51.196	30.906	-9.296	0.0	1.483	197.518	12.28	14.412	0.0	53.879	11.363	-9.942	24.8	0.0	205.073	12.15	12.725	0.0	52.772	0.0	0.0	0.0	0.0	193.836	13.14	14.412	252.035	53.791	10.855	-25.128	19.0	0.922	196.258	11.93	12.725	0.0	54.67	26.91	-23.999	46.2	0.0	212.242	12.68	14.287	0.0	51.748	26.402	-29.686	0.0	0.0	176.787	12.92	15.6	0.0	51.383	11.872	-24.827	8.6	1.894	226.191
-1.0	13.662	204.712	0.0	25.53	-12.568	0.4	1.76	167.294	11.98	11.037	206.839	55.693	34.248	-23.404	40.6	1.852	280.051	11.42	12.162	0.0	54.416	25.021	-4.008	11.2	1.793	216.117	12.86	14.912	0.0	50.976	30.979	-9.264	0.0	1.743	193.643	12.44	14.1	0.0	53.6	11.363	-9.919	24.8	0.0	188.605	11.94	11.787	0.0	52.53	0.0	0.0	0.0	1.55	199.261	13.1	13.975	209.498	53.421	10.492	-25.461	19.0	1.869	168.069	11.86	12.725	0.0	55.198	26.91	-23.876	46.2	1.358	208.367	12.48	13.537	0.0	51.965	25.966	-29.341	0.0	1.039	169.522	12.28	14.537	0.0	51.632	11.799	-24.42	8.6	0.0	227.353
