7.26	5.787	0.0	64.116	24.803	-12.271	34.8	0.0	223.769	5.92	5.912	0.0	64.185	33.449	-2.418	28.8	0.0	255.736	6.38	6.162	0.0	64.568	24.15	-11.56	0.0	2.07	233.553	7.16	6.975	0.0	64.512	30.325	-1.758	35.0	1.064	207.011	6.78	6.787	0.0	64.473	11.581	-9.339	0.0	0.0	216.504	6.87	6.037	0.0	65.775	0.0	0.0	0.2	0.939	205.655	7.42	6.6	1.595	66.281	9.547	-1.0	0.0	0.0	180.372	6.48	6.35	0.0	66.491	26.329	-11.277	31.6	0.0	209.432	7.26	6.6	0.0	63.146	21.026	-12.835	0.0	0.0	159.157	6.66	6.412	0.0	66.443	9.91	-1.0	37.2	1.802	241.884
7.21	5.6	0.0	65.645	24.44	-12.286	34.8	1.777	227.741	5.9	5.85	0.0	65.656	33.739	-7.997	28.8	1.785	246.727	6.31	6.1	0.0	64.473	23.786	-11.623	0.0	2.112	215.245	7.1	7.1	0.0	63.84	31.269	-1.654	35.0	1.802	207.592	6.74	6.725	0.0	65.996	10.782	-9.331	0.0	0.0	231.906	6.86	6.162	0.0	65.255	0.0	0.0	0.2	1.567	201.295	7.38	6.6	0.532	65.018	9.402	-1.0	0.0	1.14	176.691	6.56	6.225	0.0	63.774	26.62	-11.325	31.6	1.198	216.407	7.21	6.412	0.0	63.499	21.171	-12.704	0.0	0.0	152.861	6.6	6.412	0.0	65.236	9.547	-1.0	37.2	1.115	238.59
7.2	5.537	0.0	64.326	25.167	-12.142	34.8	1.676	244.209	5.9	5.975	1.595	65.384	33.739	-2.44	28.8	1.592	266.101	6.32	5.975	0.0	65.649	24.077	-12.679	0.0	1.634	219.604	7.16	7.037	0.0	64.732	30.688	-1.742	35.0	1.609	201.78	6.74	6.725	0.0	65.397	11.436	-9.396	0.0	1.819	203.523	6.9	5.787	0.0	65.617	0.0	0.0	0.2	1.324	203.136	7.54	6.725	0.0	64.606	9.474	-1.0	0.0	1.567	181.05	6.55	6.225	0.0	64.899	26.474	-11.393	31.6	1.391	229.291	7.21	6.225	0.0	64.107	21.098	-12.575	0.0	0.0	159.06	6.56	6.412	0.0	65.447	9.983	-1.0	37.2	1.316	252.83
7.18	5.787	0.0	66.754	25.167	-12.226	34.8	1.332	211.37	5.88	5.912	0.0	65.733	33.449	-8.048	28.8	1.802	250.99	6.38	6.037	0.0	63.742	24.44	-11.689	0.0	1.458	225.416	7.11	7.162	0.0	62.34	31.415	-1.71	35.0	1.517	209.045	6.75	6.6	0.0	65.644	10.419	-9.491	0.0	1.751	213.017	6.82	6.162	0.0	64.947	0.0	0.0	0.2	1.156	190.349	7.4	6.725	0.0	64.857	9.91	-1.0	0.0	0.0	186.184	6.44	5.975	0.0	64.907	26.91	-11.389	31.6	1.056	204.492	7.19	6.162	0.0	64.104	20.808	-12.76	0.0	0.0	151.795	6.62	6.162	0.0	65.103	9.547	-1.0	37.2	0.0	272.301
7.14	5.6	5.317	66.285	25.021	-12.616	34.8	1.198	220.766	5.81	6.1	0.532	66.639	33.667	-2.45	28.8	0.0	278.694	6.38	6.037	0.0	64.348	24.222	-11.689	0.0	0.0	234.328	7.09	7.35	0.0	62.169	30.833	-1.845	35.0	1.969	213.017	6.7	6.475	0.0	66.098	10.782	-9.327	0.0	1.869	211.854	6.92	6.225	0.0	65.729	0.0	0.0	0.2	0.997	209.82	7.54	6.725	1.063	65.101	9.547	-1.0	0.0	0.93	176.206	6.5	6.1	0.0	65.79	26.692	-11.443	31.6	1.316	221.929	7.21	6.412	0.0	62.998	21.462	-12.607	0.0	0.0	166.422	6.38	6.35	0.0	65.524	9.329	-1.0	37.2	1.902	240.528
7.2	5.725	0.0	64.767	25.239	-12.216	34.8	1.886	226.094	5.86	5.787	0.0	63.955	33.521	-1.259	28.8	1.584	259.127	6.29	6.1	0.0	65.78	24.367	-11.737	0.0	0.0	230.744	7.08	7.162	0.0	62.698	31.051	-1.82	35.0	0.0	209.723	6.72	6.6	0.0	65.911	11.073	-9.343	0.0	2.045	216.02	6.86	6.662	0.0	63.743	0.0	0.0	0.2	0.989	205.267	7.52	6.725	0.0	63.801	9.765	-1.0	0.0	1.14	190.737	6.57	6.287	0.0	63.139	26.62	-11.472	31.6	1.693	230.356	7.21	6.35	0.0	63.138	21.098	-12.742	0.0	0.0	172.331	6.4	6.287	0.0	66.693	9.62	-1.0	37.2	1.332	260.289
7.22	5.85	0.0	63.722	25.603	-12.236	34.8	0.0	230.453	5.9	5.85	1.063	63.632	33.521	-7.979	28.8	1.408	233.166	6.36	5.912	0.0	62.742	24.44	-11.825	0.0	2.129	219.507	7.07	7.225	0.0	64.083	30.325	-1.84	35.0	1.366	188.218	6.78	6.725	0.0	63.342	10.782	-9.349	0.0	0.0	199.746	6.78	6.162	0.0	66.519	0.0	0.0	0.2	1.123	195.193	7.46	6.662	1.595	64.013	9.692	-1.0	0.0	1.508	163.516	6.43	5.912	0.0	65.614	26.547	-11.485	31.6	1.5	219.894	7.21	6.287	0.0	63.026	21.244	-12.934	0.0	0.0	153.345	6.45	6.35	0.0	64.662	9.547	-1.0	37.2	1.575	248.665
7.23	5.662	1.063	62.946	25.167	-12.206	34.8	1.944	233.262	5.95	5.787	0.0	62.839	33.667	-2.373	28.8	1.425	249.827	6.42	5.975	0.0	62.168	24.367	-11.679	0.0	0.0	221.154	6.99	6.912	0.0	63.239	31.342	-1.773	35.0	1.676	197.518	6.78	6.475	0.0	63.535	10.855	-9.309	0.0	0.0	192.093	6.8	5.975	0.0	64.504	0.0	0.0	0.2	1.391	200.036	7.44	6.787	0.532	63.788	9.184	-1.0	0.0	1.316	178.725	6.48	6.1	0.0	63.76	26.692	-11.55	31.6	1.056	200.617	7.21	6.412	0.0	62.189	20.662	-12.803	0.0	0.0	173.3	6.56	6.162	0.0	63.994	9.547	-1.0	37.2	1.299	221.444
7.22	5.6	0.0	62.889	25.239	-12.152	34.8	1.76	225.61	5.93	5.912	0.0	63.278	33.594	-7.967	28.8	1.886	268.136	6.42	6.037	0.0	62.502	24.15	-11.727	0.0	1.626	226.482	7.09	7.287	0.0	62.197	30.833	-1.752	35.0	1.601	207.301	6.78	6.225	0.0	63.397	11.291	-9.26	0.0	2.137	223.091	6.79	5.975	0.0	65.051	0.0	0.0	0.2	1.073	206.042	7.38	6.537	1.063	64.771	9.547	-1.0	0.0	1.148	171.169	6.53	5.912	0.0	63.409	26.474	-11.632	31.6	1.089	210.111	7.21	6.162	0.0	61.825	21.244	-12.861	0.0	0.0	164.872	6.54	6.162	0.0	63.715	9.402	-1.0	37.2	1.483	229.291
7.22	5.475	0.0	62.945	24.876	-12.22	34.8	1.643	213.792	5.92	5.85	0.0	63.221	33.667	-2.464	28.8	1.877	243.046	6.42	6.037	0.0	62.558	24.367	-11.805	0.0	0.0	240.14	7.14	7.1	0.0	61.729	31.342	-1.799	35.0	2.087	204.298	6.81	6.537	0.0	64.148	11.073	-9.308	0.0	1.994	217.57	6.86	6.037	0.0	64.267	0.0	0.0	0.2	1.19	206.042	7.6	6.662	0.532	62.255	9.547	-1.0	0.0	2.103	188.218	6.56	5.912	0.0	63.137	26.62	-11.905	31.6	1.215	233.941	7.21	6.412	0.0	61.712	20.953	-12.956	0.0	0.0	204.105	6.45	6.1	0.0	63.451	9.91	-1.0	37.2	1.693	261.258
7.21	5.225	0.0	63.443	24.44	-12.18	34.8	0.0	222.704	5.92	5.787	0.0	63.553	33.739	-2.236	28.8	0.0	259.514	6.39	6.037	0.0	63.025	23.859	-11.766	0.0	1.467	235.49	7.1	7.1	0.0	62.366	30.47	-1.799	35.0	1.408	198.971	6.78	6.537	0.0	64.033	10.855	-9.264	0.0	1.366	210.207	6.88	6.037	0.0	64.38	0.0	0.0	0.2	1.098	199.067	7.56	6.6	1.595	62.724	9.038	-1.0	0.0	1.643	181.147	6.6	5.912	0.0	62.477	26.62	-11.558	31.6	1.785	221.735	7.21	6.162	0.0	62.049	21.389	-13.813	0.0	0.0	146.758	6.42	6.162	0.0	63.694	9.62	-1.0	37.2	1.031	238.978
7.21	5.225	0.0	63.637	24.876	-12.225	34.8	1.006	215.342	5.88	5.725	1.595	63.546	33.594	-7.948	28.8	0.0	266.876	6.4	5.912	0.0	62.638	24.077	-11.946	0.0	1.467	218.054	7.07	7.162	0.0	62.947	30.833	-1.892	35.0	0.989	201.005	6.76	6.537	0.0	64.167	10.855	-9.281	0.0	1.751	201.974	6.83	6.037	0.0	64.041	0.0	0.0	0.2	0.0	211.079	7.44	6.35	0.0	63.76	9.838	-1.0	0.0	0.0	180.662	6.46	5.975	0.0	64.307	26.62	-11.567	31.6	0.0	223.382	7.21	6.225	0.0	62.413	21.462	-12.976	0.0	0.0	149.083	6.5	6.225	0.0	64.698	9.402	-1.0	37.2	0.997	221.929
7.22	5.725	0.532	63.362	25.312	-12.216	34.8	0.0	221.929	5.91	5.975	0.0	63.275	33.594	-2.371	28.8	1.601	271.429	6.36	6.037	0.0	63.574	24.367	-11.925	0.0	1.886	229.194	7.12	7.287	0.0	62.062	30.761	-1.752	35.0	1.651	209.142	6.75	6.475	0.0	64.027	10.927	-9.265	0.0	2.103	204.298	6.86	6.037	0.0	64.267	0.0	0.0	0.2	0.0	213.695	7.52	6.787	0.0	63.358	9.692	-1.0	0.0	0.0	184.537	6.49	5.975	0.0	63.927	26.692	-11.604	31.6	0.0	243.628	7.21	6.162	0.0	62.441	21.389	-13.017	0.0	0.0	173.881	6.54	6.225	0.0	64.568	9.111	-1.0	37.2	0.0	236.556
7.21	5.787	0.0	63.582	25.312	-12.316	34.8	0.0	240.14	5.9	6.162	0.0	63.494	33.667	-8.039	28.8	1.777	259.902	6.4	5.975	0.0	62.471	24.295	-11.875	0.0	2.062	232.778	7.1	7.162	0.0	62.618	30.543	-1.747	35.0	0.0	213.598	6.74	6.6	0.0	63.888	10.782	-9.246	0.0	1.961	206.817	6.84	6.037	0.0	63.85	0.0	0.0	0.2	0.997	210.692	7.5	6.6	1.595	62.741	9.184	-1.0	0.0	0.922	182.212	6.56	6.037	0.0	62.554	26.402	-11.577	31.6	1.684	219.798	7.21	6.287	0.0	61.149	21.244	-13.039	0.0	0.0	140.461	6.5	6.35	0.0	63.736	9.474	-1.0	37.2	1.483	240.14
7.22	5.662	1.063	62.805	24.803	-12.162	34.8	0.0	217.182	5.89	5.787	0.0	63.216	33.594	-7.945	28.8	2.087	257.771	6.38	5.975	0.0	63.217	24.15	-11.835	0.0	2.087	233.553	7.1	7.1	0.0	61.806	30.833	-1.872	35.0	1.391	204.783	6.76	6.537	0.0	63.864	10.564	-9.308	0.0	1.86	211.854	6.84	6.287	0.0	63.546	0.0	0.0	0.2	0.0	199.842	7.49	6.6	0.0	63.13	8.966	-1.0	0.0	0.0	176.981	6.48	6.1	0.0	63.815	26.474	-11.586	31.6	0.0	230.066	7.21	6.412	0.0	61.769	21.752	-13.114	0.0	0.0	158.382	6.52	6.35	0.0	63.987	9.184	-1.0	37.2	1.249	246.243
7.21	5.6	0.0	62.273	24.658	-12.196	34.8	0.0	276.466	5.9	6.162	0.0	62.719	33.594	-2.576	28.8	0.0	253.993	6.4	5.975	0.0	61.717	23.932	-11.835	0.0	0.0	238.106	7.08	7.162	0.0	61.212	31.415	-1.747	35.0	1.676	217.666	6.76	6.6	0.0	63.116	10.927	-9.238	0.0	2.12	217.085	6.89	5.787	0.0	63.582	0.0	0.0	0.2	0.0	224.641	7.54	6.6	1.063	61.964	9.329	-1.0	0.0	1.366	176.497	6.5	5.912	0.0	63.984	26.62	-11.558	31.6	0.0	235.297	7.21	6.287	0.0	61.065	21.244	-13.039	0.0	0.0	180.275	6.48	6.35	0.0	63.511	9.329	-1.0	37.2	1.341	237.04
7.21	5.662	5.317	63.221	25.239	-12.296	34.8	0.0	212.339	5.86	5.912	7.976	62.63	33.739	-7.958	28.8	0.0	271.914	6.36	6.037	0.0	61.598	23.641	-11.966	0.0	0.0	227.257	7.07	7.037	0.0	61.998	30.833	-1.633	35.0	0.0	203.717	6.75	6.6	0.0	63.336	10.782	-9.271	0.0	1.601	198.292	6.82	6.162	0.0	61.928	0.0	0.0	0.2	0.0	206.817	7.42	6.6	0.532	62.532	9.329	-1.0	0.0	0.0	194.03	6.43	6.1	0.0	62.977	26.402	-11.443	31.6	0.0	200.23	7.2	6.287	0.0	61.486	21.244	-13.367	0.0	0.0	157.995	6.46	6.162	0.0	62.843	9.256	-1.0	37.2	1.098	226.578
7.2	5.725	1.063	62.69	25.675	-12.261	34.8	0.0	226.869	5.84	5.85	0.532	62.931	33.812	-7.952	28.8	2.12	285.185	6.36	5.85	0.0	62.409	24.295	-11.937	0.0	1.777	211.467	7.09	7.225	0.0	61.58	30.397	-1.877	35.0	1.24	192.674	6.7	6.537	0.0	63.023	10.782	-9.247	0.0	1.634	209.529	6.86	5.912	0.0	62.855	0.0	0.0	0.2	0.0	211.079	7.52	6.662	0.0	62.689	9.038	-1.0	0.0	0.0	186.668	6.5	5.975	0.0	62.516	26.547	-11.459	31.6	0.0	235.394	7.19	6.162	0.0	61.793	21.171	-12.965	0.0	0.0	173.106	6.48	6.412	0.0	63.98	9.402	-1.0	37.2	1.483	229.969
7.16	5.6	0.0	63.85	24.367	-13.71	34.8	1.483	222.026	5.82	5.912	0.0	63.066	33.812	-2.486	28.8	1.936	278.888	6.36	5.85	0.0	60.727	23.859	-11.937	0.0	1.819	226.578	7.02	6.787	0.0	62.325	30.615	-1.732	35.0	0.0	205.267	6.68	6.662	0.0	64.62	10.782	-9.262	0.0	1.743	195.483	6.78	6.162	0.0	64.665	0.0	0.0	0.2	0.0	204.492	7.46	6.6	0.532	61.923	9.474	-1.0	0.0	1.014	183.181	6.41	5.85	0.0	63.637	26.256	-11.37	31.6	0.905	231.906	7.18	6.225	0.0	60.89	20.953	-13.527	0.0	0.0	159.157	6.39	6.225	0.0	62.803	9.62	-1.0	37.2	1.265	228.71
7.04	4.787	0.532	64.464	25.239	-12.11	34.8	1.743	220.282	5.8	5.662	0.0	63.284	33.594	-2.328	28.8	0.0	263.776	6.2	5.6	0.0	63.656	23.714	-12.065	0.0	2.02	250.602	6.78	6.225	0.0	61.949	31.124	-1.545	35.0	1.668	233.069	6.57	6.287	0.0	67.879	10.855	-9.208	0.0	1.282	191.996	6.66	5.6	0.0	66.226	0.0	0.0	0.2	0.0	216.117	7.38	6.287	5.849	62.162	9.692	-1.0	0.0	1.232	182.793	6.36	5.725	0.0	63.794	26.692	-11.493	31.6	1.534	244.79	7.06	6.287	0.0	60.673	20.953	-12.782	0.0	0.0	148.308	6.2	5.6	0.0	65.083	9.91	-1.0	37.2	1.215	266.489
6.8	4.475	0.0	66.224	25.239	-12.105	34.8	0.0	193.449	5.59	4.912	0.0	64.62	33.521	-2.093	28.8	1.953	283.925	5.98	5.6	0.0	65.751	23.932	-12.152	0.0	2.137	230.356	6.59	6.35	0.0	68.657	31.342	-1.408	35.0	0.93	217.666	6.38	6.162	0.0	67.093	11.0	-9.184	0.0	0.0	228.516	6.64	5.662	0.0	66.331	0.0	0.0	0.2	0.922	205.655	7.21	6.412	0.532	63.221	9.329	-1.0	0.0	1.198	191.899	6.27	5.85	0.0	64.85	26.474	-11.476	31.6	0.905	197.13	7.04	6.037	0.0	61.964	20.808	-13.102	0.0	0.0	160.32	6.03	5.1	0.0	69.583	9.91	-1.0	37.2	1.274	218.054
6.79	4.35	0.532	65.078	24.658	-11.997	34.8	1.224	229.969	5.5	4.912	1.063	66.233	33.667	-7.855	28.8	1.517	261.064	6.0	5.475	0.0	65.347	24.077	-11.877	0.0	2.137	229.291	6.62	6.412	0.0	65.239	31.124	-1.571	35.0	1.609	211.854	6.4	6.225	0.0	67.312	11.363	-9.209	0.0	1.936	218.829	6.45	5.662	0.0	67.187	0.0	0.0	0.2	1.383	199.552	7.15	6.475	0.532	65.224	9.329	-1.0	0.0	0.0	178.919	6.18	5.725	0.0	65.488	26.474	-11.529	31.6	1.349	218.248	6.96	6.162	0.0	63.123	20.953	-13.124	0.0	0.0	185.312	5.96	5.037	0.0	67.927	9.474	-1.0	37.2	1.24	234.716
6.66	4.537	0.0	68.989	24.731	-11.983	34.8	0.0	185.312	5.42	4.912	0.0	68.305	33.667	-1.926	28.8	0.0	239.365	5.94	5.725	0.0	67.549	24.15	-12.261	0.0	1.106	207.883	6.64	6.725	0.0	66.114	30.761	-1.531	35.0	1.123	220.379	6.27	6.225	0.0	69.312	10.782	-9.2	0.0	1.399	212.145	6.5	5.787	0.0	67.599	0.0	0.0	0.2	0.939	202.555	7.21	6.537	1.063	65.344	9.692	-1.0	0.0	1.282	177.756	6.24	6.037	0.0	66.852	26.474	-11.504	31.6	1.291	232.778	6.94	6.35	0.0	63.286	21.244	-13.434	0.0	0.0	176.981	5.9	5.225	0.0	68.713	9.547	-1.0	37.2	0.939	241.206
6.54	4.662	0.0	70.678	25.239	-12.046	34.8	0.0	200.424	5.25	5.162	1.595	69.906	33.594	-2.216	28.8	1.953	262.517	5.72	5.787	0.0	72.82	24.295	-11.968	0.0	1.751	218.829	6.37	6.412	0.0	69.779	31.051	-1.143	35.0	0.939	196.064	6.08	6.412	0.0	71.862	10.855	-9.257	0.0	0.0	185.893	6.3	5.6	0.0	71.984	0.0	0.0	0.2	2.129	212.532	6.94	6.225	1.595	71.591	9.256	-1.0	0.0	0.0	168.36	6.0	5.787	0.0	70.155	26.474	-11.396	31.6	0.0	206.817	6.86	6.1	0.0	66.641	20.88	-13.167	0.0	0.0	170.588	5.9	5.35	0.0	74.458	9.474	-1.0	37.2	1.131	224.157
6.38	4.662	0.0	73.208	25.239	-12.135	34.8	1.643	164.969	5.09	4.975	1.595	72.693	33.667	-2.048	28.8	0.0	235.103	5.62	5.475	0.0	71.823	24.077	-11.919	0.0	0.0	199.358	6.19	6.35	0.0	73.196	30.543	-1.479	35.0	1.701	204.88	5.9	6.287	0.0	74.912	11.291	-9.233	0.0	0.0	187.734	6.17	5.225	0.0	70.685	0.0	0.0	0.2	1.081	194.805	6.72	5.975	1.595	71.834	9.62	-1.0	0.0	0.939	182.018	5.84	5.6	0.0	70.334	26.692	-11.367	31.6	0.0	214.954	6.72	5.85	0.0	68.121	20.953	-13.289	0.0	0.0	141.914	5.7	5.412	0.0	74.139	9.474	-1.0	37.2	1.391	198.099
6.16	4.537	0.0	73.215	25.53	-12.345	34.8	1.475	185.506	4.95	4.85	0.0	73.047	33.594	-2.004	28.8	1.056	244.015	5.44	5.475	0.0	73.401	23.278	-11.919	0.0	1.777	208.754	6.03	6.662	0.0	73.24	30.833	-1.582	35.0	1.433	187.056	5.78	6.225	0.0	74.635	11.363	-9.225	0.0	0.0	204.298	5.94	5.475	0.0	75.322	0.0	0.0	0.2	0.947	178.047	6.51	5.85	0.532	74.0	8.966	-1.0	0.0	0.905	191.124	5.63	5.537	0.0	72.468	26.692	-11.501	31.6	0.0	208.367	6.52	6.037	0.0	70.15	20.953	-13.378	0.0	0.0	143.561	5.46	5.35	0.0	75.522	9.402	-1.0	37.2	0.0	221.444
6.18	4.475	0.532	71.96	24.731	-12.061	34.8	1.282	204.589	4.87	4.475	0.0	72.929	33.594	-1.903	28.8	0.98	231.228	5.42	5.6	0.0	72.221	23.859	-12.065	0.0	0.0	228.903	6.13	6.412	0.0	71.639	30.397	-1.571	35.0	0.0	201.974	5.76	6.162	0.0	73.389	11.436	-9.218	0.0	0.0	205.655	5.83	5.475	0.0	75.524	0.0	0.0	0.2	1.349	201.199	6.5	6.162	0.532	72.359	9.547	-1.0	0.0	1.467	167.875	5.5	5.6	0.0	73.235	26.474	-11.402	31.6	0.0	216.02	6.3	5.662	0.0	70.37	20.953	-13.145	0.0	0.0	175.237	5.57	5.225	0.0	75.894	9.765	-1.0	37.2	1.643	221.444
6.3	4.35	1.595	68.576	24.658	-11.911	34.8	0.0	199.358	4.94	4.662	0.532	69.244	33.594	-2.036	28.8	1.751	249.44	5.46	5.35	0.0	70.051	23.932	-13.313	0.0	1.249	213.695	6.06	6.35	0.0	71.729	30.761	-1.479	35.0	0.0	186.571	5.83	6.225	0.0	73.072	10.927	-9.192	0.0	1.735	182.793	5.86	5.412	0.0	72.796	0.0	0.0	0.2	1.274	196.646	6.44	5.912	0.532	71.83	9.547	-1.0	0.0	1.006	169.619	5.58	5.725	0.0	70.935	26.547	-11.386	31.6	1.643	215.342	6.42	5.662	0.0	68.811	21.244	-13.256	0.0	0.0	139.396	5.58	5.225	0.0	75.147	9.474	-1.0	37.2	0.0	233.941
6.34	4.412	0.532	67.81	25.239	-11.964	34.8	1.617	185.99	5.04	4.662	0.0	67.116	33.739	-2.036	28.8	1.601	203.62	5.48	5.225	0.0	67.944	23.932	-12.048	0.0	0.0	197.033	6.13	6.287	0.0	69.074	31.124	-1.423	35.0	0.0	192.868	5.91	5.85	0.0	69.928	11.363	-9.206	0.0	1.785	195.968	5.9	5.225	0.0	70.971	0.0	0.0	0.2	1.961	194.805	6.56	6.037	1.595	68.784	9.038	-1.0	0.0	0.0	190.833	5.66	5.6	0.0	68.35	26.402	-11.438	31.6	1.676	197.518	6.44	5.725	0.0	67.05	23.278	-13.267	0.0	0.0	130.096	5.61	5.1	0.0	70.576	9.765	-1.0	37.2	0.0	192.674
6.42	4.537	0.532	67.45	24.658	-12.115	34.8	1.525	188.896	5.08	4.85	0.0	67.23	33.812	-7.849	28.8	0.0	246.34	5.58	5.537	0.0	67.215	23.932	-11.97	0.0	0.0	208.367	6.19	6.412	0.0	69.112	30.761	-1.536	35.0	0.0	201.199	6.02	6.162	0.0	68.337	10.709	-9.193	0.0	1.978	199.649	6.0	5.475	0.0	68.573	0.0	0.0	0.2	0.0	167.294	6.77	6.037	0.532	66.544	9.547	-1.0	0.0	0.93	162.257	5.86	5.725	0.0	65.974	26.184	-11.386	31.6	0.0	193.546	6.48	5.912	0.0	66.626	21.462	-13.244	0.0	0.0	168.747	5.84	5.162	0.0	65.862	9.474	-1.0	37.2	1.215	229.291
