0.64	0.85	43.601	91.493	25.094	-13.622	35.2	0.0	68.584	-0.44	1.288	53.704	38.188	32.795	-7.604	29.0	0.0	90.186	-0.81	1.975	0.0	69.459	23.641	-10.393	0.8	0.0	65.0	0.14	3.1	0.0	70.967	31.051	-0.214	36.0	0.0	59.575	-0.06	2.1	0.0	94.382	11.436	-8.591	1.6	2.129	62.481	-1.0	2.163	0.0	0.0	0.0	0.0	1.2	0.0	46.304	0.16	2.413	28.713	91.708	9.91	-25.129	1.0	1.71	33.517	-0.48	3.538	0.0	71.7	27.346	-11.313	32.6	0.0	40.685	0.6	3.1	0.0	38.3	21.389	-12.212	1.0	0.0	342.435	0.1	1.913	0.0	29.607	9.256	-1.0	38.0	1.265	82.339	0.24
0.48	0.662	37.752	91.45	24.367	-13.719	35.2	0.0	68.487	-0.48	1.35	45.728	39.227	32.795	-7.61	29.0	0.0	89.992	-0.86	1.85	0.0	69.449	24.004	-10.52	0.8	0.0	46.401	-0.06	2.913	0.0	74.805	31.269	-0.542	36.0	0.0	61.512	-0.11	1.85	0.0	94.387	11.654	-8.571	1.6	2.12	67.421	-1.0	2.038	0.0	0.0	0.0	0.0	1.2	0.0	46.691	0.09	2.475	28.713	91.689	9.474	-24.496	1.0	1.291	39.426	-0.5	3.538	0.0	71.696	26.983	-10.87	32.6	0.0	36.132	0.73	2.913	0.0	38.377	21.171	-12.23	1.0	0.0	11.818	-0.06	1.538	0.0	29.627	8.821	-1.0	38.0	1.467	92.898	0.18
0.66	0.6	31.372	91.478	25.021	-13.708	35.2	0.0	68.39	-0.62	1.038	39.347	42.147	32.867	-7.581	29.0	0.0	90.573	-0.92	1.788	0.0	69.437	23.932	-10.369	0.8	0.0	63.45	0.02	3.038	0.0	72.476	31.124	-0.486	36.0	0.0	60.35	-0.06	2.038	0.0	94.401	12.308	-8.577	1.6	0.0	70.812	-1.0	2.225	0.0	0.0	0.0	0.0	1.2	1.182	46.594	0.21	2.35	26.054	91.701	9.62	-24.263	1.0	1.307	40.492	-0.5	3.475	0.0	71.696	26.474	-11.126	32.6	0.0	29.352	-1.0	2.788	0.0	0.0	20.88	-12.258	1.0	0.0	343.985	0.02	1.6	0.0	29.634	9.184	-1.0	38.0	1.668	89.411	0.2
0.56	0.725	26.586	91.472	24.585	-13.729	35.2	0.0	68.293	-0.56	1.1	31.903	41.004	32.722	-7.587	29.0	0.0	89.992	-0.92	1.725	0.0	69.412	23.568	-10.201	0.8	0.0	51.922	0.0	3.1	0.0	71.116	31.124	-0.832	36.0	0.0	46.013	-0.1	1.538	0.0	94.39	11.363	-8.538	1.6	0.0	64.418	-1.0	2.413	0.0	0.0	0.0	0.0	1.2	0.0	46.401	0.22	2.288	14.888	91.704	9.329	-24.243	1.0	1.24	26.445	-0.42	3.475	0.0	71.687	25.82	-11.058	32.6	0.0	24.217	-1.0	2.6	0.0	0.0	20.662	-12.229	1.0	0.0	337.01	0.02	1.663	0.0	29.634	8.748	-1.0	38.0	1.374	88.733	0.32
0.5	0.787	32.435	91.476	24.803	-13.675	35.2	0.0	68.487	-0.57	0.912	36.157	41.221	33.158	-7.586	29.0	0.0	89.895	-0.98	1.725	0.0	69.425	24.295	-10.126	0.8	0.0	73.912	0.0	2.788	0.0	69.948	30.761	-0.982	36.0	0.0	49.791	-0.07	1.788	0.0	94.359	11.363	-8.55	1.6	0.0	78.077	-1.0	1.975	0.0	0.0	0.0	0.0	1.2	0.0	46.594	0.2	2.038	16.483	91.699	9.038	-24.163	1.0	1.232	36.229	-0.4	3.288	0.0	71.716	27.201	-11.134	32.6	0.0	42.913	-1.0	2.6	0.0	0.0	20.808	-12.426	1.0	0.0	347.084	-0.07	1.475	0.0	29.659	8.748	-1.0	38.0	1.517	106.363	0.18
0.38	0.537	53.172	91.464	24.731	-14.815	35.2	0.0	68.584	-0.53	1.1	47.323	41.039	32.795	-7.612	29.0	0.0	89.798	-0.96	1.538	0.0	69.404	23.859	-10.336	0.8	0.0	56.281	0.04	2.788	0.0	68.259	31.051	-0.95	36.0	0.0	52.794	-0.06	2.038	0.0	94.401	11.726	-8.584	1.6	0.0	72.846	-1.0	1.85	0.0	0.0	0.0	0.0	1.2	0.0	46.691	0.18	2.163	16.483	91.693	9.111	-24.203	1.0	1.458	26.445	-0.44	3.35	0.0	71.708	26.91	-11.398	32.6	0.0	35.261	-1.0	2.538	0.0	0.0	21.026	-12.124	1.0	0.0	355.609	-0.04	1.413	0.0	29.662	9.184	-1.0	38.0	1.165	86.311	0.16
0.63	0.787	29.776	91.47	24.44	-13.611	35.2	0.0	68.487	-0.66	1.038	42.006	43.775	33.086	-7.614	29.0	0.0	89.701	-0.96	1.475	0.0	69.404	23.859	-10.069	0.8	0.0	45.722	-0.06	2.725	0.0	67.826	31.269	-0.768	36.0	1.014	50.275	-0.02	1.975	0.0	94.393	11.436	-8.563	1.6	0.0	64.903	-1.0	2.35	0.0	0.0	0.0	0.0	1.2	0.0	46.788	0.02	2.1	15.952	91.65	9.038	-24.183	1.0	1.919	25.089	-0.46	3.413	0.0	71.653	26.838	-12.406	32.6	0.0	45.722	-1.0	2.6	0.0	0.0	21.389	-12.134	1.0	0.0	355.996	-0.1	1.475	0.0	29.657	8.748	-23.987	38.0	1.291	93.092	0.12
0.58	0.787	33.498	91.477	24.731	-13.675	35.2	0.0	68.39	-0.65	0.85	34.562	43.469	32.94	-7.613	29.0	0.0	89.798	-0.93	1.35	0.0	69.41	23.859	-10.078	0.8	0.0	58.606	-0.06	2.663	0.0	67.591	31.197	-0.619	36.0	0.98	56.281	-0.12	1.725	0.0	94.384	11.508	-8.558	1.6	0.0	62.772	-1.0	1.85	0.0	0.0	0.0	0.0	1.2	0.0	46.401	0.16	2.288	15.952	91.485	9.62	-24.146	1.0	1.349	38.167	-0.52	3.35	0.0	71.666	26.402	-12.915	32.6	0.0	19.18	-1.0	2.6	0.0	0.0	20.953	-12.041	1.0	0.0	351.928	-0.11	1.225	0.0	29.656	9.256	-1.0	38.0	1.659	78.271	0.06
0.36	0.35	40.411	91.418	24.949	-13.665	35.2	0.0	68.487	-0.78	0.975	42.006	44.434	33.086	-7.641	29.0	0.0	90.089	-0.95	1.663	0.0	69.38	23.859	-10.271	0.8	0.0	57.444	0.09	2.913	0.0	64.482	31.269	-0.671	36.0	0.0	60.544	-0.04	2.038	0.0	94.368	11.363	-8.584	1.6	1.827	67.906	-1.0	1.975	0.0	0.0	0.0	0.0	1.2	0.0	46.207	0.15	2.288	23.396	91.483	9.184	-24.243	1.0	1.383	40.782	-0.41	3.288	0.0	71.663	27.201	-11.134	32.6	0.0	47.951	-1.0	2.788	0.0	0.0	20.953	-12.356	1.0	0.0	356.384	-0.16	1.1	0.0	29.685	9.038	-1.0	38.0	1.274	90.864	0.14
0.28	0.412	25.523	91.436	24.44	-13.741	35.2	0.0	68.487	-0.76	1.038	28.713	43.456	32.867	-7.663	29.0	0.0	89.798	-0.93	1.475	0.0	69.384	23.714	-10.169	0.8	0.0	53.569	0.02	2.85	0.0	64.336	31.415	-0.972	36.0	0.0	47.757	-0.08	1.975	0.0	94.395	11.654	-8.584	1.6	0.0	65.871	-1.0	1.913	0.0	0.0	0.0	0.0	1.2	0.0	46.11	0.2	2.038	16.483	91.516	9.329	-24.545	1.0	1.374	36.617	-0.56	3.35	0.0	71.658	26.256	-10.782	32.6	0.0	42.72	-1.0	2.538	0.0	0.0	21.316	-12.317	1.0	0.0	352.412	-0.06	1.475	0.0	29.66	9.256	-1.0	38.0	1.274	90.089	0.2
0.44	0.537	19.142	91.439	24.585	-13.318	35.2	0.0	68.003	-0.73	1.1	21.8	41.793	32.577	-7.669	29.0	0.0	89.605	-0.92	1.475	0.0	69.412	24.077	-10.144	0.8	0.0	53.956	-0.04	2.725	0.0	64.672	31.269	-0.35	36.0	0.0	46.207	-0.06	1.85	0.0	94.401	11.654	-8.571	1.6	0.0	65.29	-1.0	2.163	0.0	0.0	0.0	0.0	1.2	0.0	46.788	0.24	2.225	8.508	91.507	9.62	-24.223	1.0	1.592	36.036	-0.45	3.1	0.0	71.681	26.765	-11.107	32.6	0.0	46.013	-1.0	2.663	0.0	0.0	20.808	-12.589	1.0	0.0	355.512	-0.1	1.475	0.0	29.657	8.821	-1.0	38.0	1.559	89.508	0.15
0.54	0.475	17.015	91.446	25.021	-13.009	35.2	0.0	69.262	-0.58	0.85	20.737	39.342	33.449	-7.613	29.0	0.0	90.476	-0.88	1.413	0.0	69.419	23.932	-10.136	0.8	0.0	63.74	0.02	2.85	0.0	63.127	31.124	-0.392	36.0	0.0	62.675	-0.17	1.85	0.0	94.37	11.291	-8.592	1.6	0.0	60.447	-1.0	1.725	0.0	0.0	0.0	0.0	1.2	0.0	46.401	0.16	2.288	11.698	91.485	9.329	-24.531	1.0	1.751	28.286	-0.44	3.163	0.0	71.683	27.201	-11.815	32.6	0.0	46.401	-1.0	2.663	0.0	0.0	20.953	-12.538	1.0	0.0	0.0	-0.04	1.413	0.0	29.662	8.821	-1.0	38.0	1.55	84.761	0.12
0.48	0.412	16.483	91.45	24.44	-12.999	35.2	0.0	68.487	-0.78	1.1	20.205	43.208	32.867	-7.693	29.0	0.0	90.283	-0.9	1.413	0.0	69.416	23.641	-10.136	0.8	0.0	58.413	-0.01	2.663	0.0	63.338	31.124	-0.715	36.0	1.031	48.629	-0.1	1.85	0.0	94.37	11.726	-8.578	1.6	0.0	70.328	-1.0	2.413	0.0	0.0	0.0	0.0	1.2	0.0	46.691	0.16	1.975	14.888	90.997	9.184	-1.0	1.0	1.726	44.754	-0.48	3.288	0.0	71.65	27.128	-11.134	32.6	0.0	46.207	-1.0	2.413	0.0	0.0	21.171	-12.297	1.0	0.0	344.76	0.0	1.475	0.0	29.632	9.111	-1.0	38.0	1.542	83.986	0.2
0.57	0.537	17.015	91.433	24.731	-12.846	35.2	0.0	68.681	-0.76	0.912	20.205	44.13	33.013	-7.699	29.0	0.0	90.283	-0.96	1.35	0.0	69.404	24.367	-10.128	0.8	0.0	51.147	-0.04	2.475	0.0	64.325	31.051	-0.682	36.0	1.492	44.56	-0.18	1.975	0.0	94.367	11.799	-8.62	1.6	0.0	68.1	-1.0	2.163	0.0	0.0	0.0	0.0	1.2	0.0	46.401	0.1	2.1	12.23	90.981	9.91	-24.28	1.0	1.919	33.226	-0.47	3.1	0.0	71.677	26.402	-11.178	32.6	0.0	45.916	-1.0	2.475	0.0	0.0	20.808	-12.356	1.0	0.0	344.372	-0.16	1.413	0.0	29.651	9.111	-1.0	38.0	1.332	88.248	0.22
0.36	0.287	16.483	91.418	25.021	-12.807	35.2	0.0	68.39	-0.76	0.787	17.015	43.425	32.867	-7.679	29.0	0.0	89.798	-0.98	1.225	0.0	69.4	23.714	-10.987	0.8	0.0	59.091	-0.06	2.413	0.0	64.828	31.342	-0.598	36.0	1.567	50.179	-0.1	1.913	0.0	94.39	11.654	-8.599	1.6	0.0	61.997	-1.0	1.538	0.0	0.0	0.0	0.0	1.2	0.0	46.498	0.1	2.1	13.293	90.981	9.765	-24.086	1.0	2.011	44.366	-0.5	3.1	0.0	71.645	26.547	-11.72	32.6	0.0	46.013	-1.0	2.413	0.0	0.0	21.171	-12.498	1.0	0.0	355.996	-0.1	1.225	0.0	29.657	8.748	-1.0	38.0	1.827	89.217	0.22
0.3	0.163	16.483	91.401	24.513	-12.566	35.2	0.0	68.1	-0.82	0.912	17.015	44.398	32.795	-7.643	29.0	0.0	89.411	-1.0	0.975	0.0	69.396	23.859	-10.081	0.8	0.0	54.828	-0.12	2.288	0.0	65.666	31.342	-0.713	36.0	1.525	56.088	-0.16	2.038	0.0	94.373	11.654	-8.817	1.6	1.148	59.478	-1.0	2.038	0.0	0.0	0.0	0.0	1.2	0.0	46.401	0.08	2.35	12.761	90.955	9.402	-24.166	1.0	2.07	24.411	-0.52	3.1	0.0	71.641	26.765	-11.72	32.6	0.0	45.916	-1.0	2.475	0.0	0.0	20.662	-12.771	1.0	0.0	11.721	-0.09	1.288	0.0	29.657	8.748	-1.0	38.0	1.869	83.017	0.12
0.4	0.35	19.674	91.428	24.44	-12.989	35.2	0.0	68.293	-0.78	0.975	18.61	43.699	32.867	-7.689	29.0	0.0	90.186	-1.0	0.975	0.0	69.396	24.077	-10.031	0.8	0.0	59.284	-0.08	2.225	0.0	63.433	31.051	-0.344	36.0	0.0	57.25	-0.21	1.975	0.0	94.359	11.654	-8.599	1.6	0.964	60.447	-1.0	1.725	0.0	0.0	0.0	0.0	1.2	0.0	46.691	0.16	1.913	18.078	90.956	10.056	-23.93	1.0	1.978	45.722	-0.55	2.975	0.0	71.61	26.765	-11.382	32.6	0.0	46.013	-1.0	2.35	0.0	0.0	21.098	-12.697	1.0	0.0	0.775	-0.14	1.225	0.0	29.653	9.256	-1.0	38.0	1.911	98.323	0.12
0.41	0.412	28.713	91.411	25.021	-12.04	35.2	0.0	67.906	-0.86	0.787	28.181	45.215	32.795	-7.623	29.0	0.0	89.992	-0.96	1.35	0.0	69.378	24.077	-10.205	0.8	0.0	64.031	-0.1	2.475	0.0	63.672	31.124	-0.587	36.0	1.508	46.401	-0.15	2.413	0.0	94.376	11.436	-8.639	1.6	0.0	60.544	-1.0	1.663	0.0	0.0	0.0	0.0	1.2	0.0	46.885	0.12	2.163	14.357	90.945	9.765	-24.008	1.0	1.936	29.933	-0.46	2.913	0.0	71.653	26.329	-11.012	32.6	0.0	45.238	-1.0	2.225	0.0	0.0	21.389	-12.572	1.0	0.0	0.194	-0.08	1.225	0.0	29.658	9.256	-1.0	38.0	1.425	72.071	0.22
0.46	0.412	29.245	91.424	24.658	-12.659	35.2	0.0	68.874	-0.73	1.038	37.752	41.731	32.867	-7.711	29.0	0.0	89.798	-0.92	1.1	0.0	69.412	23.932	-10.28	0.8	0.0	59.769	-0.1	2.288	0.0	63.51	31.124	-0.206	36.0	1.475	51.147	-0.1	2.35	0.0	94.351	11.581	-8.618	1.6	1.115	62.384	-1.0	1.475	0.0	0.0	0.0	0.0	1.2	0.0	46.691	0.1	2.163	22.864	90.756	9.111	-24.203	1.0	2.02	46.304	-0.52	2.975	0.0	71.692	27.201	-12.052	32.6	0.0	45.916	-1.0	2.413	0.0	0.0	21.244	-12.498	1.0	0.0	0.194	-0.06	1.475	0.0	29.66	9.329	-1.0	38.0	1.659	83.017	0.14
0.27	0.1	42.538	91.393	24.585	-12.61	35.2	0.0	68.584	-0.91	0.725	38.816	46.118	32.867	-7.665	29.0	0.0	89.798	-0.92	1.225	0.0	69.386	23.714	-10.242	0.8	0.0	57.541	-0.17	2.413	0.0	64.355	30.833	-0.375	36.0	1.584	44.173	-0.08	1.475	0.0	94.357	11.363	-8.552	1.6	0.0	50.663	-1.0	1.975	0.0	0.0	0.0	0.0	1.2	0.0	47.66	0.08	2.163	24.459	90.73	9.329	-24.106	1.0	0.0	31.87	-0.41	3.35	0.0	71.638	26.91	-11.758	32.6	0.0	45.626	-1.0	2.35	0.0	0.0	20.735	-12.751	1.0	0.0	0.097	-0.06	1.35	0.0	29.66	9.184	-1.0	38.0	1.827	82.824	0.08
0.4	0.35	34.03	91.408	24.585	-12.76	35.2	0.0	68.487	-0.83	0.85	39.879	44.183	32.867	-7.693	29.0	0.0	89.895	-0.96	1.1	0.0	69.404	23.568	-10.072	0.8	0.0	55.797	-0.1	2.475	0.0	62.159	31.487	-0.268	36.0	1.718	45.141	-0.24	1.788	0.0	94.35	11.654	-8.55	1.6	1.324	50.953	-1.0	1.725	0.0	0.0	0.0	0.0	1.2	0.0	46.594	0.17	2.038	23.927	90.754	9.329	-24.067	1.0	2.062	22.086	-0.38	3.1	0.0	71.67	26.91	-11.143	32.6	0.0	46.594	-1.0	2.35	0.0	0.0	20.735	-13.028	1.0	0.0	344.372	-0.08	1.35	0.0	29.692	9.184	-1.0	38.0	2.087	72.362	0.2
0.32	0.287	31.903	91.407	24.731	-12.807	35.2	0.0	68.39	-0.81	1.038	40.411	43.88	33.013	-7.655	29.0	0.0	89.701	-0.96	0.85	0.0	69.404	23.786	-10.194	0.8	0.0	54.15	-0.12	2.35	0.0	62.671	31.051	-0.64	36.0	2.137	45.626	-0.26	1.85	0.0	94.345	11.799	-8.6	1.6	1.5	60.156	-1.0	1.725	0.0	0.0	0.0	0.0	1.2	0.0	46.401	0.08	2.1	20.205	90.73	9.111	-24.086	1.0	0.0	29.739	-0.56	2.975	0.0	71.683	26.474	-11.055	32.6	0.0	46.11	-1.0	2.163	0.0	0.0	20.953	-13.408	1.0	0.0	13.271	-0.06	1.413	0.0	29.66	9.184	-1.0	38.0	1.911	91.445	0.2
0.14	0.35	25.523	91.358	24.731	-12.873	35.2	0.0	68.584	-0.86	0.912	28.713	45.428	32.867	-7.643	29.0	0.0	89.895	-1.04	0.85	0.0	69.363	24.077	-10.091	0.8	0.0	61.125	-0.09	2.475	0.0	60.768	30.833	-0.204	36.0	1.324	45.335	-0.24	1.788	0.0	94.35	11.799	-8.593	1.6	1.55	77.011	-1.0	1.663	0.0	0.0	0.0	0.0	1.2	0.0	46.691	0.12	1.975	13.825	90.741	9.765	-23.753	1.0	1.994	30.417	-0.55	2.913	0.0	71.635	26.91	-12.789	32.6	0.0	45.916	-1.0	2.225	0.0	0.0	20.88	-13.926	1.0	0.0	340.4	-0.1	1.225	0.0	29.657	9.038	-1.0	38.0	2.112	65.968	0.14
0.43	0.287	26.054	91.396	24.876	-13.096	35.2	0.0	69.552	-0.92	0.725	29.776	45.481	32.867	-7.617	29.0	0.0	89.701	-1.02	0.787	0.0	69.367	24.004	-10.108	0.8	0.0	59.381	-0.2	2.413	0.0	62.576	30.833	-0.151	36.0	0.939	45.141	-0.24	1.975	0.0	94.35	11.581	-8.65	1.6	1.073	61.125	-1.0	1.663	0.0	0.0	0.0	0.0	1.2	0.0	46.788	0.07	1.975	14.888	90.728	9.329	-24.525	1.0	0.0	28.577	-0.56	3.163	0.0	71.633	26.474	-11.187	32.6	0.0	45.916	-1.0	2.35	0.0	0.0	21.098	-13.26	1.0	0.0	333.813	-0.09	1.225	0.0	29.657	9.329	-1.0	38.0	1.643	84.374	0.14
0.22	0.412	32.435	91.359	24.585	-13.359	35.2	0.0	68.487	-0.9	0.662	31.903	45.393	32.867	-7.644	29.0	0.0	89.798	-1.06	0.85	0.0	69.359	23.859	-10.091	0.8	0.0	49.016	-0.2	2.475	0.0	62.224	31.124	-0.555	36.0	1.475	45.238	-0.23	2.288	0.0	94.353	11.291	-8.647	1.6	0.0	71.974	-1.0	1.663	0.0	0.0	0.0	0.0	1.2	0.0	47.563	0.11	1.913	24.459	90.697	9.329	-24.598	1.0	0.0	30.805	-0.6	3.1	0.0	71.625	26.91	-10.971	32.6	0.0	45.916	-1.0	2.475	0.0	0.0	20.59	-13.905	1.0	0.0	349.409	-0.06	1.1	0.0	29.66	8.821	-1.0	38.0	1.819	83.695	0.1
0.34	0.1	24.459	91.371	24.731	-12.777	35.2	0.0	68.778	-1.0	0.787	29.776	46.619	33.086	-7.615	29.0	0.0	89.895	-1.02	0.975	0.0	69.392	24.367	-10.106	0.8	0.0	53.763	-0.24	2.413	0.0	62.812	31.415	-0.502	36.0	1.852	45.626	-0.16	1.85	0.0	94.373	11.581	-8.571	1.6	1.324	66.162	-1.0	1.663	0.0	0.0	0.0	0.0	1.2	0.0	46.207	-0.04	1.975	17.547	90.657	9.62	-24.985	1.0	0.0	26.736	-0.52	2.913	0.0	71.692	26.765	-11.187	32.6	0.0	46.207	0.68	2.413	0.0	37.895	21.244	-13.153	1.0	0.0	355.609	-0.04	1.225	0.0	29.662	8.821	-1.0	38.0	2.036	87.57	0.06
0.36	0.287	28.181	91.377	24.949	-13.72	35.2	0.0	68.196	-1.0	0.725	32.435	46.499	32.867	-7.585	29.0	0.0	89.798	-1.07	0.975	0.0	69.357	24.15	-10.106	0.8	0.0	54.925	-0.14	2.413	0.0	60.348	31.051	-0.693	36.0	1.048	45.432	-0.3	1.975	0.0	94.333	11.291	-8.606	1.6	1.19	72.846	-1.0	1.725	0.0	0.0	0.0	0.0	1.2	0.0	46.885	0.18	1.975	14.357	90.696	9.402	-24.803	1.0	1.584	45.335	-0.5	2.913	0.0	71.671	27.273	-11.116	32.6	0.0	46.013	0.46	2.1	0.0	37.935	20.662	-12.987	1.0	0.0	11.915	-0.08	1.225	0.0	29.658	9.256	-1.0	38.0	0.0	90.961	0.12
0.26	0.287	45.728	91.35	25.021	-13.216	35.2	0.0	68.39	-0.96	0.787	36.689	45.809	33.013	-7.607	29.0	0.0	90.573	-0.98	0.662	0.0	69.374	24.004	-10.144	0.8	0.0	58.703	-0.06	2.413	0.0	56.988	30.979	-0.882	36.0	0.0	45.432	-0.26	1.725	0.0	94.345	11.363	-8.615	1.6	0.0	51.341	-1.0	1.725	0.0	0.0	0.0	0.0	1.2	0.0	46.788	0.16	2.163	20.205	90.711	9.547	-1.0	1.0	1.55	35.261	-0.46	2.788	0.0	71.704	26.983	-11.889	32.6	0.0	45.722	0.44	2.225	0.0	38.028	20.88	-13.239	1.0	0.0	11.915	-0.04	1.163	0.0	29.662	9.256	-1.0	38.0	1.651	101.616	0.22
0.34	0.287	30.308	91.371	24.949	-13.463	35.2	0.0	68.487	-1.02	0.787	37.752	46.887	33.231	-7.566	29.0	0.0	89.992	-0.96	0.85	0.0	69.378	24.077	-10.142	0.8	0.0	49.21	-0.1	2.413	0.0	58.385	31.051	-0.661	36.0	0.989	45.432	-0.18	1.85	0.0	94.348	11.291	-8.629	1.6	0.955	65.581	-1.0	1.725	0.0	0.0	0.0	0.0	1.2	0.0	46.885	0.04	2.038	20.205	90.679	9.474	-24.823	1.0	1.886	26.833	-0.44	2.913	0.0	71.733	26.038	-11.489	32.6	0.0	46.013	0.4	2.413	0.0	38.088	21.244	-13.271	1.0	0.0	322.673	-0.06	1.288	0.0	29.66	9.111	-1.0	38.0	1.768	85.439	0.15
0.32	0.225	26.054	91.346	24.585	-13.516	35.2	0.0	68.39	-1.02	0.662	24.991	46.827	32.94	-7.562	29.0	0.0	89.992	-0.96	0.85	0.0	69.404	23.859	-10.194	0.8	0.0	52.503	-0.16	2.6	0.0	59.599	31.197	-0.725	36.0	1.5	45.238	-0.23	1.913	0.0	94.353	11.581	-8.643	1.6	1.291	65.581	-1.0	1.725	0.0	0.0	0.0	0.0	1.2	0.0	46.498	0.12	2.1	19.674	90.7	9.838	-1.0	1.0	0.0	27.123	-0.52	2.85	0.0	71.692	27.056	-11.107	32.6	0.0	45.626	0.26	2.413	0.0	38.009	20.662	-13.451	1.0	0.0	344.372	-0.04	1.225	0.0	29.662	8.966	-1.0	38.0	1.911	87.667	0.11
