6.4	2.788	0.532	66.45	25.094	-10.473	34.8	0.0	194.515	5.43	3.225	0.0	65.409	33.739	-7.933	28.8	1.743	242.465	5.66	3.163	0.0	62.789	24.585	-8.811	0.0	1.894	163.322	5.68	3.35	0.0	67.768	30.688	-0.95	35.0	2.137	186.184	6.0	4.287	0.0	67.024	10.927	-8.962	0.0	0.0	204.88	5.97	2.975	0.0	65.151	0.0	0.0	0.2	0.0	157.898	6.69	3.475	1.063	64.457	9.91	-25.112	0.0	0.0	173.688	6.14	3.725	0.0	61.925	26.184	-11.858	31.6	1.643	174.463	6.96	3.788	0.0	60.175	23.568	-25.593	0.0	0.0	145.886	7.14	3.725	0.0	55.152	10.128	-23.589	37.2	1.793	255.058	6.74
6.58	2.725	0.0	66.618	25.167	-10.549	34.8	0.0	221.929	5.37	3.038	0.0	65.966	33.449	-7.93	28.8	1.534	224.544	5.54	2.913	0.0	64.666	25.094	-8.783	0.0	2.062	199.842	5.99	3.35	0.0	65.291	30.833	-7.743	35.0	0.0	168.941	5.87	4.35	0.0	68.336	11.073	-8.938	0.0	0.0	202.845	5.87	2.725	0.0	65.242	0.0	0.0	0.2	1.668	166.132	6.16	3.35	0.0	67.937	10.201	-25.351	0.0	0.0	175.334	5.84	3.725	0.0	63.152	26.402	-11.988	31.6	1.626	164.485	7.26	3.788	0.0	57.79	23.641	-25.5	0.0	0.0	142.399	6.6	2.913	0.0	63.033	9.983	-23.643	37.2	0.0	220.379	6.56
6.49	2.85	0.0	67.463	24.876	-10.537	34.8	0.0	219.119	5.24	3.288	0.0	67.072	33.449	-7.939	28.8	1.751	245.081	5.54	2.913	0.0	66.105	24.367	-8.76	0.0	0.0	202.07	5.83	3.225	0.0	67.689	31.269	-0.679	35.0	0.0	166.035	5.86	4.225	0.0	69.498	10.782	-8.996	0.0	0.0	205.945	5.8	2.663	0.0	67.202	0.0	0.0	0.2	0.0	167.197	6.31	3.163	3.19	66.704	10.128	-1.0	0.0	2.12	176.884	5.79	3.788	0.0	63.861	26.402	-11.954	31.6	1.634	175.237	7.56	3.725	0.0	56.794	23.568	-25.479	0.0	0.0	141.721	6.49	3.163	0.0	63.513	10.128	-23.824	37.2	1.559	233.166	6.82
6.49	2.725	0.532	67.329	25.457	-10.521	34.8	2.078	236.944	5.18	3.163	0.532	67.302	33.667	-7.943	28.8	1.634	249.052	5.5	2.975	0.0	65.909	24.658	-8.782	0.0	0.0	194.805	6.04	3.6	0.0	65.055	31.487	-0.838	35.0	0.0	168.069	5.52	4.225	0.0	70.793	10.782	-8.923	0.0	0.0	195.774	5.7	2.913	0.0	67.798	0.0	0.0	0.2	0.0	176.981	6.34	3.288	3.722	66.574	10.346	-24.761	0.0	0.0	174.947	6.18	3.913	0.0	62.406	26.547	-11.886	31.6	1.5	172.913	7.26	3.788	0.0	59.255	23.786	-25.217	0.0	0.0	141.624	6.45	3.475	0.0	64.168	10.419	-24.025	37.2	1.534	239.268	6.56
6.37	2.538	0.532	67.735	25.167	-10.385	34.8	0.0	218.441	5.19	3.225	7.976	67.17	33.667	-7.965	28.8	1.961	236.653	5.46	2.85	0.0	65.224	24.731	-8.745	0.0	1.433	189.671	5.92	3.413	0.0	65.333	30.761	-1.004	35.0	0.0	170.2	5.6	4.225	0.0	70.444	10.782	-8.931	0.0	2.062	194.224	5.68	2.85	0.0	65.562	0.0	0.0	0.2	2.078	171.169	6.6	3.35	2.127	65.099	10.274	-1.0	0.0	2.07	175.431	5.93	3.788	0.0	62.419	26.402	-11.867	31.6	1.156	174.656	7.26	3.85	0.0	58.539	23.932	-25.142	0.0	0.0	137.071	6.3	3.663	0.0	65.373	10.128	-23.88	37.2	1.944	262.614	6.06
6.22	2.538	0.0	68.481	25.021	-10.467	34.8	0.0	194.611	5.18	3.35	0.0	67.302	33.667	-7.97	28.8	1.701	247.212	5.62	2.6	0.0	63.335	24.585	-8.703	0.0	1.399	184.149	5.98	3.038	0.0	64.552	31.124	-1.037	35.0	1.676	172.719	5.78	4.35	0.0	69.746	11.508	-8.914	0.0	0.0	200.133	5.9	2.788	0.0	64.866	0.0	0.0	0.2	1.098	154.217	6.74	3.163	0.532	64.026	10.419	-1.0	0.0	2.036	162.548	6.16	3.788	0.0	61.285	26.402	-12.042	31.6	1.483	177.756	6.98	3.35	0.0	59.325	23.568	-25.07	0.0	0.0	136.49	6.4	3.725	0.0	63.967	10.128	-23.9	37.2	1.852	269.201	6.78
6.2	2.288	0.532	68.078	25.167	-10.379	34.8	2.129	187.056	5.17	3.1	0.0	67.46	33.594	-7.912	28.8	1.483	247.502	5.59	2.975	0.0	65.084	24.949	-8.986	0.0	1.877	180.759	6.12	3.413	0.0	65.885	31.051	-0.906	35.0	0.0	168.844	5.63	4.037	0.0	70.345	11.508	-8.879	0.0	0.0	199.455	5.7	2.538	0.0	64.94	0.0	0.0	0.2	1.081	160.223	6.47	3.163	1.063	66.327	9.983	-25.102	0.0	1.768	194.708	6.27	3.663	0.0	60.035	26.474	-11.891	31.6	0.0	136.296	6.84	3.225	0.0	59.701	23.568	-25.122	0.0	0.0	151.989	6.41	3.413	0.0	64.353	10.056	-23.903	37.2	1.366	259.805	7.1
6.5	2.6	2.127	67.196	24.949	-10.504	34.8	0.0	200.327	5.2	3.1	0.0	67.225	33.521	-7.945	28.8	1.575	242.853	5.46	2.975	0.0	64.023	24.513	-8.693	0.0	2.011	165.938	5.88	3.35	0.0	66.571	30.543	-0.95	35.0	0.0	177.756	5.26	4.162	0.0	69.489	11.073	-9.023	0.0	2.07	191.221	5.8	2.85	0.0	65.909	0.0	0.0	0.2	0.0	167.004	6.26	3.1	1.595	66.856	10.201	-25.267	0.0	1.919	169.232	5.75	3.6	0.0	63.853	26.329	-11.969	31.6	0.0	187.346	7.22	3.475	0.0	58.332	23.786	-25.3	0.0	0.0	164.001	6.18	2.788	0.0	66.572	10.419	-1.0	37.2	0.98	232.488	6.08
6.33	2.413	0.532	67.54	25.239	-10.624	34.8	0.0	192.48	5.26	3.225	1.063	67.076	33.449	-7.957	28.8	1.86	242.465	5.45	2.975	0.0	66.278	24.44	-8.752	0.0	0.0	169.91	6.11	3.538	0.0	66.235	31.124	-1.014	35.0	0.0	171.944	5.59	4.162	0.0	70.024	10.782	-8.855	0.0	0.0	197.905	5.81	2.975	0.0	64.55	0.0	0.0	0.2	0.0	173.397	6.22	3.1	0.532	65.359	10.564	-25.081	0.0	0.0	171.847	5.76	3.6	0.0	62.612	26.329	-11.671	31.6	1.718	186.668	7.06	3.35	0.0	58.622	23.714	-24.586	0.0	0.0	146.951	6.55	3.225	0.0	62.106	10.492	-23.536	37.2	1.441	238.881	6.18
6.06	2.1	0.532	67.945	24.803	-10.438	34.8	0.0	195.386	5.17	2.788	0.0	67.38	33.885	-7.881	28.8	1.534	228.032	5.66	2.85	0.0	61.37	24.367	-8.687	0.0	1.919	180.081	6.49	3.725	0.0	62.737	31.415	-1.046	35.0	0.98	182.793	5.09	3.788	0.0	69.745	11.291	-8.946	0.0	0.0	194.999	6.14	3.1	0.0	64.608	0.0	0.0	0.2	0.0	173.978	6.06	2.913	0.0	67.035	9.983	-23.745	0.0	0.0	176.884	6.11	3.6	0.0	61.304	26.474	-12.058	31.6	1.743	178.919	6.88	3.475	0.0	59.252	23.714	-25.3	0.0	0.0	127.674	6.22	2.725	0.0	66.417	10.056	-23.686	37.2	1.039	223.479	6.33
6.2	1.725	0.0	67.329	25.457	-10.389	34.8	0.0	197.518	5.02	2.788	0.532	67.459	33.449	-7.905	28.8	1.768	222.122	6.0	2.913	0.0	59.792	25.603	-8.658	0.0	1.148	169.813	6.21	3.413	0.0	63.603	30.761	-0.742	35.0	0.0	188.509	5.1	3.85	0.0	68.562	11.291	-8.85	0.0	1.852	194.418	5.88	3.163	0.0	64.835	0.0	0.0	0.2	1.994	171.847	5.94	2.913	1.063	68.136	9.838	-25.018	0.0	0.0	187.056	6.16	3.663	0.0	61.621	26.474	-11.681	31.6	1.793	198.292	6.66	3.163	0.0	60.438	23.786	-24.816	0.0	0.0	146.951	5.82	2.725	0.0	68.671	10.927	-23.585	37.2	1.467	209.529	6.06
6.43	2.038	0.532	65.778	25.748	-10.458	34.8	2.036	190.543	4.84	2.413	0.0	67.452	33.158	-7.86	28.8	1.659	216.407	6.1	3.163	0.0	60.233	24.585	-8.714	0.0	1.768	180.081	5.92	3.6	0.0	66.928	30.761	-0.904	35.0	0.0	209.239	5.15	3.725	0.0	68.704	10.782	-8.821	0.0	0.0	204.105	5.56	2.538	0.0	65.757	0.0	0.0	0.2	1.718	194.418	6.58	3.663	0.0	65.287	10.201	-25.27	0.0	0.0	188.605	6.55	4.1	0.0	60.505	26.184	-11.788	31.6	2.053	196.646	6.75	3.225	0.0	59.345	23.496	-25.122	0.0	0.0	157.123	5.6	2.663	0.0	69.764	10.927	-23.968	37.2	1.542	210.692	5.74
6.48	1.85	0.0	64.667	25.312	-10.49	34.8	2.045	196.646	4.74	2.163	0.0	66.445	33.521	-7.835	28.8	1.467	194.03	6.12	2.975	0.0	59.755	24.803	-8.7	0.0	1.718	184.343	5.96	3.663	0.0	64.466	31.197	-0.991	35.0	1.198	207.398	5.28	3.975	0.0	68.04	11.218	-8.872	0.0	0.0	205.461	5.22	2.35	0.0	68.479	0.0	0.0	0.2	0.0	193.643	6.14	3.475	0.0	67.746	10.492	-25.206	0.0	0.0	189.187	5.92	3.475	0.0	62.111	26.62	-12.566	31.6	0.0	186.474	6.41	3.163	0.0	60.481	23.641	-25.102	0.0	0.0	147.339	5.64	2.6	0.0	69.456	10.201	-23.648	37.2	1.877	216.117	5.55
6.21	2.1	1.063	67.062	24.949	-10.355	34.8	2.062	207.204	4.93	2.1	0.532	67.762	33.667	-7.813	28.8	1.215	237.718	5.88	2.725	0.0	62.216	24.731	-8.666	0.0	2.02	193.643	5.79	3.663	0.0	66.231	30.615	-0.925	35.0	0.989	193.546	5.56	4.1	0.0	69.309	11.363	-8.886	0.0	1.953	212.242	5.5	2.725	0.0	66.905	0.0	0.0	0.2	1.978	182.793	5.85	3.038	1.063	68.438	10.274	-24.966	0.0	0.0	170.878	6.0	3.663	0.0	61.958	26.547	-11.521	31.6	2.053	204.88	6.52	2.975	0.0	60.302	24.004	-25.225	0.0	0.0	149.858	5.83	2.788	0.0	68.355	10.274	-23.706	37.2	1.425	230.938	5.84
6.36	2.1	0.0	66.28	24.949	-10.466	34.8	0.0	188.121	4.96	2.225	0.0	68.007	33.739	-7.793	28.8	1.517	239.365	5.88	2.913	0.0	61.042	24.658	-8.701	0.0	1.869	171.556	5.62	3.225	0.0	67.436	31.487	-0.647	35.0	0.0	190.155	5.8	4.037	0.0	67.229	10.855	-8.902	0.0	0.0	204.008	5.55	2.663	0.0	66.377	0.0	0.0	0.2	2.028	177.756	6.08	3.225	1.595	68.534	10.128	-25.028	0.0	0.0	185.796	6.08	3.725	0.0	62.722	26.038	-11.609	31.6	2.129	195.968	7.01	3.475	0.0	60.268	23.568	-1.0	0.0	0.0	168.747	5.92	2.725	0.0	67.545	10.782	-23.788	37.2	1.467	225.803	6.39
6.21	1.975	0.0	67.035	25.748	-10.421	34.8	2.07	197.13	4.86	2.288	1.595	68.491	33.449	-7.856	28.8	1.349	232.681	5.76	3.038	0.0	61.666	25.167	-8.7	0.0	0.0	166.519	6.2	3.538	0.0	63.546	31.051	-0.883	35.0	0.0	190.349	5.65	4.662	0.0	68.745	11.145	-8.943	0.0	0.0	207.204	6.02	2.975	0.0	63.653	0.0	0.0	0.2	0.0	173.3	6.44	3.225	0.0	66.268	10.492	-24.933	0.0	0.0	177.175	6.33	3.913	0.0	61.873	26.402	-11.598	31.6	2.011	193.158	7.1	3.725	0.0	59.487	23.568	-25.385	0.0	0.0	159.157	5.56	2.85	0.0	69.177	10.346	-23.624	37.2	1.601	210.304	6.32
6.21	2.225	0.532	67.197	25.021	-10.69	34.8	1.944	204.88	4.85	2.475	0.532	69.043	33.667	-7.858	28.8	1.316	251.087	5.64	2.913	0.0	63.642	24.44	-8.73	0.0	1.944	207.398	5.59	3.288	0.0	68.257	31.269	-0.668	35.0	0.0	197.13	5.47	3.913	0.0	68.394	11.581	-8.849	0.0	0.0	203.33	5.94	2.788	0.0	65.064	0.0	0.0	0.2	0.0	174.463	6.39	3.288	1.595	66.475	10.274	-25.049	0.0	0.0	179.597	6.44	3.725	0.0	60.853	26.62	-11.53	31.6	1.969	192.093	7.13	3.538	0.0	60.146	23.786	-25.322	0.0	0.0	137.071	5.72	2.725	0.0	67.775	10.128	-23.686	37.2	1.567	214.082	6.57
6.25	2.163	0.0	67.311	25.021	-10.561	34.8	1.961	198.68	4.91	2.538	0.0	69.001	33.449	-7.872	28.8	1.374	265.133	5.66	2.85	0.0	61.23	25.167	-8.716	0.0	2.011	169.232	6.05	3.413	0.0	63.603	30.761	-0.775	35.0	0.0	171.944	5.36	4.412	0.0	69.927	11.291	-8.922	0.0	0.0	199.455	5.67	2.725	0.0	66.318	0.0	0.0	0.2	0.0	178.725	6.24	3.163	1.063	67.041	9.983	-24.816	0.0	0.0	184.634	6.02	3.538	0.0	63.377	26.474	-11.426	31.6	1.701	196.355	6.82	3.413	0.0	61.591	23.496	-25.279	0.0	0.0	162.838	5.78	2.538	0.0	68.425	10.782	-23.929	37.2	1.358	217.085	6.31
6.29	2.413	0.0	68.041	24.803	-10.536	34.8	1.978	203.523	4.98	2.788	0.0	68.619	33.812	-7.905	28.8	1.819	264.164	5.64	2.663	0.0	64.383	24.585	-8.702	0.0	2.12	202.361	5.66	3.413	0.0	67.283	31.124	-0.841	35.0	0.0	186.862	5.41	3.913	0.0	69.307	10.492	-8.872	0.0	0.0	199.067	5.99	2.975	0.0	63.371	0.0	0.0	0.2	0.0	181.243	6.32	3.225	1.595	65.323	10.709	-25.309	0.0	0.0	169.232	5.74	3.663	0.0	62.637	26.474	-11.482	31.6	1.802	201.78	6.72	3.35	0.0	60.193	23.278	-25.351	0.0	0.0	136.586	6.2	3.038	0.0	65.356	10.056	-24.087	37.2	1.45	257.577	6.56
6.37	2.225	4.254	66.957	24.949	-10.54	34.8	2.137	197.905	4.88	2.663	0.0	68.336	33.521	-7.909	28.8	1.869	259.514	5.74	2.913	0.0	62.692	24.367	-8.73	0.0	0.0	182.987	5.6	3.538	0.0	69.0	31.051	-0.883	35.0	0.0	198.486	5.64	4.1	0.0	69.034	11.145	-8.909	0.0	0.0	203.33	5.94	2.788	0.0	66.501	0.0	0.0	0.2	0.0	174.947	6.38	3.225	1.063	66.175	9.983	-25.028	0.0	0.0	164.582	5.78	3.6	0.0	62.838	26.62	-11.631	31.6	1.978	189.284	6.92	3.413	0.0	59.629	23.423	-25.372	0.0	0.0	151.407	6.27	3.288	0.0	64.959	10.274	-23.863	37.2	1.542	247.502	6.5
6.38	2.35	0.532	67.12	25.53	-10.646	34.8	2.028	195.386	5.06	2.975	0.0	67.226	33.449	-7.916	28.8	1.584	252.733	5.92	3.1	0.0	62.972	24.367	-8.743	0.0	0.0	204.298	5.57	3.475	0.0	69.495	30.906	-0.862	35.0	0.913	191.996	5.81	4.037	0.0	68.165	11.363	-8.863	0.0	0.0	201.295	5.45	2.413	0.0	68.018	0.0	0.0	0.2	0.0	184.44	6.26	3.288	1.063	66.829	9.765	-24.858	0.0	0.0	173.494	5.8	3.35	0.0	64.766	26.765	-11.716	31.6	2.036	190.349	6.84	3.475	0.0	60.297	23.423	-1.0	0.0	0.0	146.951	6.29	3.288	0.0	64.935	10.128	-24.067	37.2	1.634	245.565	6.56
6.48	2.35	2.127	66.788	25.021	-10.471	34.8	2.011	200.424	5.1	2.85	0.0	67.1	33.739	-7.887	28.8	1.525	238.978	5.97	3.038	0.0	61.561	24.731	-8.744	0.0	0.0	188.896	6.06	3.725	0.0	65.766	30.979	-0.947	35.0	1.022	197.13	5.74	4.1	0.0	67.218	11.073	-9.431	0.0	0.0	199.358	5.36	2.6	0.0	69.77	0.0	0.0	0.2	0.0	194.902	6.56	3.35	0.532	66.776	9.983	-24.782	0.0	1.316	174.656	5.8	3.663	0.0	65.556	26.692	-11.6	31.6	0.0	187.831	6.8	3.663	0.0	61.053	23.859	-25.457	0.0	0.0	134.358	6.26	3.35	0.0	64.875	10.346	-23.781	37.2	1.735	270.267	6.15
6.42	2.413	0.532	66.588	25.094	-10.876	34.8	2.036	196.355	5.16	2.725	0.0	66.79	33.739	-7.907	28.8	1.408	236.653	5.96	3.163	0.0	62.48	25.239	-8.773	0.0	0.0	191.512	5.49	3.663	0.0	68.874	30.688	-1.057	35.0	1.006	195.58	5.73	4.1	0.0	67.43	10.782	-8.933	0.0	0.0	205.655	5.55	2.725	0.0	68.515	0.0	0.0	0.2	0.0	177.272	6.16	3.225	0.532	69.238	9.983	-24.74	0.0	0.0	188.896	6.0	3.788	0.0	64.117	26.402	-11.579	31.6	0.0	196.646	6.81	3.538	0.0	61.28	24.077	-25.508	0.0	0.0	146.08	6.32	3.038	0.0	64.118	10.637	-23.785	37.2	1.207	227.935	6.33
6.22	1.975	1.063	67.01	25.82	-10.566	34.8	2.087	196.936	5.1	2.538	1.063	66.832	33.594	-7.896	28.8	1.508	230.938	5.88	3.1	0.0	62.494	24.585	-8.804	0.0	0.0	178.822	6.22	3.788	0.0	64.923	30.615	-1.1	35.0	0.964	178.144	5.64	3.788	0.0	67.841	11.363	-8.881	0.0	0.0	211.854	6.18	3.038	0.0	63.791	0.0	0.0	0.2	0.0	166.132	6.34	3.35	0.0	66.547	10.274	-24.878	0.0	0.0	179.693	5.94	3.538	0.0	63.529	26.184	-11.581	31.6	2.036	188.509	7.06	3.6	0.0	59.936	23.714	-25.436	0.0	0.0	136.877	6.36	3.038	0.0	64.756	10.492	-1.0	37.2	1.517	231.228	6.52
6.34	1.913	5.849	66.06	25.748	-10.499	34.8	0.0	194.03	5.16	2.788	0.0	66.602	33.667	-7.905	28.8	1.55	232.003	5.6	2.913	0.0	63.277	25.021	-8.783	0.0	0.0	180.856	6.26	3.725	0.0	63.942	30.688	-0.947	35.0	1.048	167.585	5.46	3.975	0.0	68.312	10.855	-8.91	0.0	0.0	209.529	6.05	3.1	0.0	63.988	0.0	0.0	0.2	0.997	176.981	6.33	3.35	1.595	66.896	10.492	-24.782	0.0	0.0	168.941	6.24	3.725	0.0	61.97	26.765	-11.57	31.6	0.0	192.771	7.18	3.788	0.0	60.012	23.35	-25.5	0.0	0.0	134.165	6.14	2.913	0.0	65.726	10.346	-23.947	37.2	1.299	232.778	6.44
6.38	1.975	0.0	65.551	25.021	-10.596	34.8	0.0	197.711	5.16	2.663	0.0	66.655	33.885	-7.901	28.8	1.542	230.453	5.84	2.663	0.0	62.626	24.731	-8.771	0.0	0.0	185.118	5.9	3.475	0.0	67.408	31.487	-0.96	35.0	0.0	178.725	5.26	3.85	0.0	69.252	11.073	-8.896	0.0	0.0	208.173	5.96	2.975	0.0	66.478	0.0	0.0	0.2	0.0	182.696	6.54	3.475	3.722	66.61	10.419	-24.823	0.0	0.0	180.372	6.04	3.85	0.0	63.876	26.692	-11.628	31.6	2.12	196.743	7.0	3.663	0.0	60.493	23.786	-25.364	0.0	0.0	159.545	5.79	2.725	0.0	68.268	10.201	-23.988	37.2	1.534	223.866	6.44
6.28	1.85	0.532	65.642	25.385	-10.462	34.8	1.919	199.358	5.07	2.475	0.0	66.853	33.667	-7.938	28.8	1.24	231.131	5.88	3.288	0.0	62.965	24.658	-8.833	0.0	0.0	183.181	5.86	3.288	0.0	66.783	31.269	-7.693	35.0	0.0	174.269	5.5	3.788	0.0	67.2	11.508	-8.905	0.0	0.0	195.483	5.82	2.85	0.0	65.668	0.0	0.0	0.2	0.0	184.343	6.5	3.35	0.0	66.224	10.492	-24.974	0.0	0.0	173.106	6.12	3.788	0.0	62.702	26.329	-11.659	31.6	0.0	183.471	6.92	3.6	0.0	60.904	23.859	-25.343	0.0	0.0	146.273	6.1	2.85	0.0	65.093	10.346	-23.726	37.2	1.508	230.841	6.52
6.34	1.975	1.595	66.951	25.603	-10.566	34.8	2.12	202.555	4.93	2.725	0.0	67.735	33.957	-7.899	28.8	1.441	240.14	5.82	2.85	0.0	61.927	24.731	-8.799	0.0	0.0	159.448	5.77	3.288	0.0	67.25	30.833	-0.831	35.0	0.0	180.662	5.57	3.788	0.0	67.293	11.0	-8.889	0.0	0.0	205.073	5.82	2.975	0.0	66.695	0.0	0.0	0.2	0.0	181.243	6.31	3.35	0.532	67.403	9.838	-24.087	0.0	0.0	184.634	5.94	3.663	0.0	63.639	26.547	-11.6	31.6	0.0	182.212	6.81	3.413	0.0	61.027	23.568	-25.465	0.0	0.0	150.245	5.66	2.6	0.0	68.084	10.419	-23.849	37.2	1.274	216.407	6.7
6.42	2.538	0.0	65.993	25.748	-10.671	34.8	0.0	198.583	5.05	2.725	0.532	67.118	33.667	-7.915	28.8	1.668	240.818	5.6	2.85	0.0	62.945	24.949	-8.807	0.0	1.953	186.862	6.15	3.413	0.0	64.719	30.397	-0.709	35.0	0.0	169.716	5.72	3.788	0.0	67.562	10.855	-8.913	0.0	0.0	200.23	6.02	3.163	0.0	64.45	0.0	0.0	0.2	0.0	165.357	6.17	2.85	1.595	66.732	10.564	-24.028	0.0	0.0	175.722	5.94	3.725	0.0	63.114	26.184	-11.65	31.6	2.062	199.842	7.18	3.663	0.0	59.499	23.786	-25.079	0.0	0.0	143.077	5.9	2.725	0.0	66.494	9.91	-23.888	37.2	0.98	236.653	6.34
6.5	2.413	1.595	66.224	25.021	-10.685	34.8	0.0	203.233	5.1	2.725	0.532	66.457	34.175	-7.899	28.8	1.894	235.49	5.83	2.85	0.0	62.068	24.367	-8.807	0.0	2.053	176.497	5.5	3.225	0.0	68.267	31.124	-0.581	35.0	0.0	188.799	5.73	3.975	0.0	67.376	11.145	-8.926	0.0	0.0	203.717	5.96	2.6	0.0	64.795	0.0	0.0	0.2	0.0	174.753	6.14	3.038	0.0	66.888	10.346	-1.0	0.0	0.0	171.556	5.98	3.475	0.0	62.539	26.402	-11.653	31.6	1.894	167.682	7.0	3.725	0.0	60.323	23.278	-1.0	0.0	0.0	119.053	6.33	3.038	0.0	63.319	10.419	-23.886	37.2	1.408	241.206	6.38
