-1.0	-13.088	0.0	0.0	24.222	-10.984	0.0	0.989	80.402	-7.96	-10.9	0.0	61.47	32.141	-6.616	0.0	2.078	104.426	-1.0	-7.025	0.0	0.0	22.987	-1.0	0.0	1.098	98.614	-7.76	-10.525	0.0	67.481	0.0	-6.755	0.0	0.0	76.527	-8.49	-7.15	0.0	69.671	0.175	-1.0	50.2	0.0	76.721	-8.26	-6.275	0.0	63.562	0.0	0.0	0.0	0.0	129.224	-7.28	-7.275	0.532	65.211	5.551	-1.0	0.2	0.0	149.858	-7.54	-5.15	0.0	64.674	27.346	-1.0	0.4	0.0	166.907	-7.52	-7.463	0.0	62.1	20.444	0.0	0.2	0.0	146.177	-8.44	-10.338	0.0	67.851	11.944	-20.546	0.0	0.0	103.651
-1.0	-13.65	0.532	0.0	24.44	-11.015	0.0	0.0	81.468	-7.96	-10.9	0.0	60.463	32.068	-6.63	0.0	2.028	95.707	-1.0	-7.088	0.0	0.0	22.987	-1.0	0.0	1.022	99.679	-7.73	-9.9	0.0	67.311	0.0	-7.044	0.0	0.0	76.237	-8.64	-7.15	0.0	71.247	0.0	-1.0	1.0	0.0	76.818	-8.34	-6.338	0.0	64.219	0.0	0.0	0.0	0.0	129.321	-7.44	-7.588	0.532	67.518	5.697	-1.0	0.2	0.0	149.664	-7.46	-5.15	0.0	63.185	27.346	-1.0	0.4	0.0	166.519	-7.56	-7.775	0.0	62.487	20.662	0.0	0.2	0.0	146.08	-8.26	-10.525	0.0	67.636	11.872	-20.249	0.0	0.0	103.36
-1.0	-12.775	6.381	0.0	24.44	-11.218	0.0	1.324	80.983	-8.56	-11.525	0.0	63.869	32.432	-6.579	0.0	2.162	94.254	-1.0	-7.15	0.0	0.0	22.915	-1.0	0.0	1.031	93.673	-7.64	-9.463	0.0	68.505	0.0	-6.799	0.0	0.0	76.237	-8.5	-7.213	0.0	72.118	0.0	-1.0	1.0	0.0	76.527	-8.3	-6.525	0.0	64.535	0.0	0.0	0.0	0.0	129.418	-7.5	-7.4	0.0	69.351	5.261	-1.0	0.2	0.0	150.051	-7.44	-5.213	0.0	63.943	27.564	-1.0	0.4	0.0	126.899	-7.52	-7.713	0.0	62.521	20.154	0.0	0.2	0.0	145.983	-8.14	-10.525	0.0	68.009	11.508	-20.586	0.0	0.0	103.36
-1.0	-12.65	1.063	0.0	24.658	-10.939	0.0	1.374	83.599	-8.06	-11.088	0.0	62.006	32.141	-6.609	0.0	2.497	96.87	-1.0	-6.963	0.0	0.0	22.987	-1.0	0.0	1.073	98.129	-7.66	-9.4	0.0	68.7	0.0	-6.724	0.0	0.0	76.237	-8.65	-7.213	0.0	72.517	0.175	-1.0	1.2	0.0	76.527	-8.3	-5.9	0.0	64.046	0.0	0.0	0.0	0.0	129.515	-7.56	-7.463	0.532	68.918	5.624	-1.0	0.2	0.0	149.664	-7.5	-5.15	0.0	64.888	27.201	-1.0	0.4	0.0	126.899	-7.54	-7.4	0.0	63.562	19.936	0.0	0.2	0.0	146.273	-8.05	-10.275	0.0	68.026	11.654	-20.644	0.0	0.0	103.941
-1.0	-11.463	0.532	0.0	24.15	-11.429	0.0	1.894	79.724	-8.18	-10.525	0.0	62.456	32.214	-6.65	0.0	3.377	92.704	-1.0	-7.025	0.0	0.0	23.423	-1.0	0.0	1.316	99.776	-7.56	-9.338	0.0	66.46	0.0	-6.75	0.0	0.0	76.14	-8.68	-7.088	0.0	71.215	0.0	-1.0	2.0	0.0	76.915	-8.36	-6.463	0.0	65.343	0.0	0.0	0.0	0.0	129.515	-7.52	-7.088	1.063	67.754	5.769	-1.0	0.2	0.0	149.858	-7.56	-4.963	0.0	64.876	27.201	-1.0	0.4	0.0	126.899	-7.52	-7.338	0.0	63.096	20.517	0.0	0.2	0.0	146.273	-8.22	-10.15	0.0	68.813	11.436	-1.0	0.0	0.0	103.36
-1.0	-11.838	1.063	0.0	24.295	-11.592	0.0	2.204	67.518	-8.13	-10.525	0.0	62.596	32.214	-6.65	0.0	3.486	94.448	-1.0	-7.15	0.0	0.0	23.06	-1.0	0.0	1.257	104.813	-7.41	-9.4	0.0	64.052	0.0	-6.739	0.0	0.0	76.333	-8.42	-7.15	0.0	70.272	0.0	-1.0	2.0	0.0	76.818	-8.25	-6.213	0.0	63.796	0.0	0.0	0.0	0.0	129.709	-7.58	-7.588	1.063	68.392	5.406	-1.0	0.2	0.0	149.664	-7.58	-5.213	0.0	64.332	27.491	-1.0	0.4	0.0	126.803	-7.68	-7.275	0.0	64.906	20.372	0.0	0.2	0.0	146.177	-8.28	-9.9	0.0	68.925	12.017	-20.392	0.0	0.0	102.973
-1.0	-11.65	1.063	0.0	24.367	-11.204	0.0	1.793	91.639	-7.85	-9.963	0.0	60.907	32.214	-6.69	0.0	4.123	99.195	-1.0	-7.088	0.0	0.0	22.987	-1.0	0.0	1.358	117.697	-7.5	-9.838	0.0	65.631	0.0	-6.685	0.0	0.0	77.108	-8.52	-7.213	0.0	70.252	0.03	-1.0	3.0	0.0	76.624	-8.3	-6.525	0.0	64.355	0.0	0.0	0.0	0.0	129.321	-7.51	-7.4	0.0	67.001	5.624	-1.0	0.2	0.0	149.761	-7.58	-5.213	0.0	64.59	27.056	-1.0	0.4	0.0	126.899	-7.74	-7.588	0.0	64.457	20.009	0.0	0.2	0.0	145.983	-8.4	-10.525	0.0	68.083	11.944	-20.502	0.0	0.0	103.36
-1.0	-11.4	0.0	0.0	24.513	-11.594	0.0	2.053	83.695	-7.94	-10.338	0.0	60.892	32.141	-6.67	0.0	3.763	93.576	-1.0	-7.275	0.0	0.0	22.697	-1.0	0.0	1.467	107.429	-7.68	-10.588	0.0	68.323	0.0	-6.826	0.0	0.0	76.624	-8.46	-7.213	0.0	69.8	0.0	-1.0	4.6	0.0	77.011	-8.44	-6.775	0.0	65.532	0.0	0.0	0.0	0.0	129.224	-7.46	-7.463	1.063	66.707	5.261	-1.0	0.2	0.0	149.761	-7.6	-5.213	0.0	65.203	27.346	-1.0	0.4	0.0	126.609	-7.78	-7.588	0.0	65.272	20.009	0.0	0.2	0.0	146.177	-8.32	-10.588	0.0	67.047	11.073	-20.571	0.0	0.0	103.36
-1.0	-11.838	0.532	0.0	24.222	-11.331	0.0	1.718	109.172	-7.92	-10.15	0.0	61.345	32.359	-6.677	0.0	3.771	98.517	-1.0	-7.088	0.0	0.0	22.987	-1.0	0.0	1.559	103.263	-7.64	-10.275	0.0	66.85	0.0	-6.653	0.0	0.0	76.527	-8.42	-7.15	0.0	68.774	0.0	-1.0	4.6	0.0	76.818	-8.5	-6.4	0.0	65.291	0.0	0.0	0.0	0.0	129.224	-7.38	-7.338	0.0	65.806	5.333	-1.0	0.2	0.0	149.761	-7.6	-5.338	0.0	66.477	27.273	-1.0	0.4	0.0	126.609	-7.84	-7.838	0.0	65.363	20.88	0.0	0.2	0.0	145.983	-8.32	-9.963	0.0	66.341	12.308	-20.8	0.0	0.0	104.038
-1.0	-11.275	0.532	0.0	24.367	-11.609	0.0	1.902	87.473	-7.99	-9.963	0.0	62.254	32.068	-6.69	0.0	4.031	100.26	-1.0	-7.15	0.0	0.0	23.278	-1.0	0.0	1.492	110.625	-7.42	-9.088	0.0	66.385	0.0	-6.754	0.0	0.0	78.271	-8.4	-6.963	0.0	69.222	0.0	-1.0	5.2	0.0	76.624	-8.38	-6.275	0.0	64.212	0.0	0.0	0.0	0.0	129.321	-7.4	-7.4	0.532	66.185	5.115	-1.0	0.2	0.0	149.858	-7.6	-5.213	0.0	65.1	27.128	-1.0	0.4	0.0	127.287	-7.82	-7.713	0.0	65.392	20.299	0.0	0.2	0.0	146.177	-8.14	-9.525	0.0	65.256	11.508	-20.735	0.0	0.0	105.588
-1.0	-11.025	0.532	0.0	24.44	-11.432	0.0	2.581	83.599	-8.06	-10.025	0.0	62.53	32.359	-6.686	0.0	4.165	96.289	-1.0	-6.963	0.0	0.0	22.987	-1.0	0.0	1.332	87.473	-7.37	-9.025	0.0	65.527	0.0	-6.774	0.0	0.0	78.077	-8.39	-7.15	0.0	68.829	0.03	-1.0	5.4	0.0	76.915	-8.29	-6.463	0.0	64.254	0.0	0.0	0.0	0.0	129.612	-7.5	-7.463	0.0	68.557	4.534	-1.0	0.2	0.0	149.373	-7.48	-4.9	0.0	65.148	27.273	-1.0	0.4	0.0	70.618	-7.72	-7.275	0.0	63.97	20.227	0.0	0.2	0.0	146.273	-8.06	-9.213	0.0	66.441	11.944	-21.391	0.0	0.0	93.867
-1.0	-10.775	0.0	0.0	24.077	-11.463	0.0	2.799	80.014	-8.2	-10.15	0.0	62.688	32.359	-6.885	0.0	4.115	97.935	-1.0	-6.775	0.0	0.0	23.423	-1.0	0.0	1.944	100.066	-7.46	-9.838	0.0	67.035	0.0	0.0	0.0	0.0	77.98	-8.24	-7.588	0.0	67.665	0.0	-1.0	5.6	0.0	76.818	-8.4	-6.525	0.0	66.124	0.0	0.0	0.0	0.0	129.999	-7.66	-7.65	1.595	68.824	5.551	-1.0	0.2	0.0	149.47	-7.46	-5.088	0.0	63.888	27.273	-1.0	0.4	0.0	69.359	-7.72	-7.463	0.0	64.564	20.154	0.0	0.2	0.0	145.886	-8.06	-9.15	0.0	65.322	11.872	-20.306	0.0	0.0	110.722
-1.0	-11.838	0.0	0.0	24.44	-11.331	0.0	2.17	83.308	-7.98	-9.775	0.0	62.544	32.068	-6.704	0.0	4.173	101.81	-1.0	-7.275	0.0	0.0	22.987	-1.0	0.0	1.324	108.01	-7.54	-9.65	0.0	64.957	0.0	-6.727	0.0	0.0	77.593	-8.34	-7.025	0.0	69.406	0.175	-1.0	5.6	0.0	76.818	-8.24	-6.088	0.0	64.52	0.0	0.0	0.0	0.0	129.612	-7.56	-7.463	0.532	67.092	4.897	-1.0	0.2	0.0	149.858	-7.59	-5.15	0.0	66.682	27.419	-1.0	0.4	0.0	69.359	-7.72	-7.338	0.0	64.847	20.081	0.0	0.2	0.0	146.273	-8.12	-9.588	0.0	65.973	11.654	-20.972	0.0	0.0	115.275
-1.0	-11.775	1.063	0.0	24.585	-12.646	0.0	1.693	81.855	-7.92	-10.15	0.0	61.001	32.068	-6.684	0.0	3.394	94.351	-1.0	-7.025	0.0	0.0	23.423	-1.0	0.0	1.064	114.113	-7.7	-10.4	0.0	67.367	0.0	-6.615	0.0	0.0	77.593	-8.39	-7.088	0.0	69.47	0.0	-1.0	5.6	0.0	76.43	-8.32	-6.525	0.0	64.737	0.0	0.0	0.0	0.0	129.515	-7.62	-7.65	1.595	68.16	5.333	-1.0	0.2	0.0	149.858	-7.62	-5.025	0.0	65.199	27.709	-1.0	0.4	0.0	69.649	-7.68	-7.338	0.0	63.12	19.791	0.0	0.2	0.0	146.08	-8.25	-10.15	0.0	67.111	11.508	-20.673	0.0	0.0	114.403
-1.0	-11.463	0.532	0.0	24.585	-11.377	0.0	1.634	90.476	-8.12	-10.338	0.0	61.522	32.359	-6.663	0.0	3.134	105.976	-1.0	-7.088	0.0	0.0	23.786	-1.0	0.0	1.257	95.998	-7.8	-10.525	0.0	68.05	0.0	-6.635	0.0	0.0	77.69	-8.47	-7.088	0.0	68.392	0.0	-1.0	5.6	0.0	76.818	-8.38	-6.4	0.0	64.597	0.0	0.0	0.0	0.0	129.515	-7.55	-7.713	0.532	65.212	5.115	-1.0	0.2	0.0	149.664	-7.72	-5.15	0.0	65.972	27.201	-1.0	0.4	0.0	69.552	-7.58	-7.4	0.0	62.484	20.735	0.0	0.2	0.0	146.273	-8.38	-10.775	0.0	66.102	11.654	-20.528	0.0	0.0	114.984
-1.0	-11.775	0.532	0.0	24.585	-11.339	0.0	2.078	80.789	-7.98	-10.15	0.0	61.229	32.068	-6.669	0.0	3.788	91.445	-1.0	-7.213	0.0	0.0	22.769	-1.0	0.0	1.366	99.098	-7.61	-10.275	0.0	65.15	0.0	-6.638	0.0	0.0	77.593	-8.49	-7.338	0.0	69.056	0.103	-1.0	5.8	0.0	78.368	-8.52	-6.65	0.0	67.034	0.0	0.0	0.0	0.0	129.612	-7.46	-7.588	0.532	65.74	5.551	-1.0	0.2	0.0	149.47	-7.76	-5.4	0.0	66.244	28.0	-1.0	0.4	0.0	101.616	-7.44	-7.275	0.0	61.137	20.009	0.0	0.2	0.0	146.177	-8.38	-10.088	0.0	66.835	11.872	-20.936	0.0	0.0	114.888
-1.0	-11.525	0.532	0.0	24.658	-11.319	0.0	1.877	83.308	-8.18	-10.4	0.0	61.221	32.141	-6.666	0.0	3.478	84.858	-1.0	-7.025	0.0	0.0	23.35	-1.0	0.0	1.131	101.423	-7.66	-10.4	0.0	66.745	0.0	-7.113	0.0	0.0	77.69	-8.4	-7.213	0.0	68.456	0.175	-1.0	6.2	0.0	76.527	-8.62	-6.338	0.0	68.189	0.0	0.0	0.0	0.0	129.612	-7.42	-7.338	0.0	64.722	5.551	-1.0	0.2	0.0	149.373	-7.74	-5.15	0.0	64.586	27.564	-1.0	0.4	0.0	101.423	-7.51	-7.588	0.0	61.337	20.299	0.0	0.2	0.0	146.177	-8.36	-10.9	0.0	68.29	11.944	-20.333	0.0	0.0	114.888
-1.0	-11.9	0.0	0.0	24.585	-11.375	0.0	1.844	83.986	-8.05	-10.275	0.0	62.636	32.286	-6.66	0.0	3.386	94.351	-1.0	-7.15	0.0	0.0	23.278	-1.0	0.0	0.0	98.71	-7.58	-9.338	0.0	64.796	0.0	-6.721	0.0	0.0	77.69	-8.4	-7.275	0.0	69.37	0.0	-1.0	6.2	0.0	76.721	-8.71	-6.4	0.0	67.274	0.0	0.0	0.0	0.0	129.418	-7.6	-7.65	2.659	68.712	5.188	-1.0	0.2	0.0	149.858	-7.74	-5.213	0.0	66.628	26.983	-1.0	0.4	0.0	102.101	-7.51	-7.463	0.0	62.339	19.718	0.0	0.2	0.0	146.855	-8.42	-10.65	0.0	67.855	11.436	-20.39	0.0	0.0	114.791
-1.0	-12.15	0.0	0.0	24.513	-11.396	0.0	1.701	78.465	-8.46	-10.713	0.0	63.836	32.214	-6.636	0.0	2.715	87.764	-1.0	-7.088	0.0	0.0	23.278	-1.0	0.0	0.0	88.636	-7.75	-10.213	0.0	67.232	0.0	-6.658	0.0	0.0	76.818	-8.56	-7.338	0.0	70.147	0.03	-1.0	6.2	0.0	76.915	-8.82	-6.525	0.0	66.977	0.0	0.0	0.0	0.0	129.321	-7.7	-7.65	0.0	70.93	5.261	-1.0	0.2	0.0	149.761	-7.74	-5.275	0.0	64.766	27.564	-1.0	0.4	0.0	101.81	-7.56	-7.775	0.0	61.777	20.299	0.0	0.2	0.0	146.37	-8.26	-10.525	0.0	67.385	11.508	-20.833	0.0	0.0	108.688
-1.0	-12.275	0.0	0.0	24.44	-11.329	0.0	1.5	77.69	-8.54	-10.838	0.0	62.445	32.214	-6.598	0.0	2.573	87.377	-1.0	-7.15	0.0	0.0	22.842	-1.0	0.0	0.0	89.798	-7.78	-10.275	0.0	66.012	0.0	-6.653	0.0	0.0	76.818	-8.52	-7.213	0.0	70.569	0.0	-1.0	6.2	0.0	76.721	-8.69	-6.025	0.0	66.423	0.0	0.0	0.0	0.0	129.418	-7.58	-7.463	0.532	66.049	5.551	-1.0	0.2	0.0	149.858	-7.88	-5.213	0.0	65.764	27.491	-1.0	0.4	0.0	101.616	-7.63	-7.588	0.0	62.972	20.517	0.0	0.2	0.0	145.886	-8.22	-10.9	0.0	65.802	11.654	-20.499	0.0	0.0	109.172
-1.0	-12.65	0.532	0.0	24.222	-11.084	0.0	1.391	76.624	-8.51	-11.588	0.0	62.476	32.286	-6.567	0.0	2.187	89.12	-1.0	-7.4	0.0	0.0	22.842	-1.0	0.0	0.0	89.508	-7.79	-10.525	0.0	65.908	0.0	-6.657	0.0	0.0	77.399	-8.68	-7.4	0.0	70.9	0.0	-1.0	6.2	0.0	76.624	-8.66	-6.338	0.0	65.973	0.0	0.0	0.0	0.0	128.352	-7.78	-7.963	1.063	66.949	5.624	-1.0	0.2	0.0	149.761	-7.88	-5.213	0.0	64.997	27.346	-1.0	0.4	0.0	101.326	-7.68	-7.775	0.0	64.726	20.59	0.0	0.2	0.0	146.273	-8.15	-10.338	0.0	66.095	11.654	-20.461	0.0	0.0	109.075
-1.0	-12.15	0.0	0.0	24.731	-11.293	0.0	1.399	77.593	-8.3	-11.588	0.0	61.411	32.359	-6.56	0.0	2.212	84.761	-1.0	-7.338	0.0	0.0	23.205	-1.0	0.0	0.0	89.314	-7.74	-9.838	0.0	68.46	0.0	-6.677	0.0	0.0	77.786	-8.65	-7.275	0.0	73.04	0.0	-1.0	6.2	0.0	76.624	-8.62	-6.4	0.0	64.322	0.0	0.0	0.0	0.0	129.418	-7.76	-7.588	0.532	66.852	5.551	-1.0	0.2	0.0	149.858	-7.89	-5.275	0.0	65.635	26.983	-1.0	0.4	0.0	100.938	-7.66	-7.713	0.0	62.993	20.299	0.0	0.2	0.0	146.273	-8.21	-10.338	0.0	66.59	11.872	-20.712	0.0	0.0	108.882
-1.0	-12.838	1.063	0.0	24.44	-11.21	0.0	1.123	74.202	-8.4	-11.775	0.0	63.017	32.432	-6.532	0.0	2.053	77.108	-1.0	-7.213	0.0	0.0	22.769	-1.0	0.0	0.0	91.736	-7.84	-9.713	0.0	66.761	0.0	-6.686	0.0	0.0	77.593	-8.58	-7.213	0.0	70.751	0.0	-1.0	6.2	0.0	77.205	-8.54	-6.525	0.0	63.615	0.0	0.0	0.0	0.0	129.418	-7.62	-7.463	0.0	66.752	5.479	-1.0	0.2	0.0	149.858	-7.81	-5.025	0.0	65.624	27.273	-1.0	0.4	0.0	100.938	-7.66	-7.838	0.0	62.784	20.517	0.0	0.2	0.0	146.273	-8.1	-10.525	0.0	65.085	11.363	-20.833	0.0	0.0	104.716
-1.0	-12.9	1.063	0.0	24.658	-11.253	0.0	0.0	74.202	-8.42	-11.588	0.0	62.44	32.359	-6.56	0.0	2.17	80.499	-1.0	-7.213	0.0	0.0	23.133	-1.0	0.0	0.0	91.736	-7.8	-10.525	0.0	66.769	0.0	-6.635	0.0	0.0	77.496	-8.43	-7.275	0.0	69.093	0.0	-1.0	6.4	0.0	76.818	-8.58	-6.588	0.0	64.637	0.0	0.0	0.0	0.0	129.224	-7.6	-7.588	0.532	66.503	4.97	-1.0	0.2	0.0	149.761	-7.67	-4.963	0.0	63.746	27.491	-1.0	0.4	0.0	101.423	-7.72	-8.088	0.0	62.354	20.735	0.0	0.2	0.0	146.177	-8.12	-10.4	0.0	65.106	11.363	-20.944	0.0	0.0	103.36
-1.0	-12.338	0.0	0.0	24.513	-11.271	0.0	1.299	80.596	-8.46	-11.525	2.127	61.857	32.214	-6.557	0.0	2.187	87.764	-1.0	-7.275	0.0	0.0	23.496	-1.0	0.0	0.0	91.639	-7.76	-10.15	0.0	66.801	0.0	-6.698	0.0	0.0	77.399	-8.46	-7.338	0.0	68.617	0.03	-1.0	6.4	0.0	77.593	-8.46	-6.338	0.0	63.422	0.0	0.0	0.0	0.0	129.321	-7.68	-7.838	0.532	67.371	5.551	-1.0	0.2	0.0	150.148	-7.57	-5.15	0.0	62.8	27.201	-1.0	0.4	0.0	101.132	-7.83	-7.963	0.0	63.067	20.154	0.0	0.2	0.0	146.273	-8.22	-10.588	0.0	66.613	11.436	-20.571	0.0	0.0	103.36
-1.0	-12.025	0.0	0.0	24.658	-11.258	0.0	1.525	83.986	-8.1	-10.838	0.0	60.572	32.068	-6.613	0.0	2.883	94.739	-1.0	-7.15	0.0	0.0	22.406	-1.0	0.0	0.0	92.026	-7.63	-9.9	0.0	64.683	0.0	-6.629	0.0	0.0	77.69	-8.5	-6.963	0.0	68.51	0.0	-1.0	6.4	0.0	76.721	-8.38	-6.275	0.0	62.76	0.0	0.0	0.0	0.0	130.774	-7.66	-7.713	0.0	66.517	5.551	-1.0	0.2	0.0	149.761	-7.58	-5.025	0.0	62.72	27.273	-1.0	0.4	0.0	102.004	-7.76	-7.65	0.0	61.927	20.227	0.0	0.2	0.0	146.37	-8.3	-10.338	0.0	67.327	11.726	-20.712	0.0	0.0	104.135
-1.0	-12.463	0.0	0.0	24.222	-11.155	0.0	1.643	81.274	-8.32	-11.025	0.0	61.408	32.286	-6.592	0.0	2.849	92.511	-1.0	-7.213	0.0	0.0	23.205	-1.0	0.0	0.0	91.639	-7.42	-9.088	0.0	62.696	0.0	-7.168	0.0	0.0	77.496	-8.58	-7.4	0.0	69.58	0.0	-1.0	6.4	0.0	77.011	-8.4	-6.9	0.0	63.821	0.0	0.0	0.0	0.0	129.127	-7.76	-7.588	0.0	69.423	5.043	-1.0	0.2	0.0	149.179	-7.61	-4.963	0.0	64.016	27.273	-1.0	0.4	0.0	113.047	-7.66	-7.588	0.0	62.076	20.88	0.0	0.2	0.0	146.177	-8.24	-10.525	0.0	67.163	12.09	-20.751	0.0	0.0	103.36
-1.0	-12.588	0.0	0.0	24.44	-11.342	0.0	1.249	74.88	-8.38	-11.15	3.19	62.969	31.778	-6.591	0.0	2.363	80.305	-1.0	-6.9	0.0	0.0	23.06	-1.0	0.0	1.165	97.838	-7.32	-9.15	0.0	62.32	0.0	-6.698	0.0	0.0	90.864	-8.61	-7.463	0.0	69.254	0.538	-1.0	6.4	0.0	76.721	-8.47	-6.65	0.0	64.914	0.0	0.0	0.0	0.0	129.612	-7.72	-7.838	1.063	67.715	5.551	-1.0	0.2	0.0	149.858	-7.64	-5.025	0.0	64.062	27.201	-1.0	0.4	0.0	138.524	-7.76	-7.588	0.0	63.262	20.372	0.0	0.2	0.0	146.08	-8.31	-10.275	0.0	67.15	11.363	-20.809	0.0	0.0	103.36
-1.0	-1.0	19.674	0.0	24.513	-13.128	0.0	2.062	97.451	-8.66	-9.213	17.547	58.875	32.286	-6.774	0.0	5.212	109.269	-8.58	-5.963	0.0	59.852	22.915	-1.0	0.0	1.978	86.795	-8.06	-7.088	0.0	58.029	0.0	-7.037	0.0	1.366	88.442	-8.95	-6.775	0.0	65.437	0.0	-1.0	45.8	0.0	77.205	-8.92	-6.338	0.0	60.617	0.0	0.0	0.0	0.0	68.584	-8.0	-5.9	19.674	59.307	2.137	-1.0	0.2	0.0	38.845	-8.09	-4.213	0.0	59.667	26.983	-1.0	0.4	0.0	85.342	-8.18	-6.275	0.0	57.603	19.718	0.0	0.2	0.0	100.745	-8.8	-8.275	0.0	62.085	11.363	-21.785	0.0	1.19	117.309
-1.0	-6.963	133.462	0.0	24.004	-12.645	0.0	4.601	68.681	-7.5	-5.963	168.024	65.042	31.923	-7.039	0.0	6.067	83.792	-7.34	-3.65	0.0	64.763	23.133	-1.0	0.0	3.511	60.35	-5.37	-0.212	0.0	58.497	0.0	-7.609	0.0	4.366	42.041	-7.13	-5.088	0.0	69.424	0.0	-1.0	8.6	2.841	66.84	-7.4	-5.088	0.0	64.261	0.0	0.0	0.0	3.888	45.141	-5.83	-3.962	156.858	63.948	0.0	-1.0	0.2	4.349	22.571	-6.6	-3.837	0.0	64.043	26.765	-1.0	0.4	2.958	55.797	-6.1	-3.9	0.0	62.719	20.009	0.0	0.2	2.967	17.437	-6.0	-2.025	0.0	62.526	11.436	-1.0	0.0	2.439	103.651
