-1.0	18.725	505.666	43.12	25.312	-14.545	0.4	1.592	147.048	13.3	13.912	532.784	45.911	33.521	-1.0	40.6	0.0	126.028	11.4	11.975	0.0	48.496	25.53	-8.645	11.2	0.0	160.804	13.12	24.725	0.0	42.757	31.342	-10.994	0.0	1.291	197.421	10.76	15.975	0.0	53.841	11.944	-10.477	24.8	1.391	168.844	12.0	13.912	0.0	44.452	0.0	0.0	0.0	0.0	218.248	12.94	14.912	535.443	46.594	11.291	-29.978	19.0	1.014	182.793	11.66	13.475	0.0	49.273	27.056	-27.598	46.2	1.048	239.365	12.14	13.912	0.0	46.527	26.547	-1.0	0.0	0.0	121.087	12.28	23.288	0.0	46.418	11.944	-31.047	8.6	2.045	194.611	12.94
-1.0	19.475	527.998	45.107	25.094	-15.047	0.4	1.676	143.561	12.09	12.162	556.711	49.516	33.885	-1.0	40.6	1.986	124.962	11.16	12.787	0.0	47.531	24.949	-8.806	11.2	1.232	144.045	13.67	25.1	0.0	45.703	30.979	-11.099	0.0	1.207	181.631	10.8	15.787	0.0	55.578	11.436	-10.394	24.8	1.257	178.919	11.81	13.975	0.0	48.828	0.0	0.0	0.0	1.307	164.969	12.83	15.537	546.077	47.116	11.145	-29.936	19.0	0.0	128.546	11.75	13.537	0.0	50.703	26.765	-28.098	46.2	0.0	180.759	11.68	13.85	0.0	48.034	26.692	-1.0	0.0	1.341	158.77	11.56	23.1	0.0	49.137	11.944	-29.47	8.6	0.0	176.497	13.7
-1.0	20.725	524.808	43.427	25.748	-14.817	0.4	0.0	145.983	12.59	13.725	581.702	49.303	33.449	-1.0	40.6	0.0	126.124	10.88	12.475	0.0	50.401	24.876	-4.808	11.2	0.0	154.12	14.28	26.038	0.0	43.148	31.051	-11.251	0.0	0.0	155.282	10.96	16.413	0.0	52.271	11.436	-10.467	24.8	0.0	144.336	12.14	14.162	0.0	42.902	0.0	0.0	0.0	0.0	168.069	13.3	15.787	543.95	46.386	10.709	-30.511	19.0	0.0	128.837	12.14	14.1	0.0	46.338	27.056	-27.745	46.2	0.0	167.294	11.56	14.287	0.0	49.693	26.692	-1.0	0.0	0.947	163.613	12.38	24.975	0.0	47.905	12.017	-30.492	8.6	1.693	175.431	13.7
-1.0	20.413	543.95	45.38	24.949	-14.69	0.4	1.14	150.536	13.28	14.037	592.337	48.365	34.03	-1.0	40.6	0.0	126.221	11.64	13.225	0.0	46.37	25.457	-4.995	11.2	0.0	157.413	13.41	23.1	0.0	44.971	31.487	-10.723	0.0	0.0	147.823	11.64	17.038	0.0	50.902	11.944	-10.542	24.8	0.0	143.949	12.08	14.1	0.0	46.834	0.0	0.0	0.0	0.0	136.49	13.89	16.288	562.029	43.619	11.073	-30.063	19.0	0.0	128.546	12.1	13.475	0.0	47.901	27.273	-27.953	46.2	0.0	143.949	11.76	14.787	0.0	49.472	26.256	-1.0	0.0	0.0	152.861	11.87	24.975	0.0	48.183	11.654	-30.952	8.6	1.291	177.659	13.75
-1.0	21.288	563.092	43.673	25.312	-14.956	0.4	0.0	143.174	13.56	14.6	581.702	48.244	34.321	-1.0	40.6	0.0	126.221	11.78	13.412	0.0	45.599	25.53	-5.103	11.2	1.156	160.223	13.29	24.788	0.0	45.212	30.833	-11.028	0.0	0.972	149.47	11.7	17.1	0.0	50.788	11.363	-10.51	24.8	0.0	144.142	11.65	13.975	0.0	47.999	0.0	0.0	0.0	0.0	146.951	13.74	16.038	582.234	47.765	11.0	-1.0	19.0	0.0	173.106	11.68	13.287	0.0	50.171	27.128	-28.337	46.2	0.0	177.853	12.04	15.662	0.0	47.142	25.966	-1.0	0.0	0.0	169.619	12.01	25.725	0.0	46.95	12.235	-30.766	8.6	1.5	183.956	12.96
-1.0	22.475	574.79	42.935	24.949	-15.153	0.4	0.0	140.655	13.08	14.1	602.439	46.896	34.248	-1.0	40.6	0.0	126.221	11.63	14.1	0.0	46.086	24.949	-5.308	11.2	0.0	216.02	13.52	26.163	0.0	45.811	31.342	-11.31	0.0	0.0	159.06	12.38	17.788	0.0	48.84	11.726	-10.622	24.8	0.0	143.949	11.97	14.475	0.0	49.159	0.0	0.0	0.0	0.0	148.695	12.52	15.412	590.741	49.541	10.709	-29.991	19.0	1.651	166.035	11.72	13.912	0.0	50.514	27.346	-28.727	46.2	0.0	176.497	11.94	15.225	0.0	48.255	26.765	-1.0	0.0	1.45	156.929	12.98	27.1	0.0	46.252	11.944	-31.58	8.6	0.0	174.656	12.52
-1.0	22.538	585.424	42.782	25.603	-15.221	0.4	0.0	149.858	12.58	14.037	620.518	48.462	33.885	-1.0	40.6	0.0	244.112	11.66	13.6	0.0	47.564	25.457	-8.901	11.2	0.0	207.108	13.44	26.163	0.0	45.865	31.705	-11.42	0.0	0.0	159.157	12.33	17.538	0.0	48.678	11.436	-10.572	24.8	0.0	194.03	12.3	14.725	0.0	47.395	0.0	0.0	0.0	0.0	149.567	13.4	16.663	610.415	49.253	11.145	-1.0	19.0	0.0	166.035	12.08	14.412	0.0	49.854	27.273	-28.835	46.2	0.0	176.497	12.95	16.475	0.0	44.374	26.111	-1.0	0.0	0.0	133.583	13.38	27.413	0.0	45.858	11.944	-31.288	8.6	1.123	189.671	12.94
-1.0	21.225	594.463	37.653	25.312	-14.788	0.4	1.031	141.624	13.42	15.037	621.581	47.379	33.667	-1.0	40.6	0.0	246.921	12.1	13.975	0.0	45.701	25.021	-5.347	11.2	1.718	191.705	12.74	25.288	0.0	47.607	31.705	-11.091	0.0	1.626	171.363	12.14	17.725	0.0	49.306	11.363	-10.849	24.8	0.0	175.819	12.08	14.35	0.0	47.586	0.0	0.0	0.0	1.022	188.121	13.62	17.1	607.225	46.014	11.073	-1.0	19.0	0.0	165.55	12.24	14.412	0.0	49.752	26.765	-28.835	46.2	0.0	193.449	12.76	16.663	0.0	45.75	26.692	-1.0	0.0	0.0	152.957	12.78	26.788	0.0	45.468	11.944	-31.868	8.6	1.056	188.605	14.09
-1.0	20.913	571.068	39.201	25.021	-14.863	0.4	1.45	151.989	13.64	14.912	628.494	47.186	31.996	-1.0	40.6	0.0	119.925	12.27	14.475	0.0	44.548	25.457	-8.975	11.2	0.0	176.691	14.04	25.85	0.0	49.181	31.269	-11.247	0.0	0.0	186.668	11.78	17.288	0.0	53.385	11.581	-10.482	24.8	0.0	182.89	12.38	14.662	0.0	46.273	0.0	0.0	0.0	1.207	173.688	13.23	16.35	605.63	50.007	10.782	-1.0	19.0	1.265	173.009	12.24	14.6	0.0	49.937	27.128	-29.608	46.2	0.0	175.044	12.55	16.1	0.0	47.144	26.038	-1.0	0.0	0.0	154.023	12.75	26.788	0.0	45.971	12.09	-31.391	8.6	1.257	189.962	12.94
-1.0	22.6	604.566	42.935	25.53	-15.134	0.4	0.0	145.305	13.7	14.912	603.503	45.07	33.885	-1.0	40.6	0.0	120.603	10.98	13.037	0.0	49.091	25.167	-5.01	11.2	1.852	135.133	13.71	26.1	0.0	47.604	30.906	-11.252	0.0	1.408	172.331	11.92	17.6	0.0	49.431	11.654	-10.541	24.8	0.0	166.132	11.75	13.85	0.0	47.763	0.0	0.0	0.0	1.517	171.169	12.99	16.038	616.264	48.14	10.492	-30.633	19.0	1.341	155.282	12.0	14.412	0.0	49.874	27.201	-29.067	46.2	0.0	173.881	12.44	16.35	0.0	46.941	26.62	-1.0	0.0	0.0	165.938	12.62	25.413	0.0	46.586	12.017	-31.205	8.6	1.936	183.665	12.52
-1.0	23.538	583.297	41.731	25.457	-15.329	0.4	0.0	176.303	13.2	14.85	634.874	47.225	33.957	-1.0	40.6	0.0	119.925	11.14	13.912	0.0	50.191	25.021	-5.241	11.2	1.24	141.333	13.74	26.225	0.0	46.852	31.124	-11.289	0.0	0.0	161.773	12.29	17.975	0.0	50.653	11.799	-10.628	24.8	0.0	143.077	12.13	14.412	0.0	46.21	0.0	0.0	0.0	0.997	151.02	13.11	16.35	602.439	50.64	11.073	-29.735	19.0	1.634	179.693	12.2	14.537	0.0	49.901	26.838	-28.774	46.2	0.0	163.613	13.0	16.788	0.0	43.387	26.474	-1.0	0.0	1.014	142.495	13.49	27.85	0.0	44.853	12.017	-32.531	8.6	0.0	157.22	12.53
-1.0	22.225	578.512	42.935	25.021	-15.246	0.4	1.081	191.608	12.8	14.225	610.947	48.989	33.885	-1.0	40.6	1.274	120.022	11.52	14.037	0.0	47.265	25.603	-5.369	11.2	1.182	156.057	14.0	27.163	0.0	43.76	30.833	-11.388	0.0	0.0	162.063	11.9	17.475	0.0	50.139	11.436	-10.588	24.8	0.0	158.866	12.64	14.6	0.0	44.942	0.0	0.0	0.0	0.0	143.174	13.43	16.85	606.161	45.737	10.419	-30.098	19.0	0.0	179.015	12.06	14.662	0.0	47.082	27.056	-28.593	46.2	0.0	213.695	13.06	17.475	0.0	46.135	26.62	-1.0	0.0	0.0	235.103	13.57	26.725	0.0	45.754	11.726	-31.989	8.6	1.467	166.132	13.21
-1.0	22.038	584.892	42.689	24.876	-14.794	0.4	2.07	224.254	12.08	13.537	613.074	45.256	33.885	-1.0	40.6	1.634	120.022	11.87	14.1	0.0	45.8	24.949	-5.182	11.2	1.575	175.819	13.68	25.163	0.0	46.497	31.051	-11.089	0.0	1.115	172.719	12.66	17.538	0.0	46.37	11.508	-10.624	24.8	1.777	212.242	12.32	14.537	0.0	46.864	0.0	0.0	0.0	0.0	173.978	13.83	17.038	609.883	43.997	11.0	-29.698	19.0	1.031	190.059	12.38	15.225	0.0	46.273	26.765	-28.237	46.2	0.0	226.966	12.8	16.538	0.0	45.502	26.765	-1.0	0.0	0.0	169.232	13.76	26.1	0.0	44.949	11.872	-32.393	8.6	1.483	180.468	13.76
-1.0	22.975	575.322	40.705	25.675	-15.232	0.4	0.0	183.084	13.0	14.1	598.717	47.2	34.321	-1.0	40.6	0.0	119.925	11.56	14.725	0.0	44.781	24.949	-5.318	11.2	0.0	227.16	13.98	24.6	0.0	42.532	30.979	-10.959	0.0	1.961	200.811	13.0	18.1	0.0	45.494	11.872	-10.726	24.8	0.0	194.805	12.16	13.475	0.0	44.885	0.0	0.0	0.0	1.726	186.087	13.69	17.1	592.337	46.909	10.492	-29.478	19.0	0.0	185.893	12.44	14.662	0.0	47.506	26.983	-28.473	46.2	0.0	218.829	12.96	16.6	0.0	43.318	26.256	-1.0	0.0	1.232	168.457	14.06	27.413	0.0	41.047	11.944	-32.898	8.6	1.006	220.282	13.37
-1.0	24.85	619.986	42.935	25.457	-15.791	0.4	0.0	97.257	12.74	14.037	636.469	47.638	34.902	-1.0	40.6	0.0	284.603	12.34	15.475	0.0	44.556	24.949	-5.669	11.2	0.0	199.358	14.08	26.1	0.0	45.562	30.833	-11.308	0.0	1.165	176.206	13.21	18.413	0.0	46.47	11.363	-10.806	24.8	0.0	176.206	12.74	14.537	0.0	43.421	0.0	0.0	0.0	1.165	171.072	14.06	17.788	644.977	43.992	10.927	-29.684	19.0	0.0	181.534	12.27	14.85	0.0	46.669	27.056	-27.577	46.2	0.0	229.485	13.2	17.163	0.0	42.12	26.402	-1.0	0.0	0.0	292.062	13.82	27.288	0.0	43.771	11.944	-33.139	8.6	0.0	161.869	13.52
-1.0	23.163	626.898	43.335	24.949	-15.492	0.4	0.0	296.228	12.46	13.037	653.484	49.317	34.03	-1.0	40.6	1.819	278.113	11.78	15.162	0.0	46.984	25.385	-5.386	11.2	0.0	248.665	14.17	25.6	0.0	48.008	31.487	-11.197	0.0	1.433	180.372	13.3	18.975	0.0	48.586	11.872	-10.902	24.8	0.0	327.711	12.48	14.412	0.0	47.323	0.0	0.0	0.0	1.483	173.688	14.56	17.6	654.548	43.761	10.782	-29.593	19.0	0.0	187.443	12.04	13.975	0.0	49.044	26.983	-27.326	46.2	1.785	204.105	13.19	17.538	0.0	45.739	26.692	-1.0	0.0	0.0	202.555	14.4	28.538	0.0	44.578	11.872	-33.962	8.6	0.0	210.207	13.71
-1.0	21.35	640.723	40.268	25.893	-15.023	0.4	0.0	227.547	12.08	11.975	663.055	46.676	33.957	-1.0	40.6	1.45	240.528	11.75	15.6	0.0	47.981	25.457	-5.496	11.2	0.0	259.127	13.86	25.788	0.0	44.738	30.979	-11.19	0.0	0.0	166.132	13.22	18.163	0.0	47.102	11.363	-10.781	24.8	0.913	207.204	12.96	14.725	0.0	48.292	0.0	0.0	0.0	1.785	194.708	14.01	16.913	664.651	46.696	10.927	-29.137	19.0	0.0	172.041	12.04	14.412	0.0	48.796	27.128	-26.892	46.2	2.137	213.598	12.98	16.85	0.0	45.809	26.474	-1.0	0.0	0.0	184.149	13.8	27.85	0.0	48.682	12.017	-33.666	8.6	1.156	259.03	13.56
-1.0	23.1	645.509	45.38	24.731	-15.475	0.4	1.961	199.746	12.28	13.1	667.309	50.559	34.321	-1.0	40.6	0.0	294.194	11.44	15.1	0.0	46.345	25.239	-5.321	11.2	1.433	225.029	14.04	25.913	0.0	44.759	31.56	-11.181	0.0	0.98	189.187	13.12	18.85	0.0	47.121	11.872	-10.926	24.8	1.71	182.793	13.12	14.1	0.0	46.238	0.0	0.0	0.0	0.0	213.017	14.0	17.1	671.031	45.775	11.145	-29.352	19.0	0.0	181.825	12.4	14.1	0.0	47.125	27.346	-26.762	46.2	0.0	215.342	12.82	16.6	0.0	45.472	26.402	-1.0	0.0	2.112	176.981	13.96	27.6	0.0	42.724	12.09	-33.502	8.6	1.751	234.231	13.7
-1.0	21.475	633.811	44.711	25.167	-15.055	0.4	1.844	137.846	12.2	12.912	659.865	48.475	34.248	-1.0	40.6	1.886	258.933	11.59	15.787	0.0	48.8	25.53	-5.561	11.2	0.0	245.468	13.69	25.788	0.0	46.94	30.979	-11.167	0.0	0.0	192.48	12.85	18.288	0.0	49.771	11.291	-10.83	24.8	1.969	192.868	12.7	14.787	0.0	47.225	0.0	0.0	0.0	1.953	164.194	13.72	16.85	662.524	43.245	10.782	-29.358	19.0	0.0	197.905	11.98	14.475	0.0	49.068	26.692	-26.668	46.2	0.0	210.304	13.03	17.038	0.0	45.053	26.111	-1.0	0.0	2.036	159.157	13.58	26.6	0.0	47.745	11.872	-32.86	8.6	1.802	228.128	13.68
-1.0	22.538	638.065	50.632	24.949	-15.38	0.4	1.324	140.558	12.9	14.912	667.309	51.042	33.885	-1.0	40.6	1.14	241.496	11.56	15.475	0.0	48.579	25.748	-5.408	11.2	0.0	212.532	13.01	25.163	0.0	47.516	30.906	-11.067	0.0	0.0	160.998	12.48	18.225	0.0	53.515	11.726	-10.792	24.8	1.575	192.48	12.58	14.537	0.0	47.085	0.0	0.0	0.0	0.0	177.95	13.6	16.913	662.524	46.328	10.564	-28.626	19.0	0.0	172.331	11.74	14.787	0.0	51.344	26.838	-26.419	46.2	1.726	197.324	13.01	17.663	0.0	46.477	26.62	-1.0	0.0	2.07	182.018	13.75	26.788	0.0	47.2	11.872	-33.608	8.6	1.886	187.152	13.86
-1.0	23.225	622.645	45.834	24.876	-15.349	0.4	0.0	326.161	12.39	13.662	643.382	51.28	34.466	-1.0	40.6	1.651	244.209	11.86	15.6	0.0	48.804	24.731	-5.496	11.2	1.534	161.579	13.25	25.35	0.0	50.412	31.56	-11.081	0.0	0.0	166.907	12.5	18.35	0.0	50.095	11.363	-10.725	24.8	0.0	144.433	12.26	14.537	0.0	48.607	0.0	0.0	0.0	1.894	168.844	13.48	16.788	643.913	49.544	10.346	-28.311	19.0	0.0	185.021	12.02	15.225	0.0	50.462	26.765	-26.472	46.2	1.416	190.349	13.05	17.85	0.0	46.577	26.474	-1.0	0.0	1.433	160.223	13.64	27.163	0.0	46.902	11.944	-33.852	8.6	1.592	174.075	13.12
-1.0	23.538	622.645	47.849	25.675	-15.592	0.4	1.022	155.282	12.2	14.287	660.929	50.271	34.321	-1.0	40.6	1.399	253.702	11.48	14.412	0.0	49.836	25.603	-4.823	11.2	1.617	154.41	13.65	26.6	0.0	49.037	30.979	-11.331	0.0	1.249	164.485	12.6	18.225	0.0	50.633	11.799	-10.687	24.8	1.081	186.281	12.46	14.975	0.0	48.446	0.0	0.0	0.0	1.215	178.531	13.5	17.85	651.358	48.674	10.346	-28.937	19.0	1.668	148.986	12.24	15.725	0.0	48.044	27.273	-26.553	46.2	0.0	201.199	13.28	18.288	0.0	47.172	26.038	-1.0	0.0	0.0	144.723	13.94	26.975	0.0	47.318	11.872	-33.73	8.6	1.374	193.643	13.06
-1.0	22.975	633.279	45.653	25.603	-16.321	0.4	1.693	178.144	12.84	14.287	643.913	49.398	33.885	-1.0	40.6	0.0	167.004	11.58	14.85	0.0	50.25	25.457	-4.714	11.2	0.0	190.059	13.32	26.6	0.0	49.429	31.269	-11.308	0.0	1.617	171.072	12.23	18.163	0.0	50.645	11.944	-10.659	24.8	1.852	183.859	11.72	14.537	0.0	50.053	0.0	0.0	0.0	1.651	179.306	13.56	18.038	652.421	49.648	10.637	-28.497	19.0	1.441	185.312	12.48	15.6	0.0	49.567	26.765	-26.372	46.2	0.0	174.269	13.18	18.1	0.0	48.039	26.038	-1.0	0.0	1.425	142.495	13.4	26.288	0.0	48.286	11.944	-34.057	8.6	0.0	173.009	13.3
-1.0	23.163	618.923	45.501	25.312	-15.385	0.4	0.0	138.621	13.3	16.038	652.953	47.206	34.684	-1.0	40.6	0.0	110.335	11.5	15.85	0.0	48.322	25.239	-5.407	11.2	1.894	243.918	13.43	24.85	0.0	48.821	30.833	-10.973	0.0	1.944	180.275	12.86	18.788	0.0	45.477	11.726	-10.722	24.8	1.391	199.746	12.08	14.85	0.0	49.669	0.0	0.0	0.0	1.609	160.707	13.48	18.163	637.533	47.764	10.855	-28.689	19.0	1.291	157.898	12.22	15.475	0.0	50.582	26.765	-27.216	46.2	0.0	188.509	13.35	19.1	0.0	47.904	26.402	-1.0	0.0	0.0	162.257	13.82	26.975	0.0	46.007	12.235	-34.043	8.6	2.02	159.738	13.42
-1.0	24.413	607.225	49.217	25.312	-15.411	0.4	0.0	154.41	13.42	15.725	666.777	47.316	34.175	-1.0	40.6	0.0	109.947	12.4	16.475	0.0	45.041	24.949	-5.623	11.2	1.366	190.737	14.4	27.288	0.0	40.823	31.342	-11.473	0.0	1.257	200.424	12.84	18.85	0.0	49.367	11.363	-10.724	24.8	0.0	186.668	12.47	15.225	0.0	43.454	0.0	0.0	0.0	1.869	198.196	13.64	17.163	636.469	50.835	11.073	-28.093	19.0	1.575	193.062	11.82	14.412	0.0	51.874	26.692	-25.381	46.2	0.0	203.911	13.35	18.163	0.0	46.677	26.038	-1.0	0.0	0.0	170.007	13.87	28.038	0.0	45.918	11.799	-34.758	8.6	0.913	159.545	13.24
-1.0	22.163	599.781	48.683	25.239	-15.073	0.4	0.0	152.57	13.88	15.662	619.986	48.222	34.321	-1.0	40.6	0.0	109.657	11.58	14.162	0.0	48.705	24.949	-4.993	11.2	1.567	150.536	13.36	24.975	0.0	45.792	31.415	-11.008	0.0	1.349	163.807	13.13	18.663	0.0	47.876	11.508	-10.659	24.8	0.0	190.446	12.63	15.1	0.0	46.587	0.0	0.0	0.0	0.0	180.275	13.52	17.663	614.137	47.831	10.492	-28.19	19.0	1.802	179.112	12.32	15.35	0.0	48.677	27.128	-26.268	46.2	1.148	164.582	12.95	17.538	0.0	47.068	26.184	-1.0	0.0	1.693	155.089	14.0	27.85	0.0	44.786	12.09	-34.47	8.6	1.24	159.835	13.9
-1.0	24.288	626.898	47.16	24.876	-15.909	0.4	0.947	141.721	13.86	15.037	641.787	47.812	34.103	-1.0	40.6	0.0	245.565	11.7	15.787	0.0	49.68	24.949	-5.429	11.2	1.626	148.114	13.89	25.975	0.0	47.186	30.688	-11.101	0.0	1.224	145.208	12.96	18.413	0.0	50.373	11.654	-10.625	24.8	1.265	186.281	12.46	15.225	0.0	45.872	0.0	0.0	0.0	1.081	153.539	13.55	17.225	655.08	47.458	11.073	-28.252	19.0	1.844	178.337	12.45	15.412	0.0	49.315	27.056	-26.422	46.2	1.039	159.545	13.08	18.663	0.0	46.549	26.474	-1.0	0.0	1.433	171.944	13.56	26.725	0.0	46.924	11.872	-33.88	8.6	0.0	181.825	13.3
-1.0	23.788	627.962	43.335	25.53	-15.499	0.4	0.0	123.703	13.88	15.1	641.255	48.222	34.248	-1.0	40.6	0.0	212.339	11.69	15.412	0.0	48.098	25.239	-5.69	11.2	1.743	165.841	13.87	26.6	0.0	47.31	31.996	-11.319	0.0	1.374	189.38	13.34	18.975	0.0	45.885	11.363	-10.72	24.8	0.0	186.087	12.5	15.475	0.0	47.2	0.0	0.0	0.0	0.0	177.272	13.72	17.913	661.992	45.582	11.436	-28.439	19.0	1.768	168.457	12.94	16.038	0.0	46.152	27.056	-26.814	46.2	0.0	170.394	13.12	18.663	0.0	45.127	26.329	-1.0	0.0	1.525	166.81	13.46	27.288	0.0	44.53	12.162	-33.617	8.6	1.383	166.132	13.56
-1.0	23.35	626.898	46.227	24.949	-15.33	0.4	0.0	76.624	13.87	15.35	652.421	48.816	33.957	-1.0	40.6	0.0	107.138	11.72	15.35	0.0	48.91	24.876	-5.452	11.2	1.374	175.431	14.02	27.1	0.0	43.248	31.487	-11.387	0.0	1.676	186.668	13.45	19.288	0.0	48.386	11.872	-10.782	24.8	0.0	160.707	12.75	15.475	0.0	44.956	0.0	0.0	0.0	1.5	187.056	13.77	17.163	666.246	47.517	11.0	-28.223	19.0	1.927	198.583	12.29	15.412	0.0	48.424	26.983	-26.807	46.2	0.0	200.23	13.28	19.1	0.0	45.337	26.329	-1.0	0.0	0.98	198.874	12.66	26.788	0.0	46.339	11.944	-34.076	8.6	1.081	135.036	13.76
-1.0	21.6	571.068	45.441	24.949	-14.881	0.4	0.0	251.668	12.68	13.412	642.85	49.872	34.248	-1.0	40.6	0.0	247.115	11.76	15.037	0.0	50.151	25.167	-5.428	11.2	0.0	208.754	13.42	25.038	0.0	47.944	31.415	-11.02	0.0	0.0	170.394	13.22	18.35	0.0	50.5	11.799	-10.632	24.8	1.592	188.218	12.54	15.412	0.0	49.141	0.0	0.0	0.0	1.584	187.056	14.02	17.413	618.391	47.234	11.0	-1.0	19.0	1.768	171.847	12.21	15.787	0.0	50.857	27.346	-27.095	46.2	1.265	199.067	13.38	19.038	0.0	46.87	26.329	-1.0	0.0	1.341	171.46	13.74	27.475	0.0	47.167	11.872	-34.376	8.6	1.55	184.924	13.99
