0.0	12.85	146.755	0.0	26.402	-9.367	26.0	0.0	52.988	8.98	12.537	149.413	90.443	34.829	-17.613	11.2	0.0	58.413	8.0	11.912	0.0	93.481	26.62	-3.433	31.2	0.0	48.919	8.85	13.225	0.0	94.546	33.303	-4.995	26.2	0.0	46.498	8.41	9.912	0.0	91.768	16.739	-8.865	3.0	0.0	56.378	7.87	10.225	0.0	91.304	0.0	0.0	24.8	0.0	74.202	8.83	12.662	136.652	95.326	13.688	-15.063	46.6	0.0	30.514	8.33	12.537	0.0	91.187	26.91	-28.127	18.4	0.0	36.907	8.62	12.787	0.0	89.185	25.457	-27.073	24.8	0.0	0.0	8.4	13.1	0.0	96.004	21.752	-25.987	35.8	0.0	82.339
0.0	12.475	133.994	0.0	26.62	-9.292	26.0	0.0	52.697	9.16	12.537	137.716	90.621	34.611	-17.98	11.2	0.0	58.509	7.88	11.725	0.0	93.532	26.765	-3.33	31.2	0.0	49.307	8.88	13.35	0.0	94.263	32.867	-4.957	26.2	0.0	46.691	8.49	9.912	0.0	91.875	16.667	-8.938	3.0	0.0	55.991	7.85	10.1	0.0	91.299	0.0	0.0	24.8	0.0	74.784	8.9	12.537	129.74	94.892	14.197	-14.904	46.6	0.0	30.901	8.3	12.412	0.0	91.05	27.419	-27.619	18.4	0.0	36.907	8.58	12.725	0.0	89.285	26.474	-27.284	24.8	0.0	0.097	8.45	12.975	0.0	96.16	22.188	-25.569	35.8	0.0	82.436
0.0	12.85	131.335	0.0	26.402	-9.351	26.0	0.0	52.6	9.14	12.037	121.232	89.56	34.684	-17.306	11.2	0.0	58.219	7.95	11.537	0.0	93.593	26.402	-3.349	31.2	0.0	49.501	8.84	13.1	0.0	94.523	32.867	-4.704	26.2	0.0	46.594	8.57	9.912	0.0	91.681	16.667	-8.93	3.0	0.0	55.313	7.91	10.162	0.0	91.314	0.0	0.0	24.8	0.0	74.105	8.89	12.412	126.549	94.806	13.688	-15.559	46.6	0.0	30.805	8.34	12.412	0.0	91.06	26.91	-28.074	18.4	0.0	36.907	8.69	12.6	0.0	89.291	25.82	-26.638	24.8	0.0	0.097	8.62	12.975	0.0	96.126	21.97	-25.569	35.8	0.0	83.114
0.0	13.037	139.311	0.0	26.547	-9.343	26.0	0.0	52.891	9.32	12.162	127.613	89.073	34.321	-17.788	11.2	0.0	58.219	8.1	11.725	0.0	93.508	26.692	-3.33	31.2	0.0	49.404	8.96	13.35	0.0	94.347	32.867	-4.708	26.2	0.0	46.594	8.54	10.1	0.0	91.501	16.521	-8.954	3.0	0.0	55.7	7.84	9.975	0.0	91.296	0.0	0.0	24.8	0.0	74.202	9.25	12.537	140.374	94.217	14.269	-14.904	46.6	0.0	30.901	8.54	12.412	0.0	91.112	26.91	-27.504	18.4	0.0	36.907	8.78	12.725	0.0	89.247	26.474	-27.401	24.8	0.0	0.194	8.53	12.85	0.0	95.938	21.897	-25.889	35.8	0.0	82.243
0.0	12.537	137.184	0.0	26.692	-9.268	26.0	0.0	312.986	8.9	11.6	129.208	90.772	34.756	-17.827	11.2	1.182	58.025	8.28	11.662	0.0	93.515	27.201	-2.944	31.2	0.0	49.404	9.08	13.662	0.0	94.171	32.577	-5.193	26.2	0.0	46.207	8.62	10.287	0.0	91.673	16.594	-8.928	3.0	0.0	55.991	7.96	10.287	0.0	91.306	0.0	0.0	24.8	0.0	74.59	9.4	12.725	154.199	92.885	14.269	-15.279	46.6	0.0	30.514	8.5	12.537	0.0	90.712	27.419	-27.787	18.4	0.0	36.907	8.86	12.85	0.0	88.957	26.111	-26.619	24.8	0.0	0.0	8.66	12.85	0.0	95.771	21.897	-26.255	35.8	0.0	82.921
0.0	12.662	132.93	0.0	26.474	-9.301	26.0	0.0	250.215	8.94	11.225	134.525	91.412	34.538	-17.367	11.2	1.567	271.623	8.32	11.85	0.0	93.189	27.201	-3.372	31.2	0.0	49.016	9.14	13.662	0.0	94.25	32.795	-5.193	26.2	0.0	46.207	8.66	10.037	0.0	91.532	15.94	-8.978	3.0	0.0	56.088	8.01	10.6	0.0	91.276	0.0	0.0	24.8	0.0	74.396	9.46	12.787	158.984	92.624	14.269	-15.502	46.6	0.0	30.708	8.64	12.475	0.0	90.944	26.838	-27.53	18.4	0.0	37.004	9.22	12.912	0.0	88.736	27.201	-27.124	24.8	0.0	0.0	8.72	13.225	0.0	95.951	21.752	-26.282	35.8	0.0	82.339
0.0	11.787	148.35	0.0	26.256	-9.177	26.0	1.056	209.432	8.97	11.225	140.906	91.441	34.538	-17.638	11.2	1.726	233.844	8.3	11.85	0.0	93.31	27.201	-3.453	31.2	0.0	49.307	9.1	13.412	0.0	93.862	32.722	-5.103	26.2	0.0	46.304	9.0	10.225	0.0	92.138	16.594	-8.961	3.0	0.0	223.866	7.96	10.1	0.0	91.22	0.0	0.0	24.8	0.0	74.687	9.21	12.537	163.77	93.259	13.397	-15.375	46.6	0.0	30.611	8.56	12.412	0.0	90.575	26.91	-27.272	18.4	0.0	37.101	9.0	12.787	0.0	88.881	25.675	-25.742	24.8	0.0	0.0	8.79	13.225	0.0	95.766	21.752	-26.405	35.8	0.0	82.339
0.0	11.537	124.954	0.0	26.692	-9.144	26.0	2.078	226.578	8.86	10.912	130.803	91.326	34.611	-17.468	11.2	2.011	238.493	8.57	11.912	0.0	93.172	26.983	-3.352	31.2	0.0	231.809	9.06	13.35	0.0	94.103	32.577	-5.163	26.2	0.0	46.401	9.18	10.287	0.0	92.314	16.303	-8.993	3.0	1.81	202.942	8.01	10.35	0.0	91.147	0.0	0.0	24.8	0.0	74.202	9.17	12.725	135.589	93.755	13.615	-14.945	46.6	0.0	31.095	8.57	12.225	0.0	90.206	27.056	-27.541	18.4	0.0	37.101	8.94	12.475	0.0	88.91	27.056	-26.707	24.8	0.0	0.097	9.08	12.85	0.0	95.847	21.825	-25.275	35.8	0.0	202.361
0.0	11.037	112.193	0.0	26.692	-9.222	26.0	0.0	239.268	8.72	10.725	107.939	91.246	34.684	-17.332	11.2	0.0	246.631	8.35	11.412	0.0	93.722	26.692	-3.348	31.2	0.0	219.216	9.08	13.35	0.0	93.899	32.359	-8.848	26.2	0.0	46.013	9.06	10.287	0.0	92.154	16.303	-9.025	3.0	0.0	199.746	8.1	10.1	0.0	91.084	0.0	0.0	24.8	0.0	74.202	9.15	12.35	124.954	93.939	13.833	-14.994	46.6	0.0	30.805	8.6	12.225	0.0	90.192	27.201	-27.311	18.4	0.0	36.81	8.84	12.35	0.0	88.752	27.056	-26.776	24.8	0.0	0.0	9.02	12.287	0.0	95.707	21.97	-25.183	35.8	1.835	199.746
0.0	10.975	108.471	0.0	25.82	-9.136	26.0	0.0	231.906	8.71	10.412	102.09	91.157	34.611	-16.905	11.2	0.0	249.827	8.44	11.287	0.0	93.642	27.201	-3.346	31.2	0.0	236.556	9.18	12.537	0.0	94.719	32.795	-8.784	26.2	0.0	126.899	9.02	10.287	0.0	92.357	16.158	-9.025	3.0	0.0	206.43	8.54	10.037	0.0	91.026	0.0	0.0	24.8	0.0	190.543	9.08	12.037	111.13	94.234	13.761	-14.796	46.6	0.0	30.417	8.66	12.225	0.0	90.142	27.346	-27.541	18.4	0.0	36.81	8.98	12.162	0.0	88.876	25.893	-26.224	24.8	0.0	0.387	8.86	11.787	0.0	95.867	21.752	-24.512	35.8	1.969	208.561
0.0	10.287	99.432	0.0	25.893	-9.072	26.0	0.98	216.02	8.74	10.35	90.392	91.034	34.684	-16.804	11.2	0.0	244.693	8.41	11.162	0.0	93.696	26.91	-3.305	31.2	0.0	237.428	9.39	12.35	0.0	94.569	32.867	-8.731	26.2	1.827	216.504	8.8	10.35	0.0	92.64	16.521	-9.356	3.0	0.0	220.379	8.72	9.912	0.0	91.029	0.0	0.0	24.8	1.969	203.523	9.14	12.037	109.534	94.459	14.269	-14.3	46.6	0.0	30.998	9.05	12.162	0.0	91.245	27.491	-27.4	18.4	0.93	230.356	9.03	12.162	0.0	88.911	25.675	-25.984	24.8	0.0	0.872	8.78	11.537	0.0	96.232	21.825	-24.059	35.8	1.944	234.134
0.0	10.475	123.891	0.0	26.111	-9.119	26.0	1.316	221.154	8.58	9.912	102.622	90.95	34.538	-15.968	11.2	0.0	271.139	8.48	11.037	0.0	93.904	27.056	-3.343	31.2	0.0	225.803	9.6	13.162	0.0	94.626	33.013	-8.834	26.2	0.0	202.458	8.89	10.162	0.0	93.046	16.158	-8.945	3.0	0.947	213.404	8.66	9.85	0.0	90.753	0.0	0.0	24.8	2.045	211.467	9.08	11.975	127.081	94.171	13.906	-14.287	46.6	0.0	30.611	9.06	11.975	0.0	90.9	27.056	-27.208	18.4	1.894	230.841	8.8	12.162	0.0	88.808	26.838	-26.344	24.8	0.0	0.0	8.7	11.412	0.0	96.432	21.607	-23.774	35.8	0.0	229.194
0.0	10.725	150.477	0.0	26.692	-9.167	26.0	0.0	227.741	8.56	10.537	145.16	90.814	34.611	-15.877	11.2	0.0	254.089	8.31	11.1	0.0	93.816	27.128	-3.524	31.2	1.592	228.032	9.46	13.35	0.0	93.284	32.867	-8.848	26.2	0.0	302.524	8.77	10.162	0.0	92.929	16.231	-8.993	3.0	0.0	203.33	8.9	10.162	0.0	90.576	0.0	0.0	24.8	1.617	199.746	9.1	12.225	149.945	94.698	14.197	-14.05	46.6	0.0	30.32	9.11	11.975	0.0	90.477	27.056	-27.093	18.4	1.911	276.854	8.79	12.162	0.0	88.984	25.457	-26.224	24.8	0.0	3.1	8.77	11.787	0.0	96.29	22.115	-23.304	35.8	0.0	223.769
36.7	11.1	132.398	0.0	26.692	-9.223	26.0	0.0	219.023	8.58	10.537	122.827	90.689	34.902	-16.431	11.2	0.0	256.027	8.45	11.162	0.0	93.224	27.201	-3.665	31.2	1.24	240.818	9.11	13.1	0.0	93.739	32.65	-8.826	26.2	0.0	16.177	9.12	10.037	0.0	91.869	16.376	-8.922	3.0	0.0	194.418	8.74	10.225	0.0	90.425	0.0	0.0	24.8	0.0	10.462	8.99	11.912	146.223	94.439	14.197	-14.1	46.6	0.0	30.127	8.86	12.162	0.0	89.798	26.983	-27.169	18.4	1.098	274.916	8.98	12.225	0.0	88.965	25.893	-1.0	24.8	0.0	2.809	9.02	11.85	0.0	94.8	21.752	-23.325	35.8	0.0	246.34
100.37	11.287	151.54	0.0	26.692	-9.208	26.0	1.659	232.294	8.58	10.725	133.994	90.645	34.538	-17.421	11.2	0.0	247.405	8.58	11.287	0.0	92.496	26.547	-3.668	31.2	0.0	225.029	9.12	13.225	0.0	93.951	32.504	-8.822	26.2	0.0	16.952	9.06	10.162	0.0	90.157	16.231	-8.993	3.0	0.0	205.945	8.26	10.162	0.0	90.127	0.0	0.0	24.8	0.0	0.0	9.16	12.412	157.389	94.402	14.197	-13.921	46.6	0.0	30.998	8.61	12.162	0.0	90.173	26.91	-27.169	18.4	0.0	342.435	9.03	12.412	0.0	88.822	26.329	-27.037	24.8	0.0	3.003	9.16	12.162	0.0	94.548	21.752	-23.073	35.8	1.751	230.356
0.0	11.6	194.61	0.0	26.765	-9.257	26.0	0.0	222.607	8.47	10.975	179.722	90.595	34.466	-16.291	11.2	0.0	247.599	8.67	11.6	0.0	91.793	27.056	-3.855	31.2	0.0	246.727	9.26	14.1	0.0	93.611	32.867	-5.308	26.2	0.0	17.146	9.22	10.35	0.0	88.825	16.594	-8.985	3.0	1.827	232.778	8.22	10.725	0.0	90.116	0.0	0.0	24.8	0.0	0.0	9.32	13.1	200.99	93.669	13.688	-14.834	46.6	0.0	30.708	8.59	12.475	0.0	90.014	27.419	-27.297	18.4	0.0	342.725	9.18	13.1	0.0	88.591	26.329	-26.477	24.8	0.0	2.906	9.14	12.912	0.0	92.901	21.752	-23.333	35.8	1.609	248.084
0.0	13.037	230.235	0.0	26.184	-9.385	26.0	1.064	219.894	8.6	11.537	220.664	90.564	34.538	-16.424	11.2	0.0	243.143	8.88	12.037	0.0	91.547	27.273	-4.651	31.2	1.994	227.353	9.31	14.787	0.0	93.455	32.577	-9.088	26.2	0.0	16.274	9.22	10.6	0.0	89.048	16.303	-9.0	3.0	0.0	202.555	8.2	11.037	0.0	90.024	0.0	0.0	24.8	0.0	0.0	9.54	13.537	228.108	93.05	13.906	-14.209	46.6	0.0	30.32	8.84	12.85	0.0	90.32	27.273	-27.687	18.4	0.0	342.435	9.26	13.35	0.0	88.253	27.056	-26.7	24.8	0.0	2.906	9.34	13.35	0.0	93.294	21.752	-23.244	35.8	1.467	239.946
0.0	12.912	202.054	0.0	26.474	-9.384	26.0	1.45	220.766	8.84	11.85	214.815	90.363	34.175	-17.085	11.2	1.877	245.759	8.88	12.287	0.0	91.849	26.983	-4.051	31.2	1.902	226.966	9.27	14.725	0.0	93.127	32.867	-8.998	26.2	0.0	15.983	9.37	10.6	0.0	88.729	15.94	-9.049	3.0	1.467	199.842	8.38	11.225	0.0	89.939	0.0	0.0	24.8	0.0	0.194	9.74	13.537	197.268	91.772	13.615	-14.153	46.6	0.0	30.805	8.86	12.912	0.0	89.356	27.273	-27.714	18.4	0.0	342.435	9.48	13.35	0.0	87.834	26.983	-26.944	24.8	0.0	2.906	9.4	13.787	0.0	92.97	21.752	-23.768	35.8	1.324	211.854
0.0	12.162	167.492	0.0	26.111	-9.316	26.0	1.693	210.789	9.0	11.725	177.063	89.723	34.611	-16.469	11.2	1.676	221.057	8.98	12.037	0.0	91.054	26.62	-4.006	31.2	1.701	222.607	9.21	13.787	0.0	92.386	32.359	-5.321	26.2	0.0	15.499	9.36	10.787	0.0	88.592	16.376	-9.04	3.0	1.969	192.287	8.4	10.537	0.0	89.724	0.0	0.0	24.8	0.0	0.0	9.85	13.475	160.048	90.404	14.342	-14.084	46.6	0.0	30.611	9.21	12.85	0.0	89.445	27.419	-27.571	18.4	0.0	342.435	9.3	13.037	0.0	86.539	26.256	-25.962	24.8	0.0	2.712	9.32	13.1	0.0	92.672	21.68	-23.644	35.8	1.575	206.817
0.0	11.725	146.223	0.0	26.184	-9.234	26.0	1.718	205.17	8.98	11.537	148.882	89.608	34.611	-16.753	11.2	1.517	249.44	8.88	11.787	0.0	91.309	26.62	-3.96	31.2	1.626	221.541	9.39	13.725	0.0	92.861	32.432	-5.091	26.2	0.0	16.759	9.35	10.6	0.0	88.365	16.449	-9.032	3.0	1.81	204.686	8.33	10.537	0.0	89.575	0.0	0.0	24.8	0.0	0.0	9.56	12.725	142.501	90.834	14.342	-14.627	46.6	0.0	30.901	8.96	12.6	0.0	88.648	26.91	-27.698	18.4	0.0	342.435	9.27	12.662	0.0	86.348	25.53	-26.059	24.8	0.0	3.003	9.46	12.975	0.0	92.816	21.752	-25.076	35.8	1.274	206.623
0.0	11.912	158.984	0.0	26.692	-9.234	26.0	1.467	199.067	9.05	11.287	149.413	89.891	34.684	-15.669	11.2	1.316	273.754	8.81	11.787	0.0	91.809	27.128	-3.879	31.2	1.341	211.854	9.35	13.475	0.0	92.552	32.504	-5.043	26.2	0.0	22.474	9.3	10.725	0.0	88.89	16.521	-9.056	3.0	1.559	197.905	8.42	10.412	0.0	89.377	0.0	0.0	24.8	0.0	0.0	9.6	12.662	144.096	92.361	14.56	-14.027	46.6	0.0	30.708	8.95	12.537	0.0	88.265	27.419	-27.44	18.4	0.0	342.435	9.36	12.725	0.0	86.599	25.603	-26.205	24.8	0.0	3.003	9.38	12.537	0.0	92.517	21.897	-24.298	35.8	1.274	199.649
0.0	11.787	163.238	0.0	26.474	-9.193	26.0	1.559	230.453	9.09	11.225	160.048	89.901	34.611	-16.27	11.2	1.877	254.864	8.61	11.6	0.0	91.648	26.765	-3.855	31.2	0.0	3.003	9.38	13.287	0.0	92.965	32.795	-4.728	26.2	1.182	37.295	9.29	10.475	0.0	88.619	16.376	-9.041	3.0	1.031	213.792	8.34	10.475	0.0	89.136	0.0	0.0	24.8	0.0	20.924	9.51	12.662	148.882	91.799	13.397	-14.027	46.6	0.0	30.514	8.9	12.475	0.0	89.011	27.491	-27.874	18.4	0.0	342.435	9.36	12.6	0.0	86.186	26.983	-26.398	24.8	0.0	2.906	9.38	13.1	0.0	93.262	21.752	-25.0	35.8	1.14	191.996
0.0	12.35	166.96	0.0	26.402	-9.267	26.0	0.0	229.969	8.89	11.662	162.175	89.607	34.466	-16.293	11.2	1.391	255.058	8.43	11.35	0.0	92.137	26.547	-3.889	31.2	0.947	47.951	9.25	12.975	0.0	92.032	32.577	-4.783	26.2	1.115	38.554	9.43	10.662	0.0	88.34	16.594	-9.072	3.0	0.0	213.985	8.42	10.1	0.0	89.421	0.0	0.0	24.8	0.947	27.027	9.62	12.787	154.199	91.698	14.124	-14.053	46.6	0.0	30.611	8.72	12.475	0.0	88.966	27.056	-27.645	18.4	0.0	342.822	9.4	12.6	0.0	85.272	25.966	-26.156	24.8	0.0	2.906	9.2	12.225	0.0	94.204	21.534	-24.428	35.8	0.0	71.006
0.0	12.787	163.238	0.0	26.038	-9.318	26.0	0.0	320.348	9.16	11.975	171.746	89.764	34.756	-16.529	11.2	0.0	254.768	8.25	11.412	0.0	91.511	26.62	-3.751	31.2	1.349	53.763	9.1	13.35	0.0	91.432	32.65	-4.875	26.2	0.93	38.167	9.2	10.725	0.0	88.731	15.94	-9.104	3.0	0.0	85.342	8.39	9.85	0.0	89.06	0.0	0.0	24.8	0.0	27.414	9.68	12.85	167.492	90.404	13.397	-13.848	46.6	0.0	30.708	8.7	12.6	0.0	87.844	27.637	-27.582	18.4	0.0	342.822	9.31	12.787	0.0	84.831	25.675	-26.351	24.8	0.0	2.809	9.15	12.162	0.0	94.753	21.534	-24.527	35.8	0.0	80.111
0.0	11.85	153.135	0.0	26.111	-9.193	26.0	0.0	40.879	8.85	11.975	158.984	89.199	34.684	-16.776	11.2	1.022	33.13	8.33	11.412	0.0	91.575	27.128	-3.711	31.2	0.0	58.413	9.22	13.475	0.0	91.159	32.722	-4.919	26.2	0.0	38.651	9.29	10.6	0.0	87.357	16.231	-9.057	3.0	0.0	83.211	8.4	10.412	0.0	88.44	0.0	0.0	24.8	0.0	31.386	9.8	12.912	160.048	87.868	13.979	-14.023	46.6	0.0	30.901	8.82	12.6	0.0	87.467	27.419	-28.378	18.4	0.0	342.047	9.48	12.787	0.0	84.287	26.91	-26.473	24.8	0.0	3.003	8.94	12.225	0.0	93.777	21.68	-24.794	35.8	0.0	80.208
-1.0	11.85	147.287	0.0	26.62	-9.242	26.0	0.913	53.86	8.89	12.162	150.477	89.673	34.466	-16.574	11.2	1.098	34.97	8.33	11.287	0.0	91.489	26.765	-3.588	31.2	0.0	58.509	9.1	13.537	0.0	91.388	32.432	-4.899	26.2	0.0	38.167	9.36	10.475	0.0	87.124	16.013	-9.009	3.0	0.0	83.211	8.39	10.225	0.0	88.08	0.0	0.0	24.8	0.0	31.095	10.0	13.037	145.691	87.714	13.397	-14.104	46.6	0.0	30.708	8.96	12.6	0.0	87.185	27.564	-27.349	18.4	0.0	342.435	9.78	12.787	0.0	85.757	26.692	-26.714	24.8	0.0	3.197	8.74	12.537	0.0	93.471	21.316	-25.033	35.8	0.0	85.052
0.0	12.412	140.906	0.0	26.474	-9.183	26.0	0.0	53.375	9.03	12.35	140.906	89.885	34.829	-16.619	11.2	1.156	34.873	8.52	11.6	0.0	91.84	27.056	-3.613	31.2	0.0	58.509	9.17	13.475	0.0	90.951	32.577	-4.627	26.2	0.0	38.554	9.34	10.6	0.0	87.369	16.303	-8.984	3.0	0.0	83.114	8.47	10.35	0.0	87.696	0.0	0.0	24.8	0.0	30.901	9.6	12.412	136.12	92.253	14.124	-13.867	46.6	0.0	30.805	9.22	12.475	0.0	86.702	27.491	-27.297	18.4	0.0	342.725	9.44	12.6	0.0	86.527	26.184	-26.638	24.8	0.0	2.906	8.86	12.662	0.0	93.629	21.752	-24.958	35.8	0.0	85.536
109.73	12.162	129.208	0.0	26.111	-9.226	26.0	0.0	52.794	9.0	12.225	131.335	89.701	34.756	-17.622	11.2	0.0	34.873	8.68	11.537	0.0	91.839	26.62	-3.592	31.2	0.0	58.413	9.44	13.475	0.0	92.275	32.432	-4.752	26.2	0.0	38.167	9.16	10.787	0.0	87.211	16.303	-9.04	3.0	0.0	83.114	8.65	10.35	0.0	87.606	0.0	0.0	24.8	0.0	30.901	9.4	12.287	123.359	93.013	13.979	-14.062	46.6	0.0	30.901	9.24	12.475	0.0	86.203	27.201	-27.063	18.4	0.0	342.338	9.25	12.287	0.0	87.642	26.692	-26.632	24.8	0.0	2.809	8.93	12.35	0.0	93.437	21.534	-24.108	35.8	0.0	85.73
100.84	12.287	107.408	0.0	26.474	-9.234	26.0	0.0	53.569	8.69	11.787	114.32	88.847	34.974	-16.244	11.2	0.0	35.648	8.68	11.537	0.0	91.171	26.692	-3.753	31.2	0.0	58.413	9.24	12.537	0.0	92.544	33.013	-4.301	26.2	0.0	38.07	9.06	10.537	0.0	87.978	16.158	-9.008	3.0	0.0	83.308	8.54	10.1	0.0	88.073	0.0	0.0	24.8	0.0	30.998	9.34	11.85	102.622	93.716	13.833	-13.973	46.6	0.0	30.901	8.98	12.225	0.0	88.854	27.056	-27.426	18.4	0.0	342.628	9.19	11.912	0.0	88.258	26.402	-26.364	24.8	0.0	0.291	8.98	12.287	0.0	93.493	21.462	-23.72	35.8	0.0	85.536
0.0	11.787	89.329	0.0	26.256	-9.16	26.0	0.0	53.86	8.85	11.412	91.988	89.553	34.466	-16.557	11.2	0.0	34.97	8.51	11.1	0.0	91.88	26.62	-3.643	31.2	0.0	58.509	9.38	12.6	0.0	93.22	32.504	-4.364	26.2	0.0	38.07	9.1	10.162	0.0	88.392	16.158	-8.904	3.0	0.0	83.211	8.5	9.85	0.0	88.955	0.0	0.0	24.8	0.0	30.998	9.25	11.662	92.519	93.481	13.761	-13.936	46.6	0.0	30.805	8.82	12.037	0.0	89.125	27.273	-27.803	18.4	0.0	342.725	8.98	11.975	0.0	88.362	27.128	-26.388	24.8	0.0	0.097	8.98	12.162	0.0	93.662	21.462	-23.073	35.8	0.0	85.633
