-1.0	13.1	305.739	0.0	25.53	-12.391	0.4	1.492	167.682	10.92	8.475	338.174	51.141	34.175	-24.848	40.6	1.458	158.77	8.18	5.037	0.0	54.894	25.385	-1.868	11.2	1.408	206.042	10.2	14.85	0.0	50.829	31.778	-9.453	0.0	1.81	173.784	7.41	7.912	0.0	62.893	11.944	-9.566	24.8	1.55	201.392	8.54	8.037	0.0	53.82	0.0	0.0	0.0	1.659	186.571	9.21	5.6	69.655	57.484	11.291	-23.654	19.0	0.0	188.896	8.82	5.475	0.0	54.663	27.056	-23.067	46.2	0.0	187.927	8.88	5.162	0.0	54.345	26.038	-1.0	0.0	1.559	173.881	10.62	15.287	0.0	49.537	12.017	-24.961	8.6	1.71	186.862	8.97
-1.0	14.037	309.461	0.0	24.876	-12.564	0.4	0.0	156.735	10.99	8.725	345.087	49.463	34.393	-24.709	40.6	0.0	158.382	8.39	5.1	0.0	53.888	25.603	-1.72	11.2	1.089	164.194	9.92	14.85	0.0	53.211	31.705	-9.489	0.0	1.86	168.747	7.69	8.287	0.0	62.634	11.654	-9.595	24.8	0.0	201.392	8.43	8.537	0.0	54.428	0.0	0.0	0.0	1.324	189.768	8.79	5.662	66.997	58.925	10.492	-23.783	19.0	0.0	196.355	8.98	5.225	0.0	53.794	26.547	-23.098	46.2	0.0	172.234	9.37	5.225	0.0	51.566	26.692	-1.0	0.0	1.751	153.926	10.64	15.6	0.0	47.683	11.944	-25.727	8.6	1.651	182.406	8.87
0.0	13.725	322.754	0.0	24.949	-12.617	0.4	1.282	168.747	11.13	8.6	358.911	47.839	34.175	-25.23	40.6	0.0	138.621	8.37	5.225	0.0	53.914	25.021	-1.729	11.2	1.332	150.148	10.08	16.163	0.0	53.983	31.415	-9.678	0.0	1.458	174.269	7.7	8.475	0.0	62.608	11.363	-9.63	24.8	1.374	201.683	8.65	9.162	0.0	53.538	0.0	0.0	0.0	1.282	164.872	9.74	6.162	71.251	53.395	10.274	-23.396	19.0	0.0	214.47	9.14	5.35	0.0	53.249	26.983	-23.247	46.2	0.964	181.437	9.14	5.162	0.0	52.409	26.402	-1.0	0.0	1.676	158.285	10.74	16.788	0.0	47.976	12.308	-24.909	8.6	1.349	191.027	8.62
-1.0	14.1	330.198	0.0	25.675	-12.649	0.4	1.877	175.044	11.1	8.912	381.775	50.001	34.393	-24.775	40.6	0.0	163.032	8.48	5.225	0.0	52.976	25.021	-1.729	11.2	1.374	181.34	10.07	15.85	0.0	52.54	30.906	-9.696	0.0	1.55	174.656	7.78	9.037	0.0	61.667	11.581	-9.714	24.8	0.0	201.78	8.82	9.287	0.0	53.054	0.0	0.0	0.0	1.056	166.132	10.76	6.475	66.465	48.537	10.492	-24.05	19.0	0.0	207.398	9.27	5.475	0.0	51.824	26.765	-22.848	46.2	1.198	192.19	9.23	5.225	0.0	51.758	26.184	-1.0	0.0	1.969	156.445	10.73	16.538	0.0	48.595	12.235	-25.459	8.6	1.659	184.343	9.02
-1.0	14.787	344.023	0.0	24.949	-12.818	0.4	0.964	184.246	10.98	9.225	381.775	50.077	34.03	-25.795	40.6	0.0	197.13	8.64	5.1	0.0	52.249	25.312	-1.823	11.2	1.844	192.093	9.82	15.6	0.0	51.719	31.051	-9.659	0.0	1.986	168.069	8.67	8.85	0.0	56.379	11.436	-9.689	24.8	0.0	192.287	8.68	9.287	0.0	52.914	0.0	0.0	0.0	1.55	182.406	9.47	5.85	62.743	54.966	10.564	-23.076	19.0	0.0	197.033	9.06	5.412	0.0	53.507	26.91	-22.938	46.2	1.324	178.144	9.08	5.1	0.0	52.581	26.402	-1.0	0.0	0.0	175.722	11.1	16.225	0.0	46.93	12.308	-25.074	8.6	1.341	156.057	8.66
-1.0	16.163	354.658	0.0	24.513	-13.127	0.4	0.0	172.913	12.1	9.725	372.736	46.08	33.594	-24.951	40.6	0.0	161.482	8.7	5.1	0.0	51.986	25.167	-1.686	11.2	1.726	180.856	10.58	16.35	0.0	48.699	31.415	-9.715	0.0	2.062	182.406	8.38	9.475	0.0	58.197	11.508	-9.743	24.8	0.997	190.64	8.89	9.412	0.0	52.254	0.0	0.0	0.0	1.651	196.549	8.89	5.475	60.616	58.883	11.218	-24.153	19.0	0.0	185.021	9.01	5.287	0.0	53.679	26.62	-22.899	46.2	0.913	175.044	8.97	5.037	0.0	53.076	26.547	-1.0	0.0	0.0	161.482	10.98	17.35	0.0	47.134	12.235	-26.59	8.6	1.483	199.358	8.9
-1.0	14.225	302.549	0.0	25.239	-12.867	0.4	0.0	207.495	10.8	8.537	308.93	49.315	35.701	-24.643	40.6	0.0	227.257	9.24	5.35	0.0	49.078	25.239	-1.773	11.2	1.81	167.682	10.49	15.537	0.0	48.378	30.906	-9.597	0.0	1.927	174.172	8.13	8.787	0.0	59.624	11.872	-9.671	24.8	0.0	190.155	8.93	9.225	0.0	52.74	0.0	0.0	0.0	1.785	178.531	8.44	5.162	57.426	60.843	11.073	-23.729	19.0	0.0	183.956	9.1	5.6	0.0	53.034	27.056	-22.997	46.2	1.307	180.468	8.88	4.912	0.0	53.511	26.111	-1.0	0.0	2.045	149.083	11.36	16.85	0.0	48.304	12.017	-26.902	8.6	0.0	210.304	8.9
-1.0	16.35	369.546	0.0	25.167	-15.318	0.4	0.0	180.856	11.66	9.975	409.956	46.718	34.03	-24.221	40.6	0.0	197.033	9.2	5.35	0.0	49.073	25.603	-1.91	11.2	1.567	171.556	10.87	17.413	0.0	50.828	30.833	-9.837	0.0	1.994	187.249	8.11	9.475	0.0	60.504	11.726	-9.753	24.8	0.0	186.668	9.08	9.412	0.0	50.707	0.0	0.0	0.0	1.961	173.106	8.71	5.225	60.084	59.286	10.927	-23.533	19.0	2.045	175.722	8.49	5.225	0.0	56.322	27.419	-22.989	46.2	1.324	181.921	8.9	5.162	0.0	53.753	26.474	-1.0	0.0	1.802	151.407	11.18	17.6	0.0	48.746	12.09	-26.831	8.6	0.947	190.833	9.74
-1.0	16.413	386.029	0.0	25.748	-13.3	0.4	0.0	176.109	11.14	9.475	417.932	46.967	34.756	-24.861	40.6	0.0	207.204	9.18	5.225	0.0	49.408	24.949	-1.627	11.2	0.0	175.044	10.04	17.288	0.0	54.186	31.124	-9.809	0.0	0.0	183.568	7.85	9.475	0.0	60.916	11.726	-9.753	24.8	1.198	185.506	8.66	9.475	0.0	52.882	0.0	0.0	0.0	2.045	167.682	9.04	5.35	57.958	58.734	10.782	-24.005	19.0	1.911	181.921	8.74	5.412	0.0	54.503	27.201	-22.938	46.2	1.819	179.984	8.81	5.225	0.0	54.513	26.474	-1.0	0.0	1.819	149.664	10.56	17.788	0.0	49.191	12.017	-27.047	8.6	1.55	189.768	9.88
-1.0	16.225	399.322	0.0	24.731	-13.562	0.4	1.19	186.281	11.08	10.1	435.479	47.988	34.321	-25.552	40.6	0.0	213.695	8.46	5.037	0.0	53.511	25.021	-1.63	11.2	1.927	153.248	10.06	17.1	0.0	53.291	31.051	-9.733	0.0	0.0	173.784	7.94	9.475	0.0	60.363	11.726	-9.783	24.8	2.078	179.597	8.58	9.412	0.0	53.438	0.0	0.0	0.0	0.0	167.294	8.9	5.475	61.68	58.625	10.201	-23.722	19.0	1.81	175.722	8.84	5.475	0.0	53.953	27.273	-23.177	46.2	1.777	165.357	8.84	5.1	0.0	54.577	26.474	-1.0	0.0	1.844	156.057	10.94	18.85	0.0	48.87	11.944	-27.661	8.6	1.441	199.455	9.81
-1.0	15.6	407.83	0.0	25.312	-13.433	0.4	1.617	197.518	10.74	9.975	449.304	48.658	34.03	-25.963	40.6	0.0	185.699	8.64	4.85	0.0	52.519	25.748	-1.735	11.2	2.12	189.187	10.62	16.788	0.0	52.133	31.56	-9.752	0.0	0.0	135.521	7.84	9.912	0.0	60.659	11.654	-9.853	24.8	0.0	183.956	9.02	9.975	0.0	51.336	0.0	0.0	0.0	1.902	151.795	9.5	5.662	62.211	55.266	11.073	-23.783	19.0	1.927	175.334	9.06	5.662	0.0	53.597	26.765	-23.016	46.2	1.86	158.673	9.26	5.35	0.0	52.306	26.474	-1.0	0.0	1.994	157.995	11.4	19.788	0.0	48.216	12.09	-27.961	8.6	1.232	208.658	9.96
-1.0	16.038	393.473	0.0	25.021	-13.479	0.4	1.802	207.979	11.37	10.225	433.884	49.513	34.03	-26.399	40.6	1.332	176.109	8.62	5.037	0.0	52.005	24.949	-1.665	11.2	1.617	174.656	11.09	19.1	0.0	47.959	31.051	-10.052	0.0	0.0	161.094	8.13	10.287	0.0	59.938	11.363	-9.904	24.8	1.601	181.243	9.61	10.412	0.0	49.526	0.0	0.0	0.0	1.324	147.145	9.32	5.6	63.806	56.858	11.073	-23.762	19.0	2.036	179.984	9.94	5.912	0.0	49.17	26.765	-23.206	46.2	0.0	188.896	9.54	5.475	0.0	51.498	26.474	-1.0	0.0	2.087	156.735	11.94	20.038	0.0	46.25	12.162	-28.914	8.6	0.0	200.23	10.21
-1.0	16.913	393.473	0.0	25.021	-13.798	0.4	0.0	216.795	10.8	9.662	437.074	48.759	34.175	-26.951	40.6	0.0	222.316	8.93	5.35	0.0	51.293	25.603	-1.773	11.2	1.575	125.059	10.92	18.288	0.0	51.415	31.051	-9.953	0.0	1.844	181.05	8.44	10.475	0.0	58.524	11.581	-9.962	24.8	1.617	177.175	9.1	10.35	0.0	52.072	0.0	0.0	0.0	1.383	178.531	10.01	5.975	63.275	53.133	10.855	-23.885	19.0	2.12	178.434	9.38	5.787	0.0	52.352	26.765	-23.823	46.2	1.542	174.559	9.8	5.6	0.0	49.981	25.966	-1.0	0.0	0.0	149.083	11.58	19.35	0.0	46.865	12.09	-28.58	8.6	1.575	216.407	10.39
-1.0	15.975	397.195	0.0	25.021	-13.739	0.4	1.718	208.367	10.93	9.6	430.162	50.561	34.466	-27.659	40.6	0.0	237.428	9.22	4.975	0.0	51.06	25.021	-1.677	11.2	0.0	139.202	11.42	19.163	0.0	45.461	31.124	-9.961	0.0	1.148	175.819	8.22	10.662	0.0	59.752	11.654	-10.011	24.8	0.939	183.762	9.98	10.787	0.0	47.692	0.0	0.0	0.0	1.366	171.944	9.76	5.725	62.211	54.146	10.637	-24.02	19.0	0.0	171.072	9.75	6.037	0.0	49.882	26.983	-23.356	46.2	1.399	194.515	10.34	5.537	0.0	47.614	26.329	-1.0	0.0	2.103	177.369	10.82	19.163	0.0	49.502	11.944	-28.491	8.6	1.458	204.298	10.06
-1.0	15.85	382.307	0.0	25.603	-13.809	0.4	1.458	201.974	10.75	9.475	428.035	51.056	34.321	-26.877	40.6	1.073	204.686	8.76	4.912	0.0	52.536	25.239	-1.959	11.2	0.0	160.61	11.88	18.85	0.0	43.705	30.979	-10.012	0.0	0.0	213.792	8.72	10.537	0.0	57.117	11.799	-10.027	24.8	0.0	162.063	10.64	11.662	0.0	45.145	0.0	0.0	0.0	0.0	78.271	10.1	5.85	61.148	51.545	11.073	-1.0	19.0	1.802	172.719	10.07	6.1	0.0	49.342	27.128	-23.486	46.2	0.0	194.708	10.13	5.35	0.0	48.764	26.111	-1.0	0.0	1.483	193.062	11.56	19.725	0.0	47.863	12.162	-28.899	8.6	0.0	201.392	10.38
-1.0	16.475	403.576	0.0	24.949	-13.942	0.4	1.131	195.483	10.98	10.162	433.884	50.904	34.248	-27.784	40.6	1.148	234.716	8.81	5.037	0.0	52.152	25.021	-1.801	11.2	1.902	142.495	11.38	19.35	0.0	46.055	31.415	-10.082	0.0	1.115	177.369	8.61	10.912	0.0	57.653	11.363	-9.92	24.8	0.0	147.92	9.54	10.6	0.0	51.013	0.0	0.0	0.0	0.98	166.81	10.7	6.35	61.68	49.456	10.637	-23.898	19.0	1.207	172.719	10.55	6.662	0.0	46.955	27.056	-23.669	46.2	0.0	148.986	9.37	5.1	0.0	52.802	26.91	-1.0	0.0	1.441	142.689	11.84	18.85	0.0	48.615	12.09	-28.342	8.6	1.165	162.644	11.36
-1.0	17.413	405.703	0.0	24.876	-14.196	0.4	1.45	191.318	11.8	10.725	445.05	48.019	34.902	-27.154	40.6	0.0	168.65	9.17	5.225	0.0	50.78	25.82	-7.887	11.2	1.006	146.177	11.72	20.038	0.0	50.053	31.705	-10.322	0.0	1.19	187.637	8.57	11.1	0.0	59.952	11.363	-10.018	24.8	0.0	171.556	9.94	11.1	0.0	47.314	0.0	0.0	0.0	1.182	169.619	9.78	5.725	61.68	55.13	10.709	-23.585	19.0	1.726	176.109	9.59	6.287	0.0	51.384	26.983	-23.215	46.2	1.106	183.859	9.47	5.225	0.0	52.696	26.91	-1.0	0.0	1.366	148.114	11.72	19.413	0.0	46.632	11.872	-28.198	8.6	1.374	175.625	10.26
-1.0	17.225	429.63	0.0	25.385	-14.205	0.4	0.0	135.133	12.26	11.162	459.938	46.447	35.192	-26.88	40.6	0.0	168.553	8.69	5.1	0.0	53.871	25.094	-1.686	11.2	1.089	146.758	11.36	20.163	0.0	54.826	31.415	-10.224	0.0	1.316	193.062	8.59	11.6	0.0	60.782	11.726	-10.133	24.8	0.0	171.556	9.7	11.1	0.0	49.875	0.0	0.0	0.0	1.064	160.32	10.08	5.975	60.616	52.42	10.346	-24.211	19.0	1.726	169.232	10.04	6.475	0.0	49.645	27.128	-23.608	46.2	0.0	188.412	9.44	5.225	0.0	52.12	25.893	-1.0	0.0	1.467	152.376	10.9	19.913	0.0	48.214	12.235	-28.853	8.6	1.701	187.831	10.44
-1.0	17.975	426.972	0.0	25.021	-14.476	0.4	0.0	135.521	11.88	11.35	450.899	47.185	34.248	-27.069	40.6	0.0	126.028	9.24	5.475	0.0	50.424	25.603	-1.85	11.2	1.332	136.199	11.72	20.975	0.0	47.883	31.705	-10.35	0.0	0.0	180.081	8.99	12.162	0.0	56.779	11.799	-10.098	24.8	0.0	171.556	10.02	11.412	0.0	50.224	0.0	0.0	0.0	0.0	153.732	9.94	6.162	61.148	53.604	10.492	-24.165	19.0	1.886	196.161	9.54	7.037	0.0	53.247	26.765	-24.016	46.2	1.156	181.921	9.68	5.037	0.0	51.275	26.329	-1.0	0.0	1.542	155.67	11.14	20.788	0.0	49.39	11.799	-29.709	8.6	1.056	190.349	10.48
-1.0	16.288	430.162	0.0	25.457	-14.203	0.4	1.609	151.02	12.55	11.537	476.953	46.641	34.466	-27.371	40.6	0.0	125.64	9.41	5.037	0.0	48.793	25.457	-1.665	11.2	0.0	136.683	11.88	20.975	0.0	48.713	31.124	-10.37	0.0	0.939	181.534	8.96	11.912	0.0	57.533	11.581	-10.082	24.8	0.0	171.363	10.39	12.162	0.0	47.402	0.0	0.0	0.0	0.0	158.673	11.09	6.975	68.592	47.772	10.927	-24.658	19.0	0.0	207.108	10.23	7.6	0.0	48.53	26.765	-24.094	46.2	0.0	199.842	9.65	5.412	0.0	51.483	26.692	-1.0	0.0	1.45	161.385	11.31	20.725	0.0	49.073	12.162	-29.256	8.6	1.274	181.243	10.49
-1.0	15.662	416.869	0.0	24.731	-14.016	0.4	1.609	168.941	12.46	10.725	466.851	47.947	34.103	-27.591	40.6	0.0	125.446	9.24	4.912	0.0	50.546	25.748	-1.757	11.2	0.0	178.144	12.38	20.475	0.0	44.051	30.615	-10.385	0.0	1.098	205.848	8.32	11.412	0.0	58.822	11.508	-9.942	24.8	1.349	192.868	10.14	11.725	0.0	48.054	0.0	0.0	0.0	0.0	196.161	11.1	6.412	65.402	48.86	10.782	-24.357	19.0	1.316	210.498	10.47	8.162	0.0	48.344	26.692	-24.962	46.2	0.0	221.444	9.68	5.35	0.0	51.578	26.256	-1.0	0.0	1.609	177.175	10.49	19.6	0.0	50.41	11.872	-28.425	8.6	1.542	214.857	10.72
-1.0	16.663	432.289	0.0	25.53	-14.182	0.4	0.0	170.781	12.06	10.975	474.826	46.58	34.175	-28.014	40.6	0.0	125.931	8.51	4.975	0.0	53.697	24.949	-1.643	11.2	0.0	154.314	10.82	19.35	0.0	51.188	31.633	-10.092	0.0	1.852	184.149	8.46	11.662	0.0	59.934	11.944	-9.94	24.8	1.249	201.005	8.99	10.662	0.0	52.568	0.0	0.0	0.0	1.785	172.622	10.86	6.037	63.806	48.55	11.073	-24.232	19.0	0.0	210.692	10.23	8.475	0.0	49.578	26.692	-24.393	46.2	0.0	188.605	10.04	5.1	0.0	49.675	26.402	-1.0	0.0	0.0	164.872	10.6	20.288	0.0	49.412	11.872	-28.479	8.6	1.517	201.586	11.28
-1.0	17.35	422.186	0.0	24.803	-14.335	0.4	1.299	189.477	11.28	10.912	473.763	50.608	33.957	-1.0	40.6	1.031	125.737	8.34	4.912	0.0	54.651	25.312	-1.349	11.2	0.0	154.895	10.48	18.475	0.0	51.841	31.269	-9.982	0.0	0.0	168.747	8.65	11.787	0.0	58.528	12.017	-9.957	24.8	1.425	183.084	8.62	10.537	0.0	55.047	0.0	0.0	0.0	2.12	170.103	10.43	6.037	65.402	50.402	10.782	-24.123	19.0	1.768	170.394	10.41	8.725	0.0	48.151	26.91	-24.709	46.2	0.0	194.418	9.62	5.037	0.0	51.631	26.692	-1.0	0.0	1.215	173.881	11.46	20.35	0.0	47.663	12.162	-28.649	8.6	1.316	175.722	10.6
-1.0	16.788	428.035	0.0	24.949	-14.261	0.4	1.366	197.324	10.89	10.475	434.947	48.616	33.957	-1.0	40.6	1.483	126.996	8.46	5.1	0.0	54.403	25.385	-1.686	11.2	0.0	156.445	10.76	17.663	0.0	50.078	31.415	-9.894	0.0	1.953	158.77	8.58	11.85	0.0	58.661	12.162	-9.93	24.8	1.441	170.588	8.98	10.6	0.0	53.376	0.0	0.0	0.0	1.517	161.869	9.27	5.725	61.68	57.871	11.073	-24.662	19.0	2.053	169.135	9.74	8.162	0.0	52.403	27.056	-24.85	46.2	0.0	186.474	9.68	5.35	0.0	51.123	26.038	-1.0	0.0	1.525	151.311	10.56	18.288	0.0	49.067	11.872	-27.54	8.6	1.978	191.318	9.63
-1.0	17.6	448.24	0.0	25.167	-13.947	0.4	1.743	175.431	11.36	10.912	473.231	50.066	34.03	-1.0	40.6	1.014	126.028	9.0	5.475	0.0	52.329	24.949	-1.954	11.2	0.0	183.956	11.0	19.788	0.0	49.526	31.342	-10.212	0.0	1.358	165.454	8.6	12.162	0.0	60.356	11.363	-9.948	24.8	1.777	200.617	9.12	11.162	0.0	53.396	0.0	0.0	0.0	1.182	174.269	9.53	6.037	59.021	55.152	11.073	-24.123	19.0	1.969	193.255	9.77	8.725	0.0	51.409	27.056	-25.05	46.2	1.626	181.631	9.47	5.35	0.0	52.726	26.765	-1.0	0.0	1.542	150.536	10.67	19.288	0.0	48.525	12.09	-28.002	8.6	1.969	197.13	10.12
-1.0	18.1	471.636	0.0	25.53	-14.351	0.4	1.894	189.09	11.13	11.1	500.881	51.535	34.393	-1.0	40.6	1.048	126.221	9.61	5.85	0.0	48.973	25.457	-1.981	11.2	2.02	187.443	10.98	20.475	0.0	50.016	31.197	-10.306	0.0	1.852	171.847	8.8	12.537	0.0	57.798	11.508	-10.019	24.8	1.777	180.372	9.34	11.287	0.0	51.41	0.0	0.0	0.0	1.626	179.5	10.22	6.225	57.426	51.167	10.564	-25.15	19.0	1.877	176.497	9.37	8.975	0.0	55.01	27.273	-25.026	46.2	1.182	180.759	9.45	5.35	0.0	52.633	26.111	-1.0	0.0	1.148	146.273	11.44	21.6	0.0	47.692	11.872	-28.557	8.6	1.81	198.68	10.24
-1.0	17.163	472.699	0.0	25.312	-14.397	0.4	2.011	202.167	11.03	10.85	505.666	49.53	33.885	-1.0	40.6	0.972	195.968	9.32	5.975	0.0	50.983	25.312	-2.302	11.2	0.0	160.707	10.65	19.725	0.0	52.016	31.342	-10.092	0.0	0.0	174.656	9.14	12.6	0.0	56.538	11.363	-10.112	24.8	1.71	188.412	9.21	10.787	0.0	51.514	0.0	0.0	0.0	0.0	179.209	10.21	6.287	60.084	52.197	10.855	-23.547	19.0	1.659	168.747	9.7	9.162	0.0	53.389	27.201	-25.207	46.2	1.24	175.625	9.55	5.35	0.0	52.105	26.91	-1.0	0.0	0.0	147.339	12.0	21.038	0.0	46.32	12.017	-27.996	8.6	1.567	181.243	10.37
-1.0	17.788	427.503	0.0	24.949	-14.433	0.4	2.078	228.032	10.98	11.037	488.651	47.228	34.248	-28.04	40.6	1.668	248.665	9.78	6.787	0.0	50.1	25.603	-2.661	11.2	0.0	186.571	10.66	19.475	0.0	53.557	31.487	-10.161	0.0	0.0	185.118	9.72	12.85	0.0	57.358	11.508	-10.12	24.8	1.349	194.805	9.27	11.162	0.0	52.427	0.0	0.0	0.0	2.129	156.348	10.0	6.1	63.806	53.792	10.637	-24.253	19.0	2.003	173.3	10.05	9.225	0.0	52.295	27.419	-25.23	46.2	1.056	181.147	9.73	5.225	0.0	50.978	26.838	-1.0	0.0	1.483	153.926	12.4	21.788	0.0	45.231	11.726	-28.938	8.6	1.592	180.081	10.14
-1.0	18.413	452.494	0.0	24.731	-14.683	0.4	0.0	189.187	11.72	11.662	496.095	49.899	34.393	-28.62	40.6	0.0	176.884	10.48	8.162	0.0	46.571	25.457	-3.223	11.2	1.198	195.871	11.65	20.288	0.0	44.824	31.342	-10.235	0.0	1.869	204.298	9.53	13.037	0.0	54.082	11.654	-10.206	24.8	0.98	173.881	9.57	11.35	0.0	50.316	0.0	0.0	0.0	2.103	183.084	10.11	6.225	69.655	53.148	11.073	-24.076	19.0	1.961	174.172	10.3	9.35	0.0	49.156	27.128	-25.389	46.2	1.508	204.686	9.78	5.35	0.0	51.228	26.765	-1.0	0.0	1.106	151.407	12.1	22.038	0.0	45.638	11.944	-29.065	8.6	1.399	200.23	10.46
-1.0	18.85	462.065	0.0	24.949	-14.786	0.4	0.0	195.096	11.37	11.537	504.603	49.359	34.03	-1.0	40.6	0.0	221.929	9.89	7.537	0.0	48.702	25.457	-2.711	11.2	1.869	190.833	11.17	20.475	0.0	49.24	31.56	-10.266	0.0	1.919	166.325	10.03	13.287	0.0	51.9	11.944	-10.233	24.8	1.45	169.232	9.54	11.412	0.0	51.347	0.0	0.0	0.0	1.886	162.548	10.7	6.662	71.251	51.05	10.782	-24.551	19.0	0.0	192.674	10.6	9.662	0.0	47.273	26.692	-25.504	46.2	1.257	209.917	9.22	5.225	0.0	53.65	26.256	-1.0	0.0	1.768	152.764	12.16	22.6	0.0	43.289	11.872	-29.647	8.6	1.24	223.479	11.1
