8.98	6.225	31.903	68.326	24.731	-11.039	34.8	0.0	184.731	7.74	5.85	30.308	70.569	33.667	-8.281	28.8	1.039	255.93	8.18	6.912	0.0	65.763	25.457	-8.816	0.0	0.0	194.224	8.86	7.6	0.0	69.83	30.979	-2.661	35.0	0.0	177.562	8.92	9.162	0.0	69.228	11.0	-9.232	0.0	0.0	201.392	8.65	6.537	0.0	69.976	0.0	0.0	0.2	1.793	183.084	9.18	7.1	26.054	68.12	10.419	-25.028	0.0	1.433	186.862	8.74	8.6	0.0	64.816	26.474	-11.43	31.6	0.0	190.446	9.72	7.662	0.0	60.338	24.15	-24.452	0.0	0.0	134.262	9.26	7.1	0.0	66.995	10.492	-26.289	37.2	1.131	203.233	9.24
9.02	5.787	30.84	68.252	24.949	-11.466	34.8	2.062	188.993	7.76	5.975	32.967	68.422	33.449	-8.202	28.8	0.0	259.902	8.28	6.725	0.0	66.545	24.731	-8.801	0.0	0.0	230.841	9.11	7.412	0.0	68.269	31.342	-2.595	35.0	0.0	187.346	9.07	8.85	0.0	67.423	11.0	-9.2	0.0	2.129	199.067	8.6	6.412	0.0	69.034	0.0	0.0	0.2	0.0	181.534	9.27	7.35	24.991	67.514	10.564	-24.898	0.0	2.02	173.688	8.7	8.475	0.0	64.255	26.256	-11.539	31.6	1.634	180.275	9.76	7.725	0.0	60.659	24.44	-24.473	0.0	0.0	146.177	8.78	7.162	0.0	67.884	10.782	-26.711	37.2	1.978	212.145	9.22
8.83	5.85	28.181	70.779	25.748	-10.84	34.8	2.129	196.355	7.71	5.85	28.181	69.93	33.449	-8.256	28.8	1.207	250.893	8.29	6.662	0.0	66.574	25.021	-8.801	0.0	1.902	217.376	8.97	7.287	0.0	67.892	30.761	-2.767	35.0	0.0	174.075	8.78	9.1	0.0	69.442	11.073	-9.203	0.0	0.0	203.717	8.82	6.287	0.0	67.486	0.0	0.0	0.2	0.0	185.796	9.2	7.1	23.927	68.501	10.782	-25.564	0.0	0.0	182.212	8.71	8.287	0.0	64.673	26.474	-11.61	31.6	1.936	210.111	9.7	7.6	0.0	60.907	24.44	-24.875	0.0	0.0	156.251	8.93	6.787	0.0	68.72	10.419	-1.0	37.2	1.634	201.199	9.11
9.09	5.975	26.586	68.184	25.094	-10.973	34.8	0.0	232.294	7.8	6.1	26.586	68.67	33.594	-8.341	28.8	1.76	261.742	8.22	6.412	0.0	66.997	25.094	-8.785	0.0	1.944	208.754	8.84	6.787	0.0	69.693	30.979	-2.59	35.0	1.643	175.044	8.84	8.975	0.0	69.693	11.508	-9.23	0.0	0.0	210.595	8.59	6.1	0.0	69.433	0.0	0.0	0.2	1.701	184.246	9.22	7.037	24.991	67.45	10.492	-24.68	0.0	0.0	172.234	8.56	8.537	0.0	66.705	26.62	-11.754	31.6	1.408	207.592	9.58	7.412	0.0	60.487	24.077	-24.588	0.0	0.0	154.895	9.04	7.225	0.0	69.491	10.201	-26.335	37.2	1.416	232.488	9.11
8.92	5.975	24.459	70.77	25.312	-10.973	34.8	0.0	217.085	7.63	6.225	24.991	70.311	34.684	-8.354	28.8	1.886	243.337	8.15	6.475	0.0	66.903	24.367	-8.786	0.0	1.592	209.529	9.24	7.162	0.0	64.987	31.705	-2.794	35.0	1.584	195.968	9.0	8.912	0.0	68.868	11.363	-9.222	0.0	0.0	196.355	8.7	6.662	0.0	70.78	0.0	0.0	0.2	1.358	187.443	9.22	6.975	20.737	68.1	10.709	-25.413	0.0	1.726	170.007	8.5	8.225	0.0	67.59	26.62	-11.739	31.6	1.098	199.261	9.56	7.412	0.0	61.311	24.004	-23.918	0.0	0.0	153.732	8.94	7.225	0.0	65.871	10.782	-26.436	37.2	1.601	271.139	9.06
8.82	5.412	22.864	71.12	25.312	-11.012	34.8	0.0	206.623	7.67	6.225	22.864	70.424	33.449	-8.346	28.8	1.835	233.844	8.02	6.412	0.0	66.39	24.585	-8.785	0.0	1.953	196.355	8.8	6.912	0.0	67.428	31.415	-2.67	35.0	1.743	166.325	8.72	8.787	0.0	69.857	11.0	-9.221	0.0	0.0	199.455	8.58	6.037	0.0	67.577	0.0	0.0	0.2	1.433	173.881	9.14	6.85	19.674	67.273	10.274	-25.049	0.0	1.592	176.981	8.66	8.1	0.0	63.05	25.966	-11.649	31.6	1.106	166.325	9.49	7.35	0.0	62.15	24.077	-24.009	0.0	0.0	166.907	9.35	6.662	0.0	61.617	10.782	-26.229	37.2	0.0	234.328	9.24
8.87	5.6	20.205	69.512	25.021	-10.948	34.8	0.0	195.774	7.52	5.662	20.737	69.364	34.393	-8.441	28.8	1.349	201.489	7.8	6.1	0.0	68.054	24.585	-8.784	0.0	0.0	185.021	8.56	6.912	0.0	70.278	31.342	-2.134	35.0	0.0	179.597	8.74	8.85	0.0	68.819	11.508	-9.25	0.0	0.0	197.518	8.44	6.412	0.0	70.149	0.0	0.0	0.2	2.028	175.334	8.94	6.662	17.015	68.534	10.274	-24.983	0.0	1.542	177.562	8.5	8.037	0.0	65.683	26.547	-11.537	31.6	0.0	190.155	9.5	7.287	0.0	60.845	24.004	-23.988	0.0	0.0	157.123	9.25	6.6	0.0	66.42	10.782	-26.206	37.2	0.0	224.641	8.88
8.77	5.412	17.015	68.664	25.167	-10.777	34.8	1.911	199.455	7.41	5.6	18.61	70.794	34.103	-8.27	28.8	0.989	230.744	7.98	6.225	0.0	66.953	24.803	-8.791	0.0	2.062	200.036	8.57	6.662	0.0	68.304	31.051	-2.298	35.0	0.0	182.793	8.8	8.662	0.0	66.775	10.927	-9.234	0.0	0.0	189.671	8.4	5.975	0.0	67.841	0.0	0.0	0.2	0.0	175.819	8.88	6.662	15.42	68.173	10.128	-25.197	0.0	2.036	184.537	8.38	7.912	0.0	66.373	26.474	-11.484	31.6	1.265	188.799	9.55	7.287	0.0	59.218	24.44	-23.988	0.0	0.0	148.986	8.75	6.475	0.0	69.623	10.709	-25.756	37.2	1.684	208.754	8.92
8.71	5.225	17.547	69.402	25.82	-10.985	34.8	0.0	184.537	7.4	5.225	15.952	70.582	33.449	-8.285	28.8	0.0	262.517	8.14	6.225	0.0	66.874	24.803	-8.812	0.0	1.978	209.82	8.78	6.6	0.0	67.695	30.833	-2.312	35.0	0.0	174.463	8.73	8.537	0.0	68.495	11.799	-9.218	0.0	0.0	204.008	8.29	5.912	0.0	68.064	0.0	0.0	0.2	1.835	185.506	8.96	6.6	15.952	67.945	10.637	-1.0	0.0	0.0	175.916	8.4	7.975	0.0	65.445	26.329	-11.494	31.6	1.534	195.774	9.54	7.162	0.0	61.222	24.367	-23.834	0.0	0.0	138.621	8.6	6.537	0.0	71.603	10.927	-26.478	37.2	1.827	230.26	8.94
8.56	5.662	14.357	70.912	25.748	-10.928	34.8	0.0	186.862	7.34	4.85	13.825	71.618	33.086	-8.253	28.8	0.0	244.306	8.06	6.1	0.0	67.293	25.239	-8.784	0.0	1.827	207.108	8.7	6.912	0.0	70.807	30.688	-2.457	35.0	0.0	190.446	8.42	8.162	0.0	71.305	11.073	-9.215	0.0	0.0	200.133	8.56	5.787	0.0	67.113	0.0	0.0	0.2	2.12	161.385	8.93	6.787	12.23	69.417	10.709	-25.241	0.0	0.0	186.474	8.44	7.912	0.0	62.817	26.62	-11.451	31.6	1.643	204.298	9.28	6.85	0.0	62.227	24.367	-23.619	0.0	0.0	171.072	8.56	6.725	0.0	72.196	10.419	-26.547	37.2	1.81	228.032	8.82
8.36	5.225	12.23	71.504	25.239	-10.925	34.8	0.0	194.999	7.28	5.1	11.166	72.695	33.594	-8.256	28.8	0.913	253.411	7.93	6.162	0.0	70.737	24.949	-9.022	0.0	0.0	213.792	8.6	7.037	0.0	71.76	30.543	-2.536	35.0	0.0	191.124	8.38	8.287	0.0	71.324	11.218	-9.23	0.0	0.0	206.333	8.42	6.1	0.0	72.143	0.0	0.0	0.2	0.0	188.218	8.88	6.6	9.571	71.132	10.419	-25.069	0.0	0.0	171.072	8.16	7.537	0.0	68.228	26.474	-11.526	31.6	1.961	190.833	9.1	7.037	0.0	65.211	24.44	-23.344	0.0	0.0	146.564	8.29	6.35	0.0	73.465	10.709	-26.015	37.2	1.978	209.529	8.76
8.5	5.037	13.825	71.163	25.021	-10.839	34.8	0.0	199.552	7.16	5.162	9.039	71.582	33.521	-8.287	28.8	1.207	201.78	7.86	5.6	0.0	70.355	24.658	-8.685	0.0	0.0	205.267	8.56	6.6	0.0	71.543	30.761	-2.347	35.0	0.0	192.771	8.3	8.287	0.0	71.701	10.927	-9.23	0.0	0.0	200.133	8.22	5.662	0.0	72.571	0.0	0.0	0.2	2.062	179.984	8.71	6.537	13.825	72.773	10.201	-25.573	0.0	0.0	168.747	7.96	7.6	0.0	71.478	26.62	-11.338	31.6	2.137	205.17	9.02	7.037	0.0	65.995	24.15	-23.569	0.0	0.0	131.84	8.31	6.475	0.0	72.329	10.927	-26.455	37.2	1.76	226.191	8.47
8.77	5.037	8.508	68.233	25.385	-10.839	34.8	2.095	199.455	7.36	4.975	8.508	68.427	33.449	-8.235	28.8	1.332	195.968	7.84	5.725	0.0	67.9	24.731	-8.775	0.0	1.852	203.523	8.52	6.412	0.0	68.536	31.85	-2.352	35.0	2.103	175.431	8.51	8.35	0.0	69.124	10.927	-9.268	0.0	2.087	207.108	8.24	5.787	0.0	68.162	0.0	0.0	0.2	2.087	167.682	8.57	6.1	6.381	71.177	9.91	-25.211	0.0	0.0	169.522	8.12	7.6	0.0	67.682	26.402	-11.184	31.6	1.643	181.243	9.08	6.975	0.0	65.566	23.932	-23.436	0.0	0.0	142.689	8.48	6.412	0.0	71.317	10.927	-26.334	37.2	1.349	231.228	8.53
8.84	5.1	6.912	66.209	25.021	-10.818	34.8	2.011	202.167	7.33	5.225	18.078	68.475	33.957	-8.262	28.8	1.399	214.179	7.85	5.662	0.0	64.384	24.803	-8.802	0.0	1.626	199.746	8.5	6.225	0.0	70.028	30.761	-2.251	35.0	1.777	183.181	8.58	8.412	0.0	69.084	11.363	-9.283	0.0	1.936	223.091	8.22	5.537	0.0	68.4	0.0	0.0	0.2	1.886	170.588	8.86	6.162	3.722	67.222	10.274	-25.948	0.0	2.003	171.847	8.02	7.412	0.0	65.323	26.474	-11.216	31.6	1.081	193.546	9.11	6.537	0.0	62.114	24.295	-23.183	0.0	0.0	150.633	8.29	5.975	0.0	71.411	10.128	-25.88	37.2	1.5	216.698	8.74
8.74	4.975	5.317	66.792	25.603	-10.772	34.8	0.0	202.167	7.22	4.912	5.317	69.174	33.449	-8.244	28.8	1.24	208.658	7.82	5.35	0.0	65.589	24.44	-8.773	0.0	1.374	213.695	8.51	6.475	0.0	69.498	30.761	-2.162	35.0	0.0	196.839	8.58	8.225	0.0	67.523	11.291	-9.252	0.0	0.0	220.379	8.26	5.662	0.0	66.324	0.0	0.0	0.2	1.71	173.881	8.96	6.287	3.722	65.076	10.492	-25.992	0.0	0.0	175.334	8.14	7.412	0.0	60.85	26.402	-11.186	31.6	0.955	178.144	9.09	6.537	0.0	59.059	24.295	-22.848	0.0	0.0	146.37	8.53	6.35	0.0	70.642	10.782	-25.814	37.2	1.71	228.322	8.73
8.63	4.975	4.254	67.722	25.021	-10.919	34.8	0.0	205.558	7.02	4.787	3.722	70.771	33.449	-8.27	28.8	1.299	218.054	7.89	5.225	0.0	65.135	24.731	-8.759	0.0	1.358	225.707	8.67	6.725	0.0	71.302	31.051	-2.497	35.0	1.022	202.167	8.36	8.1	0.0	71.32	11.363	-9.214	0.0	0.0	214.179	8.49	5.787	0.0	70.079	0.0	0.0	0.2	0.0	200.811	8.68	6.287	3.722	68.835	10.274	-25.587	0.0	0.0	178.047	8.14	7.6	0.0	64.49	26.692	-11.214	31.6	1.676	207.786	9.06	6.537	0.0	61.795	24.15	-22.625	0.0	0.0	132.324	8.31	6.162	0.0	72.641	10.492	-25.847	37.2	1.726	216.795	8.54
8.31	5.037	3.722	70.547	25.748	-11.052	34.8	0.0	204.88	7.02	5.225	0.0	71.815	33.667	-8.262	28.8	1.559	252.54	7.81	5.475	0.0	68.592	24.731	-8.821	0.0	0.0	205.655	8.34	6.6	0.0	72.361	30.979	-2.347	35.0	1.039	192.48	8.08	8.1	0.0	71.397	10.927	-9.207	0.0	0.0	215.148	8.31	6.1	0.0	72.615	0.0	0.0	0.2	0.0	191.996	8.52	6.287	3.19	73.356	11.0	-25.484	0.0	0.0	171.169	7.77	7.35	0.0	71.231	26.765	-12.351	31.6	2.02	219.604	8.84	6.412	0.0	64.917	23.641	-22.92	0.0	0.0	128.159	8.09	6.037	0.0	73.708	10.492	-1.0	37.2	1.835	215.342	8.36
8.14	4.787	1.595	71.879	25.021	-10.892	34.8	0.0	202.458	6.93	5.037	2.659	71.745	33.667	-8.249	28.8	1.785	214.567	7.6	5.537	0.0	70.884	25.167	-8.835	0.0	0.0	219.604	8.24	6.725	0.0	71.768	30.688	-8.099	35.0	1.14	192.868	7.94	7.6	0.0	71.291	11.363	-9.152	0.0	0.0	201.586	8.14	5.787	0.0	72.555	0.0	0.0	0.2	0.0	196.936	8.3	6.287	3.19	74.289	10.709	-25.587	0.0	0.0	171.072	7.66	7.162	0.0	71.262	26.474	-11.003	31.6	0.0	209.142	8.77	6.662	0.0	66.552	24.077	-22.887	0.0	0.0	131.259	7.98	6.037	0.0	72.886	10.128	-25.702	37.2	1.902	209.82	8.13
8.07	4.85	2.127	71.237	25.748	-10.931	34.8	0.0	206.139	6.88	4.787	1.595	71.839	34.03	-8.223	28.8	1.282	228.903	7.51	5.35	0.0	69.308	25.021	-8.821	0.0	0.0	215.245	8.22	6.725	0.0	72.311	31.269	-2.497	35.0	1.098	189.768	8.04	7.787	0.0	71.755	11.073	-9.175	0.0	0.0	225.416	8.0	5.787	0.0	72.476	0.0	0.0	0.2	0.0	181.631	8.25	6.162	0.532	73.121	10.056	-26.047	0.0	0.0	168.263	7.72	7.287	0.0	70.302	26.547	-10.965	31.6	0.0	218.054	8.55	6.475	0.0	67.896	24.295	-26.259	0.0	0.0	145.886	7.88	6.037	0.0	72.452	10.637	-25.601	37.2	1.953	238.106	8.04
8.37	4.725	2.127	67.728	25.966	-10.975	34.8	0.0	196.549	6.84	5.037	1.595	71.467	33.594	-8.312	28.8	1.492	242.949	7.58	5.225	0.0	70.38	24.585	-8.765	0.0	0.0	233.166	8.23	6.662	0.0	71.975	31.124	-2.405	35.0	1.173	185.893	8.02	7.85	0.0	71.803	11.508	-9.161	0.0	0.0	224.544	7.98	5.787	0.0	73.041	0.0	0.0	0.2	0.0	200.23	8.42	6.225	2.127	72.559	10.128	-26.266	0.0	1.232	174.947	7.58	7.225	0.0	70.67	26.692	-10.984	31.6	0.0	216.504	8.62	6.412	0.0	66.225	24.367	-22.14	0.0	0.0	143.949	7.94	5.912	0.0	72.827	10.855	-25.455	37.2	0.0	226.191	8.09
8.2	4.475	1.595	69.119	24.949	-10.818	34.8	0.0	194.418	6.9	4.975	1.595	71.869	33.739	-8.266	28.8	2.112	263.486	7.64	5.225	0.0	69.014	24.222	-8.779	0.0	0.0	212.242	8.19	6.6	0.0	71.523	31.051	-2.418	35.0	1.332	193.255	8.06	7.85	0.0	71.235	11.436	-9.118	0.0	0.0	208.754	8.02	5.912	0.0	72.817	0.0	0.0	0.2	1.014	213.017	8.32	6.162	1.595	73.754	10.128	-1.0	0.0	1.115	181.631	7.4	7.037	0.0	72.46	26.547	-10.821	31.6	0.0	210.692	8.41	6.287	0.0	68.059	23.786	-22.547	0.0	0.0	165.163	7.92	5.85	0.0	72.2	11.073	-25.836	37.2	0.0	221.057	8.11
7.98	4.475	1.595	70.378	25.53	-10.94	34.8	0.0	209.82	6.95	5.037	0.0	71.019	33.376	-8.21	28.8	0.0	269.976	7.46	5.412	0.0	70.594	24.949	-8.78	0.0	0.0	226.191	8.39	6.662	0.0	70.324	31.487	-2.084	35.0	1.534	198.68	8.0	7.662	0.0	70.83	11.291	-9.081	0.0	0.98	223.091	8.0	5.725	0.0	72.476	0.0	0.0	0.2	0.0	191.996	8.54	6.412	0.0	72.192	10.201	-26.334	0.0	1.358	178.919	7.5	6.912	0.0	71.701	26.474	-10.803	31.6	0.0	207.204	8.36	6.287	0.0	67.645	23.859	-22.324	0.0	0.0	136.102	7.96	6.037	0.0	71.452	10.201	-26.198	37.2	1.969	260.095	8.13
8.1	4.912	2.127	70.691	25.53	-10.821	34.8	0.0	206.817	6.9	5.1	2.127	70.643	32.722	-8.248	28.8	2.028	250.796	7.42	5.225	0.0	70.639	24.44	-8.813	0.0	0.0	231.228	8.3	6.412	0.0	68.737	30.833	-2.176	35.0	1.366	196.743	7.96	7.662	0.0	70.242	11.363	-9.095	0.0	0.947	218.345	8.08	5.6	0.0	71.554	0.0	0.0	0.2	0.0	207.204	8.66	6.287	2.659	70.403	10.492	-25.992	0.0	1.886	183.568	7.64	7.1	0.0	70.655	26.402	-10.993	31.6	0.997	223.382	8.38	6.287	0.0	68.591	24.077	-22.324	0.0	0.0	148.792	7.94	5.912	0.0	70.739	10.637	-22.653	37.2	0.0	241.69	8.38
8.14	4.475	0.532	69.72	25.82	-10.878	34.8	0.0	225.61	6.9	5.037	3.722	69.802	33.376	-8.257	28.8	1.978	252.83	7.46	5.162	0.0	68.767	25.094	-8.738	0.0	0.0	210.692	8.72	6.287	0.0	63.396	31.051	-2.238	35.0	0.0	204.395	7.98	7.6	0.0	69.875	10.782	-9.095	0.0	0.0	205.073	8.04	5.662	0.0	71.022	0.0	0.0	0.2	0.913	208.367	8.59	6.1	1.595	70.336	10.492	-25.418	0.0	1.282	166.422	7.52	7.1	0.0	70.894	26.184	-10.83	31.6	1.031	216.117	8.41	6.35	0.0	67.978	24.004	-22.455	0.0	0.0	150.923	7.83	5.975	0.0	69.953	10.201	-25.68	37.2	0.0	257.964	8.36
8.18	4.6	0.532	69.142	25.385	-10.777	34.8	0.0	219.119	6.96	5.225	3.722	68.806	33.449	-8.105	28.8	1.994	238.978	7.44	5.1	0.0	69.109	24.803	-8.737	0.0	0.0	220.766	8.99	6.162	0.0	60.733	31.124	-2.229	35.0	0.0	194.611	7.92	7.725	0.0	69.572	11.581	-9.096	0.0	0.0	202.942	7.82	5.725	0.0	70.874	0.0	0.0	0.2	0.0	188.605	8.21	5.725	1.595	70.422	10.346	-25.692	0.0	0.0	164.001	7.52	6.912	0.0	69.523	26.692	-10.883	31.6	0.0	199.455	8.66	6.412	0.0	64.664	24.004	-22.585	0.0	0.0	140.752	8.4	5.85	0.0	62.754	10.492	-25.535	37.2	1.651	264.455	8.2
8.16	4.725	1.063	68.978	25.603	-10.853	34.8	0.0	214.954	6.98	5.037	1.063	68.33	33.449	-8.218	28.8	2.036	240.915	7.34	4.912	0.0	66.837	24.731	-8.709	0.0	0.0	204.783	8.18	5.975	0.0	69.409	30.979	-2.163	35.0	0.0	188.993	8.04	7.6	0.0	68.635	11.726	-9.059	0.0	0.0	205.945	7.66	5.1	0.0	70.79	0.0	0.0	0.2	1.953	185.699	8.18	5.725	9.571	69.86	10.492	-25.692	0.0	0.0	173.106	7.59	6.662	0.0	68.497	26.692	-10.901	31.6	0.0	203.717	8.66	6.412	0.0	64.11	24.15	-22.362	0.0	0.0	135.521	8.37	5.537	0.0	65.0	10.782	-25.823	37.2	1.156	227.644	8.04
8.07	4.475	0.532	69.521	25.312	-10.909	34.8	0.0	203.523	6.85	4.975	3.722	69.422	33.303	-8.227	28.8	1.508	239.656	7.3	4.662	0.0	65.251	24.731	-8.661	0.0	1.902	216.117	7.92	5.6	0.0	69.466	30.543	-1.997	35.0	0.0	190.64	8.0	7.6	0.0	70.012	10.927	-9.038	0.0	0.93	222.316	7.8	5.225	0.0	67.946	0.0	0.0	0.2	0.0	171.266	8.25	5.85	1.063	67.868	10.782	-25.836	0.0	0.0	186.281	7.64	6.975	0.0	65.967	26.62	-10.838	31.6	0.0	206.333	8.85	6.225	0.0	61.364	24.077	-22.639	0.0	0.0	152.376	8.41	6.037	0.0	67.113	10.274	-25.803	37.2	1.886	229.581	8.16
8.33	4.35	0.0	65.707	25.021	-10.861	34.8	2.112	194.03	6.82	5.162	0.532	69.496	33.449	-8.133	28.8	1.894	264.067	7.38	5.037	0.0	68.698	24.44	-8.751	0.0	0.0	225.319	8.27	6.35	0.0	69.479	30.906	-2.609	35.0	0.913	181.825	8.06	7.662	0.0	66.995	11.291	-9.046	0.0	0.0	205.945	7.74	5.35	0.0	70.411	0.0	0.0	0.2	0.0	182.309	8.48	5.912	1.595	67.424	10.274	-25.957	0.0	1.115	170.781	7.78	6.787	0.0	64.179	26.111	-10.976	31.6	1.802	215.342	8.64	6.162	0.0	63.326	24.44	-23.396	0.0	0.0	141.721	7.99	5.912	0.0	68.839	10.709	-25.758	37.2	2.12	232.778	8.25
7.86	4.287	0.532	68.333	25.094	-10.852	34.8	0.0	199.067	6.75	4.975	0.0	67.537	33.376	-8.227	28.8	0.0	264.939	7.44	5.1	0.0	66.502	24.658	-8.765	0.0	1.316	240.334	8.3	6.412	0.0	65.043	31.197	-2.282	35.0	1.349	195.386	7.74	7.35	0.0	67.774	11.291	-8.994	0.0	0.0	197.808	7.88	5.537	0.0	69.059	0.0	0.0	0.2	0.0	196.355	8.43	6.1	0.0	68.493	10.492	-25.925	0.0	1.609	166.422	7.53	6.6	0.0	68.486	26.547	-10.977	31.6	0.93	220.96	8.42	6.037	0.0	64.65	24.367	-22.802	0.0	0.0	169.038	7.83	5.6	0.0	67.251	10.855	-25.346	37.2	1.643	245.081	8.0
7.76	4.35	0.0	67.912	25.312	-10.922	34.8	0.0	200.52	6.72	5.1	0.0	66.427	33.667	-8.143	28.8	0.0	221.444	7.25	5.162	0.0	66.549	24.367	-8.704	0.0	1.969	221.154	8.26	6.287	0.0	66.351	31.342	-1.921	35.0	1.081	193.255	7.66	7.35	0.0	67.732	11.073	-9.043	0.0	1.098	196.743	7.74	5.35	0.0	68.391	0.0	0.0	0.2	0.0	198.486	8.27	5.787	0.532	68.463	10.201	-25.102	0.0	1.207	179.209	7.27	6.537	0.0	68.09	26.474	-11.085	31.6	1.031	208.948	8.2	5.912	0.0	65.657	24.077	-22.21	0.0	0.0	168.263	7.8	5.662	0.0	66.078	10.419	-25.265	37.2	1.936	254.089	8.0
