-1.0	14.287	231.298	36.156	25.893	-9.591	26.0	1.307	240.528	11.59	13.475	232.894	60.583	34.902	-15.953	11.2	1.483	253.315	11.08	11.037	0.0	62.812	26.547	-9.358	31.2	1.475	229.581	11.98	15.287	0.0	62.395	33.158	-5.43	26.2	1.768	186.959	11.36	11.287	0.0	62.32	12.889	-8.916	3.0	1.173	198.68	11.12	10.85	0.0	61.796	0.0	0.0	24.8	1.793	187.443	12.42	12.162	235.02	62.582	11.872	-19.983	46.6	1.408	176.109	11.39	11.412	0.0	61.783	26.91	-27.983	18.4	1.123	211.467	11.83	11.225	0.0	59.523	26.983	-28.119	24.8	1.718	158.576	11.75	15.1	0.0	61.127	18.556	-12.133	35.8	0.0	244.209
-1.0	14.412	245.655	0.0	25.748	-9.567	26.0	1.089	215.342	11.66	13.537	254.162	61.055	35.047	-15.82	11.2	1.584	245.662	11.2	11.412	0.0	60.836	26.765	-9.452	31.2	1.559	226.772	12.46	16.225	0.0	59.942	33.013	-5.891	26.2	1.131	203.523	11.68	11.662	0.0	61.23	13.252	-8.982	3.0	0.0	210.692	11.38	11.287	0.0	58.666	0.0	0.0	24.8	1.609	196.355	12.46	12.787	248.845	61.329	11.872	-20.169	46.6	1.726	162.451	11.53	11.787	0.0	60.861	26.765	-27.811	18.4	1.081	204.105	11.99	11.412	0.0	58.411	26.038	-28.198	24.8	1.508	172.138	11.71	15.287	0.0	59.184	18.628	-11.915	35.8	0.0	232.778
-1.0	13.725	244.591	30.241	25.603	-9.462	26.0	0.0	239.075	11.54	13.35	260.011	60.085	34.611	-15.849	11.2	0.0	259.514	11.27	11.35	0.0	59.608	27.128	-9.444	31.2	1.785	225.707	12.36	16.475	0.0	58.966	33.303	-5.846	26.2	0.0	203.523	11.7	11.287	0.0	59.705	12.671	-8.952	3.0	1.684	212.145	11.5	11.662	0.0	59.818	0.0	0.0	24.8	0.0	196.355	12.7	12.975	251.504	58.99	11.654	-19.796	46.6	0.0	159.448	11.79	12.162	0.0	60.356	27.346	-28.3	18.4	0.0	204.008	12.16	11.725	0.0	56.463	26.983	-28.542	24.8	0.0	133.196	11.81	15.225	0.0	59.752	18.701	-11.801	35.8	0.98	232.778
-1.0	14.037	246.718	27.448	25.53	-9.548	26.0	2.129	222.704	11.52	13.287	247.782	60.024	35.12	-15.617	11.2	2.087	250.796	11.2	11.35	0.0	60.434	27.056	-9.422	31.2	0.0	231.228	12.59	15.412	0.0	59.527	32.94	-5.43	26.2	1.131	214.567	11.74	10.912	0.0	60.348	13.034	-8.834	3.0	2.103	212.629	11.46	11.225	0.0	60.216	0.0	0.0	24.8	1.324	201.683	12.92	13.162	251.504	58.966	12.09	-19.746	46.6	0.0	159.448	12.01	12.037	0.0	59.348	27.201	-27.577	18.4	0.0	204.105	12.31	12.162	0.0	55.593	27.201	-28.3	24.8	0.0	178.822	11.98	15.162	0.0	62.566	18.483	-11.893	35.8	1.626	239.172
-1.0	14.85	250.44	0.0	25.82	-9.612	26.0	1.19	225.222	11.59	13.912	252.035	61.731	34.829	-15.835	11.2	1.55	257.577	11.25	11.662	0.0	60.557	26.62	-9.493	31.2	0.0	235.103	12.55	15.725	0.0	60.912	32.577	-5.758	26.2	1.71	193.255	11.71	11.662	0.0	61.264	13.107	-8.99	3.0	1.643	213.695	11.46	11.1	0.0	60.85	0.0	0.0	24.8	1.902	204.395	12.9	12.537	244.591	58.112	11.726	-19.88	46.6	0.0	190.155	11.87	11.787	0.0	59.529	27.056	-27.474	18.4	1.819	225.222	12.46	12.162	0.0	58.191	26.474	-28.517	24.8	0.0	178.047	12.02	15.35	0.0	61.056	18.556	-11.773	35.8	1.106	242.756
-1.0	14.787	253.631	0.0	25.239	-9.586	26.0	0.0	220.669	11.48	13.912	256.821	61.941	35.192	-15.481	11.2	1.601	243.337	11.2	11.787	0.0	61.324	27.273	-9.51	31.2	1.844	219.991	12.54	15.85	0.0	57.791	33.013	-5.758	26.2	1.81	196.743	11.66	11.787	0.0	62.654	13.252	-9.033	3.0	0.98	213.792	11.46	11.162	0.0	59.203	0.0	0.0	24.8	2.103	200.908	12.77	12.787	252.035	60.803	11.726	-19.531	46.6	1.391	186.862	11.68	11.6	0.0	61.115	26.765	-27.17	18.4	1.693	212.629	12.34	11.975	0.0	58.377	26.983	-28.329	24.8	1.458	174.269	12.02	15.6	0.0	59.959	18.556	-11.769	35.8	0.0	211.273
-1.0	16.038	303.612	0.0	25.603	-9.759	26.0	0.0	215.245	11.71	14.787	296.7	61.149	35.12	-16.194	11.2	1.106	247.018	11.44	12.037	0.0	64.255	26.765	-9.544	31.2	1.458	189.284	12.3	16.6	0.0	62.306	32.867	-6.024	26.2	1.601	177.659	11.49	11.912	0.0	64.767	13.252	-9.084	3.0	1.332	194.03	11.48	11.787	0.0	61.827	0.0	0.0	24.8	1.24	197.13	12.88	13.35	285.002	60.096	12.235	-19.487	46.6	1.701	184.343	11.7	12.162	0.0	62.177	26.765	-27.052	18.4	1.148	204.492	12.02	12.162	0.0	59.959	27.346	-28.731	24.8	2.02	159.06	11.98	16.288	0.0	60.473	18.628	-11.845	35.8	0.98	211.564
-1.0	16.6	319.564	0.0	25.893	-9.878	26.0	0.0	183.278	11.96	15.287	350.404	59.165	34.756	-16.02	11.2	0.0	256.705	11.4	11.975	0.0	64.668	26.765	-9.536	31.2	1.877	179.306	12.3	16.85	0.0	64.262	32.722	-6.067	26.2	1.927	180.856	11.44	12.162	0.0	63.917	13.397	-9.125	3.0	1.617	188.218	11.47	11.787	0.0	62.424	0.0	0.0	24.8	1.257	188.509	12.8	13.35	323.286	65.275	12.235	-19.487	46.6	1.55	176.303	11.77	12.162	0.0	63.353	27.346	-26.7	18.4	0.0	184.246	12.06	12.412	0.0	60.717	26.91	-1.0	24.8	1.886	166.422	12.12	16.788	0.0	61.961	18.483	-11.866	35.8	1.215	225.222
-1.0	16.913	278.09	0.0	25.82	-9.899	26.0	0.0	196.258	12.14	15.787	295.105	59.949	35.483	-16.676	11.2	0.0	256.414	11.66	12.037	0.0	60.393	27.056	-9.529	31.2	1.735	182.696	12.06	16.1	0.0	63.261	33.158	-5.935	26.2	0.0	179.887	11.49	12.162	0.0	64.095	13.034	-9.142	3.0	1.24	195.58	11.34	11.787	0.0	63.619	0.0	0.0	24.8	1.961	185.796	12.54	12.975	283.407	63.512	12.453	-19.071	46.6	0.0	179.112	11.68	12.287	0.0	63.366	26.765	-26.393	18.4	1.307	182.6	12.06	12.162	0.0	60.399	27.128	-1.0	24.8	0.0	160.707	11.86	16.6	0.0	62.318	18.41	-11.831	35.8	1.55	204.492
-1.0	16.163	402.512	0.0	26.184	-9.786	26.0	1.332	191.608	11.81	15.225	320.627	60.388	34.756	-17.014	11.2	1.031	216.213	11.67	11.85	0.0	59.439	27.201	-9.511	31.2	1.86	181.34	12.08	16.475	0.0	61.382	33.158	-5.935	26.2	0.0	176.109	11.5	12.537	0.0	64.601	12.961	-9.183	3.0	1.575	192.48	11.44	11.787	0.0	63.579	0.0	0.0	24.8	1.735	191.221	12.52	13.1	320.627	63.848	11.799	-19.311	46.6	0.0	180.081	11.68	12.162	0.0	62.913	26.838	-26.582	18.4	1.726	185.893	12.14	12.475	0.0	60.614	25.966	-28.761	24.8	0.0	162.548	11.98	16.6	0.0	61.681	18.701	-11.95	35.8	1.358	194.805
-1.0	15.912	312.652	0.0	25.603	-9.758	26.0	1.299	188.993	12.24	16.975	366.887	62.467	34.902	-16.444	11.2	0.0	181.921	11.75	12.225	0.0	58.695	26.838	-9.57	31.2	1.902	186.184	12.05	16.663	0.0	61.807	33.158	-6.179	26.2	0.0	175.722	11.62	12.475	0.0	63.158	13.034	-9.209	3.0	1.609	191.512	11.46	12.037	0.0	62.08	0.0	0.0	24.8	1.911	178.919	12.48	13.1	312.652	62.307	11.654	-19.107	46.6	0.0	182.018	11.86	12.662	0.0	62.175	26.838	-26.783	18.4	1.224	177.756	12.21	12.662	0.0	59.902	27.056	-28.95	24.8	2.12	172.719	11.96	17.725	0.0	61.075	18.628	-11.993	35.8	1.517	202.942
-1.0	16.1	314.247	0.0	25.603	-9.786	26.0	1.249	205.17	12.16	16.1	316.905	61.538	34.611	-16.222	11.2	0.0	245.952	11.31	12.162	0.0	61.742	26.983	-9.727	31.2	1.819	221.057	12.2	16.913	0.0	63.652	33.158	-9.487	26.2	0.0	179.112	11.68	12.412	0.0	62.174	13.325	-9.226	3.0	1.332	200.23	11.52	11.787	0.0	61.576	0.0	0.0	24.8	1.844	168.844	12.73	13.162	308.93	61.2	11.654	-19.125	46.6	0.0	184.731	11.93	12.537	0.0	61.156	27.273	-26.493	18.4	1.224	182.406	12.2	12.35	0.0	57.798	26.547	-28.706	24.8	0.0	155.67	11.9	17.35	0.0	62.267	18.773	-11.856	35.8	1.232	211.757
-1.0	15.037	357.848	0.0	25.82	-9.631	26.0	0.0	227.935	11.61	14.412	326.476	63.947	34.974	-15.882	11.2	0.0	256.317	11.28	12.537	0.0	62.278	26.983	-9.56	31.2	1.978	238.106	12.66	17.975	0.0	62.022	33.231	-6.646	26.2	1.911	188.218	11.67	12.537	0.0	64.154	13.252	-9.325	3.0	2.036	220.379	11.52	12.037	0.0	62.062	0.0	0.0	24.8	1.525	192.674	12.86	13.975	349.34	61.596	12.235	-19.257	46.6	0.0	168.747	11.9	12.787	0.0	61.036	26.983	-26.473	18.4	1.19	200.133	12.3	12.662	0.0	58.342	26.983	-27.954	24.8	0.0	185.118	11.96	16.975	0.0	62.334	18.628	-11.832	35.8	1.073	224.254
-1.0	16.6	481.207	0.0	25.312	-9.852	26.0	1.056	231.422	11.64	14.287	396.132	61.281	34.974	-15.78	11.2	0.989	274.529	11.26	12.225	0.0	61.619	27.056	-9.577	31.2	1.19	224.254	12.84	17.975	0.0	58.953	32.795	-6.601	26.2	0.0	198.292	11.8	12.412	0.0	61.02	12.961	-9.2	3.0	1.232	192.093	11.45	12.162	0.0	62.534	0.0	0.0	24.8	0.0	202.555	12.94	14.412	480.144	63.267	12.453	-19.908	46.6	2.12	180.275	11.9	12.975	0.0	63.658	27.346	-26.669	18.4	1.19	224.157	12.34	13.6	0.0	59.313	26.547	-29.04	24.8	0.0	161.094	11.88	17.038	0.0	63.541	18.483	-11.735	35.8	0.0	214.857
-1.0	15.6	357.848	0.0	25.675	-9.677	26.0	0.0	238.978	11.44	14.6	384.966	62.844	34.902	-16.148	11.2	0.0	280.341	11.23	12.037	0.0	61.443	27.056	-9.499	31.2	1.953	237.815	12.56	15.85	0.0	59.464	33.086	-5.758	26.2	0.0	212.629	11.68	12.412	0.0	61.23	13.107	-9.226	3.0	1.022	218.345	11.58	11.412	0.0	59.773	0.0	0.0	24.8	1.651	186.281	12.87	13.287	348.277	58.87	11.799	-20.874	46.6	1.592	182.793	11.85	12.162	0.0	61.143	26.838	-25.984	18.4	1.282	222.704	12.38	12.787	0.0	59.377	26.402	-28.68	24.8	0.0	179.5	11.76	16.288	0.0	61.272	18.265	-11.73	35.8	0.0	224.254
-1.0	15.037	341.365	0.0	25.457	-9.622	26.0	0.0	235.878	10.96	14.475	350.404	67.85	35.12	-15.753	11.2	0.0	243.24	11.24	12.537	0.0	59.371	26.91	-9.598	31.2	1.307	247.89	12.68	16.475	0.0	59.074	33.158	-6.024	26.2	1.601	202.555	11.33	12.35	0.0	63.842	13.034	-9.175	3.0	2.078	204.008	11.66	11.662	0.0	58.447	0.0	0.0	24.8	1.919	204.88	12.88	13.037	319.564	60.213	11.799	-18.69	46.6	1.911	185.796	11.88	12.662	0.0	60.399	26.692	-26.543	18.4	1.643	235.103	12.36	12.725	0.0	57.675	26.547	-28.762	24.8	0.0	197.13	12.2	17.6	0.0	60.451	18.556	-12.016	35.8	1.793	239.946
-1.0	16.6	492.905	0.0	25.239	-9.834	26.0	0.0	230.744	10.78	14.787	470.041	66.419	34.902	-15.616	11.2	0.0	249.052	10.84	12.225	0.0	66.126	27.128	-9.555	31.2	1.668	227.741	12.71	17.288	0.0	63.427	33.086	-6.267	26.2	1.148	200.617	11.42	13.1	0.0	65.536	13.107	-9.257	3.0	1.182	219.991	11.26	11.85	0.0	65.035	0.0	0.0	24.8	0.0	201.005	12.66	13.662	469.509	61.821	11.872	-18.669	46.6	1.475	183.471	11.54	12.537	0.0	63.568	27.056	-25.767	18.4	0.0	226.482	12.19	13.725	0.0	61.026	26.838	-29.096	24.8	0.0	159.738	11.34	17.725	0.0	66.767	18.701	-12.087	35.8	0.0	245.952
-1.0	19.35	472.168	0.0	25.457	-10.227	26.0	2.137	211.37	11.08	17.1	725.798	65.92	35.12	-16.254	11.2	0.0	259.514	10.54	12.162	0.0	69.505	26.692	-9.539	31.2	1.617	212.532	12.21	17.475	0.0	65.396	32.722	-6.333	26.2	1.651	202.167	11.36	13.412	0.0	66.357	13.833	-9.273	3.0	0.0	227.741	11.08	11.6	0.0	63.321	0.0	0.0	24.8	1.726	196.355	12.78	13.412	429.63	63.439	12.162	-18.599	46.6	1.467	181.147	11.78	13.037	0.0	64.285	27.346	-25.84	18.4	1.307	223.866	11.89	13.1	0.0	63.232	26.184	-28.817	24.8	0.0	182.793	11.42	19.538	0.0	65.647	18.628	-12.439	35.8	0.0	212.435
-1.0	16.225	408.361	0.0	26.184	-9.733	26.0	0.0	220.379	10.96	15.1	380.18	65.455	34.902	-15.975	11.2	0.0	245.952	10.48	11.787	0.0	66.915	27.273	-9.48	31.2	1.743	225.707	12.18	17.35	0.0	64.971	33.086	-6.198	26.2	1.617	195.483	11.31	12.975	0.0	66.072	13.034	-9.179	3.0	0.0	195.968	11.08	11.6	0.0	64.724	0.0	0.0	24.8	1.693	194.805	12.4	13.537	409.425	65.01	11.872	-18.536	46.6	1.827	179.693	11.25	12.725	0.0	67.903	26.983	-25.962	18.4	1.383	225.029	11.86	13.537	0.0	64.579	27.056	-28.446	24.8	0.0	194.224	11.56	17.538	0.0	66.144	18.773	-12.052	35.8	0.0	211.079
-1.0	17.475	411.552	0.0	25.675	-9.94	26.0	0.0	218.054	10.8	15.225	454.621	67.165	34.611	-15.65	11.2	0.0	246.727	10.52	12.287	0.0	69.77	27.201	-9.556	31.2	1.24	228.032	12.36	17.913	0.0	65.003	32.867	-6.442	26.2	1.332	205.945	11.34	13.35	0.0	66.409	13.034	-9.211	3.0	0.0	209.529	11.08	11.975	0.0	65.059	0.0	0.0	24.8	1.106	209.82	12.48	13.662	391.878	64.208	11.944	-18.474	46.6	1.374	175.334	11.38	13.1	0.0	67.215	27.273	-25.987	18.4	0.0	229.291	11.94	13.6	0.0	63.778	26.474	-28.928	24.8	0.0	171.169	11.78	19.6	0.0	66.155	18.556	-12.553	35.8	1.785	229.969
-1.0	16.288	415.805	52.499	25.312	-9.787	26.0	0.0	204.783	11.16	16.475	400.917	68.757	34.974	-16.025	11.2	1.936	223.188	10.72	12.6	0.0	66.27	27.056	-9.531	31.2	1.198	228.903	12.44	18.038	0.0	63.495	33.231	-6.805	26.2	0.964	188.024	11.24	13.287	0.0	66.915	12.671	-9.102	3.0	1.022	203.62	11.05	11.975	0.0	66.302	0.0	0.0	24.8	1.039	200.23	12.74	14.1	370.609	65.069	12.017	-18.5	46.6	0.0	195.871	11.28	12.975	0.0	67.279	26.983	-25.938	18.4	1.014	206.333	11.84	13.475	0.0	64.912	26.983	-29.204	24.8	0.0	164.872	11.8	18.038	0.0	65.157	18.556	-12.195	35.8	1.76	209.336
-1.0	16.163	395.6	0.0	26.111	-9.786	26.0	0.0	193.933	11.01	15.787	442.923	68.403	35.12	-16.071	11.2	0.0	231.131	10.68	12.35	0.0	69.881	26.838	-9.572	31.2	1.173	221.541	12.53	17.35	0.0	65.954	33.013	-6.379	26.2	1.324	194.418	11.2	13.037	0.0	67.319	13.107	-9.124	3.0	1.207	197.13	11.16	12.037	0.0	66.156	0.0	0.0	24.8	1.19	186.281	12.64	14.162	366.355	65.051	11.944	-18.421	46.6	0.0	183.181	11.4	13.1	0.0	67.547	26.692	-25.864	18.4	0.0	211.273	11.98	13.725	0.0	62.822	26.402	-29.096	24.8	0.0	155.573	11.58	18.1	0.0	66.838	18.628	-12.232	35.8	0.0	249.052
-1.0	15.6	326.476	0.0	26.111	-9.659	26.0	0.0	227.353	11.31	16.35	451.962	68.404	35.12	-17.228	11.2	1.659	266.295	10.76	12.287	0.0	69.466	26.838	-9.563	31.2	1.827	221.154	13.02	17.6	0.0	61.852	33.013	-6.377	26.2	1.374	205.655	11.5	13.037	0.0	67.181	12.671	-9.106	3.0	0.913	228.128	11.28	12.662	0.0	66.038	0.0	0.0	24.8	1.123	209.529	12.7	14.225	371.673	65.566	11.799	-18.535	46.6	1.039	180.856	11.37	14.1	0.0	67.979	26.765	-26.389	18.4	0.0	226.482	12.2	14.037	0.0	62.203	26.329	-29.238	24.8	1.911	163.807	11.96	19.1	0.0	66.796	18.41	-12.559	35.8	0.0	245.081
-1.0	14.537	273.836	0.0	25.82	-9.525	26.0	0.0	220.282	11.28	14.475	273.836	66.619	35.265	-15.897	11.2	2.112	249.537	11.0	11.85	0.0	63.673	26.692	-9.504	31.2	1.726	237.428	12.86	16.225	0.0	58.722	32.722	-5.935	26.2	1.324	207.495	11.56	12.725	0.0	65.227	13.252	-9.019	3.0	0.0	217.279	11.59	11.725	0.0	60.957	0.0	0.0	24.8	1.534	198.292	12.89	13.35	274.368	59.749	12.09	-18.293	46.6	1.182	184.053	11.7	12.85	0.0	62.49	26.765	-26.376	18.4	1.14	233.166	12.32	13.287	0.0	59.688	26.765	-28.9	24.8	0.0	164.388	12.14	16.663	0.0	64.964	18.483	-12.114	35.8	1.927	230.453
-1.0	15.537	381.244	0.0	26.038	-9.588	26.0	0.0	215.342	11.26	14.475	337.642	67.412	34.611	-15.612	11.2	0.0	256.899	10.97	11.912	0.0	64.51	26.765	-9.497	31.2	1.726	226.191	12.92	16.788	0.0	57.141	32.795	-6.134	26.2	0.0	209.82	11.88	13.162	0.0	60.803	13.107	-9.104	3.0	0.0	206.43	11.61	11.787	0.0	61.62	0.0	0.0	24.8	0.0	198.196	12.92	13.6	328.072	60.451	12.308	-18.266	46.6	0.0	188.799	11.81	12.537	0.0	61.967	26.91	-26.131	18.4	1.131	225.61	12.42	13.85	0.0	60.197	26.765	-29.152	24.8	1.374	162.935	11.9	16.475	0.0	62.694	18.338	-12.133	35.8	2.062	241.206
-1.0	16.163	355.721	0.0	25.53	-9.76	26.0	0.0	225.222	11.63	15.975	416.337	63.922	34.902	-16.19	11.2	0.0	250.408	10.97	12.037	0.0	65.012	26.91	-9.529	31.2	1.785	228.128	13.0	17.288	0.0	60.435	33.013	-6.176	26.2	1.14	190.543	11.84	13.287	0.0	62.713	12.961	-9.102	3.0	1.022	217.57	11.65	11.787	0.0	62.482	0.0	0.0	24.8	1.148	204.298	13.08	13.912	346.15	58.551	12.017	-18.352	46.6	0.0	175.819	12.04	13.162	0.0	59.411	26.91	-26.624	18.4	0.0	229.678	12.5	14.225	0.0	59.25	26.184	-1.0	24.8	1.475	188.412	12.08	18.413	0.0	62.183	18.338	-12.59	35.8	0.0	228.128
-1.0	15.975	358.911	0.0	26.038	-9.714	26.0	0.0	210.111	11.46	14.912	417.401	64.482	34.684	-16.002	11.2	0.0	247.405	11.02	12.162	0.0	65.16	26.62	-9.539	31.2	1.835	227.644	12.83	17.163	0.0	62.365	33.521	-6.267	26.2	1.425	197.033	11.7	13.162	0.0	63.285	13.397	-9.113	3.0	1.24	208.561	11.84	12.537	0.0	59.582	0.0	0.0	24.8	1.425	210.982	13.05	14.475	407.83	61.137	12.235	-18.318	46.6	0.939	171.46	12.02	13.787	0.0	62.031	26.765	-26.757	18.4	1.022	225.803	12.59	14.225	0.0	59.44	26.184	-29.323	24.8	1.643	178.822	12.3	18.163	0.0	62.477	18.41	-12.782	35.8	0.0	211.273
-1.0	15.037	353.062	0.0	26.038	-9.578	26.0	1.006	247.018	11.46	15.162	440.265	63.78	34.974	-16.287	11.2	0.0	269.879	11.2	11.975	0.0	64.493	26.62	-9.498	31.2	1.852	226.191	12.66	16.225	0.0	60.929	32.795	-5.714	26.2	2.103	209.142	11.92	12.537	0.0	62.726	13.107	-9.095	3.0	1.073	225.803	11.72	11.85	0.0	63.316	0.0	0.0	24.8	1.425	195.483	12.86	13.537	349.872	63.225	11.654	-18.344	46.6	1.232	196.549	11.75	13.1	0.0	64.167	26.765	-27.082	18.4	1.332	225.416	12.32	13.725	0.0	61.478	26.765	-28.984	24.8	0.0	176.884	11.86	17.225	0.0	62.517	18.483	-12.22	35.8	0.0	206.72
-1.0	15.037	367.419	0.0	25.53	-9.648	26.0	0.0	219.798	11.74	15.475	348.277	65.286	34.829	-16.365	11.2	1.978	220.379	10.97	11.975	0.0	66.287	27.346	-9.536	31.2	0.0	210.207	12.57	15.975	0.0	64.449	32.577	-5.978	26.2	2.078	205.17	11.66	13.037	0.0	64.881	13.252	-9.133	3.0	1.332	209.142	11.53	11.787	0.0	64.382	0.0	0.0	24.8	1.584	196.355	12.9	13.85	342.96	64.59	11.726	-18.053	46.6	1.291	187.346	11.77	12.662	0.0	64.143	27.346	-26.902	18.4	1.408	223.091	12.36	13.725	0.0	62.686	26.329	-29.317	24.8	2.053	189.284	11.83	16.1	0.0	65.413	18.628	-11.859	35.8	0.0	211.079
-1.0	14.912	320.096	0.0	25.385	-9.56	26.0	0.997	192.674	11.61	15.225	330.73	65.012	35.192	-16.378	11.2	1.927	241.69	11.21	12.162	0.0	62.806	26.91	-9.561	31.2	1.961	217.666	12.53	16.163	0.0	65.032	33.376	-6.045	26.2	0.0	191.124	11.43	12.85	0.0	65.538	13.107	-9.145	3.0	1.441	209.917	11.37	11.975	0.0	64.018	0.0	0.0	24.8	1.827	185.506	12.52	13.662	334.452	64.834	12.235	-18.002	46.6	1.835	180.081	11.33	12.475	0.0	64.656	26.62	-27.18	18.4	1.467	210.304	12.08	13.475	0.0	62.924	26.038	-1.0	24.8	0.0	177.659	11.58	16.538	0.0	65.981	18.338	-11.938	35.8	0.0	216.698
