-1.0	2.975	0.0	70.841	25.748	-8.027	26.0	0.0	167.294	7.98	3.35	0.0	74.708	34.756	-14.54	11.2	0.0	209.82	7.14	4.787	0.0	80.566	27.346	-1.306	31.2	0.0	94.061	6.86	3.85	0.0	86.781	32.795	-1.088	26.2	0.0	226.094	6.75	7.287	0.0	80.406	13.906	-8.586	3.0	0.0	206.817	6.1	4.1	0.0	81.877	0.0	0.0	24.8	0.0	215.342	6.78	4.225	1.063	87.634	12.38	-13.231	46.6	0.0	105.879	6.82	5.162	0.0	79.989	27.491	-23.621	18.4	0.0	134.552	6.67	3.913	0.0	82.267	26.765	-1.0	24.8	0.0	333.135	7.94	3.913	0.0	77.616	19.573	-11.973	35.8	0.0	237.234	7.02
-1.0	3.475	0.532	69.269	25.53	-8.054	26.0	1.802	192.868	7.64	3.725	0.0	75.045	35.047	-14.401	11.2	1.5	183.859	7.25	4.6	0.0	78.502	26.983	-1.412	31.2	0.0	100.648	7.11	3.663	0.0	84.447	32.795	-0.991	26.2	0.0	225.707	6.76	7.6	0.0	80.792	13.906	-8.574	3.0	0.0	206.817	6.11	4.35	0.0	81.69	0.0	0.0	24.8	0.0	215.342	6.48	4.037	0.0	89.451	12.162	-13.256	46.6	0.0	105.685	7.21	4.975	0.0	77.632	27.273	-23.776	18.4	0.0	139.783	6.5	3.85	0.0	82.534	26.62	-25.333	24.8	0.0	333.038	7.82	3.475	0.0	77.763	19.355	-11.533	35.8	0.0	237.331	7.0
-1.0	3.163	0.0	73.407	26.402	-8.046	26.0	1.224	192.771	7.64	3.725	1.063	75.903	35.192	-14.401	11.2	1.224	195.096	7.66	4.85	0.0	75.428	27.273	-1.532	31.2	0.0	151.795	6.94	3.475	0.0	85.6	33.667	-0.862	26.2	0.0	225.997	6.6	7.287	0.0	81.09	13.397	-8.57	3.0	0.0	206.817	6.03	4.037	0.0	82.025	0.0	0.0	24.8	0.0	215.245	6.86	3.975	0.0	86.465	12.526	-13.851	46.6	0.0	105.685	7.0	5.162	0.0	78.766	27.273	-23.836	18.4	0.0	131.162	6.59	4.35	0.0	82.414	26.692	-25.409	24.8	0.0	305.624	7.6	3.6	0.0	78.013	19.427	-11.925	35.8	0.0	237.622	6.97
-1.0	2.6	1.595	73.506	25.675	-7.903	26.0	0.0	192.868	7.8	3.475	0.0	74.289	34.684	-14.493	11.2	0.0	182.212	7.13	4.412	0.0	79.209	27.056	-1.415	31.2	0.0	164.969	6.86	3.35	0.0	86.126	33.086	-0.852	26.2	0.0	225.803	6.44	7.162	0.0	82.238	14.051	-8.556	3.0	0.0	206.817	5.8	3.85	0.0	82.465	0.0	0.0	24.8	0.0	215.342	6.6	4.162	0.0	87.9	12.38	-13.513	46.6	0.0	105.685	6.65	4.85	0.0	80.408	26.62	-23.414	18.4	0.0	131.84	6.64	4.225	0.0	82.941	25.748	-1.0	24.8	0.0	305.237	7.54	3.663	0.0	78.639	19.209	-11.979	35.8	0.0	237.718	6.72
-1.0	2.913	0.532	69.804	26.111	-7.958	26.0	0.997	184.537	7.67	3.6	0.0	74.594	34.902	-16.388	11.2	0.98	137.943	6.99	4.225	0.0	81.131	26.983	-0.982	31.2	0.0	129.612	6.78	3.038	0.0	86.378	33.013	-0.584	26.2	0.0	225.707	6.23	7.1	0.0	83.799	13.979	-8.533	3.0	0.0	206.623	5.71	3.913	0.0	83.236	0.0	0.0	24.8	0.0	215.342	6.28	4.1	0.0	88.129	12.598	-13.442	46.6	0.0	157.607	6.5	4.475	0.0	81.661	27.564	-23.509	18.4	0.0	131.452	6.66	4.225	0.0	82.946	26.983	-25.269	24.8	0.0	305.624	7.38	3.475	0.0	79.847	19.427	-11.819	35.8	0.0	237.428	6.78
-1.0	2.1	0.0	73.21	26.256	-7.845	26.0	0.0	184.634	7.68	2.788	0.0	74.443	35.12	-14.228	11.2	0.0	137.846	6.86	4.475	0.0	83.133	27.419	-1.369	31.2	0.0	129.321	6.5	2.975	0.0	86.714	33.158	-0.693	26.2	0.0	226.094	6.06	6.912	0.0	84.266	13.833	-8.503	3.0	0.0	206.817	5.8	3.85	0.0	82.839	0.0	0.0	24.8	0.0	215.342	5.85	4.1	1.595	89.572	12.526	-13.623	46.6	1.056	166.519	6.42	4.662	0.0	82.609	27.564	-23.462	18.4	0.0	131.259	6.74	4.475	0.0	82.542	26.184	-25.355	24.8	0.0	160.223	7.21	3.35	0.0	81.467	19.355	-12.445	35.8	0.0	237.331	6.84
-1.0	2.475	0.532	74.51	25.82	-7.945	26.0	0.0	184.731	7.59	3.1	0.0	74.832	34.974	-14.354	11.2	0.0	246.146	6.72	3.975	0.0	84.031	26.983	-7.831	31.2	0.0	129.127	6.58	3.35	0.0	86.914	33.013	-1.307	26.2	0.0	225.803	6.15	6.85	0.0	84.127	13.833	-8.504	3.0	0.0	206.817	5.82	3.975	0.0	82.843	0.0	0.0	24.8	0.0	215.245	5.99	4.412	0.532	90.298	12.744	-13.618	46.6	1.358	191.705	6.3	5.1	0.0	82.393	26.692	-23.601	18.4	0.0	131.549	6.58	4.35	0.0	82.599	25.893	-25.214	24.8	0.0	139.783	7.18	3.475	0.0	81.222	19.427	-12.084	35.8	0.0	237.428	6.86
-1.0	1.35	0.0	76.609	25.966	-7.842	26.0	0.0	184.634	7.42	2.788	0.0	75.731	35.192	-14.506	11.2	0.0	246.146	6.5	4.475	0.0	85.083	26.765	-1.369	31.2	0.0	100.745	6.57	3.1	0.0	87.336	32.94	-0.735	26.2	0.0	225.997	5.8	6.912	0.0	85.98	13.979	-8.716	3.0	0.0	206.817	5.72	3.913	0.0	83.54	0.0	0.0	24.8	0.0	214.857	6.21	4.287	0.0	90.269	12.09	-13.907	46.6	0.0	191.705	6.46	4.975	0.0	82.736	26.765	-24.411	18.4	0.0	130.871	6.94	4.412	0.0	82.259	26.765	-25.333	24.8	0.0	139.589	7.22	3.6	0.0	79.739	19.645	-11.882	35.8	0.0	281.891	6.58
-1.0	1.413	1.063	76.465	26.184	-7.833	26.0	0.0	184.634	7.28	2.413	2.127	76.054	34.974	-14.366	11.2	0.0	246.146	7.03	4.412	0.0	82.35	27.201	-1.381	31.2	1.106	110.335	6.26	3.725	0.0	88.212	32.867	-0.913	26.2	0.0	224.641	5.78	6.787	0.0	85.228	13.833	-8.497	3.0	0.0	207.011	5.72	3.85	0.0	83.632	0.0	0.0	24.8	0.0	215.342	6.16	4.162	0.0	89.391	12.453	-13.696	46.6	0.972	191.608	6.56	5.225	0.0	81.699	26.765	-23.856	18.4	0.0	142.883	6.69	4.412	0.0	82.248	25.021	-25.716	24.8	0.0	147.436	6.56	3.1	0.0	84.983	19.427	-11.679	35.8	0.0	214.179	6.8
-1.0	1.35	0.0	75.456	25.966	-7.88	26.0	0.0	184.731	7.07	1.913	2.659	77.75	35.12	-14.07	11.2	0.0	246.146	6.7	4.662	0.0	81.778	26.62	-1.433	31.2	0.0	130.484	6.75	4.537	0.0	86.821	32.94	-1.222	26.2	1.978	222.994	6.08	6.725	0.0	84.501	14.051	-8.474	3.0	0.0	207.011	5.82	4.412	0.0	83.864	0.0	0.0	24.8	1.282	229.969	6.24	4.35	1.595	89.346	12.38	-14.313	46.6	0.972	178.822	6.6	4.912	0.0	80.444	27.201	-23.968	18.4	0.0	142.98	6.96	4.475	0.0	81.505	26.474	-25.548	24.8	0.0	147.533	6.48	3.35	0.0	85.397	19.5	-11.594	35.8	0.0	214.179	6.62
-1.0	1.663	0.0	76.058	25.82	-7.873	26.0	0.0	184.634	6.82	1.475	0.0	78.605	34.829	-14.335	11.2	0.0	247.018	7.23	4.662	0.0	78.031	27.273	-1.433	31.2	0.0	102.101	6.72	4.287	0.0	86.948	32.867	-1.137	26.2	1.022	223.091	5.88	6.725	0.0	85.525	14.051	-8.474	3.0	0.0	206.72	5.93	4.35	0.0	82.589	0.0	0.0	24.8	0.0	229.678	6.66	4.162	1.063	87.068	12.889	-13.22	46.6	1.131	197.808	6.17	4.912	0.0	81.206	26.692	-24.39	18.4	0.0	143.27	6.92	4.412	0.0	81.781	25.675	-25.333	24.8	0.0	147.823	6.57	3.85	0.0	85.214	19.427	-11.549	35.8	0.0	325.773	6.62
-1.0	2.1	1.063	76.082	25.893	-7.908	26.0	0.0	188.993	6.49	2.975	0.0	81.089	35.047	-14.331	11.2	0.0	245.856	6.76	4.475	0.0	81.957	27.201	-1.47	31.2	0.0	100.163	6.75	3.975	0.0	87.09	32.65	-1.231	26.2	0.0	223.091	6.39	7.037	0.0	83.07	13.979	-8.526	3.0	0.0	206.72	5.84	4.162	0.0	82.918	0.0	0.0	24.8	0.0	229.678	6.56	4.037	0.0	86.931	12.235	-13.142	46.6	0.0	197.518	6.32	5.037	0.0	81.904	27.128	-23.689	18.4	0.0	143.27	6.92	4.1	0.0	82.631	26.765	-24.933	24.8	0.0	147.726	6.62	3.85	0.0	84.331	19.645	-11.51	35.8	0.0	326.161	6.81
-1.0	1.038	0.0	76.776	26.256	-7.797	26.0	0.0	188.993	6.58	3.038	0.0	79.959	34.684	-14.274	11.2	0.0	251.087	6.47	4.225	0.0	83.508	26.983	-1.383	31.2	0.0	100.26	6.86	3.6	0.0	86.465	32.867	-0.772	26.2	0.0	223.382	6.12	6.787	0.0	83.681	13.688	-8.505	3.0	0.0	206.817	5.82	4.162	0.0	83.1	0.0	0.0	24.8	0.0	230.26	6.35	4.1	0.0	87.815	12.598	-13.325	46.6	0.0	197.518	6.22	4.662	0.0	82.492	27.273	-23.462	18.4	0.0	143.174	6.87	4.037	0.0	82.195	27.564	-25.205	24.8	0.0	147.726	6.73	3.538	0.0	83.848	19.209	-11.277	35.8	0.0	325.773	6.71
-1.0	1.225	0.532	77.512	26.329	-7.845	26.0	0.0	188.993	6.9	2.35	0.0	79.085	34.902	-14.216	11.2	0.0	250.893	6.2	4.475	0.0	84.644	26.765	-1.604	31.2	0.0	127.287	6.38	3.725	0.0	87.4	32.722	-1.079	26.2	0.0	222.994	6.32	6.725	0.0	83.054	13.761	-8.522	3.0	0.0	206.72	6.0	3.975	0.0	82.324	0.0	0.0	24.8	0.0	229.581	6.52	4.037	1.063	87.346	12.526	-13.031	46.6	0.913	197.518	6.43	5.037	0.0	81.811	27.491	-23.473	18.4	0.0	143.464	7.07	4.6	0.0	82.76	25.893	-24.801	24.8	0.0	147.533	6.54	3.163	0.0	85.001	19.355	-11.296	35.8	0.0	325.773	6.81
-1.0	0.725	1.063	0.0	26.184	-7.797	26.0	0.0	188.993	7.04	2.788	0.0	78.701	34.829	-14.435	11.2	0.0	134.843	6.26	4.6	0.0	85.685	27.273	-1.513	31.2	1.324	111.4	6.19	3.413	0.0	88.217	32.577	-0.447	26.2	0.0	223.382	5.97	6.537	0.0	84.406	13.979	-8.485	3.0	0.0	207.011	6.16	4.1	0.0	82.619	0.0	0.0	24.8	0.0	229.581	6.73	4.287	0.0	88.331	12.816	-13.129	46.6	0.0	177.175	6.3	4.975	0.0	83.421	26.692	-23.453	18.4	0.0	136.683	6.96	4.6	0.0	83.156	26.91	-25.398	24.8	0.0	136.49	6.36	2.975	0.0	85.528	19.209	-11.232	35.8	0.0	325.967	6.61
-1.0	0.537	0.0	0.0	25.603	-7.734	26.0	0.0	188.993	6.86	2.038	2.659	80.094	35.12	-14.092	11.2	0.0	134.746	6.36	4.537	0.0	86.904	27.128	-1.492	31.2	1.525	124.284	6.11	3.413	0.0	89.876	33.086	-1.004	26.2	0.0	222.704	5.68	6.662	0.0	85.363	14.269	-8.515	3.0	0.0	206.817	6.02	4.1	0.0	83.865	0.0	0.0	24.8	0.0	229.678	6.86	4.412	1.595	88.408	12.671	-13.264	46.6	1.031	175.334	6.24	5.1	0.0	84.7	27.346	-23.276	18.4	0.0	140.074	6.89	4.725	0.0	83.653	27.056	-25.441	24.8	1.265	136.296	6.4	3.163	0.0	85.9	19.209	-11.187	35.8	0.0	262.13	6.92
-1.0	1.725	0.0	79.828	26.184	-7.871	26.0	0.0	189.09	6.56	1.725	0.0	81.271	35.12	-14.036	11.2	0.0	134.843	6.32	4.475	0.0	84.719	27.201	-1.369	31.2	1.232	141.624	6.51	4.725	0.0	88.099	33.158	-1.217	26.2	1.693	224.641	5.66	6.6	0.0	85.199	13.979	-8.507	3.0	0.0	206.817	5.52	4.225	0.0	84.573	0.0	0.0	24.8	0.0	201.78	6.35	4.412	3.19	89.113	12.308	-12.877	46.6	1.098	179.597	6.4	5.162	0.0	83.77	26.838	-23.729	18.4	0.0	145.111	7.0	4.725	0.0	83.002	25.893	-25.441	24.8	0.955	133.777	6.39	3.288	0.0	86.147	19.427	-11.314	35.8	0.0	262.227	7.15
-1.0	2.538	0.0	80.22	26.184	-8.013	26.0	1.14	188.993	6.52	2.85	0.532	82.138	35.265	-14.308	11.2	0.0	134.843	6.6	4.475	0.0	81.944	27.056	-1.604	31.2	0.0	184.634	6.89	5.037	0.0	86.675	32.867	-1.185	26.2	2.137	221.929	6.08	6.35	0.0	86.026	13.833	-8.456	3.0	0.0	213.695	5.89	4.475	0.0	83.742	0.0	0.0	24.8	1.182	220.379	6.9	4.912	5.317	87.886	12.889	-13.015	46.6	1.701	204.492	6.7	5.1	0.0	81.873	27.346	-23.709	18.4	0.0	171.556	6.88	4.6	0.0	81.392	27.201	-25.495	24.8	1.098	164.097	6.72	3.788	0.0	85.797	19.209	-11.171	35.8	0.0	274.626	7.12
-1.0	2.725	0.0	78.618	26.038	-7.986	26.0	1.651	210.692	6.6	3.413	0.532	81.85	34.829	-14.412	11.2	1.24	243.628	6.42	4.35	0.0	83.496	27.346	-1.393	31.2	1.718	196.355	6.96	4.787	0.0	85.832	33.231	-1.272	26.2	2.045	209.529	6.42	6.912	0.0	84.628	13.906	-8.527	3.0	0.939	220.379	5.7	4.537	0.0	83.234	0.0	0.0	24.8	1.458	195.483	6.52	4.35	0.532	86.584	12.162	-12.814	46.6	1.617	176.594	6.43	4.975	0.0	80.884	26.838	-23.668	18.4	1.014	214.082	7.05	4.787	0.0	80.016	26.91	-25.265	24.8	1.953	170.685	6.74	4.162	0.0	86.006	19.137	-11.055	35.8	1.383	278.888	6.86
-1.0	3.35	0.0	66.031	25.748	-8.065	26.0	1.475	235.394	7.16	3.788	0.0	77.523	34.974	-14.482	11.2	1.383	234.231	6.56	4.537	0.0	84.039	26.692	-1.626	31.2	1.517	196.355	6.74	4.725	0.0	85.186	32.722	-1.217	26.2	1.643	195.58	6.08	6.787	0.0	83.23	13.688	-8.536	3.0	1.006	202.167	6.33	4.662	0.0	81.409	0.0	0.0	24.8	1.575	187.734	6.8	4.475	0.532	86.179	12.526	-12.578	46.6	1.768	176.206	6.48	5.1	0.0	81.704	27.273	-23.923	18.4	1.559	191.996	7.14	4.662	0.0	79.406	25.457	-24.822	24.8	1.182	127.287	7.22	3.975	0.0	80.896	19.5	-11.198	35.8	0.93	278.501	7.12
-1.0	3.35	1.063	64.5	26.111	-8.073	26.0	0.947	218.441	7.4	3.85	0.0	76.38	34.829	-14.425	11.2	1.299	253.315	6.72	4.475	0.0	81.522	26.983	-1.604	31.2	0.0	196.355	7.39	4.725	0.0	81.389	32.722	-1.285	26.2	1.693	214.567	6.46	6.6	0.0	81.865	13.615	-8.523	3.0	0.0	202.07	6.22	4.287	0.0	80.622	0.0	0.0	24.8	1.416	184.731	6.61	4.287	1.063	87.48	12.162	-12.751	46.6	1.383	201.683	6.87	5.162	0.0	79.71	26.765	-23.621	18.4	1.425	206.43	7.14	4.475	0.0	79.357	26.983	-25.355	24.8	0.0	186.959	7.55	4.35	0.0	78.199	19.209	-11.252	35.8	1.073	294.581	6.8
-1.0	3.913	1.063	59.874	26.111	-8.091	26.0	0.0	208.754	7.74	4.537	0.0	74.302	34.538	-14.555	11.2	1.961	214.179	7.3	4.787	0.0	76.534	27.128	-1.747	31.2	1.207	201.78	7.3	4.537	0.0	81.368	32.867	-1.492	26.2	1.567	201.586	6.88	6.475	0.0	79.203	13.906	-8.532	3.0	1.508	207.204	5.9	4.35	0.0	81.263	0.0	0.0	24.8	1.064	196.161	6.32	4.412	0.0	87.14	12.453	-12.669	46.6	1.433	191.318	7.36	5.225	0.0	75.82	27.056	-23.533	18.4	1.232	207.204	7.7	4.35	0.0	74.778	25.53	-25.312	24.8	0.0	186.668	8.01	4.975	0.0	75.273	19.427	-11.275	35.8	1.542	276.079	6.85
-1.0	4.162	0.532	66.058	25.893	-8.117	26.0	0.0	210.595	7.46	4.475	1.063	76.592	34.902	-14.543	11.2	0.0	220.573	7.58	4.537	0.0	75.815	27.056	-1.659	31.2	1.207	228.419	7.44	4.162	0.0	80.03	32.722	-1.095	26.2	0.939	192.771	7.3	6.975	0.0	77.652	13.979	-8.627	3.0	0.0	219.507	6.08	4.287	0.0	79.919	0.0	0.0	24.8	0.0	198.196	6.58	4.412	1.595	85.74	12.598	-12.877	46.6	1.626	186.959	7.66	5.35	0.0	73.389	27.419	-23.789	18.4	0.0	207.204	7.79	4.287	0.0	74.389	26.474	-25.193	24.8	0.0	163.419	8.19	4.412	0.0	74.496	19.137	-11.124	35.8	1.148	266.683	7.02
-1.0	4.1	0.532	53.654	25.893	-8.294	26.0	0.0	231.616	7.45	4.475	0.0	76.165	35.047	-14.613	11.2	2.011	212.629	7.38	4.537	0.0	78.187	26.765	-1.793	31.2	1.274	228.516	7.21	3.538	0.0	80.965	33.086	-0.883	26.2	0.0	192.868	7.5	7.787	0.0	76.651	13.979	-8.721	3.0	1.316	244.402	6.35	4.1	0.0	78.355	0.0	0.0	24.8	0.922	191.318	6.52	4.1	0.0	85.771	12.598	-12.772	46.6	0.0	186.281	7.68	5.037	0.0	73.291	27.273	-23.581	18.4	0.0	204.105	7.39	4.037	0.0	76.553	25.603	-25.108	24.8	0.0	192.868	8.03	4.412	0.0	75.049	19.282	-11.058	35.8	0.0	307.562	7.15
-1.0	3.85	0.532	53.049	26.111	-8.093	26.0	0.0	215.342	7.37	4.662	0.0	77.196	35.047	-14.864	11.2	0.0	209.723	7.36	4.162	0.0	77.59	26.62	-1.66	31.2	0.0	246.243	7.21	4.1	0.0	81.634	32.94	-1.073	26.2	0.0	198.099	7.5	7.412	0.0	76.576	13.833	-8.67	3.0	0.0	348.15	6.54	4.287	0.0	77.759	0.0	0.0	24.8	0.0	191.318	6.64	3.725	1.063	85.254	11.944	-12.71	46.6	0.0	186.959	7.54	5.225	0.0	75.049	26.765	-23.641	18.4	0.964	210.982	7.24	4.162	0.0	78.353	25.167	-25.151	24.8	0.0	192.868	8.0	4.85	0.0	74.916	19.209	-11.222	35.8	1.559	309.112	7.44
-1.0	4.1	0.0	43.427	25.893	-8.127	26.0	0.0	216.02	7.7	4.6	0.0	75.032	35.047	-14.779	11.2	1.902	241.69	7.43	4.162	0.0	76.686	26.692	-1.758	31.2	0.0	233.941	7.12	4.1	0.0	82.04	32.867	-1.04	26.2	0.0	198.099	7.16	7.6	0.0	78.458	13.761	-8.692	3.0	0.0	252.346	6.83	4.35	0.0	76.359	0.0	0.0	24.8	0.0	251.377	6.48	3.975	0.532	86.822	12.09	-12.648	46.6	0.0	186.765	7.68	5.225	0.0	73.676	27.419	-23.533	18.4	0.0	210.982	7.43	4.662	0.0	79.3	26.62	-25.321	24.8	0.0	192.868	8.26	4.537	0.0	73.459	19.209	-10.887	35.8	1.215	288.188	7.2
-1.0	3.85	0.0	48.802	26.038	-8.085	26.0	2.036	204.298	7.64	4.287	0.0	75.146	35.047	-15.467	11.2	1.399	221.444	7.39	4.662	0.0	76.877	27.201	-2.003	31.2	0.0	162.548	7.0	3.725	0.0	82.932	32.504	-0.947	26.2	0.0	199.067	7.01	7.6	0.0	78.817	13.615	-8.684	3.0	0.0	210.886	6.7	4.225	0.0	76.705	0.0	0.0	24.8	0.0	190.93	6.64	4.225	1.595	86.344	12.816	-12.793	46.6	0.0	186.862	7.22	4.912	0.0	75.891	27.564	-23.433	18.4	0.0	120.119	7.18	4.6	0.0	80.165	26.91	-25.3	24.8	0.0	147.339	8.23	4.475	0.0	73.684	19.064	-11.167	35.8	0.0	279.663	7.46
-1.0	3.35	0.0	40.236	26.256	-8.034	26.0	0.947	192.287	8.72	4.725	0.0	68.815	35.192	-14.591	11.2	1.198	278.791	7.6	4.725	0.0	75.011	26.474	-2.026	31.2	1.785	177.369	6.93	4.1	0.0	82.68	32.795	-0.973	26.2	1.173	198.68	7.18	7.662	0.0	78.07	13.833	-8.684	3.0	1.819	216.117	6.92	4.475	0.0	75.224	0.0	0.0	24.8	0.939	163.226	6.53	4.287	0.532	85.09	12.09	-12.803	46.6	1.341	192.093	6.99	4.975	0.0	76.418	26.983	-23.237	18.4	0.0	174.656	7.18	4.537	0.0	77.675	25.966	-25.473	24.8	1.014	154.798	8.11	4.412	0.0	74.454	19.427	-11.332	35.8	1.207	290.416	7.16
-1.0	3.225	0.0	37.78	26.184	-8.052	26.0	0.0	192.48	7.54	3.35	4.254	75.1	35.192	-14.47	11.2	0.0	279.179	7.83	4.725	0.0	73.783	26.692	-2.026	31.2	1.14	156.348	7.46	4.475	0.0	79.817	32.65	-1.268	26.2	1.399	198.971	7.05	7.537	0.0	78.606	14.051	-8.654	3.0	0.0	216.02	7.07	4.662	0.0	74.216	0.0	0.0	24.8	1.349	186.668	6.59	4.162	0.0	85.013	12.961	-12.997	46.6	1.224	192.287	7.36	5.225	0.0	74.199	26.983	-23.533	18.4	1.282	170.297	7.62	4.537	0.0	74.584	26.402	-1.0	24.8	1.24	151.601	8.19	4.162	0.0	73.779	19.282	-11.225	35.8	0.0	307.562	7.78
-1.0	3.975	0.0	35.29	25.675	-8.106	26.0	0.0	197.905	7.86	4.162	0.0	73.507	34.829	-16.423	11.2	1.517	218.054	7.96	4.85	0.0	72.624	27.346	-2.07	31.2	1.224	136.78	7.63	4.725	0.0	79.075	32.65	-1.455	26.2	1.316	219.604	6.72	7.662	0.0	79.58	13.325	-8.66	3.0	0.0	215.729	7.08	4.412	0.0	73.836	0.0	0.0	24.8	0.0	152.957	6.85	4.225	1.063	84.823	12.308	-12.899	46.6	1.048	192.287	7.8	5.475	0.0	72.54	27.491	-23.938	18.4	1.081	140.946	7.92	4.537	0.0	73.21	26.983	-25.18	24.8	0.0	162.935	8.1	4.475	0.0	74.12	19.209	-11.342	35.8	0.0	242.853	7.78
